4/22/2019,57.79999923706055,58.43000030517578,57.11000061035156,58.150001525878906,322100,58.150001525878906
4/18/2019,58.619998931884766,58.79999923706055,56.58000183105469,58.02000045776367,707300,58.02000045776367
4/17/2019,61,61.36000061035156,58.34000015258789,58.77000045776367,604200,58.77000045776367
4/16/2019,61.56999969482422,62.18000030517578,60.33000183105469,60.59000015258789,599500,60.59000015258789
4/15/2019,60.79999923706055,62,60.63999938964844,61.040000915527344,512900,61.040000915527344
4/12/2019,60.459999084472656,61.15999984741211,59.29999923706055,60.880001068115234,934000,60.880001068115234
4/11/2019,59.5,59.66999816894531,58.400001525878906,59.220001220703125,465500,59.220001220703125
4/10/2019,58.029998779296875,60.09000015258789,57.689998626708984,59.52000045776367,537400,59.52000045776367
4/9/2019,57.869998931884766,58.88999938964844,57.619998931884766,57.720001220703125,518400,57.720001220703125
4/8/2019,58.150001525878906,58.31999969482422,56.849998474121094,57.93000030517578,467000,57.93000030517578
4/5/2019,59.15999984741211,59.59000015258789,58,58.2400016784668,431800,58.2400016784668
4/4/2019,58.869998931884766,59.75,57.7400016784668,58.790000915527344,517500,58.790000915527344
4/3/2019,59.5,60.54999923706055,58.0099983215332,59.08000183105469,873300,59.08000183105469
4/2/2019,58.650001525878906,59.70000076293945,58.029998779296875,59.08000183105469,675400,59.08000183105469
4/1/2019,58.08000183105469,59.459999084472656,57.79999923706055,58.7400016784668,725500,58.7400016784668
3/29/2019,58.369998931884766,59.09000015258789,56.86000061035156,57.349998474121094,774900,57.349998474121094
3/28/2019,56.59000015258789,59.54999923706055,56.029998779296875,57.91999816894531,1805400,57.91999816894531
3/27/2019,53.18000030517578,55.56999969482422,52.5,55.349998474121094,1226500,55.349998474121094
3/26/2019,55.66999816894531,56.34000015258789,55.04999923706055,56.150001525878906,587100,56.150001525878906
3/25/2019,54.68000030517578,55.52000045776367,53.619998931884766,55.11000061035156,1246000,55.11000061035156
3/22/2019,57.66999816894531,58.11000061035156,54.369998931884766,54.79999923706055,1393800,54.79999923706055
3/21/2019,55.439998626708984,58.54999923706055,55.439998626708984,58.09000015258789,1560200,58.09000015258789
3/20/2019,55.58000183105469,56.33000183105469,54.83000183105469,55.650001525878906,894900,55.650001525878906
3/19/2019,56.04999923706055,56.63999938964844,55.189998626708984,55.630001068115234,906900,55.630001068115234
3/18/2019,54.43000030517578,56.349998474121094,54.15999984741211,55.93000030517578,1468200,55.93000030517578
3/15/2019,53.63999938964844,54.70000076293945,53.5,54.16999816894531,1189800,54.16999816894531
3/14/2019,53.95000076293945,54.029998779296875,53.15999984741211,53.45000076293945,566700,53.45000076293945
3/13/2019,53.9900016784668,54.130001068115234,53.02000045776367,53.68000030517578,1055800,53.68000030517578
3/12/2019,53.70000076293945,54.70000076293945,53.209999084472656,54.16999816894531,462200,54.16999816894531
3/11/2019,52.22999954223633,54.09000015258789,52.04999923706055,53.59000015258789,1482300,53.59000015258789
3/8/2019,52.58000183105469,52.58000183105469,50.810001373291016,52,1391200,52
3/7/2019,53.5099983215332,54.04999923706055,52.5,53.27000045776367,438300,53.27000045776367
3/6/2019,54.220001220703125,54.2400016784668,52.540000915527344,53.4900016784668,1142500,53.4900016784668
3/5/2019,55.470001220703125,55.970001220703125,54.06999969482422,54.41999816894531,1127400,54.41999816894531
3/4/2019,54.5,56.119998931884766,54.5,55.52000045776367,1127400,55.52000045776367
3/1/2019,53.810001373291016,55,53.369998931884766,54.189998626708984,872700,54.189998626708984
2/28/2019,53.119998931884766,54,52.7599983215332,53.349998474121094,1708600,53.349998474121094
2/27/2019,53.52000045776367,53.77000045776367,52.34000015258789,53.47999954223633,1219600,53.47999954223633
2/26/2019,55.72999954223633,55.88999938964844,53.810001373291016,53.91999816894531,1578500,53.91999816894531
2/25/2019,56,57.529998779296875,55.900001525878906,56.459999084472656,1663800,56.459999084472656
2/22/2019,48.75,55.720001220703125,48.560001373291016,55.45000076293945,3608700,55.45000076293945
2/21/2019,46.97999954223633,48.290000915527344,46.849998474121094,47.16999816894531,1327700,47.16999816894531
2/20/2019,45.47999954223633,47.040000915527344,45.349998474121094,46.59000015258789,785500,46.59000015258789
2/19/2019,44.65999984741211,45.5099983215332,44.29999923706055,45.31999969482422,681200,45.31999969482422
2/15/2019,44.7400016784668,44.79999923706055,43.91999816894531,44.65999984741211,558900,44.65999984741211
2/14/2019,43.380001068115234,44.790000915527344,43.25,44.43000030517578,535900,44.43000030517578
2/13/2019,43.75,45,43.68000030517578,43.689998626708984,467900,43.689998626708984
2/12/2019,42.900001525878906,43.63999938964844,42.900001525878906,43.38999938964844,475800,43.38999938964844
2/11/2019,42.029998779296875,42.90999984741211,41.349998474121094,42.86000061035156,460400,42.86000061035156
2/8/2019,41.630001068115234,42.29999923706055,41.58000183105469,41.7599983215332,444600,41.7599983215332
2/7/2019,42.22999954223633,42.45000076293945,41.5099983215332,41.959999084472656,331200,41.959999084472656
2/6/2019,43.15999984741211,43.720001220703125,42.5,42.619998931884766,402800,42.619998931884766
2/5/2019,42.56999969482422,43.72999954223633,42.31999969482422,42.97999954223633,475600,42.97999954223633
2/4/2019,42.33000183105469,43.0099983215332,42.13999938964844,42.34000015258789,721700,42.34000015258789
2/1/2019,43.47999954223633,44.119998931884766,42.900001525878906,43.09000015258789,416300,43.09000015258789
1/31/2019,43.380001068115234,44.630001068115234,43.310001373291016,43.5099983215332,494300,43.5099983215332
1/30/2019,43.11000061035156,43.47999954223633,42.34000015258789,43.13999938964844,448400,43.13999938964844
1/29/2019,43.439998626708984,43.90999984741211,42.29999923706055,42.529998779296875,327300,42.529998779296875
1/28/2019,43.130001068115234,44.0099983215332,42.75,43.31999969482422,263900,43.31999969482422
1/25/2019,43.209999084472656,44.599998474121094,43.209999084472656,44.04999923706055,380200,44.04999923706055
1/24/2019,42.25,44,42.18000030517578,43.189998626708984,456600,43.189998626708984
1/23/2019,41.40999984741211,42.29999923706055,41.29999923706055,42.08000183105469,299900,42.08000183105469
1/22/2019,42.400001525878906,42.70000076293945,40.86000061035156,41.279998779296875,293800,41.279998779296875
1/18/2019,42.810001373291016,43.25,42.4900016784668,42.630001068115234,351300,42.630001068115234
1/17/2019,42.150001525878906,43.04999923706055,41.709999084472656,42.61000061035156,267800,42.61000061035156
1/16/2019,43.029998779296875,43.36000061035156,42.2400016784668,42.29999923706055,238300,42.29999923706055
1/15/2019,41.91999816894531,43.290000915527344,41.91999816894531,42.86000061035156,191700,42.86000061035156
1/14/2019,42.209999084472656,42.459999084472656,41.459999084472656,41.90999984741211,360100,41.90999984741211
1/11/2019,42.25,43.31999969482422,42.04999923706055,42.689998626708984,214700,42.689998626708984
1/10/2019,41.599998474121094,43.22999954223633,41.20000076293945,42.470001220703125,282800,42.470001220703125
1/9/2019,41.75,43.220001220703125,41.279998779296875,41.959999084472656,628500,41.959999084472656
1/8/2019,39.70000076293945,41.77000045776367,39.22999954223633,41.65999984741211,765500,41.65999984741211
1/7/2019,38.540000915527344,39.7400016784668,38.220001220703125,39.16999816894531,470100,39.16999816894531
1/4/2019,37.45000076293945,38.86000061035156,36.7599983215332,38.439998626708984,817900,38.439998626708984
1/3/2019,37.7400016784668,38,36.04999923706055,36.72999954223633,512700,36.72999954223633
1/2/2019,37.75,38.84000015258789,37,38.36000061035156,363100,38.36000061035156
12/31/2018,38,38.20000076293945,37.540000915527344,38,461800,38
12/28/2018,38,38.33000183105469,37.06999969482422,37.689998626708984,296200,37.689998626708984
12/27/2018,37.29999923706055,38.310001373291016,36.459999084472656,37.65999984741211,406300,37.65999984741211
12/26/2018,36.36000061035156,38.08000183105469,36.279998779296875,38.029998779296875,246000,38.029998779296875
12/24/2018,36.040000915527344,37.209999084472656,36,36.16999816894531,172600,36.16999816894531
12/21/2018,38.869998931884766,38.869998931884766,36.349998474121094,36.52000045776367,750000,36.52000045776367
12/20/2018,38.33000183105469,39.400001525878906,37.68000030517578,38.4900016784668,389200,38.4900016784668
12/19/2018,39.220001220703125,40.099998474121094,38.08000183105469,38.58000183105469,402300,38.58000183105469
12/18/2018,40.15999984741211,40.56999969482422,39.20000076293945,39.34000015258789,380200,39.34000015258789
12/17/2018,40.79999923706055,41.59000015258789,39.06999969482422,39.86000061035156,526300,39.86000061035156
12/14/2018,42.040000915527344,42.7400016784668,40.7599983215332,41.0099983215332,262300,41.0099983215332
12/13/2018,43.2400016784668,43.79999923706055,42.2400016784668,42.2599983215332,341100,42.2599983215332
12/12/2018,42,43.84000015258789,42,42.869998931884766,529600,42.869998931884766
12/11/2018,41.470001220703125,42.65999984741211,40.810001373291016,41.29999923706055,490400,41.29999923706055
12/10/2018,39.459999084472656,41.119998931884766,39.459999084472656,40.790000915527344,650200,40.790000915527344
12/7/2018,42.18000030517578,42.75,39.54999923706055,39.619998931884766,733700,39.619998931884766
12/6/2018,41.630001068115234,42.560001373291016,40.560001373291016,42.279998779296875,775800,42.279998779296875
12/4/2018,43.29999923706055,44.279998779296875,42.65999984741211,42.7400016784668,463500,42.7400016784668
12/3/2018,44.31999969482422,44.5,43.06999969482422,43.66999816894531,693000,43.66999816894531
11/30/2018,41.59000015258789,43.02000045776367,41.06999969482422,42.880001068115234,601700,42.880001068115234
11/29/2018,43.75,43.849998474121094,41.34000015258789,41.38999938964844,1013000,41.38999938964844
11/28/2018,44.61000061035156,44.869998931884766,43.70000076293945,44.70000076293945,379900,44.70000076293945
11/27/2018,44.029998779296875,44.7400016784668,43.130001068115234,44.09000015258789,442400,44.09000015258789
11/26/2018,44.130001068115234,44.939998626708984,43.380001068115234,44.63999938964844,292100,44.63999938964844
11/23/2018,43.81999969482422,44.709999084472656,43.560001373291016,43.619998931884766,208000,43.619998931884766
11/21/2018,43.400001525878906,44.5099983215332,42.83000183105469,44.40999984741211,453900,44.40999984741211
11/20/2018,40.91999816894531,44.15999984741211,40.849998474121094,42.43000030517578,545400,42.43000030517578
11/19/2018,45.06999969482422,45.41999816894531,42.40999984741211,42.5099983215332,631600,42.5099983215332
11/16/2018,44.4900016784668,45.41999816894531,43.650001525878906,45.0099983215332,526500,45.0099983215332
11/15/2018,44.47999954223633,45.40999984741211,44.2400016784668,44.939998626708984,623000,44.939998626708984
11/14/2018,43.93000030517578,45.15999984741211,43.5,44.619998931884766,477400,44.619998931884766
11/13/2018,43.029998779296875,44.59000015258789,42.849998474121094,43.779998779296875,533400,43.779998779296875
11/12/2018,45.310001373291016,45.41999816894531,42.90999984741211,43.279998779296875,476700,43.279998779296875
11/9/2018,46.79999923706055,47.09000015258789,45.400001525878906,45.91999816894531,810200,45.91999816894531
11/8/2018,44.79999923706055,46.77000045776367,44.540000915527344,46.63999938964844,1063700,46.63999938964844
11/7/2018,43.619998931884766,45.36000061035156,43.220001220703125,45.220001220703125,906000,45.220001220703125
11/6/2018,45.61000061035156,45.61000061035156,42.959999084472656,43.11000061035156,1177500,43.11000061035156
11/5/2018,44.7599983215332,47.2599983215332,44.5099983215332,46.119998931884766,1469600,46.119998931884766
11/2/2018,39.70000076293945,44.90999984741211,39,44.75,2977300,44.75
11/1/2018,34.86000061035156,37.34000015258789,34.86000061035156,36.47999954223633,841600,36.47999954223633
10/31/2018,34.939998626708984,35.40999984741211,34.220001220703125,34.470001220703125,799700,34.470001220703125
10/30/2018,33.459999084472656,34.68000030517578,33.16999816894531,34.400001525878906,1338900,34.400001525878906
10/29/2018,35.2599983215332,35.279998779296875,32.97999954223633,33.45000076293945,569000,33.45000076293945
10/26/2018,36.209999084472656,36.209999084472656,34.45000076293945,34.75,778000,34.75
10/25/2018,35.619998931884766,36.93000030517578,35.619998931884766,36.709999084472656,581800,36.709999084472656
10/24/2018,37.61000061035156,37.86000061035156,35.11000061035156,35.27000045776367,538200,35.27000045776367
10/23/2018,37.720001220703125,38.209999084472656,36.189998626708984,37.7400016784668,396400,37.7400016784668
10/22/2018,37.93000030517578,38.779998779296875,37.869998931884766,38.29999923706055,205300,38.29999923706055
10/19/2018,38.439998626708984,39.279998779296875,37.59000015258789,37.72999954223633,257100,37.72999954223633
10/18/2018,39.65999984741211,39.79999923706055,38.720001220703125,38.790000915527344,226600,38.790000915527344
10/17/2018,39.72999954223633,39.90999984741211,38.97999954223633,39.779998779296875,272600,39.779998779296875
10/16/2018,38.47999954223633,39.88999938964844,38.34000015258789,39.720001220703125,485300,39.720001220703125
10/15/2018,37.459999084472656,38.400001525878906,37.22999954223633,38.2599983215332,302900,38.2599983215332
10/12/2018,36.25,38.04999923706055,36.25,37.599998474121094,376800,37.599998474121094
10/11/2018,36.369998931884766,37.7599983215332,36.369998931884766,36.63999938964844,328800,36.63999938964844
10/10/2018,37.720001220703125,38,35.970001220703125,36.5099983215332,530800,36.5099983215332
10/9/2018,38.06999969482422,39,37.709999084472656,37.90999984741211,367000,37.90999984741211
10/8/2018,38.79999923706055,39.099998474121094,37.470001220703125,38.09000015258789,465700,38.09000015258789
10/5/2018,40.63999938964844,41.18000030517578,38.16999816894531,38.970001220703125,666000,38.970001220703125
10/4/2018,40.900001525878906,41.310001373291016,39.81999969482422,40.79999923706055,421100,40.79999923706055
10/3/2018,40.68000030517578,41.45000076293945,40.02000045776367,41.41999816894531,283000,41.41999816894531
10/2/2018,40.470001220703125,41.20000076293945,40.310001373291016,40.54999923706055,248900,40.54999923706055
10/1/2018,41.29999923706055,42.08000183105469,40.31999969482422,40.540000915527344,315900,40.540000915527344
9/28/2018,41.540000915527344,42.08000183105469,41.09000015258789,41.369998931884766,456100,41.369998931884766
9/27/2018,41.95000076293945,42.68000030517578,41.130001068115234,41.54999923706055,418200,41.54999923706055
9/26/2018,40.41999816894531,42.72999954223633,40.27000045776367,42.150001525878906,959300,42.150001525878906
9/25/2018,40.130001068115234,40.91999816894531,39.72999954223633,40.2599983215332,498600,40.2599983215332
9/24/2018,39.4900016784668,40.2599983215332,39.09000015258789,40.2599983215332,310300,40.2599983215332
9/21/2018,40.25,40.650001525878906,39.5099983215332,39.790000915527344,864200,39.790000915527344
9/20/2018,39.22999954223633,40.599998474121094,38.84000015258789,40.220001220703125,402800,40.220001220703125
9/19/2018,38.630001068115234,39.43000030517578,38.630001068115234,39.119998931884766,456700,39.119998931884766
9/18/2018,37.75,39.099998474121094,37.54999923706055,38.779998779296875,599800,38.779998779296875
9/17/2018,39.279998779296875,39.880001068115234,38.119998931884766,39.099998474121094,488000,39.099998474121094
9/14/2018,39.470001220703125,39.97999954223633,38.2400016784668,39.380001068115234,814200,39.380001068115234
9/13/2018,40.20000076293945,40.709999084472656,39.459999084472656,39.5099983215332,367900,39.5099983215332
9/12/2018,40.06999969482422,40.38999938964844,39.13999938964844,40.099998474121094,320900,40.099998474121094
9/11/2018,40.369998931884766,40.59000015258789,39.540000915527344,40.189998626708984,326600,40.189998626708984
9/10/2018,39.83000183105469,40.630001068115234,39.630001068115234,40.40999984741211,222400,40.40999984741211
9/7/2018,39.650001525878906,41.04999923706055,39.650001525878906,39.709999084472656,402600,39.709999084472656
9/6/2018,40.2599983215332,40.4900016784668,39.29999923706055,39.75,322300,39.75
9/5/2018,40.790000915527344,40.790000915527344,39.369998931884766,40.2400016784668,301000,40.2400016784668
9/4/2018,40.68000030517578,40.869998931884766,39.849998474121094,40.779998779296875,388200,40.779998779296875
8/31/2018,39.77000045776367,40.81999969482422,39.47999954223633,40.77000045776367,352700,40.77000045776367
8/30/2018,39.97999954223633,40.900001525878906,39.56999969482422,39.790000915527344,575500,39.790000915527344
8/29/2018,39.369998931884766,39.900001525878906,39.18000030517578,39.849998474121094,353900,39.849998474121094
8/28/2018,39.22999954223633,39.38999938964844,38.7400016784668,39.279998779296875,323100,39.279998779296875
8/27/2018,38.58000183105469,39.279998779296875,38.130001068115234,39,501700,39
8/24/2018,39.56999969482422,39.779998779296875,37.86000061035156,38.38999938964844,2040500,38.38999938964844
8/23/2018,39.45000076293945,41.93000030517578,39.04999923706055,41.349998474121094,1670000,41.349998474121094
8/22/2018,37.7599983215332,38.22999954223633,37.369998931884766,38.22999954223633,304400,38.22999954223633
8/21/2018,37.4900016784668,37.959999084472656,37.4900016784668,37.599998474121094,418600,37.599998474121094
8/20/2018,37.70000076293945,37.97999954223633,37.040000915527344,37.36000061035156,410800,37.36000061035156
8/17/2018,37.75,38.09000015258789,36.7400016784668,37.599998474121094,1037200,37.599998474121094
8/16/2018,38.540000915527344,38.93000030517578,37.9900016784668,38.2599983215332,451600,38.2599983215332
8/15/2018,38.93000030517578,39.20000076293945,37.959999084472656,38.36000061035156,630900,38.36000061035156
8/14/2018,39,39.58000183105469,38.66999816894531,39.08000183105469,664000,39.08000183105469
8/13/2018,38.93000030517578,39.290000915527344,38.54999923706055,39.22999954223633,575600,39.22999954223633
8/10/2018,38.439998626708984,39.2599983215332,38.150001525878906,38.810001373291016,636800,38.810001373291016
8/9/2018,37.369998931884766,38.869998931884766,37.13999938964844,38.540000915527344,703900,38.540000915527344
8/8/2018,37.91999816894531,38.20000076293945,37.130001068115234,37.439998626708984,928600,37.439998626708984
8/7/2018,37.619998931884766,38.20000076293945,37.0099983215332,37.72999954223633,613500,37.72999954223633
8/6/2018,38.15999984741211,38.25,37,37.380001068115234,825800,37.380001068115234
8/3/2018,38.29999923706055,41,37.400001525878906,37.93000030517578,4030600,37.93000030517578
8/2/2018,32.97999954223633,34.04999923706055,32.7400016784668,33.65999984741211,1160600,33.65999984741211
8/1/2018,32.13999938964844,32.93000030517578,32.029998779296875,32.40999984741211,447300,32.40999984741211
7/31/2018,31.75,32.58000183105469,31.75,32.13999938964844,305300,32.13999938964844
7/30/2018,32.08000183105469,32.5,31.549999237060547,31.780000686645508,319400,31.780000686645508
7/27/2018,32.25,32.619998931884766,31.420000076293945,32.13999938964844,390200,32.13999938964844
7/26/2018,32.5099983215332,32.84000015258789,32.20000076293945,32.459999084472656,553800,32.459999084472656
7/25/2018,32.45000076293945,33.34000015258789,32.45000076293945,32.86000061035156,508700,32.86000061035156
7/24/2018,32.209999084472656,32.97999954223633,31.530000686645508,32.29999923706055,995500,32.29999923706055
7/23/2018,34.130001068115234,34.25,33.029998779296875,33.97999954223633,326400,33.97999954223633
7/20/2018,34.68000030517578,34.68000030517578,33.81999969482422,34.18000030517578,290100,34.18000030517578
7/19/2018,34.810001373291016,35.2599983215332,34.279998779296875,34.75,207300,34.75
7/18/2018,34.709999084472656,35.22999954223633,34.189998626708984,34.970001220703125,359000,34.970001220703125
7/17/2018,33.61000061035156,35.09000015258789,33.5,34.59000015258789,479800,34.59000015258789
7/16/2018,35.25,35.29999923706055,33.63999938964844,33.720001220703125,654900,33.720001220703125
7/13/2018,35.380001068115234,36.47999954223633,35.25,35.470001220703125,594000,35.470001220703125
7/12/2018,34.900001525878906,35.540000915527344,34.439998626708984,35.380001068115234,555500,35.380001068115234
7/11/2018,34.150001525878906,34.91999816894531,33.790000915527344,34.310001373291016,400700,34.310001373291016
7/10/2018,34.66999816894531,34.849998474121094,34.150001525878906,34.45000076293945,338200,34.45000076293945
7/9/2018,35.599998474121094,35.790000915527344,34.279998779296875,34.47999954223633,456200,34.47999954223633
7/6/2018,34.65999984741211,35.540000915527344,34.52000045776367,35.400001525878906,339500,35.400001525878906
7/5/2018,34.290000915527344,35.08000183105469,34.130001068115234,34.70000076293945,298300,34.70000076293945
7/3/2018,35.20000076293945,35.369998931884766,34.13999938964844,34.16999816894531,309700,34.16999816894531
7/2/2018,34.5,35.54999923706055,34.220001220703125,35.18000030517578,346500,35.18000030517578
6/29/2018,34,35.31999969482422,34,34.810001373291016,457600,34.810001373291016
6/28/2018,33.31999969482422,33.86000061035156,32.83000183105469,33.75,407700,33.75
6/27/2018,34.119998931884766,34.849998474121094,33.18000030517578,33.369998931884766,397200,33.369998931884766
6/26/2018,32.939998626708984,34.459999084472656,32.72999954223633,34.22999954223633,432800,34.22999954223633
6/25/2018,33.29999923706055,33.380001068115234,32.52000045776367,32.939998626708984,378400,32.939998626708984
6/22/2018,33.349998474121094,33.4900016784668,32.29999923706055,33.33000183105469,1752200,33.33000183105469
6/21/2018,34.47999954223633,34.7400016784668,32.77000045776367,33.20000076293945,492400,33.20000076293945
6/20/2018,34.220001220703125,35.11000061035156,34.08000183105469,34.650001525878906,371300,34.650001525878906
6/19/2018,33.900001525878906,34.810001373291016,33.369998931884766,33.939998626708984,511700,33.939998626708984
6/18/2018,34.7400016784668,35.40999984741211,34.150001525878906,35.2599983215332,436300,35.2599983215332
6/15/2018,35.029998779296875,35.220001220703125,34.56999969482422,34.97999954223633,560900,34.97999954223633
6/14/2018,35.40999984741211,35.63999938964844,35.0099983215332,35.31999969482422,436000,35.31999969482422
6/13/2018,35.029998779296875,35.5,34.75,35.20000076293945,722000,35.20000076293945
6/12/2018,34.04999923706055,35.65999984741211,34.0099983215332,35.2400016784668,979000,35.2400016784668
6/11/2018,34.2400016784668,34.83000183105469,33.599998474121094,34.720001220703125,811500,34.720001220703125
6/8/2018,33.66999816894531,34.060001373291016,33.209999084472656,33.93000030517578,1172700,33.93000030517578
6/7/2018,35.310001373291016,35.400001525878906,33.16999816894531,33.529998779296875,1774300,33.529998779296875
6/6/2018,34.189998626708984,34.88999938964844,33.529998779296875,33.869998931884766,1470400,33.869998931884766
6/5/2018,32.790000915527344,33.83000183105469,32.31999969482422,33.34000015258789,1255500,33.34000015258789
6/4/2018,32.900001525878906,33.189998626708984,32.400001525878906,32.790000915527344,471200,32.790000915527344
6/1/2018,32.47999954223633,33.02000045776367,32.369998931884766,32.790000915527344,598100,32.790000915527344
5/31/2018,32.9900016784668,33.0099983215332,31.799999237060547,32.34000015258789,702300,32.34000015258789
5/30/2018,33.400001525878906,33.5099983215332,32.02000045776367,32.869998931884766,804400,32.869998931884766
5/29/2018,34.13999938964844,34.18000030517578,32.91999816894531,33.470001220703125,711700,33.470001220703125
5/25/2018,32.11000061035156,34.27000045776367,31.850000381469727,33.619998931884766,1461500,33.619998931884766
5/24/2018,32.349998474121094,32.599998474121094,31.770000457763672,32.189998626708984,528900,32.189998626708984
5/23/2018,33.470001220703125,33.470001220703125,32.31999969482422,32.400001525878906,711000,32.400001525878906
5/22/2018,34.70000076293945,34.849998474121094,32.88999938964844,33.4900016784668,1618400,33.4900016784668
5/21/2018,34.099998474121094,34.25,32.63999938964844,33.209999084472656,798100,33.209999084472656
5/18/2018,32.58000183105469,33.59000015258789,32.4900016784668,33,758400,33
5/17/2018,33.349998474121094,33.38999938964844,32.36000061035156,32.54999923706055,1081700,32.54999923706055
5/16/2018,32.349998474121094,33.40999984741211,32.119998931884766,33.33000183105469,1335100,33.33000183105469
5/15/2018,33.7599983215332,33.900001525878906,32.54999923706055,33.08000183105469,1602400,33.08000183105469
5/14/2018,37.18000030517578,37.36000061035156,33.95000076293945,34.25,4655500,34.25
5/11/2018,30.760000228881836,31.90999984741211,30.729999542236328,31.5,671300,31.5
5/10/2018,31.170000076293945,31.219999313354492,30.360000610351562,30.959999084472656,408900,30.959999084472656
5/9/2018,30.829999923706055,31.8700008392334,30.280000686645508,31.170000076293945,977700,31.170000076293945
5/8/2018,31,31.440000534057617,30.06999969482422,30.969999313354492,850000,30.969999313354492
5/7/2018,29.799999237060547,32.029998779296875,29.760000228881836,30.969999313354492,1892100,30.969999313354492
5/4/2018,29.770000457763672,31.139999389648438,29.170000076293945,29.299999237060547,1987600,29.299999237060547
5/3/2018,29.049999237060547,29.93000030517578,28.469999313354492,29.079999923706055,1358900,29.079999923706055
5/2/2018,28.899999618530273,29.299999237060547,28.469999313354492,29.040000915527344,688700,29.040000915527344
5/1/2018,28.229999542236328,28.950000762939453,27.3700008392334,28.770000457763672,947700,28.770000457763672
4/30/2018,28.299999237060547,28.469999313354492,27.520000457763672,28.149999618530273,544800,28.149999618530273
4/27/2018,29.170000076293945,29.389999389648438,27.950000762939453,28.280000686645508,908800,28.280000686645508
4/26/2018,27.959999084472656,28.709999084472656,27.540000915527344,27.979999542236328,719500,27.979999542236328
4/25/2018,29.219999313354492,29.450000762939453,27.200000762939453,28.190000534057617,1658200,28.190000534057617
4/24/2018,27.8700008392334,29.770000457763672,27.700000762939453,29.360000610351562,1554100,29.360000610351562
4/23/2018,28.739999771118164,28.75,26.770000457763672,27.540000915527344,1458700,27.540000915527344
4/20/2018,26.729999542236328,28.040000915527344,26.239999771118164,27.559999465942383,1497900,27.559999465942383
4/19/2018,25.65999984741211,27.420000076293945,25.549999237060547,26.479999542236328,2019900,26.479999542236328
4/18/2018,26.610000610351562,26.700000762939453,25.469999313354492,25.56999969482422,2586700,25.56999969482422
4/17/2018,25.510000228881836,27,25,26.43000030517578,4336600,26.43000030517578
4/16/2018,30.940000534057617,31,24.719999313354492,25.6299991607666,12827500,25.6299991607666
4/13/2018,39.5,40.2400016784668,39.29999923706055,40.029998779296875,440700,40.029998779296875
4/12/2018,38.86000061035156,39.630001068115234,38.119998931884766,39.349998474121094,397000,39.349998474121094
4/11/2018,36.849998474121094,39.529998779296875,36.560001373291016,38.5,453000,38.5
4/10/2018,35.869998931884766,37.31999969482422,35.65999984741211,37.029998779296875,278700,37.029998779296875
4/9/2018,35.970001220703125,36.65999984741211,35.02000045776367,35.310001373291016,314000,35.310001373291016
4/6/2018,35.849998474121094,36.41999816894531,35.310001373291016,35.88999938964844,315700,35.88999938964844
4/5/2018,35.7599983215332,37.290000915527344,35.619998931884766,36.02000045776367,400700,36.02000045776367
4/4/2018,35.220001220703125,36.02000045776367,34.31999969482422,35.81999969482422,527000,35.81999969482422
4/3/2018,37.400001525878906,37.540000915527344,35.11000061035156,35.79999923706055,495500,35.79999923706055
4/2/2018,38.040000915527344,38.849998474121094,36.7599983215332,37.060001373291016,458000,37.060001373291016
3/29/2018,37.5099983215332,38.900001525878906,36.290000915527344,38.459999084472656,552700,38.459999084472656
3/28/2018,39.31999969482422,39.400001525878906,36.900001525878906,37.2599983215332,438500,37.2599983215332
3/27/2018,40.59000015258789,41.4900016784668,39.349998474121094,39.54999923706055,271700,39.54999923706055
3/26/2018,41.54999923706055,41.599998474121094,39.58000183105469,40.540000915527344,421700,40.540000915527344
3/23/2018,41.790000915527344,41.900001525878906,40.58000183105469,41.060001373291016,261600,41.060001373291016
3/22/2018,42.209999084472656,42.970001220703125,41.13999938964844,41.59000015258789,281900,41.59000015258789
3/21/2018,42.5099983215332,43.290000915527344,41.43000030517578,42.65999984741211,203400,42.65999984741211
3/20/2018,42.040000915527344,42.560001373291016,41.099998474121094,42.5099983215332,647500,42.5099983215332
3/19/2018,43.90999984741211,43.90999984741211,41.31999969482422,41.970001220703125,723000,41.970001220703125
3/16/2018,43.58000183105469,44.83000183105469,43.380001068115234,43.91999816894531,833800,43.91999816894531
3/15/2018,42.5099983215332,44,42.41999816894531,43.689998626708984,642200,43.689998626708984
3/14/2018,44.79999923706055,44.79999923706055,42.29999923706055,42.38999938964844,444400,42.38999938964844
3/13/2018,44.84000015258789,44.84000015258789,42.7599983215332,44.439998626708984,1659400,44.439998626708984
3/12/2018,43.4900016784668,45.310001373291016,43.27000045776367,44.84000015258789,1018000,44.84000015258789
3/9/2018,39.97999954223633,42.68000030517578,39.119998931884766,42.22999954223633,1055400,42.22999954223633
3/8/2018,41.900001525878906,42.349998474121094,40.88999938964844,42.040000915527344,356600,42.040000915527344
3/7/2018,39.11000061035156,42.029998779296875,38.97999954223633,41.900001525878906,545500,41.900001525878906
3/6/2018,38.459999084472656,39.689998626708984,37.91999816894531,39.599998474121094,605400,39.599998474121094
3/5/2018,38.470001220703125,39.2599983215332,38.220001220703125,38.45000076293945,370400,38.45000076293945
3/2/2018,38.61000061035156,39.72999954223633,38.279998779296875,38.81999969482422,389600,38.81999969482422
3/1/2018,38.790000915527344,40.04999923706055,38.130001068115234,38.880001068115234,391600,38.880001068115234
2/28/2018,38.380001068115234,39.400001525878906,37.849998474121094,38.70000076293945,261800,38.70000076293945
2/27/2018,38.43000030517578,38.93000030517578,37.810001373291016,38.15999984741211,441100,38.15999984741211
2/26/2018,36.4900016784668,39.86000061035156,36.11000061035156,38.54999923706055,1118800,38.54999923706055
2/23/2018,35.02000045776367,37.130001068115234,33.68000030517578,37.04999923706055,3723100,37.04999923706055
2/22/2018,43.209999084472656,43.5,41.5,41.84000015258789,865500,41.84000015258789
2/21/2018,42.130001068115234,43.61000061035156,41.540000915527344,43.439998626708984,524200,43.439998626708984
2/20/2018,42,42.47999954223633,41.290000915527344,41.91999816894531,512100,41.91999816894531
2/16/2018,40.25,43.11000061035156,40.20000076293945,42.400001525878906,619600,42.400001525878906
2/15/2018,39.54999923706055,40.779998779296875,39.54999923706055,40.47999954223633,481100,40.47999954223633
2/14/2018,38.18000030517578,39.66999816894531,37.869998931884766,39.5,362300,39.5
2/13/2018,38.29999923706055,38.619998931884766,37.52000045776367,38.209999084472656,256500,38.209999084472656
2/12/2018,39.16999816894531,39.779998779296875,38.380001068115234,38.540000915527344,185300,38.540000915527344
2/9/2018,38.5099983215332,39.29999923706055,37.599998474121094,38.93000030517578,297200,38.93000030517578
2/8/2018,38.84000015258789,39.95000076293945,37.599998474121094,38.11000061035156,452600,38.11000061035156
2/7/2018,39.5099983215332,39.70000076293945,37.47999954223633,39.02000045776367,384900,39.02000045776367
2/6/2018,37.43000030517578,40,37,39.56999969482422,772100,39.56999969482422
2/5/2018,37.65999984741211,38.900001525878906,37.439998626708984,38.45000076293945,417000,38.45000076293945
2/2/2018,39,39.380001068115234,37.560001373291016,38.25,562600,38.25
2/1/2018,36.7400016784668,39.75,36.650001525878906,39.540000915527344,890200,39.540000915527344
1/31/2018,36.63999938964844,37.2400016784668,36.09000015258789,36.90999984741211,531700,36.90999984741211
1/30/2018,34.68000030517578,35.959999084472656,34.4900016784668,35.630001068115234,408200,35.630001068115234
1/29/2018,36.0099983215332,36.25,34.20000076293945,34.34000015258789,556300,34.34000015258789
1/26/2018,36,36.38999938964844,35.869998931884766,36.25,140500,36.25
1/25/2018,36.54999923706055,36.58000183105469,35.720001220703125,35.849998474121094,186100,35.849998474121094
1/24/2018,36.93000030517578,37.33000183105469,36.08000183105469,36.34000015258789,236100,36.34000015258789
1/23/2018,36.599998474121094,37.75,36.38999938964844,37.029998779296875,279000,37.029998779296875
1/22/2018,36.709999084472656,37.33000183105469,36.38999938964844,36.68000030517578,255100,36.68000030517578
1/19/2018,36.75,37.29999923706055,36.5099983215332,36.79999923706055,224200,36.79999923706055
1/18/2018,38.150001525878906,38.31999969482422,36.7400016784668,37.0099983215332,437200,37.0099983215332
1/17/2018,38.7599983215332,38.7599983215332,38.150001525878906,38.400001525878906,175500,38.400001525878906
1/16/2018,39.70000076293945,39.70000076293945,38.150001525878906,38.5099983215332,392600,38.5099983215332
1/12/2018,40.04999923706055,40.56999969482422,39.33000183105469,39.689998626708984,280100,39.689998626708984
1/11/2018,38.58000183105469,41.220001220703125,38.52000045776367,39.72999954223633,657500,39.72999954223633
1/10/2018,37.599998474121094,38.869998931884766,37.2599983215332,38.459999084472656,388200,38.459999084472656
1/9/2018,38.689998626708984,38.689998626708984,37.61000061035156,37.66999816894531,187800,37.66999816894531
1/8/2018,38.31999969482422,38.72999954223633,37.810001373291016,38.59000015258789,134500,38.59000015258789
1/5/2018,38.540000915527344,39,37.25,38.540000915527344,476600,38.540000915527344
1/4/2018,37.599998474121094,38.70000076293945,37.560001373291016,38.439998626708984,291000,38.439998626708984
1/3/2018,36.720001220703125,37.779998779296875,36.38999938964844,37.56999969482422,378800,37.56999969482422
1/2/2018,36.349998474121094,37.25,36.060001373291016,36.849998474121094,446200,36.849998474121094
12/29/2017,36.81999969482422,36.869998931884766,36.099998474121094,36.22999954223633,384500,36.22999954223633
12/28/2017,37.5099983215332,37.77000045776367,36.59000015258789,36.93000030517578,373200,36.93000030517578
12/27/2017,37.36000061035156,38.4900016784668,37.2599983215332,37.59000015258789,280000,37.59000015258789
12/26/2017,37.5,38.150001525878906,37.31999969482422,37.470001220703125,311200,37.470001220703125
12/22/2017,37.849998474121094,38.5099983215332,37.36000061035156,37.900001525878906,241200,37.900001525878906
12/21/2017,38.189998626708984,38.689998626708984,37.650001525878906,37.83000183105469,223400,37.83000183105469
12/20/2017,38.689998626708984,38.959999084472656,37.86000061035156,38.15999984741211,389700,38.15999984741211
12/19/2017,38.220001220703125,38.79999923706055,38.119998931884766,38.5,388400,38.5
12/18/2017,39.54999923706055,39.810001373291016,38.25,38.38999938964844,361900,38.38999938964844
12/15/2017,39.83000183105469,40.18000030517578,39.36000061035156,39.380001068115234,477400,39.380001068115234
12/14/2017,40.43000030517578,40.97999954223633,39.68000030517578,39.75,246200,39.75
12/13/2017,39.709999084472656,40.689998626708984,39.439998626708984,40.540000915527344,407700,40.540000915527344
12/12/2017,41.95000076293945,42.099998474121094,39.650001525878906,39.65999984741211,404800,39.65999984741211
12/11/2017,40.27000045776367,42.099998474121094,40.27000045776367,41.84000015258789,724300,41.84000015258789
12/8/2017,40.040000915527344,41.150001525878906,39.849998474121094,40.4900016784668,500900,40.4900016784668
12/7/2017,40.15999984741211,40.45000076293945,39.52000045776367,40.2599983215332,271800,40.2599983215332
12/6/2017,39.65999984741211,40.650001525878906,39.0099983215332,40.380001068115234,396500,40.380001068115234
12/5/2017,40,40.599998474121094,39.15999984741211,40.099998474121094,520600,40.099998474121094
12/4/2017,38.349998474121094,40.099998474121094,38.22999954223633,39.970001220703125,561300,39.970001220703125
12/1/2017,38.2400016784668,39,37.54999923706055,38.349998474121094,384900,38.349998474121094
11/30/2017,38.7599983215332,39.439998626708984,38.369998931884766,38.68000030517578,342800,38.68000030517578
11/29/2017,39.720001220703125,40.58000183105469,38,38.650001525878906,599400,38.650001525878906
11/28/2017,38.93000030517578,40,38.56999969482422,39.880001068115234,322400,39.880001068115234
11/27/2017,39.900001525878906,39.900001525878906,38.54999923706055,38.9900016784668,371600,38.9900016784668
11/24/2017,39.04999923706055,40.45000076293945,38.90999984741211,40,278500,40
11/22/2017,38.47999954223633,39.59000015258789,38.40999984741211,39.02000045776367,469300,39.02000045776367
11/21/2017,38,38.72999954223633,37.54999923706055,38.40999984741211,365000,38.40999984741211
11/20/2017,37.369998931884766,38.27000045776367,37.119998931884766,37.439998626708984,310100,37.439998626708984
11/17/2017,37.529998779296875,38.290000915527344,37.16999816894531,37.54999923706055,516200,37.54999923706055
11/16/2017,36.45000076293945,37.79999923706055,36.36000061035156,37.599998474121094,432400,37.599998474121094
11/15/2017,35.5,36.650001525878906,35.36000061035156,36.369998931884766,421300,36.369998931884766
11/14/2017,36.279998779296875,36.61000061035156,35.56999969482422,35.599998474121094,322100,35.599998474121094
11/13/2017,35.599998474121094,36.84000015258789,35.529998779296875,36.790000915527344,378300,36.790000915527344
11/10/2017,35.75,36.560001373291016,35.720001220703125,36.11000061035156,430300,36.11000061035156
11/9/2017,36.4900016784668,36.790000915527344,35.54999923706055,35.95000076293945,753800,35.95000076293945
11/8/2017,36.790000915527344,37.400001525878906,36.40999984741211,36.900001525878906,534200,36.900001525878906
11/7/2017,36.650001525878906,37.15999984741211,36.5,36.779998779296875,339200,36.779998779296875
11/6/2017,36.81999969482422,37.619998931884766,36.5,36.81999969482422,468400,36.81999969482422
11/3/2017,39.099998474121094,39.88999938964844,36.75,36.81999969482422,1316600,36.81999969482422
11/2/2017,42.36000061035156,43,38.709999084472656,39.099998474121094,1658000,39.099998474121094
11/1/2017,42.529998779296875,43.90999984741211,42.209999084472656,43.400001525878906,630400,43.400001525878906
10/31/2017,41.79999923706055,42.720001220703125,41.79999923706055,42.310001373291016,372700,42.310001373291016
10/30/2017,40.529998779296875,42.720001220703125,40.529998779296875,42.060001373291016,461200,42.060001373291016
10/27/2017,42.09000015258789,42.290000915527344,39.95000076293945,40.9900016784668,972400,40.9900016784668
10/26/2017,44.099998474121094,44.29999923706055,41.849998474121094,41.900001525878906,386600,41.900001525878906
10/25/2017,44.63999938964844,45.25,43.75,43.95000076293945,287800,43.95000076293945
10/24/2017,44.779998779296875,44.9900016784668,44.209999084472656,44.83000183105469,218400,44.83000183105469
10/23/2017,44.63999938964844,45.130001068115234,44.11000061035156,44.54999923706055,185800,44.54999923706055
10/20/2017,45.02000045776367,45.41999816894531,44.650001525878906,44.93000030517578,207400,44.93000030517578
10/19/2017,43.790000915527344,45.18000030517578,43.65999984741211,44.47999954223633,391500,44.47999954223633
10/18/2017,45.060001373291016,45.09000015258789,43.59000015258789,44.38999938964844,766500,44.38999938964844
10/17/2017,45.290000915527344,45.900001525878906,45.20000076293945,45.34000015258789,267000,45.34000015258789
10/16/2017,45.65999984741211,46.43000030517578,45.40999984741211,45.59000015258789,288300,45.59000015258789
10/13/2017,45.81999969482422,46.59000015258789,45.5,46,298700,46
10/12/2017,46.099998474121094,46.56999969482422,45.7599983215332,45.93000030517578,257500,45.93000030517578
10/11/2017,46.79999923706055,47.65999984741211,46.099998474121094,46.20000076293945,362300,46.20000076293945
10/10/2017,47.34000015258789,47.72999954223633,46.63999938964844,46.900001525878906,307900,46.900001525878906
10/9/2017,48.43000030517578,48.900001525878906,46.65999984741211,47.33000183105469,299800,47.33000183105469
10/6/2017,46.0099983215332,48.380001068115234,45.81999969482422,48.02000045776367,488800,48.02000045776367
10/5/2017,46.20000076293945,46.59000015258789,45.61000061035156,46.31999969482422,631800,46.31999969482422
10/4/2017,47.810001373291016,48.77000045776367,47,47.459999084472656,392100,47.459999084472656
10/3/2017,47.77000045776367,48.7400016784668,47.619998931884766,48.2599983215332,339300,48.2599983215332
10/2/2017,46.900001525878906,48.7400016784668,46.849998474121094,48.0099983215332,419900,48.0099983215332
9/29/2017,47.41999816894531,47.97999954223633,46.779998779296875,47.099998474121094,322600,47.099998474121094
9/28/2017,46.380001068115234,48.75,45.84000015258789,47.2400016784668,657500,47.2400016784668
9/27/2017,45.040000915527344,47.349998474121094,45.040000915527344,46.630001068115234,593800,46.630001068115234
9/26/2017,45.599998474121094,45.70000076293945,44.349998474121094,44.79999923706055,463500,44.79999923706055
9/25/2017,46.22999954223633,46.7599983215332,44.43000030517578,45.029998779296875,449700,45.029998779296875
9/22/2017,45.959999084472656,47.38999938964844,45.959999084472656,46.810001373291016,319800,46.810001373291016
9/21/2017,46.5,47.630001068115234,45.29999923706055,46.349998474121094,633500,46.349998474121094
9/20/2017,47.52000045776367,47.75,46.5,47.08000183105469,988800,47.08000183105469
9/19/2017,47.790000915527344,50.08000183105469,46.06999969482422,47.54999923706055,1798300,47.54999923706055
9/18/2017,44.38999938964844,46.630001068115234,44.34000015258789,45.83000183105469,685700,45.83000183105469
9/15/2017,44.119998931884766,45.25,44.11000061035156,44.68000030517578,784200,44.68000030517578
9/14/2017,45.75,46.36000061035156,44.52000045776367,44.65999984741211,514200,44.65999984741211
9/13/2017,46.18000030517578,47.43000030517578,45.7400016784668,45.91999816894531,615400,45.91999816894531
9/12/2017,45.099998474121094,47.09000015258789,44.63999938964844,46.22999954223633,391600,46.22999954223633
9/11/2017,44,45.709999084472656,44,45.40999984741211,500900,45.40999984741211
9/8/2017,44.22999954223633,45.720001220703125,43.209999084472656,43.58000183105469,646800,43.58000183105469
9/7/2017,45.779998779296875,45.88999938964844,44.15999984741211,44.529998779296875,394800,44.529998779296875
9/6/2017,45.75,46.70000076293945,45.20000076293945,45.4900016784668,308200,45.4900016784668
9/5/2017,47.779998779296875,48.470001220703125,45.5,45.560001373291016,565800,45.560001373291016
9/1/2017,48.91999816894531,49.650001525878906,47.84000015258789,48.11000061035156,355300,48.11000061035156
8/31/2017,48.209999084472656,49.4900016784668,47.20000076293945,48.83000183105469,502600,48.83000183105469
8/30/2017,48.95000076293945,49.439998626708984,47.7599983215332,48.11000061035156,634700,48.11000061035156
8/29/2017,47.25,49.61000061035156,46.59000015258789,49.5,670200,49.5
8/28/2017,49.18000030517578,49.75,47.91999816894531,48.59000015258789,575800,48.59000015258789
8/25/2017,48.20000076293945,49.59000015258789,47.900001525878906,49.22999954223633,1001100,49.22999954223633
8/24/2017,46.459999084472656,50.099998474121094,46.439998626708984,48.220001220703125,2245100,48.220001220703125
8/23/2017,42.22999954223633,45.810001373291016,42.22999954223633,45.060001373291016,733100,45.060001373291016
8/22/2017,42.630001068115234,43.20000076293945,41.720001220703125,42.709999084472656,436700,42.709999084472656
8/21/2017,43.709999084472656,43.77000045776367,41.619998931884766,42.5099983215332,633500,42.5099983215332
8/18/2017,43.47999954223633,44.27000045776367,43,43.79999923706055,439200,43.79999923706055
8/17/2017,44.279998779296875,45.2599983215332,43.790000915527344,43.90999984741211,549400,43.90999984741211
8/16/2017,43.630001068115234,44.97999954223633,42.959999084472656,44.209999084472656,476400,44.209999084472656
8/15/2017,43.779998779296875,43.779998779296875,42.849998474121094,43.709999084472656,593000,43.709999084472656
8/14/2017,44.38999938964844,44.83000183105469,43.59000015258789,43.68000030517578,544500,43.68000030517578
8/11/2017,42.900001525878906,44.33000183105469,42.849998474121094,43.83000183105469,330200,43.83000183105469
8/10/2017,45.66999816894531,45.849998474121094,42.900001525878906,42.9900016784668,812400,42.9900016784668
8/9/2017,47.7599983215332,47.91999816894531,46.0099983215332,46.25,721000,46.25
8/8/2017,46.75,49.25,46.75,47.880001068115234,825900,47.880001068115234
8/7/2017,44.7400016784668,46.97999954223633,44.599998474121094,46.86000061035156,574200,46.86000061035156
8/4/2017,46.79999923706055,47.779998779296875,44.02000045776367,45.349998474121094,1541300,45.349998474121094
8/3/2017,45.40999984741211,45.5099983215332,44.43000030517578,45.220001220703125,1054200,45.220001220703125
8/2/2017,44.650001525878906,45.939998626708984,44.029998779296875,44.52000045776367,1169000,44.52000045776367
8/1/2017,44.20000076293945,46.45000076293945,43.810001373291016,46.369998931884766,961900,46.369998931884766
7/31/2017,44.439998626708984,44.47999954223633,43,43.77000045776367,554000,43.77000045776367
7/28/2017,42.959999084472656,43.65999984741211,42.220001220703125,43.54999923706055,566200,43.54999923706055
7/27/2017,44.61000061035156,45.810001373291016,41.86000061035156,43.54999923706055,1183500,43.54999923706055
7/26/2017,45.529998779296875,45.61000061035156,44.060001373291016,44.77000045776367,982700,44.77000045776367
7/25/2017,43.459999084472656,45.689998626708984,42.779998779296875,45.599998474121094,1097100,45.599998474121094
7/24/2017,44.13999938964844,44.59000015258789,42.54999923706055,43.58000183105469,836100,43.58000183105469
7/21/2017,42.18000030517578,45.16999816894531,41.79999923706055,43.77000045776367,1232400,43.77000045776367
7/20/2017,42,42.779998779296875,41.5099983215332,42.18000030517578,488000,42.18000030517578
7/19/2017,39.77000045776367,42.630001068115234,39.68000030517578,42.4900016784668,1552100,42.4900016784668
7/18/2017,39.779998779296875,40.25,39.400001525878906,39.61000061035156,562000,39.61000061035156
7/17/2017,38.959999084472656,40.099998474121094,38.5,39.9900016784668,1231400,39.9900016784668
7/14/2017,40.810001373291016,42.599998474121094,38.75,39,3574800,39
7/13/2017,42.040000915527344,42.4900016784668,41.310001373291016,41.619998931884766,491400,41.619998931884766
7/12/2017,41.5,41.88999938964844,40.720001220703125,41.65999984741211,555900,41.65999984741211
7/11/2017,42.0099983215332,42.349998474121094,41.02000045776367,41.349998474121094,633000,41.349998474121094
7/10/2017,42.11000061035156,43.099998474121094,41.13999938964844,42.400001525878906,835300,42.400001525878906
7/7/2017,40.68000030517578,42.7400016784668,40.66999816894531,42.27000045776367,641500,42.27000045776367
7/6/2017,39.75,41.5,39.75,40.58000183105469,626300,40.58000183105469
7/5/2017,40.20000076293945,40.970001220703125,39.5099983215332,40.380001068115234,682000,40.380001068115234
7/3/2017,41.709999084472656,41.779998779296875,40.099998474121094,40.25,443000,40.25
6/30/2017,41.470001220703125,42.130001068115234,40.540000915527344,41.470001220703125,532600,41.470001220703125
6/29/2017,42.349998474121094,42.349998474121094,40.45000076293945,41.380001068115234,748900,41.380001068115234
6/28/2017,41.79999923706055,42.779998779296875,41.290000915527344,42.52000045776367,571600,42.52000045776367
6/27/2017,42.900001525878906,43.650001525878906,41.560001373291016,41.619998931884766,639800,41.619998931884766
6/26/2017,44.52000045776367,44.779998779296875,42.41999816894531,43.33000183105469,828500,43.33000183105469
6/23/2017,42.630001068115234,44.810001373291016,42.310001373291016,44.619998931884766,2779900,44.619998931884766
6/22/2017,41.189998626708984,42.5,39.83000183105469,41.63999938964844,1226600,41.63999938964844
6/21/2017,43.9900016784668,43.9900016784668,39.86000061035156,40.9900016784668,2176700,40.9900016784668
6/20/2017,44.560001373291016,45.349998474121094,43.619998931884766,43.75,608900,43.75
6/19/2017,44.65999984741211,45.70000076293945,44.04999923706055,45.099998474121094,800400,45.099998474121094
6/16/2017,44.959999084472656,45.45000076293945,44.189998626708984,45.08000183105469,786000,45.08000183105469
6/15/2017,44.70000076293945,45.29999923706055,43.41999816894531,44.459999084472656,686900,44.459999084472656
6/14/2017,46,46.400001525878906,45.16999816894531,45.31999969482422,493300,45.31999969482422
6/13/2017,45.81999969482422,46.349998474121094,44.599998474121094,45.7400016784668,786300,45.7400016784668
6/12/2017,45.15999984741211,45.9900016784668,44.90999984741211,45.45000076293945,779200,45.45000076293945
6/9/2017,48.0099983215332,48.209999084472656,44.709999084472656,46.099998474121094,860100,46.099998474121094
6/8/2017,47.09000015258789,48.68000030517578,46.88999938964844,48.290000915527344,494600,48.290000915527344
6/7/2017,48.04999923706055,48.34000015258789,46.540000915527344,47.349998474121094,574900,47.349998474121094
6/6/2017,45.2599983215332,48.47999954223633,45.060001373291016,48.09000015258789,978100,48.09000015258789
6/5/2017,46.970001220703125,47.9900016784668,45.900001525878906,46.0099983215332,1032200,46.0099983215332
6/2/2017,47.16999816894531,48.36000061035156,47.08000183105469,47.29999923706055,521700,47.29999923706055
6/1/2017,47.45000076293945,47.880001068115234,46.369998931884766,47.47999954223633,874400,47.47999954223633
5/31/2017,43.77000045776367,47.099998474121094,43.75,47.040000915527344,1607500,47.040000915527344
5/30/2017,48.11000061035156,48.400001525878906,45.84000015258789,46.40999984741211,645300,46.40999984741211
5/26/2017,45.91999816894531,48.599998474121094,45.619998931884766,47.970001220703125,712700,47.970001220703125
5/25/2017,48.9900016784668,49.75,45,46.33000183105469,920500,46.33000183105469
5/24/2017,48.040000915527344,49.68000030517578,47.5,48.61000061035156,1041800,48.61000061035156
5/23/2017,48.349998474121094,49.150001525878906,46.880001068115234,48.18000030517578,1518500,48.18000030517578
5/22/2017,45.20000076293945,49.5,44.900001525878906,48.849998474121094,2027900,48.849998474121094
5/19/2017,45.029998779296875,45.630001068115234,44.119998931884766,44.18000030517578,485800,44.18000030517578
5/18/2017,44.75,45.9900016784668,44.45000076293945,44.97999954223633,745300,44.97999954223633
5/17/2017,46.400001525878906,47.27000045776367,45.099998474121094,45.130001068115234,866600,45.130001068115234
5/16/2017,49.099998474121094,49.25,47.380001068115234,48.40999984741211,690700,48.40999984741211
5/15/2017,47.75,49.04999923706055,47.75,48.66999816894531,1110100,48.66999816894531
5/12/2017,46.060001373291016,47.810001373291016,44.97999954223633,47.709999084472656,1008100,47.709999084472656
5/11/2017,43.599998474121094,46.5,43.25,46.27000045776367,1562100,46.27000045776367
5/10/2017,42.75,45.25,42.5,44.47999954223633,5049900,44.47999954223633
5/9/2017,47.20000076293945,49.40999984741211,47.20000076293945,48.40999984741211,2080000,48.40999984741211
5/8/2017,47.779998779296875,48,46.380001068115234,46.849998474121094,809800,46.849998474121094
5/5/2017,45.31999969482422,48.29999923706055,45.31999969482422,47.52000045776367,1460400,47.52000045776367
5/4/2017,45.15999984741211,46,44.65999984741211,44.91999816894531,990900,44.91999816894531
5/3/2017,45.16999816894531,45.290000915527344,42.47999954223633,44.83000183105469,2451500,44.83000183105469
5/2/2017,46.970001220703125,47,45.36000061035156,46.29999923706055,1154300,46.29999923706055
5/1/2017,46.04999923706055,47.189998626708984,45.7400016784668,47.06999969482422,1071400,47.06999969482422
4/28/2017,46.66999816894531,47,44.880001068115234,45.84000015258789,1598600,45.84000015258789
4/27/2017,48.75,49,46.529998779296875,46.599998474121094,1734600,46.599998474121094
4/26/2017,54.02000045776367,54.369998931884766,47.959999084472656,48.08000183105469,3515300,48.08000183105469
4/25/2017,53.5,54.27000045776367,52,54.130001068115234,1600700,54.130001068115234
4/24/2017,52.79999923706055,54.04999923706055,52.5099983215332,53.16999816894531,752800,53.16999816894531
4/21/2017,53.75,53.939998626708984,52.0099983215332,52.02000045776367,832900,52.02000045776367
4/20/2017,52.18000030517578,53.7599983215332,51.90999984741211,53.560001373291016,977200,53.560001373291016
4/19/2017,52.709999084472656,53.22999954223633,51.689998626708984,52.150001525878906,1575400,52.150001525878906
4/18/2017,53.75,54.22999954223633,52.56999969482422,52.70000076293945,1220200,52.70000076293945
4/17/2017,54.16999816894531,55.209999084472656,54.0099983215332,54.29999923706055,681300,54.29999923706055
4/13/2017,55.31999969482422,56.380001068115234,54,54.06999969482422,1263600,54.06999969482422
4/12/2017,54.43000030517578,54.75,53.25,53.88999938964844,862100,53.88999938964844
4/11/2017,54.869998931884766,55.5,54,54.61000061035156,743300,54.61000061035156
4/10/2017,55.79999923706055,56.29999923706055,54.650001525878906,55.220001220703125,729600,55.220001220703125
4/7/2017,57.16999816894531,57.779998779296875,55.75,56,972100,56
4/6/2017,56.36000061035156,57.599998474121094,56.029998779296875,57.029998779296875,655000,57.029998779296875
4/5/2017,58.38999938964844,59.400001525878906,55.54999923706055,56.65999984741211,1586100,56.65999984741211
4/4/2017,59.459999084472656,59.900001525878906,57.869998931884766,58.7400016784668,1238200,58.7400016784668
4/3/2017,59.02000045776367,61.150001525878906,57.7599983215332,59.650001525878906,2257300,59.650001525878906
3/31/2017,58.08000183105469,60.099998474121094,57.56999969482422,58.619998931884766,1929400,58.619998931884766
3/30/2017,57.349998474121094,58.310001373291016,56.66999816894531,57.86000061035156,758500,57.86000061035156
3/29/2017,56.65999984741211,58.849998474121094,56.65999984741211,57.689998626708984,1657000,57.689998626708984
3/28/2017,56.970001220703125,57.95000076293945,56,56.619998931884766,845100,56.619998931884766
3/27/2017,56.529998779296875,58.18000030517578,55.06999969482422,57.279998779296875,1296000,57.279998779296875
3/24/2017,56.099998474121094,59.380001068115234,55.88999938964844,56.689998626708984,1758200,56.689998626708984
3/23/2017,58.880001068115234,58.880001068115234,55.689998626708984,56.0099983215332,1647000,56.0099983215332
3/22/2017,53.209999084472656,59,52.86000061035156,58.900001525878906,2236600,58.900001525878906
3/21/2017,53.880001068115234,56.02000045776367,53.0099983215332,53.5,1967100,53.5
3/20/2017,55.029998779296875,55.68000030517578,53.52000045776367,54.09000015258789,1101700,54.09000015258789
3/17/2017,52.810001373291016,55.470001220703125,52.29999923706055,55.02000045776367,2136300,55.02000045776367
3/16/2017,51.41999816894531,54.09000015258789,51.08000183105469,52.189998626708984,1792900,52.189998626708984
3/15/2017,50.79999923706055,51.72999954223633,50.560001373291016,51.65999984741211,1576300,51.65999984741211
3/14/2017,50.79999923706055,51.5,50.4900016784668,51.16999816894531,687900,51.16999816894531
3/13/2017,50.43000030517578,51.5099983215332,50.38999938964844,51.150001525878906,633400,51.150001525878906
3/10/2017,51.459999084472656,52.2400016784668,50.369998931884766,50.560001373291016,1705100,50.560001373291016
3/9/2017,50.59000015258789,52.97999954223633,50.5,52.630001068115234,1229400,52.630001068115234
3/8/2017,51.75,51.9900016784668,49.650001525878906,50.779998779296875,1244600,50.779998779296875
3/7/2017,52.54999923706055,53.650001525878906,51.56999969482422,51.81999969482422,959700,51.81999969482422
3/6/2017,53,53.439998626708984,52.279998779296875,52.779998779296875,1010500,52.779998779296875
3/3/2017,51.40999984741211,53.630001068115234,50.880001068115234,53.20000076293945,1451600,53.20000076293945
3/2/2017,51.599998474121094,52.310001373291016,50.630001068115234,51.29999923706055,1780500,51.29999923706055
3/1/2017,52.5099983215332,52.9900016784668,50.52000045776367,52.150001525878906,1695800,52.150001525878906
2/28/2017,52.58000183105469,54.099998474121094,51.66999816894531,51.95000076293945,1590000,51.95000076293945
2/27/2017,54.369998931884766,54.61000061035156,52.599998474121094,53,1983100,53
2/24/2017,52.79999923706055,55.88999938964844,52.599998474121094,54.040000915527344,5175700,54.040000915527344
2/23/2017,63.97999954223633,64.37000274658203,59.0099983215332,63.43000030517578,4667700,63.43000030517578
2/22/2017,67.04000091552734,67.37999725341797,61.45000076293945,62.220001220703125,2500400,62.220001220703125
2/21/2017,68,69.56999969482422,66.02999877929688,66.54000091552734,2383800,66.54000091552734
2/17/2017,64.33999633789062,66.69999694824219,64.29000091552734,66.58000183105469,1494700,66.58000183105469
2/16/2017,65.05000305175781,66.80000305175781,63.25,64.19000244140625,1251500,64.19000244140625
2/15/2017,65.0999984741211,66.5,62.75,64.91999816894531,2204600,64.91999816894531
2/14/2017,61.970001220703125,65.94000244140625,60.72999954223633,65.70999908447266,3589000,65.70999908447266
2/13/2017,57,61.95000076293945,56.38999938964844,61.61000061035156,2603100,61.61000061035156
2/10/2017,56.5099983215332,56.61000061035156,54.880001068115234,56.02000045776367,970900,56.02000045776367
2/9/2017,56.150001525878906,57.380001068115234,55.31999969482422,56.68000030517578,1063000,56.68000030517578
2/8/2017,54.59000015258789,56.29999923706055,54.5,56.25,913400,56.25
2/7/2017,55.970001220703125,56.130001068115234,54.2599983215332,54.810001373291016,1269200,54.810001373291016
2/6/2017,56.75,56.790000915527344,55.45000076293945,55.540000915527344,977700,55.540000915527344
2/3/2017,57.41999816894531,58.11000061035156,55.599998474121094,57.25,1585200,57.25
2/2/2017,56.970001220703125,58.68000030517578,56.150001525878906,57.34000015258789,2221000,57.34000015258789
2/1/2017,59.61000061035156,59.61000061035156,54.25,54.97999954223633,2268900,54.97999954223633
1/31/2017,58.47999954223633,58.86000061035156,57.5,58.16999816894531,929600,58.16999816894531
1/30/2017,60.66999816894531,60.959999084472656,57.38999938964844,58.27000045776367,1715000,58.27000045776367
1/27/2017,61.720001220703125,63.29999923706055,60.54999923706055,60.97999954223633,737600,60.97999954223633
1/26/2017,62.97999954223633,63.70000076293945,61.04999923706055,62.29999923706055,922000,62.29999923706055
1/25/2017,68.06999969482422,68.0999984741211,63.04999923706055,63.90999984741211,2259800,63.90999984741211
1/24/2017,63.47999954223633,67.7699966430664,63.470001220703125,67.5999984741211,1764700,67.5999984741211
1/23/2017,62.2599983215332,63.41999816894531,61.88999938964844,62.880001068115234,398600,62.880001068115234
1/20/2017,63.540000915527344,63.84000015258789,61.369998931884766,62.459999084472656,909200,62.459999084472656
1/19/2017,60.52000045776367,63.900001525878906,60.5,63.290000915527344,1465600,63.290000915527344
1/18/2017,59.2400016784668,60.970001220703125,59.20000076293945,60.0099983215332,599200,60.0099983215332
1/17/2017,60.540000915527344,61,59.29999923706055,59.45000076293945,608100,59.45000076293945
1/13/2017,61.540000915527344,62.04999923706055,59.56999969482422,61.150001525878906,728100,61.150001525878906
1/12/2017,60,61.75,59.5,61.5099983215332,1723100,61.5099983215332
1/11/2017,57.79999923706055,59.880001068115234,57.25,59.5,1661600,59.5
1/10/2017,64,64.63999938964844,56.310001373291016,57.540000915527344,4183300,57.540000915527344
1/9/2017,60.43000030517578,64,60.099998474121094,63.619998931884766,1287400,63.619998931884766
1/6/2017,60.689998626708984,61.939998626708984,59.119998931884766,60.959999084472656,865500,60.959999084472656
1/5/2017,63.5,63.5,60.369998931884766,60.689998626708984,1678700,60.689998626708984
1/4/2017,61.41999816894531,63.290000915527344,60.060001373291016,62.90999984741211,1239700,62.90999984741211
1/3/2017,62.150001525878906,64.4800033569336,61.04999923706055,61.709999084472656,1002100,61.709999084472656
12/30/2016,63.13999938964844,63.9900016784668,61.5,61.75,855900,61.75
12/29/2016,65.66000366210938,66.25,62.81999969482422,63.15999984741211,1239500,63.15999984741211
12/28/2016,67.5,68.5,65.52999877929688,65.9000015258789,650500,65.9000015258789
12/27/2016,65.6500015258789,67.48999786376953,65.30999755859375,67.19000244140625,477400,67.19000244140625
12/23/2016,65.20999908447266,66.95999908447266,65.0999984741211,65.69000244140625,454500,65.69000244140625
12/22/2016,66.25,69.97000122070312,64.20999908447266,65.62000274658203,1579900,65.62000274658203
12/21/2016,66.83999633789062,67.4800033569336,65.06999969482422,65.94999694824219,913900,65.94999694824219
12/20/2016,66.7699966430664,68.56999969482422,65.51000213623047,66.94999694824219,829900,66.94999694824219
12/19/2016,66.1500015258789,67.19999694824219,64.94999694824219,66.63999938964844,687800,66.63999938964844
12/16/2016,67.48999786376953,68.27999877929688,65.44000244140625,66.37999725341797,1072100,66.37999725341797
12/15/2016,65.47000122070312,67.44999694824219,65.02999877929688,67.12000274658203,828500,67.12000274658203
12/14/2016,65,66.61000061035156,64.80999755859375,65.43000030517578,840600,65.43000030517578
12/13/2016,67.52999877929688,68.83999633789062,65.44999694824219,65.58999633789062,798500,65.58999633789062
12/12/2016,66.5,67.5,65.7699966430664,67.44000244140625,540800,67.44000244140625
12/9/2016,70.33999633789062,71.5,66.58999633789062,66.88999938964844,1173000,66.88999938964844
12/8/2016,72.12000274658203,74.75,69.72000122070312,69.87999725341797,1163300,69.87999725341797
12/7/2016,70.37000274658203,72.75,69.68000030517578,72.58000183105469,832100,72.58000183105469
12/6/2016,69.05999755859375,70.26000213623047,67.30999755859375,70.13999938964844,604800,70.13999938964844
12/5/2016,66.91999816894531,69.33000183105469,66.91999816894531,69.05999755859375,734500,69.05999755859375
12/2/2016,65.29000091552734,66.77999877929688,64.51000213623047,66.41000366210938,721200,66.41000366210938
12/1/2016,69.19000244140625,69.19000244140625,64.52999877929688,65.37000274658203,1551900,65.37000274658203
11/30/2016,71.1500015258789,72.25,69.04000091552734,69.26000213623047,1085000,69.26000213623047
11/29/2016,72.9800033569336,73.5,69.30999755859375,70.66999816894531,1132300,70.66999816894531
11/28/2016,77.94999694824219,79.37999725341797,72.51000213623047,72.93000030517578,1575200,72.93000030517578
11/25/2016,75.16000366210938,78.69000244140625,75.01000213623047,78.0199966430664,891900,78.0199966430664
11/23/2016,77.02999877929688,77.19000244140625,74.30999755859375,74.91000366210938,1005000,74.91000366210938
11/22/2016,73.19999694824219,78,72.5,77.41999816894531,1796800,77.41999816894531
11/21/2016,76,76.44999694824219,72.37000274658203,73.23999786376953,1270400,73.23999786376953
11/18/2016,74,76,72.12000274658203,74.88999938964844,1108400,74.88999938964844
11/17/2016,77,78.4000015258789,73.80000305175781,74.12999725341797,1491000,74.12999725341797
11/16/2016,73.6500015258789,79.11000061035156,73.2699966430664,76.41000366210938,2121100,76.41000366210938
11/15/2016,68,75.13999938964844,67.6500015258789,74.86000061035156,2734200,74.86000061035156
11/14/2016,71.01000213623047,71.6500015258789,66.9000015258789,67.41000366210938,1524100,67.41000366210938
11/11/2016,69.47000122070312,77,66.37999725341797,70.93000030517578,3819500,70.93000030517578
11/10/2016,76.20999908447266,76.37000274658203,67.76000213623047,71.68000030517578,2972900,71.68000030517578
11/9/2016,70.5199966430664,77.5999984741211,67.80000305175781,73.0199966430664,3910900,73.0199966430664
11/8/2016,66.97000122070312,72.7300033569336,66.04000091552734,71.33000183105469,2711900,71.33000183105469
11/7/2016,65.44000244140625,68.29000091552734,64.27999877929688,65.66999816894531,2539600,65.66999816894531
11/4/2016,64.98999786376953,65.25,61.79999923706055,62.88999938964844,2406300,62.88999938964844
11/3/2016,69.5999984741211,70.0199966430664,62.689998626708984,63.2599983215332,2799100,63.2599983215332
11/2/2016,70.0199966430664,74.25,67.69000244140625,68.3499984741211,2791700,68.3499984741211
11/1/2016,70.77999877929688,71.25,67.12000274658203,68.41999816894531,2212000,68.41999816894531
10/31/2016,72.70999908447266,74.38999938964844,69.5199966430664,69.69000244140625,2121500,69.69000244140625
10/28/2016,71.86000061035156,75.88999938964844,67.61000061035156,71.23999786376953,3976800,71.23999786376953
10/27/2016,87.5,88.66000366210938,72.19999694824219,73.66000366210938,8536700,73.66000366210938
10/26/2016,85.72000122070312,89.9800033569336,85.0999984741211,87.52999877929688,1313800,87.52999877929688
10/25/2016,90.80000305175781,90.9000015258789,86.01000213623047,86.5,1616300,86.5
10/24/2016,85.30000305175781,91.5,84.05000305175781,91.2699966430664,2158200,91.2699966430664
10/21/2016,85,86.88999938964844,82.68000030517578,84.79000091552734,1801000,84.79000091552734
10/20/2016,88,88.37000274658203,85.19999694824219,85.44000244140625,1469900,85.44000244140625
10/19/2016,90.37000274658203,92.29000091552734,88.20999908447266,88.37000274658203,1156400,88.37000274658203
10/18/2016,93,94,89.51000213623047,90.83999633789062,1418000,90.83999633789062
10/17/2016,92,93.66000366210938,89.7300033569336,91.83999633789062,1396200,91.83999633789062
10/14/2016,93.76000213623047,96.20999908447266,89,92.01000213623047,4381400,92.01000213623047
10/13/2016,87.30000305175781,94.94000244140625,87,93.91999816894531,3219900,93.91999816894531
10/12/2016,90.75,93.94999694824219,88.05000305175781,88.45999908447266,1892200,88.45999908447266
10/11/2016,93.87999725341797,96.3499984741211,89.62000274658203,90.19000244140625,3267800,90.19000244140625
10/10/2016,100.75,101.66000366210938,92,92.5,5482500,92.5
10/7/2016,102.94999694824219,104.80000305175781,99.5,100,7600600,100
10/6/2016,111.97000122070312,113.30000305175781,109,109.41999816894531,1158500,109.41999816894531
10/5/2016,110.2300033569336,116.5,108.76000213623047,113.54000091552734,3897200,113.54000091552734
10/4/2016,98.04000091552734,105.9000015258789,98.04000091552734,102,2667800,102
10/3/2016,103.16999816894531,104,98.0999984741211,99.5,1016700,99.5
9/30/2016,103.80000305175781,106.44999694824219,102.4000015258789,103.27999877929688,1340900,103.27999877929688
9/29/2016,104.23999786376953,106.97000122070312,102.05000305175781,102.9800033569336,1879400,102.9800033569336
9/28/2016,104.9000015258789,107.30000305175781,99.98999786376953,103.47000122070312,1800200,103.47000122070312
9/27/2016,108.95999908447266,110.26000213623047,103,104.9000015258789,2207700,104.9000015258789
9/26/2016,110,111.37999725341797,106.5,107.12000274658203,3287700,107.12000274658203
9/23/2016,116.5,121.86000061035156,114.75,119.33999633789062,1661000,119.33999633789062
9/22/2016,119.25,121,115.01000213623047,116.69000244140625,1890500,116.69000244140625
9/21/2016,111.48999786376953,119.80999755859375,108.55999755859375,118.48999786376953,1735500,118.48999786376953
9/20/2016,116.05000305175781,117,107.5,109.27999877929688,1615400,109.27999877929688
9/19/2016,116.69000244140625,117.9000015258789,113.8499984741211,114.26000213623047,1120500,114.26000213623047
9/16/2016,104.95999908447266,113.48999786376953,104.75,112.81999969482422,2273100,112.81999969482422
9/15/2016,106.01000213623047,107.80000305175781,104.25,105.95999908447266,1314000,105.95999908447266
9/14/2016,108.5,110.91000366210938,104.5,105.05999755859375,1444000,105.05999755859375
9/13/2016,110,110,104.04000091552734,106.30000305175781,2074300,106.30000305175781
9/12/2016,103.26000213623047,112.5,103.01000213623047,112.48999786376953,2240000,112.48999786376953
9/9/2016,117.88999938964844,121.94000244140625,103.19999694824219,106.41000366210938,3802900,106.41000366210938
9/8/2016,119,121.26000213623047,116,117.88999938964844,1074400,117.88999938964844
9/7/2016,125,128.72999572753906,118.01000213623047,120.19999694824219,2044900,120.19999694824219
9/6/2016,115.19999694824219,127.19999694824219,114.66000366210938,123.44000244140625,3502100,123.44000244140625
9/2/2016,112.63999938964844,117.52999877929688,112,113.13999938964844,1203000,113.13999938964844
9/1/2016,113.83000183105469,114,110.83000183105469,112.0999984741211,683800,112.0999984741211
8/31/2016,114.88999938964844,115.51000213623047,110.5,111.6500015258789,1079200,111.6500015258789
8/30/2016,114.5,116.8499984741211,112.38999938964844,114.56999969482422,1751100,114.56999969482422
8/29/2016,107.41000366210938,115.4800033569336,107.25,113.5,2850500,113.5
8/26/2016,101.66000366210938,109.47000122070312,100.30999755859375,107.86000061035156,2585500,107.86000061035156
8/25/2016,100.58999633789062,105.7300033569336,100.27999877929688,101.1500015258789,1114300,101.1500015258789
8/24/2016,107.69000244140625,110.30999755859375,101.44999694824219,101.94999694824219,2609200,101.94999694824219
8/23/2016,120,120,110.5,110.88999938964844,1663800,110.88999938964844
8/22/2016,113.77999877929688,119.19000244140625,113.3499984741211,117.58999633789062,1343300,117.58999633789062
8/19/2016,115,119.38999938964844,111.30999755859375,114.77999877929688,1400300,114.77999877929688
8/18/2016,118,124.9000015258789,114.05000305175781,117.86000061035156,3429600,117.86000061035156
8/17/2016,101.16000366210938,115.4800033569336,101.0999984741211,115.29000091552734,2582800,115.29000091552734
8/16/2016,99.68000030517578,106.54000091552734,97.0199966430664,102.16999816894531,2239900,102.16999816894531
8/15/2016,103.2300033569336,109.36000061035156,99.33000183105469,102.33000183105469,3890500,102.33000183105469
8/12/2016,83.5,98.75,83,95.66999816894531,5134800,95.66999816894531
8/11/2016,71.62999725341797,73.5,67.51000213623047,67.69999694824219,1633800,67.69999694824219
8/10/2016,68.38999938964844,70.43000030517578,67.55000305175781,69.19999694824219,1114400,69.19999694824219
8/9/2016,65.5,68.0999984741211,64.51000213623047,67.02999877929688,544700,67.02999877929688
8/8/2016,64.83999633789062,65.87000274658203,63.54999923706055,64.41000366210938,320400,64.41000366210938
8/5/2016,65.23999786376953,65.23999786376953,63,64,417600,64
8/4/2016,61.7599983215332,64.68000030517578,60.75,64.48999786376953,519000,64.48999786376953
8/3/2016,60.58000183105469,62.189998626708984,58.880001068115234,61,506400,61
8/2/2016,65,65.37999725341797,59.790000915527344,60.790000915527344,733100,60.790000915527344
8/1/2016,65.83999633789062,66.43000030517578,63.54999923706055,63.970001220703125,528800,63.970001220703125
7/29/2016,64.25,66,63.400001525878906,65.02999877929688,599300,65.02999877929688
7/28/2016,63.20000076293945,64.62999725341797,62.25,63.459999084472656,603300,63.459999084472656
7/27/2016,62.380001068115234,64.91000366210938,60.029998779296875,64.9000015258789,1075400,64.9000015258789
7/26/2016,64.88999938964844,65.5,59.52000045776367,59.650001525878906,904200,59.650001525878906
7/25/2016,60.90999984741211,64,59.11000061035156,63.380001068115234,1045000,63.380001068115234
7/22/2016,58.36000061035156,61.13999938964844,57.560001373291016,59.15999984741211,802800,59.15999984741211
7/21/2016,62.529998779296875,63.880001068115234,56.880001068115234,57.849998474121094,1832400,57.849998474121094
7/20/2016,58.72999954223633,63.119998931884766,57.060001373291016,62.400001525878906,1566600,62.400001525878906
7/19/2016,57.220001220703125,60.900001525878906,55.880001068115234,58.72999954223633,2247400,58.72999954223633
7/18/2016,54.5,58.400001525878906,53.2400016784668,57.09000015258789,1228100,57.09000015258789
7/15/2016,53.400001525878906,54.900001525878906,52.9900016784668,54.779998779296875,805900,54.779998779296875
7/14/2016,51.130001068115234,52.630001068115234,50.27000045776367,52.43000030517578,1143200,52.43000030517578
7/13/2016,51.5,51.5,47,49.619998931884766,1479900,49.619998931884766
7/12/2016,49.31999969482422,51.869998931884766,48.310001373291016,51.36000061035156,1328800,51.36000061035156
7/11/2016,46.06999969482422,49.38999938964844,45.380001068115234,48.869998931884766,1923000,48.869998931884766
7/8/2016,45.75,46.939998626708984,43.58000183105469,43.95000076293945,883600,43.95000076293945
7/7/2016,43.220001220703125,47.06999969482422,43.20000076293945,44.189998626708984,1313000,44.189998626708984
7/6/2016,40.7599983215332,43,40.099998474121094,42.88999938964844,401100,42.88999938964844
7/5/2016,42.2400016784668,42.2400016784668,40.040000915527344,41.36000061035156,344300,41.36000061035156
7/1/2016,40,42.34000015258789,39.290000915527344,41.08000183105469,582500,41.08000183105469
6/30/2016,37.59000015258789,40,36.86000061035156,39.939998626708984,537500,39.939998626708984
6/29/2016,39.189998626708984,39.25,37.13999938964844,37.86000061035156,397300,37.86000061035156
6/28/2016,35.45000076293945,38.810001373291016,35.04999923706055,38.189998626708984,1001400,38.189998626708984
6/27/2016,37.029998779296875,37.4900016784668,32.91999816894531,34.45000076293945,1058000,34.45000076293945
6/24/2016,37.08000183105469,39.77000045776367,37.029998779296875,37.2599983215332,1059100,37.2599983215332
6/23/2016,40.68000030517578,40.779998779296875,37.529998779296875,39.04999923706055,457700,39.04999923706055
6/22/2016,38.4900016784668,40.86000061035156,38.130001068115234,39.68000030517578,681100,39.68000030517578
6/21/2016,41.15999984741211,41.7400016784668,38.650001525878906,38.900001525878906,1022200,38.900001525878906
6/20/2016,44.95000076293945,45.75,40.59000015258789,41.189998626708984,901400,41.189998626708984
6/17/2016,45.459999084472656,45.75,43.15999984741211,43.88999938964844,646700,43.88999938964844
6/16/2016,42.380001068115234,45.75,40,44.31999969482422,966700,44.31999969482422
6/15/2016,39,42.61000061035156,38.54999923706055,41.849998474121094,914500,41.849998474121094
6/14/2016,36.029998779296875,38.650001525878906,36.029998779296875,38.54999923706055,399100,38.54999923706055
6/13/2016,37.20000076293945,39.279998779296875,35.709999084472656,36.2599983215332,447900,36.2599983215332
6/10/2016,37.5,39.349998474121094,37.0099983215332,38.2599983215332,291600,38.2599983215332
6/9/2016,37.599998474121094,38.29999923706055,35.68000030517578,37.75,296300,37.75
6/8/2016,39.4900016784668,39.619998931884766,37.540000915527344,37.599998474121094,294300,37.599998474121094
6/7/2016,36.84000015258789,41.20000076293945,36.599998474121094,38.52000045776367,896600,38.52000045776367
6/6/2016,35.369998931884766,36.849998474121094,35.33000183105469,35.900001525878906,425400,35.900001525878906
6/3/2016,37.349998474121094,37.790000915527344,35.11000061035156,35.2400016784668,518600,35.2400016784668
6/2/2016,39.400001525878906,40.459999084472656,37.369998931884766,37.540000915527344,864000,37.540000915527344
6/1/2016,39.16999816894531,43.099998474121094,38.709999084472656,39.56999969482422,991700,39.56999969482422
5/31/2016,38.119998931884766,39.43000030517578,37.59000015258789,39.279998779296875,360300,39.279998779296875
5/27/2016,36.9900016784668,38.09000015258789,36.060001373291016,38,280300,38
5/26/2016,36.970001220703125,38.43000030517578,36.29999923706055,36.959999084472656,885800,36.959999084472656
5/25/2016,35.599998474121094,37.77000045776367,34.81999969482422,37.34000015258789,1346400,37.34000015258789
5/24/2016,32.72999954223633,35.83000183105469,31.670000076293945,35.349998474121094,895300,35.349998474121094
5/23/2016,29.860000610351562,33.279998779296875,29.469999313354492,32.70000076293945,1232600,32.70000076293945
5/20/2016,28.670000076293945,30.100000381469727,28.40999984741211,29.3799991607666,292300,29.3799991607666
5/19/2016,27.049999237060547,28.860000610351562,27.049999237060547,28.3799991607666,288800,28.3799991607666
5/18/2016,28.780000686645508,29.43000030517578,27.559999465942383,28,251200,28
5/17/2016,28,28.8799991607666,28,28.450000762939453,426500,28.450000762939453
5/16/2016,30.989999771118164,31.25,28.010000228881836,28.1200008392334,525400,28.1200008392334
5/13/2016,29,31.940000534057617,29,30.950000762939453,4192000,30.950000762939453
