4/22/2019,25.1299991607666,26.020000457763672,24.389999389648438,25.540000915527344,2606400,25.540000915527344
4/18/2019,25.270000457763672,25.950000762939453,25.059999465942383,25.90999984741211,3237700,25.90999984741211
4/17/2019,24.530000686645508,25.600000381469727,24.530000686645508,25.360000610351562,3465500,25.360000610351562
4/16/2019,24.309999465942383,24.559999465942383,23.219999313354492,24.479999542236328,4672900,24.479999542236328
4/15/2019,21.200000762939453,24.75,20.90999984741211,23.729999542236328,9196200,23.729999542236328
4/12/2019,20.059999465942383,21.889999389648438,19.450000762939453,20.729999542236328,6592900,20.729999542236328
4/11/2019,17.799999237060547,18.360000610351562,17.59000015258789,18.239999771118164,2490700,18.239999771118164
4/10/2019,16.399999618530273,18.2549991607666,16.290000915527344,18.149999618530273,3005700,18.149999618530273
4/9/2019,16.6299991607666,16.649999618530273,16.159000396728516,16.469999313354492,1408500,16.469999313354492
4/8/2019,16.18000030517578,16.81999969482422,16.086000442504883,16.809999465942383,1314800,16.809999465942383
4/5/2019,16.350000381469727,16.559999465942383,15.970000267028809,16.309999465942383,2141300,16.309999465942383
4/4/2019,15.210000038146973,16.216999053955078,15.020000457763672,16.100000381469727,2407400,16.100000381469727
4/3/2019,14.789999961853027,15.619999885559082,14.725000381469727,15.119999885559082,2101900,15.119999885559082
4/2/2019,14.520000457763672,14.720000267028809,14.21399974822998,14.489999771118164,1739300,14.489999771118164
4/1/2019,13.630000114440918,14.579000473022461,13.460000038146973,14.369999885559082,2586500,14.369999885559082
3/29/2019,13.020000457763672,13.385000228881836,12.859999656677246,12.960000038146973,1500700,12.960000038146973
3/28/2019,12.899999618530273,13.479999542236328,12.899999618530273,13.010000228881836,1644800,13.010000228881836
3/27/2019,12.920000076293945,12.989999771118164,12.539999961853027,12.890000343322754,1693800,12.890000343322754
3/26/2019,12.680000305175781,13.270000457763672,12.449999809265137,12.670000076293945,1533300,12.670000076293945
3/25/2019,12.520000457763672,12.899999618530273,12.145000457763672,12.729999542236328,1728200,12.729999542236328
3/22/2019,13.369999885559082,13.39799976348877,12.529999732971191,12.569999694824219,2704100,12.569999694824219
3/21/2019,13.050000190734863,13.5,12.949999809265137,13.470000267028809,1599800,13.470000267028809
3/20/2019,14.069999694824219,14.15999984741211,13.010000228881836,13.050000190734863,3200600,13.050000190734863
3/19/2019,14.520000457763672,14.729999542236328,14.079999923706055,14.140000343322754,1751700,14.140000343322754
3/18/2019,14.520000457763672,14.529999732971191,13.979999542236328,14.369999885559082,2798200,14.369999885559082
3/15/2019,14.039999961853027,14.25,13.880000114440918,13.970000267028809,3144300,13.970000267028809
3/14/2019,14.380000114440918,14.699999809265137,13.869999885559082,13.949999809265137,3416100,13.949999809265137
3/13/2019,15.010000228881836,15.140000343322754,14.319999694824219,14.390000343322754,2437900,14.390000343322754
3/12/2019,15.199999809265137,15.300000190734863,14.710000038146973,15.039999961853027,1854100,15.039999961853027
3/11/2019,15.010000228881836,15.279999732971191,14.859999656677246,15.170000076293945,1967000,15.170000076293945
3/8/2019,15.4399995803833,15.758999824523926,15.079999923706055,15.15999984741211,1951300,15.15999984741211
3/7/2019,16.65999984741211,16.780000686645508,15.40999984741211,15.460000038146973,2621300,15.460000038146973
3/6/2019,18.450000762939453,18.450000762939453,16.6200008392334,16.68000030517578,2074300,16.68000030517578
3/5/2019,18.940000534057617,18.959999084472656,18.420000076293945,18.469999313354492,1263300,18.469999313354492
3/4/2019,19.3799991607666,19.510000228881836,18.739999771118164,19.059999465942383,1890000,19.059999465942383
3/1/2019,19.600000381469727,20.09000015258789,19.15999984741211,19.280000686645508,1289400,19.280000686645508
2/28/2019,20.049999237060547,20.049999237060547,19.100000381469727,19.440000534057617,1165100,19.440000534057617
2/27/2019,20.5,20.899999618530273,19.979999542236328,20.06999969482422,1526500,20.06999969482422
2/26/2019,21.1200008392334,21.290000915527344,20.6200008392334,20.6200008392334,1247800,20.6200008392334
2/25/2019,21.25,21.59000015258789,20.829999923706055,21.200000762939453,1356800,21.200000762939453
2/22/2019,20.540000915527344,21.139999389648438,20.399999618530273,21.09000015258789,865100,21.09000015258789
2/21/2019,21.15999984741211,21.40999984741211,20.290000915527344,20.329999923706055,1450500,20.329999923706055
2/20/2019,20.149999618530273,21.3700008392334,20.149999618530273,21.270000457763672,1129400,21.270000457763672
2/19/2019,20.219999313354492,20.639999389648438,19.93000030517578,20.049999237060547,1520100,20.049999237060547
2/15/2019,19.790000915527344,20.440000534057617,19.540000915527344,20.3799991607666,1633800,20.3799991607666
2/14/2019,19.469999313354492,20.030000686645508,19.280000686645508,19.489999771118164,1323600,19.489999771118164
2/13/2019,19.020000457763672,19.81999969482422,19.020000457763672,19.75,2144500,19.75
2/12/2019,18.40999984741211,19.2549991607666,17.959999084472656,19.049999237060547,1811300,19.049999237060547
2/11/2019,17.610000610351562,18.25,17.139999389648438,18.149999618530273,2055200,18.149999618530273
2/8/2019,17.520000457763672,18.31999969482422,17.020000457763672,17.809999465942383,2484300,17.809999465942383
2/7/2019,19,19.09000015258789,16.3700008392334,17.979999542236328,6844200,17.979999542236328
2/6/2019,20.329999923706055,21.479999542236328,20.329999923706055,21.329999923706055,2166500,21.329999923706055
2/5/2019,19.709999084472656,20.350000381469727,19.709999084472656,20.329999923706055,1877900,20.329999923706055
2/4/2019,19.920000076293945,20,19.239999771118164,19.719999313354492,1332100,19.719999313354492
2/1/2019,19.780000686645508,20.31999969482422,19.600000381469727,20.06999969482422,2338000,20.06999969482422
1/31/2019,19.389999389648438,19.760000228881836,18.989999771118164,19.739999771118164,1491300,19.739999771118164
1/30/2019,19.229999542236328,19.360000610351562,18.559999465942383,19.31999969482422,1231000,19.31999969482422
1/29/2019,18.799999237060547,19.309999465942383,18.68000030517578,19.229999542236328,1887900,19.229999542236328
1/28/2019,19.110000610351562,19.68000030517578,18.829999923706055,19.239999771118164,2728500,19.239999771118164
1/25/2019,19.219999313354492,19.889999389648438,19.219999313354492,19.600000381469727,1546400,19.600000381469727
1/24/2019,17.790000915527344,18.96500015258789,17.579999923706055,18.889999389648438,1422000,18.889999389648438
1/23/2019,17.780000686645508,18.520000457763672,17.420000076293945,17.860000610351562,2490600,17.860000610351562
1/22/2019,19.59000015258789,19.729999542236328,18.530000686645508,18.649999618530273,1946800,18.649999618530273
1/18/2019,18.25,19.899999618530273,18.139999389648438,19.780000686645508,3226200,19.780000686645508
1/17/2019,16.969999313354492,18.540000915527344,16.969999313354492,18.170000076293945,2524600,18.170000076293945
1/16/2019,16.540000915527344,18.219999313354492,16.489999771118164,17.389999389648438,3828800,17.389999389648438
1/15/2019,18.639999389648438,18.700000762939453,17.81999969482422,18.31999969482422,1939200,18.31999969482422
1/14/2019,17.780000686645508,18.799999237060547,17.549999237060547,18.399999618530273,3297700,18.399999618530273
1/11/2019,19.31999969482422,19.420000076293945,18.010000228881836,18.049999237060547,3036500,18.049999237060547
1/10/2019,18.829999923706055,19.5,18.56999969482422,19.239999771118164,2222800,19.239999771118164
1/9/2019,17.93000030517578,19.719999313354492,17.885000228881836,19.040000915527344,3950200,19.040000915527344
1/8/2019,16.8799991607666,18.1200008392334,16.8799991607666,17.889999389648438,6358100,17.889999389648438
1/7/2019,15.210000038146973,16.489999771118164,14.517999649047852,16.3700008392334,5124900,16.3700008392334
1/4/2019,14.800000190734863,15.779999732971191,14.800000190734863,15.180000305175781,2989000,15.180000305175781
1/3/2019,15.550000190734863,16.1299991607666,15.239999771118164,15.289999961853027,2204100,15.289999961853027
1/2/2019,14.890000343322754,15.9399995803833,14.880000114440918,15.649999618530273,3680700,15.649999618530273
12/31/2018,15.619999885559082,15.920000076293945,14.90999984741211,15.0600004196167,3526200,15.0600004196167
12/28/2018,15.819999694824219,16.059999465942383,15.100000381469727,15.640000343322754,2739500,15.640000343322754
12/27/2018,16.059999465942383,16.149999618530273,14.9399995803833,15.899999618530273,3390000,15.899999618530273
12/26/2018,16.209999084472656,16.594999313354492,15.569999694824219,16.440000534057617,2881400,16.440000534057617
12/24/2018,16.25,16.84000015258789,15.869999885559082,16.18000030517578,1093900,16.18000030517578
12/21/2018,16.950000762939453,17.049999237060547,16.100000381469727,16.3799991607666,2964800,16.3799991607666
12/20/2018,17.5,17.81999969482422,16.469999313354492,17.18000030517578,3366800,17.18000030517578
12/19/2018,17.1200008392334,18.540000915527344,17.1200008392334,17.469999313354492,3678600,17.469999313354492
12/18/2018,18.020000457763672,18.82200050354004,17.34000015258789,17.3700008392334,8347500,17.3700008392334
12/17/2018,18.059999465942383,18.56999969482422,17.469999313354492,17.760000228881836,2055900,17.760000228881836
12/14/2018,18.079999923706055,19.25,17.799999237060547,18.15999984741211,1849800,18.15999984741211
12/13/2018,18.75,19.09000015258789,18.219999313354492,18.5,1660700,18.5
12/12/2018,18.969999313354492,19.43000030517578,18.520000457763672,18.68000030517578,2263500,18.68000030517578
12/11/2018,20.420000076293945,20.68000030517578,18.670000076293945,18.959999084472656,2181700,18.959999084472656
12/10/2018,20.690000534057617,21.167999267578125,19.420000076293945,19.90999984741211,1869500,19.90999984741211
12/7/2018,22.1200008392334,22.959999084472656,20.84000015258789,21,2143400,21
12/6/2018,22.729999542236328,22.829999923706055,21.639999389648438,22.110000610351562,1371700,22.110000610351562
12/4/2018,24.780000686645508,24.920000076293945,22.809999465942383,23.020000457763672,1811300,23.020000457763672
12/3/2018,24.309999465942383,25.15999984741211,24.309999465942383,24.84000015258789,1235900,24.84000015258789
11/30/2018,23.40999984741211,24.059999465942383,23.364999771118164,23.68000030517578,1068800,23.68000030517578
11/29/2018,23.899999618530273,24.149999618530273,23.209999084472656,23.530000686645508,1408000,23.530000686645508
11/28/2018,23.200000762939453,24.25,22.940000534057617,23.93000030517578,1867300,23.93000030517578
11/27/2018,24.93000030517578,25.329999923706055,22.770000457763672,23.219999313354492,1975100,23.219999313354492
11/26/2018,24.889999389648438,25.860000610351562,24.709999084472656,24.989999771118164,1262700,24.989999771118164
11/23/2018,24.170000076293945,25.059999465942383,24.170000076293945,24.809999465942383,580000,24.809999465942383
11/21/2018,23.209999084472656,24.3700008392334,23.059999465942383,24.25,1141900,24.25
11/20/2018,23.920000076293945,24.299999237060547,22.889999389648438,23,1659300,23
11/19/2018,23.59000015258789,24.520000457763672,23.358999252319336,24.110000610351562,2034600,24.110000610351562
11/16/2018,23.549999237060547,24.209999084472656,23.219999313354492,23.959999084472656,2206600,23.959999084472656
11/15/2018,23.6200008392334,23.760000228881836,22.65999984741211,23.65999984741211,2138200,23.65999984741211
11/14/2018,24.3700008392334,24.950000762939453,23.8700008392334,24.149999618530273,2421800,24.149999618530273
11/13/2018,22.09000015258789,25.010000228881836,22.09000015258789,24.469999313354492,3795700,24.469999313354492
11/12/2018,21.469999313354492,22.200000762939453,21.09000015258789,21.860000610351562,3913400,21.860000610351562
11/9/2018,25.200000762939453,25.329999923706055,21.420000076293945,21.520000457763672,7538800,21.520000457763672
11/8/2018,29.56999969482422,30.389999389648438,28.75,28.829999923706055,1939100,28.829999923706055
11/7/2018,29.700000762939453,30.040000915527344,28.40999984741211,29.850000381469727,2228000,29.850000381469727
11/6/2018,30.100000381469727,30.700000762939453,29.549999237060547,29.6299991607666,1571500,29.6299991607666
11/5/2018,32.25,32.59000015258789,30,30.170000076293945,1421800,30.170000076293945
11/2/2018,33.25,33.29999923706055,31.5,32.25,1666100,32.25
11/1/2018,30.760000228881836,32.869998931884766,30.40999984741211,32.45000076293945,1906700,32.45000076293945
10/31/2018,31.81999969482422,32.099998474121094,30.09000015258789,30.420000076293945,2183200,30.420000076293945
10/30/2018,31.290000915527344,32.369998931884766,30.780000686645508,31.3799991607666,1089800,31.3799991607666
10/29/2018,31.25,32.81999969482422,30.790000915527344,31.209999084472656,2800800,31.209999084472656
10/26/2018,28.920000076293945,29.889999389648438,28.43000030517578,29.670000076293945,1257700,29.670000076293945
10/25/2018,28.920000076293945,29.520000457763672,28.239999771118164,29.5,1522400,29.5
10/24/2018,31.579999923706055,31.6299991607666,28.479999542236328,28.520000457763672,1476000,28.520000457763672
10/23/2018,30,32.04999923706055,29.520000457763672,31.649999618530273,2081600,31.649999618530273
10/22/2018,30.389999389648438,31.1200008392334,29.56999969482422,30.809999465942383,1816300,30.53499984741211
10/19/2018,29.040000915527344,31.270000457763672,29.040000915527344,30.190000534057617,2147400,29.920534133911133
10/18/2018,30.600000381469727,30.68000030517578,29.530000686645508,29.719999313354492,1300200,29.454729080200195
10/17/2018,31.100000381469727,31.280000686645508,30.020000457763672,30.739999771118164,1173700,30.46562385559082
10/16/2018,31.719999313354492,32.0099983215332,31.239999771118164,31.760000228881836,1351500,31.476520538330078
10/15/2018,30,31.93000030517578,30,31.579999923706055,1657800,31.298126220703125
10/12/2018,31.959999084472656,32.290000915527344,29.549999237060547,30.18000030517578,1890300,29.91062355041504
10/11/2018,31.329999923706055,33.58000183105469,31.329999923706055,31.739999771118164,2290600,31.45669937133789
10/10/2018,32.93000030517578,33.2599983215332,31.530000686645508,31.59000015258789,3296500,31.30803871154785
10/9/2018,34.38999938964844,34.5,33.29999923706055,33.38999938964844,1400700,33.09197235107422
10/8/2018,33.650001525878906,34.72999954223633,33.560001373291016,34.41999816894531,1093600,34.11277770996094
10/5/2018,35.4900016784668,35.709999084472656,33.900001525878906,34.099998474121094,2126000,33.795631408691406
10/4/2018,36.5099983215332,36.779998779296875,35.33000183105469,35.560001373291016,1762100,35.24260330200195
10/3/2018,37.61000061035156,38.02000045776367,36.869998931884766,36.880001068115234,1202600,36.55082321166992
10/2/2018,38.130001068115234,38.650001525878906,37.59000015258789,37.619998931884766,1349700,37.28421401977539
10/1/2018,39.79999923706055,39.95000076293945,38.05500030517578,38.11000061035156,1258900,37.76984405517578
9/28/2018,39.459999084472656,39.619998931884766,38.86000061035156,39.310001373291016,975400,38.95913314819336
9/27/2018,40.54999923706055,40.63999938964844,39.75,39.77000045776367,785000,39.4150276184082
9/26/2018,40.619998931884766,41.220001220703125,40.27000045776367,40.34000015258789,1486400,39.97993850708008
9/25/2018,43.16999816894531,43.16999816894531,40.7400016784668,40.79999923706055,1315800,40.43583297729492
9/24/2018,43.869998931884766,44.150001525878906,42.380001068115234,43.29999923706055,844700,42.913516998291016
9/21/2018,43.66999816894531,45.16999816894531,43.66999816894531,44.18000030517578,3397600,43.78566360473633
9/20/2018,43.150001525878906,43.91999816894531,42.97999954223633,43.52000045776367,1812700,43.131553649902344
9/19/2018,41.54999923706055,42.83599853515625,41.5099983215332,42.66999816894531,1334200,42.28913879394531
9/18/2018,42,42.33000183105469,41.060001373291016,41.41999816894531,1573400,41.050296783447266
9/17/2018,42.939998626708984,42.97999954223633,42.099998474121094,42.22999954223633,864000,41.85306930541992
9/14/2018,42.58000183105469,43.400001525878906,42.560001373291016,43.060001373291016,1799100,42.675662994384766
9/13/2018,40.630001068115234,42.709999084472656,40.630001068115234,42.20000076293945,2823500,41.82333755493164
9/12/2018,40.58000183105469,40.93000030517578,40.08000183105469,40.220001220703125,858600,39.86101150512695
9/11/2018,41.130001068115234,41.150001525878906,40.310001373291016,40.70000076293945,913300,40.336727142333984
9/10/2018,40.849998474121094,41.470001220703125,40.849998474121094,41.27000045776367,661100,40.90163803100586
9/7/2018,40.77000045776367,41.16999816894531,40.09000015258789,40.63999938964844,1236000,40.277259826660156
9/6/2018,41.66999816894531,41.849998474121094,40.54999923706055,40.77000045776367,1215500,40.40610122680664
9/5/2018,42.31999969482422,42.560001373291016,41.470001220703125,41.63999938964844,1702500,41.268333435058594
9/4/2018,43.36000061035156,43.4900016784668,42.23500061035156,42.369998931884766,4947800,41.991817474365234
8/31/2018,42.68000030517578,43.38999938964844,42.38999938964844,43.290000915527344,2135300,42.90361022949219
8/30/2018,44.970001220703125,45,42.43000030517578,42.709999084472656,1592500,42.32878494262695
8/29/2018,46.459999084472656,46.52000045776367,45.189998626708984,45.2400016784668,958900,44.836204528808594
8/28/2018,46.15999984741211,46.599998474121094,45.5,46.41999816894531,1375200,46.00566864013672
8/27/2018,45.58000183105469,47.060001373291016,45.58000183105469,45.90999984741211,1582400,45.500221252441406
8/24/2018,44.689998626708984,45.7400016784668,44.689998626708984,45.400001525878906,1146200,44.99477767944336
8/23/2018,44.84000015258789,45.2400016784668,44.61000061035156,44.86000061035156,1630800,44.4595947265625
8/22/2018,45.02000045776367,45.560001373291016,44.5,44.90999984741211,2324800,44.50914764404297
8/21/2018,45.77000045776367,45.970001220703125,44.86000061035156,45.560001373291016,16813900,45.15334701538086
8/20/2018,45.599998474121094,46.43000030517578,45.54999923706055,45.790000915527344,2110300,45.38129425048828
8/17/2018,44.599998474121094,46.0099983215332,44.36000061035156,45.66999816894531,1728500,45.26236343383789
8/16/2018,44.04999923706055,46.369998931884766,44.04999923706055,45.02000045776367,2556100,44.618167877197266
8/15/2018,44.77000045776367,45.380001068115234,43.56999969482422,44.290000915527344,4490400,43.894683837890625
8/14/2018,42.47999954223633,42.91999816894531,42.08000183105469,42.650001525878906,554100,42.26932144165039
8/13/2018,42.79999923706055,43.5,42.040000915527344,42.45000076293945,937300,42.07110595703125
8/10/2018,44.380001068115234,44.5099983215332,42.83000183105469,43.06999969482422,758800,42.685569763183594
8/9/2018,45.400001525878906,45.400001525878906,44.47999954223633,44.619998931884766,432900,44.221736907958984
8/8/2018,44.9900016784668,45.58399963378906,44.369998931884766,45.33000183105469,799400,44.92539978027344
8/7/2018,45.83000183105469,46.36000061035156,45.310001373291016,45.41999816894531,1083700,45.01459503173828
8/6/2018,46.88999938964844,47.185001373291016,45.560001373291016,45.75,763800,45.341651916503906
8/3/2018,45.869998931884766,47.16299819946289,45.56999969482422,47.119998931884766,2592800,46.69942092895508
8/2/2018,45.02000045776367,46.82500076293945,44.93899917602539,45.81999969482422,1371900,45.41102600097656
8/1/2018,47.380001068115234,47.58000183105469,44.810001373291016,45.33000183105469,1379400,44.92539978027344
7/31/2018,48,48.380001068115234,47.02000045776367,47.630001068115234,1080400,47.204872131347656
7/30/2018,48.369998931884766,49.56999969482422,48.17499923706055,48.84000015258789,3386100,48.40407180786133
7/27/2018,47.33000183105469,49.369998931884766,47.2599983215332,48.54999923706055,1217300,48.11665725708008
7/26/2018,45.09000015258789,47.189998626708984,44.63999938964844,47.06999969482422,2683700,46.64986801147461
7/25/2018,45.5,45.5,43.099998474121094,44.5099983215332,1885300,44.11271667480469
7/24/2018,46.4900016784668,46.790000915527344,45.5,45.650001525878906,1243600,45.24254608154297
7/23/2018,46.25,47.349998474121094,46.15999984741211,46.18000030517578,965100,45.7678108215332
7/20/2018,47.900001525878906,47.959999084472656,46.2400016784668,46.43000030517578,885900,46.01558303833008
7/19/2018,49.150001525878906,49.70000076293945,48.31999969482422,48.47999954223633,683000,48.04728317260742
7/18/2018,48.810001373291016,49.88999938964844,48.720001220703125,49.599998474121094,674100,49.157283782958984
7/17/2018,48.34000015258789,49.619998931884766,48.220001220703125,49.040000915527344,637300,48.60228729248047
7/16/2018,48.459999084472656,48.849998474121094,47.56999969482422,48.65999984741211,756000,47.95313262939453
7/13/2018,48.52000045776367,49.31999969482422,48.40999984741211,48.58000183105469,626200,47.87429428100586
7/12/2018,49.52000045776367,49.689998626708984,48.16999816894531,48.43000030517578,940500,47.726470947265625
7/11/2018,50,50,49.380001068115234,49.459999084472656,671500,48.74150848388672
7/10/2018,49.41999816894531,50.880001068115234,49,50.720001220703125,794000,49.98320770263672
7/9/2018,50.02000045776367,50.41999816894531,49.209999084472656,49.5099983215332,982700,48.7907829284668
7/6/2018,49.84000015258789,50.43000030517578,49.650001525878906,50.040000915527344,545100,49.31308364868164
7/5/2018,48.790000915527344,50.88999938964844,48.68000030517578,49.97999954223633,981500,49.25395584106445
7/3/2018,49.58000183105469,49.58000183105469,48.43000030517578,48.540000915527344,330800,47.83487319946289
7/2/2018,48.52000045776367,49.5099983215332,47.29999923706055,49.4900016784668,657200,48.77107620239258
6/29/2018,49.16999816894531,50.369998931884766,48.97999954223633,49.189998626708984,1045400,48.47542953491211
6/28/2018,49.439998626708984,49.439998626708984,48.27000045776367,48.91999816894531,787200,48.2093505859375
6/27/2018,50.04999923706055,50.529998779296875,49.31999969482422,49.45000076293945,953800,48.73165512084961
6/26/2018,49.93000030517578,50.279998779296875,48.70000076293945,49.849998474121094,860500,49.12583923339844
6/25/2018,49.84000015258789,50.36000061035156,49.16999816894531,49.9900016784668,1172000,49.26381301879883
6/22/2018,49.900001525878906,50.310001373291016,49.349998474121094,50.06999969482422,805100,49.342647552490234
6/21/2018,49.630001068115234,49.65999984741211,48.79999923706055,49.56999969482422,955200,48.849910736083984
6/20/2018,49.150001525878906,50.09000015258789,48.70000076293945,49.720001220703125,574800,48.99773406982422
6/19/2018,48.2400016784668,49.15999984741211,48.029998779296875,48.9900016784668,964500,48.27833938598633
6/18/2018,47.75,48.43000030517578,47.51100158691406,48.41999816894531,599500,47.71661376953125
6/15/2018,47.650001525878906,48.18000030517578,47.27000045776367,48.11000061035156,1191600,47.4111213684082
6/14/2018,47.540000915527344,48.18000030517578,47.279998779296875,48.06999969482422,1253000,47.371700286865234
6/13/2018,50.0099983215332,50.099998474121094,47.4900016784668,47.540000915527344,1818000,46.84939956665039
6/12/2018,48.81999969482422,51.47999954223633,48.81999969482422,50.11000061035156,3817900,49.3820686340332
6/11/2018,51,51.70000076293945,47.029998779296875,48.099998474121094,8373200,47.40126419067383
6/8/2018,56.220001220703125,57.20000076293945,55.86000061035156,56.97999954223633,690600,56.15226745605469
6/7/2018,55.90999984741211,58.16999816894531,55.654998779296875,56.560001373291016,2642900,55.73836898803711
6/6/2018,54.939998626708984,56.119998931884766,54.650001525878906,56.040000915527344,593900,55.22592544555664
6/5/2018,54.2400016784668,54.7599983215332,53.79499816894531,54.65999984741211,430900,53.865970611572266
6/4/2018,53.88999938964844,54.43000030517578,53.25,54.380001068115234,468400,53.59003829956055
6/1/2018,53.81999969482422,54.5,53.029998779296875,53.81999969482422,434600,53.038169860839844
5/31/2018,53.22999954223633,53.52000045776367,52.54999923706055,53.2400016784668,561100,52.46659851074219
5/30/2018,53.02000045776367,53.59000015258789,52.90999984741211,53.06999969482422,321100,52.299068450927734
5/29/2018,53.540000915527344,53.880001068115234,52.52000045776367,52.939998626708984,584600,52.17095184326172
5/25/2018,54.599998474121094,54.7599983215332,53.880001068115234,54.0099983215332,535900,53.22541046142578
5/24/2018,54.869998931884766,54.970001220703125,54.290000915527344,54.470001220703125,396400,53.67873001098633
5/23/2018,56.130001068115234,56.130001068115234,54.47999954223633,54.86000061035156,488000,54.06306457519531
5/22/2018,56.41999816894531,56.7400016784668,56.0099983215332,56.2400016784668,562000,55.42301940917969
5/21/2018,56.599998474121094,56.599998474121094,55.970001220703125,56.09000015258789,394700,55.27519607543945
5/18/2018,57.20000076293945,57.20000076293945,55.65999984741211,56.0099983215332,426400,55.19635772705078
5/17/2018,56.5,57.380001068115234,56.48500061035156,57.20000076293945,330900,56.369075775146484
5/16/2018,56.15999984741211,56.974998474121094,55.81999969482422,56.560001373291016,491400,55.73836898803711
5/15/2018,55.77000045776367,56.130001068115234,55.189998626708984,56.11000061035156,440500,55.29490661621094
5/14/2018,55.86000061035156,56.560001373291016,55.68000030517578,55.75,431300,54.94013595581055
5/11/2018,55.79999923706055,56.54999923706055,55.459999084472656,55.84000015258789,656400,55.02882766723633
5/10/2018,55.61000061035156,56.34000015258789,55.060001373291016,56.130001068115234,827200,55.31461715698242
5/9/2018,55.970001220703125,56.29999923706055,54.90999984741211,55.63999938964844,1231800,54.83173370361328
5/8/2018,55.90999984741211,57.02000045776367,55.720001220703125,56.619998931884766,867900,55.7974967956543
5/7/2018,54.97999954223633,56.439998626708984,54.70000076293945,56.150001525878906,2375100,55.334327697753906
5/4/2018,55.27000045776367,55.599998474121094,54.112998962402344,54.9900016784668,2700300,54.19117736816406
5/3/2018,58.709999084472656,58.709999084472656,54.70000076293945,55.84000015258789,3644900,55.02882766723633
5/2/2018,60.939998626708984,62.08000183105469,60.52000045776367,61.97999954223633,1228100,61.07963180541992
5/1/2018,61.5099983215332,61.5099983215332,59.61000061035156,60.790000915527344,780300,59.90692138671875
4/30/2018,62.459999084472656,62.95000076293945,61.060001373291016,61.290000915527344,833800,60.399658203125
4/27/2018,62.720001220703125,62.86000061035156,61.7599983215332,62.060001373291016,852200,61.15847396850586
4/26/2018,63.630001068115234,63.92499923706055,62.36000061035156,62.540000915527344,564300,61.631500244140625
4/25/2018,62.84000015258789,63.90999984741211,62.560001373291016,63.720001220703125,348200,62.79435729980469
4/24/2018,63.310001373291016,64.05999755859375,62.58000183105469,63.119998931884766,621000,62.20307159423828
4/23/2018,62.5,63.20000076293945,62.025001525878906,62.79999923706055,347600,61.88772201538086
4/20/2018,63.0099983215332,63.470001220703125,61.93000030517578,62.5,526900,61.59208297729492
4/19/2018,63.439998626708984,63.90999984741211,62.27000045776367,62.900001525878906,540500,61.986270904541016
4/18/2018,64.5199966430664,65.01000213623047,63,63.099998474121094,868000,62.18336486816406
4/17/2018,66.13999938964844,66.15499877929688,64.83000183105469,65.05000305175781,436300,64.10504150390625
4/16/2018,66.4000015258789,67.0999984741211,65.66999816894531,66.01000213623047,592700,64.78009033203125
4/13/2018,66.41000366210938,66.58000183105469,64.75,65.26000213623047,638900,64.0440673828125
4/12/2018,66.06999969482422,66.66999816894531,65.66400146484375,66.19000244140625,514000,64.95673370361328
4/11/2018,64.52999877929688,66.05000305175781,63.45000076293945,65.66999816894531,459700,64.44641876220703
4/10/2018,64.55999755859375,65.1500015258789,64.28099822998047,64.86000061035156,590500,63.651519775390625
4/9/2018,64.30000305175781,64.30000305175781,63.5099983215332,63.540000915527344,661300,62.356109619140625
4/6/2018,63.97999954223633,64.31999969482422,63.279998779296875,63.91999816894531,750100,62.729026794433594
4/5/2018,63.290000915527344,64.54000091552734,62.970001220703125,64.27999877929688,678100,63.08232116699219
4/4/2018,59.880001068115234,63.10499954223633,59.220001220703125,62.95000076293945,603800,61.777103424072266
4/3/2018,59.72999954223633,62.099998474121094,59.70000076293945,61.11000061035156,909400,59.97138977050781
4/2/2018,59.650001525878906,60.040000915527344,58.439998626708984,59.189998626708984,911000,58.087162017822266
3/29/2018,58.880001068115234,59.90999984741211,58.220001220703125,59.7599983215332,784200,58.646541595458984
3/28/2018,59.34000015258789,59.779998779296875,58.040000915527344,58.130001068115234,789800,57.046913146972656
3/27/2018,59.779998779296875,60.130001068115234,58.959999084472656,59.56999969482422,529700,58.460079193115234
3/26/2018,58.459999084472656,59.47999954223633,57.73500061035156,59.380001068115234,606400,58.273624420166016
3/23/2018,59.97999954223633,60.04999923706055,57.400001525878906,57.58000183105469,753900,56.507164001464844
3/22/2018,59.59000015258789,61.33000183105469,59.59000015258789,59.880001068115234,655300,58.764305114746094
3/21/2018,59.310001373291016,60.66999816894531,59.20000076293945,60.04999923706055,598800,58.93113327026367
3/20/2018,59.75,60.165000915527344,58.849998474121094,59.279998779296875,439000,58.17548370361328
3/19/2018,59.709999084472656,60.02000045776367,59.029998779296875,59.72999954223633,545000,58.61709976196289
3/16/2018,59.95000076293945,60.470001220703125,59.11000061035156,59.7599983215332,852300,58.646541595458984
3/15/2018,60.25,60.56999969482422,59.400001525878906,60.08000183105469,747100,58.96057891845703
3/14/2018,61.400001525878906,61.61000061035156,60.150001525878906,60.29999923706055,789000,59.176475524902344
3/13/2018,62.11000061035156,62.11000061035156,60.939998626708984,61.130001068115234,871400,59.99101257324219
3/12/2018,62.75,63.459999084472656,61.599998474121094,61.650001525878906,559300,60.50132751464844
3/9/2018,62.540000915527344,63.33000183105469,61.880001068115234,62.72999954223633,630400,61.56120300292969
3/8/2018,62.06999969482422,62.93000030517578,61.369998931884766,61.95000076293945,372600,60.795738220214844
3/7/2018,61.599998474121094,62.29999923706055,60.939998626708984,61.84000015258789,645700,60.68778610229492
3/6/2018,61.880001068115234,62.81999969482422,61.029998779296875,62.459999084472656,514600,61.29623031616211
3/5/2018,60.5099983215332,61.630001068115234,60.095001220703125,61.189998626708984,691200,60.049896240234375
3/2/2018,59.56999969482422,61.130001068115234,57.470001220703125,60.72999954223633,1270000,59.59846878051758
3/1/2018,62.33000183105469,62.349998474121094,59.290000915527344,59.849998474121094,978400,58.73486328125
2/28/2018,63.54999923706055,63.619998931884766,61.959999084472656,62.060001373291016,904900,60.9036865234375
2/27/2018,64,64.93000030517578,63.54999923706055,63.56999969482422,725700,62.38555145263672
2/26/2018,63.65999984741211,64.2300033569336,63.2599983215332,63.900001525878906,688000,62.70940399169922
2/23/2018,63.779998779296875,64.08999633789062,63.060001373291016,63.29999923706055,352800,62.120582580566406
2/22/2018,63.720001220703125,63.970001220703125,63.02000045776367,63.400001525878906,494200,62.218719482421875
2/21/2018,63.84000015258789,64.36000061035156,63.189998626708984,63.470001220703125,478100,62.28741455078125
2/20/2018,61.75,64.3499984741211,61.68000030517578,63.65999984741211,938800,62.473876953125
2/16/2018,63.040000915527344,63.5,61.7400016784668,61.88999938964844,686400,60.73685073852539
2/15/2018,64.27999877929688,64.55000305175781,62.560001373291016,63.439998626708984,487600,62.257972717285156
2/14/2018,62.22999954223633,63.95000076293945,62.22999954223633,63.68000030517578,807300,62.49350357055664
2/13/2018,63.470001220703125,64.01399993896484,62.33000183105469,62.45000076293945,1029800,61.28641891479492
2/12/2018,61.88999938964844,65.0250015258789,61.34000015258789,63.90999984741211,1765300,62.719215393066406
2/9/2018,61.70000076293945,62.07699966430664,59.099998474121094,60.70000076293945,1652300,59.569026947021484
2/8/2018,63.56999969482422,63.63800048828125,60.77000045776367,60.779998779296875,1166500,59.64753341674805
2/7/2018,63.52000045776367,63.970001220703125,62.459999084472656,63.34000015258789,932500,62.15983581542969
2/6/2018,60.709999084472656,64.30400085449219,60.65999984741211,63.5099983215332,1960200,62.3266716003418
2/5/2018,64.19999694824219,64.97000122070312,60.92499923706055,61.939998626708984,2481700,60.785919189453125
2/2/2018,64.20999908447266,64.93000030517578,63.529998779296875,64.5999984741211,2264200,63.396358489990234
2/1/2018,64.25,66.01000213623047,64,64.69999694824219,1722000,63.4944953918457
1/31/2018,66.33999633789062,67.06999969482422,63.56999969482422,64.80000305175781,1823100,63.59263610839844
1/30/2018,65.83000183105469,67.2300033569336,64.52999877929688,66.29000091552734,2572000,65.05487060546875
1/29/2018,66.94000244140625,69.55999755859375,66.2300033569336,66.7699966430664,4569000,65.52592468261719
1/26/2018,72.48999786376953,73.08999633789062,71.7300033569336,72.30000305175781,1547900,70.95289611816406
1/25/2018,72.87999725341797,73.58999633789062,71.70999908447266,72.01000213623047,1269100,70.66829681396484
1/24/2018,72.8499984741211,73.48999786376953,72.38999938964844,73.04000091552734,1043500,71.67910766601562
1/23/2018,72.8499984741211,73.16000366210938,72.20500183105469,72.8499984741211,1771200,71.49263763427734
1/22/2018,70.5999984741211,73.39600372314453,69.87000274658203,72.73999786376953,2487200,71.38469696044922
1/19/2018,74.08999633789062,74.19000244140625,71.73999786376953,71.94000244140625,2136900,70.59960174560547
1/18/2018,76.55000305175781,76.93000030517578,73.83999633789062,74.1500015258789,1928500,72.76842498779297
1/17/2018,74.02999877929688,77.59500122070312,73.69999694824219,77.08000183105469,7042300,75.64383697509766
1/16/2018,83.19000244140625,83.44499969482422,82.04000091552734,82.18000030517578,988300,80.37893676757812
1/12/2018,83.61000061035156,84.08000183105469,82.29000091552734,82.69000244140625,791500,80.87774658203125
1/11/2018,81.86000061035156,83.66000366210938,81.69000244140625,83.58999633789062,627300,81.75802612304688
1/10/2018,83.04000091552734,83.22000122070312,81.16999816894531,81.66000366210938,1186400,79.87032318115234
1/9/2018,82.54000091552734,84.16000366210938,82.54000091552734,83.04000091552734,847300,81.22007751464844
1/8/2018,84.0999984741211,84.19999694824219,81.91999816894531,82.41999816894531,828800,80.61366271972656
1/5/2018,82.69999694824219,84.58999633789062,82.41999816894531,83.87000274658203,850600,82.03189086914062
1/4/2018,79.47000122070312,82.80999755859375,79,82.36000061035156,2058600,80.55498504638672
1/3/2018,79.48999786376953,79.48999786376953,78.12000274658203,78.4800033569336,1970300,76.76002502441406
1/2/2018,78.94999694824219,79.4000015258789,78.26000213623047,79.29000091552734,658200,77.5522689819336
12/29/2017,79.5199966430664,79.55000305175781,78.41300201416016,78.69999694824219,502700,76.97518920898438
12/28/2017,79.30000305175781,79.68000030517578,78.87999725341797,79.54000091552734,324300,77.79679870605469
12/27/2017,78.80000305175781,79.31999969482422,78.6500015258789,79.0199966430664,375300,77.28817749023438
12/26/2017,79.95999908447266,79.95999908447266,78.51000213623047,78.77999877929688,492600,77.0534439086914
12/22/2017,80.19999694824219,80.2699966430664,79.48999786376953,79.69000244140625,501000,77.9435043334961
12/21/2017,80.91999816894531,81.03500366210938,79.83999633789062,80.31999969482422,399300,78.5596923828125
12/20/2017,80.41999816894531,81.20999908447266,79.80000305175781,80.91000366210938,546900,79.13677215576172
12/19/2017,80.91000366210938,81.55000305175781,80.18000030517578,80.38999938964844,551700,78.62815856933594
12/18/2017,79.27999877929688,81.77899932861328,79.1500015258789,80.61000061035156,555200,78.84333801269531
12/15/2017,77.8499984741211,79.41000366210938,77.8499984741211,78.91000366210938,559800,77.18059539794922
12/14/2017,78.6500015258789,79.0199966430664,77.58999633789062,77.83999633789062,617100,76.13404846191406
12/13/2017,80.41999816894531,81.06999969482422,78.79000091552734,78.8499984741211,620600,77.12191009521484
12/12/2017,79.61000061035156,80.625,79.41999816894531,80.37999725341797,846000,78.61837768554688
12/11/2017,78.55000305175781,79.91999816894531,78.16999816894531,79.69000244140625,704300,77.9435043334961
12/8/2017,79.54000091552734,80.05000305175781,78.68000030517578,78.87999725341797,541600,77.15125274658203
12/7/2017,78.06999969482422,79.76000213623047,77.94000244140625,79.13999938964844,660700,77.40555572509766
12/6/2017,79.0199966430664,79.98999786376953,78.18000030517578,78.26000213623047,518200,76.54483795166016
12/5/2017,78.5999984741211,79.44000244140625,78.3499984741211,78.93000030517578,544300,77.20014953613281
12/4/2017,79,79.70999908447266,77.86000061035156,78.0999984741211,650700,76.38834381103516
12/1/2017,78.0199966430664,78.43000030517578,77.12999725341797,78.4000015258789,704600,76.68177795410156
11/30/2017,79.16000366210938,79.55999755859375,77.31999969482422,78.26000213623047,740800,76.54483795166016
11/29/2017,79.56999969482422,79.80000305175781,78.47000122070312,79.08000183105469,495700,77.34687042236328
11/28/2017,78.16999816894531,80.44000244140625,77.62000274658203,79.66000366210938,940400,77.9141616821289
11/27/2017,77.8499984741211,78.44999694824219,77.05000305175781,77.6500015258789,729700,75.94821166992188
11/24/2017,77.62000274658203,77.93000030517578,77.21499633789062,77.86000061035156,189600,76.15361022949219
11/22/2017,77.87999725341797,78.68000030517578,77.14299774169922,77.6500015258789,597300,75.94821166992188
11/21/2017,78.7300033569336,79,76.92500305175781,77.86000061035156,963000,76.15361022949219
11/20/2017,76.5,78.61000061035156,75.91999816894531,78.06999969482422,736200,76.35900115966797
11/17/2017,74.58000183105469,77,73.97000122070312,76.19000244140625,1626300,74.52021026611328
11/16/2017,74.73999786376953,75.86000061035156,74.19999694824219,74.44000244140625,1150000,72.80856323242188
11/15/2017,74.6500015258789,75.48999786376953,73.66999816894531,74.2699966430664,857000,72.64228820800781
11/14/2017,76.25,76.25,74.37000274658203,75.02999877929688,986900,73.38562774658203
11/13/2017,76.66999816894531,76.7300033569336,75.48999786376953,76.22000122070312,631100,74.54955291748047
11/10/2017,76.58999633789062,78.86000061035156,76.23999786376953,77.41999816894531,496800,75.72325134277344
11/9/2017,77.01000213623047,77.23999786376953,75.62999725341797,76.94999694824219,528200,75.2635498046875
11/8/2017,78.04000091552734,78.2229995727539,76.79000091552734,77.41999816894531,388600,75.72325134277344
11/7/2017,78.51000213623047,78.62000274658203,76.7300033569336,78.08999633789062,534100,76.3785629272461
11/6/2017,78.44000244140625,79.6500015258789,78.41000366210938,78.63999938964844,691900,76.91651153564453
11/3/2017,81.47000122070312,82.26000213623047,78.30999755859375,78.69999694824219,1039400,76.97518920898438
11/2/2017,82.51000213623047,82.51000213623047,78.52999877929688,81.08000183105469,1673600,79.30303955078125
11/1/2017,83.20999908447266,85.31999969482422,83.18000030517578,84.93000030517578,1065700,83.06866455078125
10/31/2017,83.80999755859375,84.48999786376953,83.27999877929688,84.36000061035156,692100,82.51115417480469
10/30/2017,83.83999633789062,84.19499969482422,82.88999938964844,83.5,492300,81.66999816894531
10/27/2017,83.5199966430664,84.62999725341797,83.04000091552734,84.19999694824219,604500,82.35466003417969
10/26/2017,82.72000122070312,84.33499908447266,82.22000122070312,83.62999725341797,976000,81.79714965820312
10/25/2017,85.91999816894531,86.26000213623047,83.20099639892578,83.63999938964844,788900,81.80693817138672
10/24/2017,85.51000213623047,86.26499938964844,85.3499984741211,85.93000030517578,516000,84.04674530029297
10/23/2017,85.0199966430664,85.98999786376953,84.58000183105469,85,268300,83.13712310791016
10/20/2017,85.44000244140625,85.8499984741211,84.98999786376953,85.0999984741211,390600,83.23493957519531
10/19/2017,85,85.3499984741211,84.03500366210938,84.9800033569336,416100,83.11756134033203
10/18/2017,85.1500015258789,85.91999816894531,84.73999786376953,85.44999694824219,454800,83.57726287841797
10/17/2017,84.44999694824219,85.76000213623047,84.44999694824219,85.16000366210938,472700,83.29363250732422
10/16/2017,84.02999877929688,85.18000030517578,83.62999725341797,85.06999969482422,507000,82.93661499023438
10/13/2017,84.37999725341797,84.78099822998047,83.22100067138672,83.77999877929688,343200,81.67896270751953
10/12/2017,83.95999908447266,84.37999725341797,83,84.25,559900,82.1371841430664
10/11/2017,84.11000061035156,84.6500015258789,83.12999725341797,84.48999786376953,641400,82.37116241455078
10/10/2017,83.94000244140625,84.51000213623047,83.36000061035156,84.20999908447266,471200,82.09817504882812
10/9/2017,84.66999816894531,85.03500366210938,83.72000122070312,83.93000030517578,278700,81.82521057128906
10/6/2017,84.26000213623047,85.12999725341797,83.88999938964844,84.66999816894531,595700,82.54664611816406
10/5/2017,85.20999908447266,85.5199966430664,83.94100189208984,84.41999816894531,1074900,82.30291748046875
10/4/2017,85.12999725341797,85.83999633789062,84.79000091552734,85.06999969482422,781000,82.93661499023438
10/3/2017,85.9000015258789,86.41999816894531,84.25,85.18000030517578,731400,83.04385375976562
10/2/2017,83.98999786376953,85.06999969482422,83.80999755859375,84.97000122070312,668900,82.83912658691406
9/29/2017,84.4000015258789,84.5999984741211,83.87000274658203,83.98999786376953,468200,81.88370513916016
9/28/2017,83.66000366210938,84.5199966430664,83.37999725341797,84.0999984741211,599400,81.9909439086914
9/27/2017,86,86.41999816894531,83.83000183105469,84.16999816894531,707900,82.05918884277344
9/26/2017,82.19999694824219,85.91999816894531,82.18000030517578,85.70999908447266,1252900,83.56056213378906
9/25/2017,81.5,83.12999725341797,81.04000091552734,82.16999816894531,690700,80.10934448242188
9/22/2017,82.29000091552734,83.43000030517578,82.29000091552734,82.94999694824219,439800,80.86978149414062
9/21/2017,82.5,82.66000366210938,81.7699966430664,82.23999786376953,583300,80.17758178710938
9/20/2017,82.5,83.58000183105469,82.41999816894531,82.58999633789062,1071200,80.518798828125
9/19/2017,80.55000305175781,82.93000030517578,80.51000213623047,82.19000244140625,1354700,80.12883758544922
9/18/2017,80.26000213623047,81.37000274658203,79.69000244140625,80.26000213623047,1172600,78.24724578857422
9/15/2017,77.20999908447266,80.29000091552734,76.37000274658203,80.26000213623047,2219600,78.24724578857422
9/14/2017,75.72000122070312,77.87000274658203,75.0199966430664,76.4000015258789,996600,74.48403930664062
9/13/2017,73.54000091552734,75.82499694824219,73.5,75.38999938964844,723800,73.49937438964844
9/12/2017,73.6500015258789,73.9000015258789,73.36000061035156,73.86000061035156,404900,72.00775146484375
9/11/2017,73,73.73999786376953,72.5999984741211,73.56999969482422,648100,71.72500610351562
9/8/2017,72.5,72.69999694824219,72.23999786376953,72.55000305175781,590500,70.7305908203125
9/7/2017,72.47000122070312,72.80000305175781,71.87999725341797,72.51000213623047,696300,70.69159698486328
9/6/2017,72.48999786376953,72.62000274658203,71.75,72.55999755859375,680900,70.74034881591797
9/5/2017,72.19999694824219,72.36000061035156,71.76000213623047,72.25,1101300,70.43812561035156
9/1/2017,70.81999969482422,72.52999877929688,70.5199966430664,72.18000030517578,673800,70.369873046875
8/31/2017,69.70999908447266,70.75,69.41000366210938,70.68000030517578,633000,68.90748596191406
8/30/2017,68.66999816894531,69.72000122070312,67.97000122070312,69.66000366210938,780600,67.9130630493164
8/29/2017,67.48999786376953,68.5250015258789,67.12999725341797,68.30000305175781,633300,66.58716583251953
8/28/2017,68.51000213623047,68.51000213623047,67.58499908447266,68.01000213623047,294300,66.30445098876953
8/25/2017,69.1500015258789,69.69999694824219,68.26000213623047,68.30000305175781,233600,66.58716583251953
8/24/2017,68.97000122070312,69.55500030517578,68.47000122070312,69.0199966430664,324400,67.28911590576172
8/23/2017,68.75,70.04000091552734,68.4000015258789,69.16000366210938,836500,67.42559814453125
8/22/2017,69.30000305175781,69.30000305175781,68.44999694824219,69.0199966430664,870000,67.28911590576172
8/21/2017,66.01000213623047,68.30000305175781,65.77999877929688,67.87999725341797,1408600,66.1777114868164
8/18/2017,65.5,66.36000061035156,64.87999725341797,65.97000122070312,500300,64.31560516357422
8/17/2017,66.4800033569336,66.55000305175781,65.5,65.55000305175781,927400,63.90614700317383
8/16/2017,65.76000213623047,67.22000122070312,65.76000213623047,66.6500015258789,901500,64.97855377197266
8/15/2017,66.5,66.5,65.33499908447266,66.01000213623047,763400,64.35459899902344
8/14/2017,66,66.91999816894531,65.6500015258789,66.37000274658203,521500,64.70557403564453
8/11/2017,64.05999755859375,65.62000274658203,63.7400016784668,65.43000030517578,578100,63.78915023803711
8/10/2017,65.12999725341797,65.12999725341797,63.43000030517578,64,698700,62.39501190185547
8/9/2017,65.27999877929688,65.5199966430664,64.69999694824219,65.26000213623047,498100,63.6234130859375
8/8/2017,65.30000305175781,65.88999938964844,64.9800033569336,65.48999786376953,403500,63.8476448059082
8/7/2017,64.83999633789062,65.55999755859375,64.80000305175781,65.41000366210938,470100,63.76964569091797
8/4/2017,64.18000030517578,65.08000183105469,63.70000076293945,64.91000366210938,592800,63.282188415527344
8/3/2017,64.0999984741211,64.51000213623047,63.77000045776367,64.04000091552734,528300,62.43400573730469
8/2/2017,63.900001525878906,64.66000366210938,63.72999954223633,64.30000305175781,663200,62.6874885559082
8/1/2017,65.5999984741211,65.5999984741211,63.42300033569336,63.9900016784668,847100,62.385257720947266
7/31/2017,65.54000091552734,65.91999816894531,64.76000213623047,65.47000122070312,700900,63.82814025878906
7/28/2017,66.30000305175781,66.30000305175781,64.80000305175781,65.54000091552734,1012100,63.89638900756836
7/27/2017,66.3550033569336,69.94999694824219,66,66.33000183105469,1681700,64.66658020019531
7/26/2017,68.20999908447266,70.2699966430664,68.19999694824219,69.05000305175781,1312700,67.31836700439453
7/25/2017,68.04000091552734,68.36000061035156,67.29000091552734,68.25,1188400,66.5384292602539
7/24/2017,68.5,68.58999633789062,67.33000183105469,67.93000030517578,1159400,66.22644805908203
7/21/2017,69.94999694824219,69.94999694824219,67.69000244140625,68.70999908447266,1087700,66.71878814697266
7/20/2017,70.66999816894531,70.94999694824219,69.7509994506836,70.5999984741211,465100,68.55402374267578
7/19/2017,70.0199966430664,70.41999816894531,69.44999694824219,70.2300033569336,375900,68.19473266601562
7/18/2017,70.0199966430664,70.23999786376953,69.58999633789062,69.7699966430664,462700,67.7480697631836
7/17/2017,69.12000274658203,70.23999786376953,69.12000274658203,69.91000366210938,733300,67.8840103149414
7/14/2017,69.5,70.08999633789062,68.58999633789062,68.8499984741211,1085300,66.85472869873047
7/13/2017,68.58000183105469,69.77999877929688,68.58000183105469,69.44999694824219,640600,67.43733215332031
7/12/2017,68.8499984741211,69.83999633789062,68.48999786376953,68.69000244140625,982700,66.69937133789062
7/11/2017,68.55000305175781,69.80999755859375,68,68.91999816894531,910600,66.92269134521484
7/10/2017,67.80999755859375,68.47000122070312,67.5199966430664,68.19000244140625,678700,66.2138671875
7/7/2017,66.19000244140625,67.80999755859375,65.9000015258789,67.6500015258789,613100,65.68951416015625
7/6/2017,65.66000366210938,66.75,65.62999725341797,66.16000366210938,687600,64.24269104003906
7/5/2017,65.8499984741211,66.45999908447266,65.19999694824219,66.08000183105469,347700,64.16500854492188
7/3/2017,66,67.2699966430664,65.7699966430664,65.97000122070312,502200,64.05818939208984
6/30/2017,64.7699966430664,65.69999694824219,64.72000122070312,65.37999725341797,326000,63.48529052734375
6/29/2017,64.52999877929688,65.05999755859375,64.05000305175781,64.7699966430664,603800,62.892967224121094
6/28/2017,63.790000915527344,64.98999786376953,63.209999084472656,64.66000366210938,1064400,62.786163330078125
6/27/2017,64.18000030517578,64.4800033569336,62.91999816894531,63.20000076293945,941100,61.36846923828125
6/26/2017,64.33000183105469,65.22000122070312,64.1500015258789,64.83000183105469,438600,62.951236724853516
6/23/2017,64.19000244140625,64.47000122070312,63.61000061035156,64.12999725341797,1565900,62.27151107788086
6/22/2017,63.369998931884766,64.55999755859375,63.040000915527344,64.08999633789062,657400,62.232669830322266
6/21/2017,62.369998931884766,63.619998931884766,62.29999923706055,63.58000183105469,680000,61.73746109008789
6/20/2017,61.65999984741211,62.779998779296875,61.5,62.349998474121094,595500,60.5431022644043
6/19/2017,62.150001525878906,62.790000915527344,61.369998931884766,61.72999954223633,1038500,59.94106674194336
6/16/2017,64.12999725341797,64.14700317382812,61.2400016784668,61.869998931884766,1405700,60.0770149230957
6/15/2017,63.2400016784668,64.83000183105469,62.79999923706055,64.55000305175781,1167800,62.67934799194336
6/14/2017,65.81999969482422,65.98999786376953,63.349998474121094,63.939998626708984,1661300,62.08701705932617
6/13/2017,66.69999694824219,67.4000015258789,65.5199966430664,65.83000183105469,873400,63.92226028442383
6/12/2017,67.05999755859375,67.90499877929688,66.62000274658203,66.7300033569336,1057100,64.79617309570312
6/9/2017,68.12999725341797,68.33999633789062,66.95999908447266,67.41999816894531,851500,65.46617126464844
6/8/2017,69.11000061035156,69.11000061035156,67.0999984741211,68.36000061035156,1071400,66.37892150878906
6/7/2017,68.73999786376953,70.16999816894531,68.69000244140625,69.38999938964844,711000,67.37907409667969
6/6/2017,69.06999969482422,69.5,67.93000030517578,68.70999908447266,959700,66.71878814697266
6/5/2017,71.01000213623047,71.33000183105469,69.8499984741211,69.9000015258789,774700,67.87430572509766
6/2/2017,69.73999786376953,71.26000213623047,69.55000305175781,71.01000213623047,975400,68.95214080810547
6/1/2017,68.55999755859375,70.93000030517578,68.48999786376953,69.87000274658203,1222900,67.84517669677734
5/31/2017,67.0999984741211,68.74500274658203,66.86000061035156,68.52999877929688,884200,66.54400634765625
5/30/2017,66.30000305175781,67.3499984741211,65.88999938964844,66.93000030517578,746500,64.99037170410156
5/26/2017,65.83000183105469,67.16999816894531,64.69000244140625,66.63999938964844,1303300,64.70877075195312
5/25/2017,68.41000366210938,68.8499984741211,65.7300033569336,66.05000305175781,1121700,64.13587951660156
5/24/2017,68.4800033569336,68.58000183105469,67.5,68.30999755859375,605000,66.33038330078125
5/23/2017,69.6500015258789,69.83999633789062,68.33999633789062,68.55000305175781,701700,66.56343078613281
5/22/2017,69.56999969482422,70.20999908447266,69.08000183105469,69.48999786376953,617400,67.47618865966797
5/19/2017,69.20999908447266,69.94999694824219,69.125,69.44999694824219,737400,67.43733215332031
5/18/2017,68.11000061035156,69.33999633789062,67.37999725341797,68.5999984741211,1125400,66.61196899414062
5/17/2017,72,72.38999938964844,68.06999969482422,68.19999694824219,1616300,66.22356414794922
5/16/2017,72.3499984741211,72.86000061035156,72.19999694824219,72.56999969482422,1148700,70.46692657470703
5/15/2017,71.6500015258789,72.93000030517578,71.39199829101562,72.47000122070312,828400,70.36982727050781
5/12/2017,71.02999877929688,71.4800033569336,71.01000213623047,71.25,567200,69.1851806640625
5/11/2017,70.9000015258789,71.70999908447266,70.79000091552734,71.04000091552734,358400,68.98126220703125
5/10/2017,71.66000366210938,71.81999969482422,70.97000122070312,71.45999908447266,367000,69.38909149169922
5/9/2017,71.08000183105469,72,70.62000274658203,71.44000244140625,511400,69.36967468261719
5/8/2017,70.9800033569336,71.45999908447266,70.16000366210938,70.86000061035156,892800,68.80648040771484
5/5/2017,70.05999755859375,71.0999984741211,70.05999755859375,70.9800033569336,633700,68.92300415039062
5/4/2017,70.44999694824219,70.44999694824219,69.02999877929688,70.05999755859375,923700,68.02965545654297
5/3/2017,68.83000183105469,70.5,68.69000244140625,70.1500015258789,1291300,68.11705780029297
5/2/2017,74.83999633789062,75,68,68.62999725341797,2771100,66.64110565185547
5/1/2017,74.04000091552734,75.30000305175781,73.6500015258789,74.48999786376953,742200,72.33128356933594
4/28/2017,74.73999786376953,75.18000030517578,72.30000305175781,73.55999755859375,1482100,71.4282455444336
4/27/2017,70.19999694824219,72.5999984741211,70,72.33999633789062,1721400,70.24358367919922
4/26/2017,70.33000183105469,70.61000061035156,69.86000061035156,70.20999908447266,758900,68.1753158569336
4/25/2017,69.6500015258789,70.45999908447266,69.51000213623047,70.16000366210938,894600,68.12677001953125
4/24/2017,69.41999816894531,70.22000122070312,69.41000366210938,69.68000030517578,741100,67.66068267822266
4/21/2017,69.23999786376953,69.76000213623047,68.8499984741211,69.23999786376953,633800,67.23343658447266
4/20/2017,67.7699966430664,69.30000305175781,67.7699966430664,69.08999633789062,817400,67.08777618408203
4/19/2017,66.56999969482422,68.1050033569336,66.56999969482422,67.58000183105469,764400,65.62154388427734
4/18/2017,66.80000305175781,67.26000213623047,65.55000305175781,66.16000366210938,1261200,64.24269104003906
4/17/2017,66.9800033569336,67.56999969482422,66.95999908447266,67.2699966430664,540200,65.32051849365234
4/13/2017,66.19000244140625,67.38999938964844,66.08999633789062,67.18000030517578,675500,65.2331314086914
4/12/2017,67.52999877929688,67.91999816894531,66.31999969482422,66.55000305175781,770600,64.62139129638672
4/11/2017,67.16999816894531,67.69999694824219,66.58999633789062,67.51000213623047,594300,65.55357360839844
4/10/2017,67.29000091552734,68.18000030517578,66.47000122070312,67.19999694824219,815200,65.25254821777344
4/7/2017,66.70999908447266,67.19999694824219,66.0999984741211,66.8499984741211,707000,64.91268920898438
4/6/2017,66.16000366210938,66.81999969482422,65.52999877929688,66.62000274658203,1460700,64.6893539428711
4/5/2017,68.23999786376953,68.47000122070312,66.22000122070312,66.55000305175781,1233600,64.62139129638672
4/4/2017,69.43000030517578,70.20999908447266,67.76000213623047,68.12999725341797,733000,66.15559387207031
4/3/2017,72.8499984741211,73.1500015258789,69.56999969482422,70.12999725341797,1035100,68.0976333618164
3/31/2017,71.87999725341797,73.5,71.41999816894531,72.66999816894531,681400,70.56402587890625
3/30/2017,71.31999969482422,71.69000244140625,70.63099670410156,71.51000213623047,679400,69.43765258789062
3/29/2017,72.45899963378906,72.45899963378906,71.44000244140625,71.45999908447266,644100,69.38909149169922
3/28/2017,70.94999694824219,72.66000366210938,70.93000030517578,72.29000091552734,968700,70.19503784179688
3/27/2017,68.25,70.4000015258789,67.7750015258789,70.36000061035156,786600,68.32096099853516
3/24/2017,68.01000213623047,69.25,67.5,68.5199966430664,852100,66.53429412841797
3/23/2017,70.0999984741211,70.48999786376953,68.2699966430664,68.2699966430664,900700,66.02450561523438
3/22/2017,69.16999816894531,70.2300033569336,68.62000274658203,70.0999984741211,958400,67.7943115234375
3/21/2017,72.16999816894531,72.54000091552734,69.4800033569336,69.55999755859375,1159900,67.2720718383789
3/20/2017,72.81999969482422,73.08000183105469,71.95999908447266,72.0999984741211,972900,69.7285385131836
3/17/2017,73.9000015258789,73.9000015258789,71.6500015258789,72.81999969482422,1970600,70.42485046386719
3/16/2017,76.06999969482422,76.08999633789062,73.33499908447266,73.9000015258789,968500,71.4693374633789
3/15/2017,74.27999877929688,75.98999786376953,74,75.69000244140625,1328900,73.2004623413086
3/14/2017,72.5,74.94000244140625,71.72000122070312,74.16000366210938,1305000,71.72077941894531
3/13/2017,70.37999725341797,73.13500213623047,70.16999816894531,72.38999938964844,1502300,70.00899505615234
3/10/2017,70.23999786376953,70.38999938964844,69.5,70.0999984741211,984700,67.7943115234375
3/9/2017,69.2699966430664,71.08000183105469,68.7300033569336,69.51000213623047,2050300,67.22372436523438
3/8/2017,68.81999969482422,69.37999725341797,68.18000030517578,68.95999908447266,726500,66.69181823730469
3/7/2017,67.48999786376953,68.33999633789062,67.37999725341797,68.30999755859375,1168600,66.06319427490234
3/6/2017,67.31999969482422,67.86000061035156,67.16999816894531,67.79000091552734,600100,65.56031036376953
3/3/2017,67.08000183105469,68.19000244140625,66.66000366210938,67.87000274658203,818400,65.63765716552734
3/2/2017,67.5199966430664,68.02999877929688,67.19000244140625,67.25,810600,65.03805541992188
3/1/2017,68.12999725341797,68.5,67.5199966430664,67.72000122070312,900800,65.49260711669922
2/28/2017,67.7300033569336,67.97000122070312,67.12999725341797,67.12999725341797,1023000,64.9219970703125
2/27/2017,66.41000366210938,67.8499984741211,66.2249984741211,67.52999877929688,856700,65.30884552001953
2/24/2017,65.37999725341797,67.04000091552734,65,66.4800033569336,1532000,64.29338836669922
2/23/2017,68.5,68.87999725341797,65.88999938964844,65.94999694824219,886900,63.78082275390625
2/22/2017,66.98999786376953,67.62999725341797,66.38999938964844,67.52999877929688,1100400,65.30884552001953
2/21/2017,66.18000030517578,68.97000122070312,66.18000030517578,66.95999908447266,2380800,64.7575912475586
2/17/2017,64.19000244140625,64.69999694824219,63.849998474121094,64.01000213623047,670100,61.904632568359375
2/16/2017,63.79999923706055,64.94000244140625,63.79999923706055,64.69999694824219,1266400,62.571929931640625
2/15/2017,62.11000061035156,64.36000061035156,61.63999938964844,63.970001220703125,1017800,61.86594009399414
2/14/2017,61.150001525878906,62.13999938964844,59.22999954223633,62.09000015258789,790600,60.04777908325195
2/13/2017,61.40999984741211,62.150001525878906,61.08000183105469,61.13999938964844,729300,59.129024505615234
2/10/2017,61.2599983215332,61.92499923706055,60.83000183105469,61.25,656900,59.23540496826172
2/9/2017,60.650001525878906,61.709999084472656,60.47999954223633,61.189998626708984,616500,59.1773796081543
2/8/2017,60.38999938964844,60.88999938964844,59.099998474121094,60.779998779296875,1023100,58.780860900878906
2/7/2017,62.040000915527344,62.5,59.939998626708984,60.15999984741211,1040600,58.18125534057617
2/6/2017,63.599998474121094,64.20999908447266,61.709999084472656,62.2400016784668,594600,60.19284439086914
2/3/2017,66.37999725341797,66.48200225830078,62.06999969482422,63.02000045776367,1180000,60.94718551635742
2/2/2017,64.37000274658203,65.6500015258789,64.37000274658203,65.11000061035156,1267600,62.968441009521484
2/1/2017,63.86000061035156,65.26000213623047,63.66999816894531,64.13999938964844,729900,62.03035354614258
1/31/2017,64.26000213623047,64.55999755859375,63,63.4900016784668,666300,61.40172576904297
1/30/2017,63.959999084472656,64.18000030517578,63.25,64.0199966430664,409700,61.91428756713867
1/27/2017,65.88999938964844,66.9000015258789,63.630001068115234,64.33999633789062,1279200,62.22377014160156
1/26/2017,65.69999694824219,66.83000183105469,65.33000183105469,65.55000305175781,727400,63.393978118896484
1/25/2017,66.36000061035156,67.43000030517578,65.30999755859375,65.37000274658203,564400,63.21989440917969
1/24/2017,64.33000183105469,66.08000183105469,64.0999984741211,65.87999725341797,610600,63.71311950683594
1/23/2017,64.06999969482422,65.41100311279297,63.66999816894531,64.06999969482422,595500,61.96265411376953
1/20/2017,63.72999954223633,65,63.47100067138672,64.19000244140625,731200,62.07870101928711
1/19/2017,65.01000213623047,65.43000030517578,62.73500061035156,63.310001373291016,1056900,61.22764587402344
1/18/2017,63.02000045776367,64.88999938964844,62.79999923706055,64.7699966430664,1225200,62.639625549316406
1/17/2017,61.45000076293945,63.33000183105469,61.400001525878906,62.880001068115234,736700,60.81179428100586
1/13/2017,60.13999938964844,61.93000030517578,59.77000045776367,61.41999816894531,709400,59.39981460571289
1/12/2017,61.52000045776367,61.71500015258789,59.81999969482422,60.08000183105469,617400,58.10388946533203
1/11/2017,58.63999938964844,61.73099899291992,58.35499954223633,61.560001373291016,1476100,59.53520965576172
1/10/2017,56.97999954223633,58.97999954223633,56.84000015258789,58.540000915527344,1152200,56.614540100097656
1/9/2017,56.25,56.68000030517578,55.849998474121094,55.880001068115234,383500,54.04202651977539
1/6/2017,57.15999984741211,57.77000045776367,56.2400016784668,56.4900016784668,1139000,54.63197326660156
1/5/2017,58.310001373291016,58.40299987792969,56.650001525878906,57,703400,55.12519454956055
1/4/2017,58.119998931884766,58.529998779296875,57.51499938964844,58.18000030517578,823200,56.26638412475586
1/3/2017,58.7599983215332,59.279998779296875,57.439998626708984,57.72999954223633,684600,55.831180572509766
12/30/2016,57.869998931884766,58.83000183105469,56.849998474121094,58.599998474121094,403900,56.67256546020508
12/29/2016,57.810001373291016,58.66999816894531,56.7400016784668,57.869998931884766,1470700,55.96657943725586
12/28/2016,57.7599983215332,58.20000076293945,57.5,57.7599983215332,619100,55.860191345214844
12/27/2016,56.45000076293945,57.900001525878906,56.25,57.599998474121094,404600,55.7054557800293
12/23/2016,56.650001525878906,56.95000076293945,55.90999984741211,56.38999938964844,417400,54.53525161743164
12/22/2016,56.709999084472656,57.25,55.849998474121094,57,986500,55.12519454956055
12/21/2016,55.400001525878906,56.849998474121094,54.90999984741211,56.619998931884766,644000,54.7576904296875
12/20/2016,52.77000045776367,55.900001525878906,52.150001525878906,55.290000915527344,1306700,53.471435546875
12/19/2016,54.130001068115234,54.13999938964844,51.7400016784668,52.619998931884766,1988400,50.88925552368164
12/16/2016,56.279998779296875,56.4900016784668,54.08000183105469,54.16999816894531,936100,52.38827133178711
12/15/2016,57.130001068115234,57.61199951171875,56,56.290000915527344,732600,54.43854904174805
12/14/2016,57.15999984741211,57.91999816894531,56.58000183105469,57.33000183105469,1037700,55.44434356689453
12/13/2016,57.66999816894531,58.66999816894531,57.41999816894531,57.790000915527344,1283400,55.88920974731445
12/12/2016,58.13999938964844,58.13999938964844,56.54999923706055,57.66999816894531,938000,55.77315139770508
12/9/2016,56.84000015258789,58.52000045776367,56.5,58.13999938964844,1334500,56.22769546508789
12/8/2016,56.63999938964844,57.33000183105469,55.84000015258789,57.150001525878906,1321800,55.270259857177734
12/7/2016,55.2599983215332,57.29999923706055,55.0099983215332,57.150001525878906,827100,55.270259857177734
12/6/2016,54.52000045776367,55.290000915527344,54.38999938964844,55.06999969482422,1172000,53.25867462158203
12/5/2016,54.650001525878906,55.310001373291016,54.279998779296875,54.36000061035156,512800,52.572025299072266
12/2/2016,54.66999816894531,55.09000015258789,53.71099853515625,54.2400016784668,520600,52.45597839355469
12/1/2016,53.529998779296875,55.09000015258789,53.150001525878906,55.029998779296875,1091500,53.21998977661133
11/30/2016,54.189998626708984,54.189998626708984,53.130001068115234,53.560001373291016,641200,51.798343658447266
11/29/2016,54.0099983215332,54.939998626708984,54,54.189998626708984,725000,52.407615661621094
11/28/2016,55.59000015258789,55.84700012207031,54.27000045776367,54.34000015258789,934500,52.55268096923828
11/25/2016,55.849998474121094,56.4900016784668,55.47999954223633,55.86000061035156,392600,54.02268981933594
11/23/2016,56.0099983215332,56.50199890136719,55.5099983215332,55.9900016784668,1008800,54.148414611816406
11/22/2016,52.72999954223633,56.66999816894531,52.22999954223633,56.66999816894531,1737400,54.8060417175293
11/21/2016,52.349998474121094,53.4900016784668,51.959999084472656,52.970001220703125,1045700,51.227745056152344
11/18/2016,53.58000183105469,54.439998626708984,52.900001525878906,53.04999923706055,1210500,51.30511474609375
11/17/2016,50.0099983215332,55.130001068115234,50.0099983215332,53.5,3302300,51.74031448364258
11/16/2016,47.810001373291016,50.060001373291016,47.54999923706055,50,2590900,48.355430603027344
11/15/2016,45.97999954223633,47.95000076293945,45.77000045776367,47.720001220703125,1062600,46.15042495727539
11/14/2016,46.56999969482422,47.698001861572266,44.33000183105469,45.77000045776367,1779700,44.264564514160156
11/11/2016,45.650001525878906,47.16999816894531,45.09000015258789,46.58000183105469,2114000,45.04792785644531
11/10/2016,43.97999954223633,46.22999954223633,43.119998931884766,45.900001525878906,2539200,44.39029312133789
11/9/2016,44.5099983215332,45.790000915527344,43.2400016784668,44.2599983215332,3939800,42.80422592163086
11/8/2016,43.11000061035156,46.540000915527344,39.65999984741211,46.27000045776367,6690500,44.74811935424805
11/7/2016,43.599998474121094,45.06999969482422,43.52000045776367,44.599998474121094,5813900,43.13303756713867
11/4/2016,44.119998931884766,44.77000045776367,42.270999908447266,44.20000076293945,3886100,42.74620056152344
11/3/2016,45,45.209999084472656,44.3849983215332,44.75,2332500,43.27811813354492
11/2/2016,44.70000076293945,45.599998474121094,44.29999923706055,45,4361300,43.51988983154297
11/1/2016,45.79999923706055,46.810001373291016,44.84000015258789,45.29999923706055,9216400,43.810020446777344
10/31/2016,47,48.20000076293945,44.970001220703125,45.5099983215332,22653300,44.01311492919922
10/28/2016,47,47,44.93000030517578,45.97999954223633,1418400,44.4676513671875
10/27/2016,45.5,45.77000045776367,44.939998626708984,45.25,1412000,43.76165771484375
10/26/2016,43.709999084472656,46.93000030517578,43.70000076293945,45.5,2626800,44.00344467163086
10/25/2016,46.689998626708984,46.689998626708984,43.7400016784668,44.349998474121094,1675100,42.89126968383789
10/24/2016,48,48,46.67499923706055,46.75,1070600,45.21233367919922
10/21/2016,48.56999969482422,48.56999969482422,47.470001220703125,47.75,1223600,46.17943572998047
10/19/2016,49.38999938964844,50.4900016784668,49,49.34000015258789,1568400,47.71714401245117
10/18/2016,49.689998626708984,49.75,48.709999084472656,49.22999954223633,836600,47.61075973510742
10/17/2016,50.599998474121094,54,48.119998931884766,49.349998474121094,2547900,47.72681427001953
