4/22/2019,32.790000915527344,32.81999969482422,32.40999984741211,32.72999954223633,714000,32.72999954223633
4/18/2019,32.66999816894531,33.0099983215332,32.5,32.83000183105469,1427400,32.83000183105469
4/17/2019,32.349998474121094,32.70000076293945,32.33000183105469,32.70000076293945,2694700,32.70000076293945
4/16/2019,32.2400016784668,32.45000076293945,32.15999984741211,32.41999816894531,9644500,32.41999816894531
4/15/2019,32.27000045776367,32.9900016784668,31.959999084472656,31.989999771118164,17219300,31.989999771118164
4/12/2019,26.8799991607666,27.15999984741211,26.68000030517578,27.139999389648438,226700,27.139999389648438
4/11/2019,26.540000915527344,26.959999084472656,25.875,26.829999923706055,435300,26.829999923706055
4/10/2019,27.56999969482422,27.93000030517578,27.530000686645508,27.700000762939453,193700,27.700000762939453
4/9/2019,27.65999984741211,27.850000381469727,27.489999771118164,27.579999923706055,258200,27.579999923706055
4/8/2019,27.65999984741211,27.798999786376953,27.43000030517578,27.770000457763672,191900,27.770000457763672
4/5/2019,27.610000610351562,27.8700008392334,27.5,27.799999237060547,463800,27.799999237060547
4/4/2019,27.860000610351562,27.860000610351562,27.31999969482422,27.5,307700,27.5
4/3/2019,27.75,27.850000381469727,27.610000610351562,27.670000076293945,200600,27.670000076293945
4/2/2019,27.739999771118164,27.81999969482422,27.459999084472656,27.59000015258789,223700,27.59000015258789
4/1/2019,28.200000762939453,28.219999313354492,27.549999237060547,27.709999084472656,358200,27.709999084472656
3/29/2019,28.200000762939453,28.200000762939453,27.889999389648438,28,413500,28
3/28/2019,27.690000534057617,28.030000686645508,27.559999465942383,28.020000457763672,208400,28.020000457763672
3/27/2019,27.989999771118164,28.350000381469727,27.59000015258789,27.600000381469727,263500,27.600000381469727
3/26/2019,27.579999923706055,28.020000457763672,27.454999923706055,28,232800,28
3/25/2019,27.18000030517578,27.639999389648438,27.010000228881836,27.459999084472656,218600,27.459999084472656
3/22/2019,27.31999969482422,27.420000076293945,27.079999923706055,27.15999984741211,272600,27.15999984741211
3/21/2019,26.989999771118164,27.579999923706055,26.985000610351562,27.459999084472656,155900,27.459999084472656
3/20/2019,27.190000534057617,27.399999618530273,26.969999313354492,27.079999923706055,283000,27.079999923706055
3/19/2019,27.18000030517578,27.31999969482422,26.959999084472656,27.200000762939453,271400,27.200000762939453
3/18/2019,26.969999313354492,27.200000762939453,26.825000762939453,27.15999984741211,189800,27.15999984741211
3/15/2019,26.950000762939453,27.020000457763672,26.700000762939453,26.90999984741211,638500,26.90999984741211
3/14/2019,26.899999618530273,27.059999465942383,26.799999237060547,26.8799991607666,185700,26.8799991607666
3/13/2019,26.959999084472656,27.040000915527344,26.770000457763672,26.860000610351562,217700,26.860000610351562
3/12/2019,26.729999542236328,26.90999984741211,26.459999084472656,26.8799991607666,178900,26.8799991607666
3/11/2019,26.34000015258789,26.780000686645508,26.149999618530273,26.760000228881836,325700,26.760000228881836
3/8/2019,26.329999923706055,26.5,26.139999389648438,26.350000381469727,226500,26.350000381469727
3/7/2019,26.309999465942383,26.540000915527344,26.139999389648438,26.43000030517578,247000,26.43000030517578
3/6/2019,26.479999542236328,26.719999313354492,26.299999237060547,26.389999389648438,378900,26.389999389648438
3/5/2019,26.639999389648438,26.760000228881836,26.489999771118164,26.5,310800,26.5
3/4/2019,26.760000228881836,26.760000228881836,26.469999313354492,26.65999984741211,314700,26.65999984741211
3/1/2019,26.6200008392334,26.719999313354492,26.40999984741211,26.690000534057617,408200,26.690000534057617
2/28/2019,26.649999618530273,26.895000457763672,26.5,26.520000457763672,355000,26.520000457763672
2/27/2019,26.520000457763672,26.875,26.440000534057617,26.700000762939453,360700,26.700000762939453
2/26/2019,26.719999313354492,26.75,26.469999313354492,26.59000015258789,673200,26.59000015258789
2/25/2019,26.739999771118164,26.959999084472656,26.510000228881836,26.690000534057617,673000,26.690000534057617
2/22/2019,28,28,26.59000015258789,27,681400,27
2/21/2019,27.420000076293945,27.81999969482422,27.350000381469727,27.610000610351562,550200,27.610000610351562
2/20/2019,26.940000534057617,27.600000381469727,26.864999771118164,27.56999969482422,611200,27.56999969482422
2/19/2019,26.610000610351562,27.190000534057617,26.479999542236328,27,416300,27
2/15/2019,26.65999984741211,27.34000015258789,26.6299991607666,27.329999923706055,673600,27.329999923706055
2/14/2019,26.760000228881836,27.149999618530273,26.639999389648438,26.68000030517578,500100,26.68000030517578
2/13/2019,26.8700008392334,26.969999313354492,26.68000030517578,26.790000915527344,517100,26.790000915527344
2/12/2019,26.3700008392334,26.809999465942383,26.204999923706055,26.770000457763672,448800,26.770000457763672
2/11/2019,25.940000534057617,26.270000457763672,25.889999389648438,26.239999771118164,298900,26.239999771118164
2/8/2019,25.979999542236328,26.010000228881836,25.700000762939453,25.8799991607666,330400,25.8799991607666
2/7/2019,25.799999237060547,26.100000381469727,25.690000534057617,25.920000076293945,210100,25.920000076293945
2/6/2019,26.110000610351562,26.110000610351562,25.81999969482422,25.950000762939453,374100,25.950000762939453
2/5/2019,25.81999969482422,26.280000686645508,25.56999969482422,26.010000228881836,405900,26.010000228881836
2/4/2019,25.239999771118164,25.790000915527344,25.170000076293945,25.75,420400,25.75
2/1/2019,25.25,25.34000015258789,25.079999923706055,25.25,140500,25.25
1/31/2019,24.979999542236328,25.299999237060547,24.829999923706055,25.200000762939453,425300,25.200000762939453
1/30/2019,24.829999923706055,25.059999465942383,24.610000610351562,24.989999771118164,198600,24.989999771118164
1/29/2019,24.709999084472656,24.860000610351562,24.56999969482422,24.709999084472656,321400,24.709999084472656
1/28/2019,24.639999389648438,24.780000686645508,24.280000686645508,24.579999923706055,233900,24.579999923706055
1/25/2019,24.459999084472656,25.110000610351562,24.459999084472656,24.8799991607666,296300,24.8799991607666
1/24/2019,24.34000015258789,24.579999923706055,24.260000228881836,24.299999237060547,542600,24.299999237060547
1/23/2019,24.579999923706055,24.700000762939453,24.18000030517578,24.350000381469727,257000,24.350000381469727
1/22/2019,24.799999237060547,25,24.360000610351562,24.549999237060547,425100,24.549999237060547
1/18/2019,25.079999923706055,25.209999084472656,24.809999465942383,24.940000534057617,372000,24.940000534057617
1/17/2019,24.809999465942383,25.25,24.809999465942383,25.030000686645508,405700,25.030000686645508
1/16/2019,24.770000457763672,25.09000015258789,24.709999084472656,24.940000534057617,251800,24.940000534057617
1/15/2019,24.329999923706055,24.90999984741211,24.329999923706055,24.690000534057617,388800,24.690000534057617
1/14/2019,24.520000457763672,24.559999465942383,24.239999771118164,24.34000015258789,157400,24.34000015258789
1/11/2019,24.459999084472656,24.700000762939453,24.3799991607666,24.610000610351562,297700,24.610000610351562
1/10/2019,24.149999618530273,24.809999465942383,24.149999618530273,24.639999389648438,237400,24.639999389648438
1/9/2019,24.479999542236328,24.530000686645508,24,24.239999771118164,361200,24.239999771118164
1/8/2019,24.170000076293945,24.59000015258789,23.954999923706055,24.479999542236328,354800,24.479999542236328
1/7/2019,23.770000457763672,24.229999542236328,23.764999389648438,24.149999618530273,409900,24.149999618530273
1/4/2019,23.5,24.09000015258789,23.5,23.780000686645508,619100,23.780000686645508
1/3/2019,23.200000762939453,23.469999313354492,23.020000457763672,23.290000915527344,404200,23.290000915527344
1/2/2019,23.684999465942383,23.684999465942383,23.079999923706055,23.280000686645508,378100,23.280000686645508
12/31/2018,23.56999969482422,23.950000762939453,23.459999084472656,23.940000534057617,280800,23.940000534057617
12/28/2018,22.979999542236328,23.600000381469727,22.979999542236328,23.450000762939453,491900,23.450000762939453
12/27/2018,22.719999313354492,22.969999313354492,22.25,22.93000030517578,546200,22.93000030517578
12/26/2018,22.399999618530273,23,22.049999237060547,22.940000534057617,394700,22.940000534057617
12/24/2018,23.059999465942383,23.059999465942383,22.25,22.290000915527344,173200,22.290000915527344
12/21/2018,23.510000228881836,23.700000762939453,22.959999084472656,23.079999923706055,1070200,23.079999923706055
12/20/2018,24.299999237060547,24.309999465942383,23.3799991607666,23.43000030517578,430000,23.43000030517578
12/19/2018,24.440000534057617,24.895000457763672,24.09000015258789,24.280000686645508,603800,24.280000686645508
12/18/2018,24.90999984741211,25.040000915527344,24.3799991607666,24.43000030517578,294800,24.43000030517578
12/17/2018,25.719999313354492,25.719999313354492,24.59000015258789,24.739999771118164,438600,24.739999771118164
12/14/2018,25.809999465942383,26.1299991607666,25.530000686645508,25.649999618530273,397200,25.649999618530273
12/13/2018,25.889999389648438,26.049999237060547,25.55500030517578,25.93000030517578,437800,25.93000030517578
12/12/2018,26,26.299999237060547,25.84000015258789,25.860000610351562,213000,25.860000610351562
12/11/2018,25.829999923706055,26.1299991607666,25.760000228881836,25.790000915527344,285600,25.790000915527344
12/10/2018,26,26.100000381469727,25.364999771118164,25.59000015258789,710900,25.59000015258789
12/7/2018,26.239999771118164,26.309999465942383,25.690000534057617,26.010000228881836,422200,26.010000228881836
12/6/2018,26.190000534057617,26.31999969482422,25.600000381469727,26.31999969482422,385000,26.31999969482422
12/4/2018,26.829999923706055,27.079999923706055,26.450000762939453,26.469999313354492,671400,26.469999313354492
12/3/2018,27.06999969482422,27.06999969482422,26.170000076293945,26.770000457763672,516500,26.770000457763672
11/30/2018,26.6200008392334,27.09000015258789,26.6200008392334,26.950000762939453,425300,26.950000762939453
11/29/2018,26.65999984741211,26.959999084472656,26.5,26.649999618530273,331300,26.649999618530273
11/28/2018,26.56999969482422,26.84000015258789,26.364999771118164,26.690000534057617,781100,26.690000534057617
11/27/2018,26.920000076293945,27.059999465942383,26.489999771118164,26.5,256100,26.5
11/26/2018,27.020000457763672,27.18000030517578,26.649999618530273,26.979999542236328,753400,26.979999542236328
11/23/2018,26.770000457763672,27.100000381469727,26.709999084472656,26.920000076293945,75900,26.920000076293945
11/21/2018,26.469999313354492,26.969999313354492,26.399999618530273,26.8799991607666,270900,26.8799991607666
11/20/2018,26.84000015258789,27.079999923706055,26.389999389648438,26.420000076293945,541600,26.420000076293945
11/19/2018,26.600000381469727,27.31999969482422,26.450000762939453,26.989999771118164,508000,26.989999771118164
11/16/2018,25.84000015258789,26.600000381469727,25.799999237060547,26.549999237060547,1029500,26.549999237060547
11/15/2018,26.040000915527344,26.229999542236328,25.68000030517578,25.899999618530273,484400,25.899999618530273
11/14/2018,26.309999465942383,26.65999984741211,26.020000457763672,26.09000015258789,388100,26.09000015258789
11/13/2018,26.959999084472656,26.979999542236328,26.290000915527344,26.309999465942383,242400,26.309999465942383
11/12/2018,26.700000762939453,27.40999984741211,26.700000762939453,26.889999389648438,310100,26.889999389648438
11/9/2018,26.65999984741211,26.84000015258789,26.530000686645508,26.68000030517578,620300,26.68000030517578
11/8/2018,26.43000030517578,26.889999389648438,26.31999969482422,26.729999542236328,363900,26.729999542236328
11/7/2018,25.75,26.299999237060547,25.75,26.25,376200,26.25
11/6/2018,25.40999984741211,25.75,25.229999542236328,25.700000762939453,435000,25.700000762939453
11/5/2018,25.270000457763672,25.5,24.9950008392334,25.200000762939453,394600,25.200000762939453
11/2/2018,24.649999618530273,25.75,24.315000534057617,25.290000915527344,680800,25.290000915527344
11/1/2018,26.5,27.469999313354492,24.65999984741211,24.719999313354492,1189600,24.719999313354492
10/31/2018,26.979999542236328,27.290000915527344,26.850000381469727,27.09000015258789,715500,27.09000015258789
10/30/2018,26.270000457763672,26.899999618530273,26.2549991607666,26.809999465942383,535500,26.809999465942383
10/29/2018,25.920000076293945,26.479999542236328,25.920000076293945,26.229999542236328,755600,26.229999542236328
10/26/2018,25.290000915527344,25.829999923706055,25.18000030517578,25.739999771118164,454000,25.739999771118164
10/25/2018,26.190000534057617,26.190000534057617,25.5,25.540000915527344,603800,25.540000915527344
10/24/2018,25.790000915527344,26.3700008392334,25.219999313354492,25.950000762939453,529700,25.950000762939453
10/23/2018,26.469999313354492,26.540000915527344,25.93000030517578,26.299999237060547,286300,26.299999237060547
10/22/2018,26.93000030517578,27.1299991607666,26.649999618530273,26.719999313354492,284300,26.719999313354492
10/19/2018,26.799999237060547,27.239999771118164,26.59000015258789,26.760000228881836,497800,26.760000228881836
10/18/2018,26.639999389648438,27.020000457763672,26.549999237060547,26.84000015258789,331500,26.84000015258789
10/17/2018,26.700000762939453,26.790000915527344,26.530000686645508,26.649999618530273,420700,26.649999618530273
10/16/2018,26.1200008392334,26.825000762939453,26,26.790000915527344,389300,26.790000915527344
10/15/2018,25.610000610351562,26.079999923706055,25.520000457763672,25.989999771118164,427600,25.989999771118164
10/12/2018,26.079999923706055,26.079999923706055,25.31999969482422,25.670000076293945,408400,25.670000076293945
10/11/2018,26.34000015258789,26.459999084472656,25.770000457763672,25.790000915527344,576300,25.790000915527344
10/10/2018,26.290000915527344,26.514999389648438,26.174999237060547,26.420000076293945,458900,26.420000076293945
10/9/2018,26.209999084472656,26.459999084472656,26.110000610351562,26.329999923706055,235000,26.329999923706055
10/8/2018,26,26.360000610351562,25.959999084472656,26.299999237060547,256300,26.299999237060547
10/5/2018,25.899999618530273,26.09000015258789,25.790000915527344,25.959999084472656,265600,25.959999084472656
10/4/2018,26.1200008392334,26.280000686645508,25.65999984741211,25.829999923706055,274100,25.829999923706055
10/3/2018,26.709999084472656,26.809999465942383,26.219999313354492,26.239999771118164,190100,26.239999771118164
10/2/2018,26.770000457763672,26.829999923706055,26.479999542236328,26.610000610351562,319000,26.610000610351562
10/1/2018,27.219999313354492,27.329999923706055,26.6299991607666,26.700000762939453,388600,26.700000762939453
9/28/2018,26.979999542236328,27.209999084472656,26.892000198364258,27.079999923706055,242900,27.079999923706055
9/27/2018,27.049999237060547,27.110000610351562,26.975000381469727,27.010000228881836,161700,27.010000228881836
9/26/2018,27.270000457763672,27.440000534057617,26.969999313354492,26.979999542236328,300800,26.979999542236328
9/25/2018,27.299999237060547,27.34000015258789,27.079999923706055,27.270000457763672,313000,27.270000457763672
9/24/2018,27.34000015258789,27.43000030517578,27.149999618530273,27.209999084472656,290700,27.209999084472656
9/21/2018,27.579999923706055,27.739999771118164,27.34000015258789,27.34000015258789,1751600,27.34000015258789
9/20/2018,27.510000228881836,27.610000610351562,27.350000381469727,27.59000015258789,250900,27.59000015258789
9/19/2018,27.469999313354492,27.59000015258789,27.139999389648438,27.3799991607666,292500,27.3799991607666
9/18/2018,27.1200008392334,27.739999771118164,27.030000686645508,27.559999465942383,370900,27.559999465942383
9/17/2018,27.40999984741211,27.450000762939453,26.989999771118164,27.09000015258789,416800,27.09000015258789
9/14/2018,27.059999465942383,27.309999465942383,26.899999618530273,27.25,243800,27.25
9/13/2018,27.010000228881836,27.219999313354492,26.969999313354492,27.09000015258789,316000,27.09000015258789
9/12/2018,26.93000030517578,27.135000228881836,26.709999084472656,26.979999542236328,577900,26.979999542236328
9/11/2018,27.68000030517578,27.709999084472656,26.959999084472656,26.979999542236328,573200,26.979999542236328
9/10/2018,27.770000457763672,27.93000030517578,27.65999984741211,27.760000228881836,359400,27.760000228881836
9/7/2018,27.649999618530273,27.799999237060547,27.559999465942383,27.700000762939453,377000,27.700000762939453
9/6/2018,27.559999465942383,27.790000915527344,27.485000610351562,27.649999618530273,760600,27.649999618530273
9/5/2018,27.100000381469727,27.43000030517578,27,27.399999618530273,305200,27.399999618530273
9/4/2018,26.68000030517578,27.170000076293945,26.6200008392334,27.1299991607666,557500,27.1299991607666
8/31/2018,26.670000076293945,26.770000457763672,26.5,26.68000030517578,271900,26.68000030517578
8/30/2018,26.360000610351562,26.780000686645508,26.229999542236328,26.690000534057617,296300,26.690000534057617
8/29/2018,26.25,26.479999542236328,26.110000610351562,26.360000610351562,546400,26.360000610351562
8/28/2018,26.100000381469727,26.239999771118164,26.020000457763672,26.219999313354492,296900,26.219999313354492
8/27/2018,26,26.149999618530273,25.889999389648438,26.040000915527344,348800,26.040000915527344
8/24/2018,25.860000610351562,26.049999237060547,25.84000015258789,25.93000030517578,224800,25.93000030517578
8/23/2018,25.670000076293945,25.8700008392334,25.559999465942383,25.799999237060547,291100,25.799999237060547
8/22/2018,25.81999969482422,25.899999618530273,25.549999237060547,25.649999618530273,293900,25.649999618530273
8/21/2018,25.450000762939453,25.899999618530273,25.450000762939453,25.829999923706055,383600,25.829999923706055
8/20/2018,25.40999984741211,25.56999969482422,25.31999969482422,25.440000534057617,472500,25.440000534057617
8/17/2018,25.260000228881836,25.645000457763672,25.260000228881836,25.40999984741211,432300,25.40999984741211
8/16/2018,25,25.329999923706055,24.843000411987305,25.31999969482422,345900,25.31999969482422
8/15/2018,24.700000762939453,25.0049991607666,24.670000076293945,24.899999618530273,294400,24.899999618530273
8/14/2018,24.469999313354492,24.799999237060547,24.450000762939453,24.719999313354492,292800,24.719999313354492
8/13/2018,24.549999237060547,24.700000762939453,24.350000381469727,24.420000076293945,208000,24.420000076293945
8/10/2018,24.309999465942383,24.639999389648438,24.309999465942383,24.5,256200,24.5
8/9/2018,24.15999984741211,24.489999771118164,24.06999969482422,24.399999618530273,338300,24.399999618530273
8/8/2018,24.149999618530273,24.149999618530273,23.899999618530273,24.079999923706055,335900,24.079999923706055
8/7/2018,24.25,24.43000030517578,23.979999542236328,24.09000015258789,267800,24.09000015258789
8/6/2018,24.420000076293945,24.489999771118164,24.190000534057617,24.25,528000,24.25
8/3/2018,23.969999313354492,24.5,23.889999389648438,24.360000610351562,791800,24.360000610351562
8/2/2018,24.239999771118164,24.65999984741211,23.760000228881836,24.06999969482422,883100,24.06999969482422
8/1/2018,24.6299991607666,24.690000534057617,24.229999542236328,24.479999542236328,1142200,24.479999542236328
7/31/2018,24.549999237060547,24.690000534057617,24.329999923706055,24.600000381469727,301200,24.600000381469727
7/30/2018,24.489999771118164,24.579999923706055,24.399999618530273,24.420000076293945,678600,24.420000076293945
7/27/2018,24.760000228881836,24.979999542236328,24.389999389648438,24.540000915527344,504600,24.540000915527344
7/26/2018,24.280000686645508,24.780000686645508,24.170000076293945,24.700000762939453,1683600,24.700000762939453
7/25/2018,23.700000762939453,24.290000915527344,23.700000762939453,24.190000534057617,1832800,24.190000534057617
7/24/2018,24.139999389648438,24.209999084472656,23.670000076293945,23.770000457763672,605800,23.770000457763672
7/23/2018,24.229999542236328,24.290000915527344,24.010000228881836,24.1299991607666,354900,24.1299991607666
7/20/2018,24.3799991607666,24.489999771118164,24.31999969482422,24.329999923706055,247300,24.329999923706055
7/19/2018,24.309999465942383,24.510000228881836,24.299999237060547,24.3799991607666,296400,24.3799991607666
7/18/2018,24.760000228881836,24.760000228881836,24.309999465942383,24.360000610351562,386800,24.360000610351562
7/17/2018,25.059999465942383,25.1200008392334,24.760000228881836,24.780000686645508,288500,24.780000686645508
7/16/2018,25.440000534057617,25.450000762939453,24.850000381469727,24.979999542236328,309000,24.979999542236328
7/13/2018,25.56999969482422,25.799999237060547,25.43000030517578,25.43000030517578,226500,25.43000030517578
7/12/2018,25.110000610351562,25.56999969482422,25,25.540000915527344,788800,25.540000915527344
7/11/2018,24.959999084472656,25.170000076293945,24.81999969482422,25.010000228881836,689600,25.010000228881836
7/10/2018,24.93000030517578,25.09000015258789,24.84000015258789,25,545500,25
7/9/2018,25,25.040000915527344,24.8700008392334,24.950000762939453,459300,24.950000762939453
7/6/2018,24.989999771118164,25.049999237060547,24.8700008392334,24.90999984741211,296900,24.90999984741211
7/5/2018,24.940000534057617,25,24.8700008392334,25,321600,25
7/3/2018,25,25.079999923706055,24.799999237060547,24.81999969482422,265400,24.81999969482422
7/2/2018,24.649999618530273,24.850000381469727,24.6200008392334,24.850000381469727,688500,24.850000381469727
6/29/2018,24.989999771118164,25.05500030517578,24.75,24.780000686645508,435300,24.780000686645508
6/28/2018,24.729999542236328,25.020000457763672,24.58799934387207,24.969999313354492,551000,24.969999313354492
6/27/2018,24.950000762939453,25.3799991607666,24.729999542236328,24.729999542236328,675300,24.729999542236328
6/26/2018,24.469999313354492,24.920000076293945,24.450000762939453,24.920000076293945,775600,24.920000076293945
6/25/2018,24.5,24.510000228881836,24.350000381469727,24.450000762939453,485800,24.450000762939453
6/22/2018,24.200000762939453,24.549999237060547,24.100000381469727,24.530000686645508,2058400,24.530000686645508
6/21/2018,24,24.1200008392334,23.950000762939453,24.079999923706055,468400,24.079999923706055
6/20/2018,23.989999771118164,24.15999984741211,23.860000610351562,24.079999923706055,689200,24.079999923706055
6/19/2018,23.799999237060547,24.139999389648438,23.799999237060547,24,595900,24
6/18/2018,23.829999923706055,24.079999923706055,23.735000610351562,23.989999771118164,408000,23.989999771118164
6/15/2018,23.770000457763672,24,23.71500015258789,23.780000686645508,727900,23.780000686645508
6/14/2018,23.68000030517578,23.899999618530273,23.58099937438965,23.8700008392334,335100,23.8700008392334
6/13/2018,23.950000762939453,24.149999618530273,23.59000015258789,23.6200008392334,685100,23.6200008392334
6/12/2018,23.850000381469727,24,23.809999465942383,23.989999771118164,347200,23.989999771118164
6/11/2018,23.770000457763672,23.860000610351562,23.700000762939453,23.809999465942383,298900,23.809999465942383
6/8/2018,23.68000030517578,23.81999969482422,23.670000076293945,23.780000686645508,308700,23.780000686645508
6/7/2018,23.65999984741211,23.889999389648438,23.6200008392334,23.75,486500,23.75
6/6/2018,23.459999084472656,23.760000228881836,23.360000610351562,23.68000030517578,452300,23.68000030517578
6/5/2018,23.43000030517578,23.520000457763672,23.290000915527344,23.420000076293945,302600,23.420000076293945
6/4/2018,23.5,23.549999237060547,23.34000015258789,23.389999389648438,470800,23.389999389648438
6/1/2018,23.520000457763672,23.559999465942383,23.309999465942383,23.43000030517578,259800,23.43000030517578
5/31/2018,23.600000381469727,23.639999389648438,23.25,23.3799991607666,366300,23.3799991607666
5/30/2018,23.43000030517578,23.690000534057617,23.399999618530273,23.549999237060547,305200,23.549999237060547
5/29/2018,23.399999618530273,23.700000762939453,23.229999542236328,23.309999465942383,319100,23.309999465942383
5/25/2018,23.6200008392334,23.719999313354492,23.469999313354492,23.59000015258789,377300,23.59000015258789
5/24/2018,23.479999542236328,23.56999969482422,23.389999389648438,23.469999313354492,506000,23.469999313354492
5/23/2018,23.200000762939453,23.600000381469727,23.125,23.540000915527344,744800,23.540000915527344
5/22/2018,23.610000610351562,23.75,23.219999313354492,23.239999771118164,326500,23.239999771118164
5/21/2018,23.3700008392334,23.729999542236328,23.3700008392334,23.6200008392334,280100,23.6200008392334
5/18/2018,23.43000030517578,23.450000762939453,23.2549991607666,23.309999465942383,795400,23.309999465942383
5/17/2018,23.43000030517578,23.579999923706055,23.290000915527344,23.34000015258789,595700,23.34000015258789
5/16/2018,23.329999923706055,23.649999618530273,23.25,23.450000762939453,819000,23.450000762939453
5/15/2018,23.350000381469727,23.479999542236328,23.239999771118164,23.239999771118164,1949200,23.239999771118164
5/14/2018,23.010000228881836,23.440000534057617,22.930999755859375,23.3799991607666,1142700,23.3799991607666
5/11/2018,23.100000381469727,23.299999237060547,22.979999542236328,23.040000915527344,661400,23.040000915527344
5/10/2018,23.059999465942383,23.100000381469727,22.8799991607666,23,841900,23
5/9/2018,22.889999389648438,23.280000686645508,22.68000030517578,23.059999465942383,1195300,23.059999465942383
5/8/2018,22.600000381469727,22.93000030517578,22.59000015258789,22.75,4236200,22.75
5/7/2018,22.809999465942383,23.274999618530273,22.649999618530273,22.860000610351562,550000,22.860000610351562
5/4/2018,22.90999984741211,23.09000015258789,22.645999908447266,22.8700008392334,484200,22.8700008392334
5/3/2018,22.31999969482422,23.440000534057617,22.31999969482422,22.899999618530273,713200,22.899999618530273
5/2/2018,22.1299991607666,22.39900016784668,22.079999923706055,22.219999313354492,215800,22.219999313354492
5/1/2018,22.030000686645508,22.270000457763672,21.799999237060547,22.270000457763672,246000,22.270000457763672
4/30/2018,22.510000228881836,22.520000457763672,22.040000915527344,22.040000915527344,206300,22.040000915527344
4/27/2018,22.360000610351562,22.600000381469727,22.325000762939453,22.5,206200,22.5
4/26/2018,22.510000228881836,22.530000686645508,22.25,22.399999618530273,167800,22.399999618530273
4/25/2018,22.43000030517578,22.540000915527344,22.229999542236328,22.3799991607666,139400,22.3799991607666
4/24/2018,22.610000610351562,22.829999923706055,22.3799991607666,22.459999084472656,230700,22.459999084472656
4/23/2018,22.510000228881836,22.670000076293945,22.440000534057617,22.530000686645508,248900,22.530000686645508
4/20/2018,22.559999465942383,22.649999618530273,22.395000457763672,22.510000228881836,374700,22.510000228881836
4/19/2018,22.81999969482422,22.90999984741211,22.614999771118164,22.65999984741211,153100,22.65999984741211
4/18/2018,22.809999465942383,22.940000534057617,22.760000228881836,22.809999465942383,655600,22.809999465942383
4/17/2018,22.81999969482422,22.969999313354492,22.739999771118164,22.84000015258789,485900,22.84000015258789
4/16/2018,22.739999771118164,22.860000610351562,22.639999389648438,22.739999771118164,406900,22.739999771118164
4/13/2018,22.719999313354492,22.770000457763672,22.510000228881836,22.700000762939453,281500,22.700000762939453
4/12/2018,22.5,22.795000076293945,22.40999984741211,22.719999313354492,298400,22.719999313354492
4/11/2018,22.329999923706055,22.530000686645508,22.190000534057617,22.450000762939453,251700,22.450000762939453
4/10/2018,22.40999984741211,22.56999969482422,22.329999923706055,22.43000030517578,163400,22.43000030517578
4/9/2018,22.40999984741211,22.540000915527344,22.200000762939453,22.270000457763672,186600,22.270000457763672
4/6/2018,22.56999969482422,22.719999313354492,22.229999542236328,22.329999923706055,388200,22.329999923706055
4/5/2018,22.56999969482422,22.75,22.479999542236328,22.690000534057617,275200,22.690000534057617
4/4/2018,22.260000228881836,22.559999465942383,22.114999771118164,22.510000228881836,352800,22.510000228881836
4/3/2018,22.079999923706055,22.549999237060547,21.989999771118164,22.479999542236328,445200,22.479999542236328
4/2/2018,22.270000457763672,22.309999465942383,21.899999618530273,22.059999465942383,562700,22.059999465942383
3/29/2018,22,22.395000457763672,21.899999618530273,22.280000686645508,468600,22.280000686645508
3/28/2018,21.81999969482422,22,21.760000228881836,21.8799991607666,242400,21.8799991607666
3/27/2018,21.959999084472656,22.059999465942383,21.75,21.799999237060547,237100,21.799999237060547
3/26/2018,22.139999389648438,22.190000534057617,21.84000015258789,21.899999618530273,470100,21.899999618530273
3/23/2018,22.079999923706055,22.079999923706055,21.899999618530273,21.940000534057617,564100,21.940000534057617
3/22/2018,22.280000686645508,22.360000610351562,22,22,263100,22
3/21/2018,22.219999313354492,22.510000228881836,22.06999969482422,22.350000381469727,281800,22.350000381469727
3/20/2018,22.40999984741211,22.540000915527344,22.108999252319336,22.270000457763672,395700,22.270000457763672
3/19/2018,22.510000228881836,22.549999237060547,22.06999969482422,22.399999618530273,718700,22.399999618530273
3/16/2018,22.5,22.690000534057617,22.440000534057617,22.489999771118164,1416100,22.489999771118164
3/15/2018,22.5,22.729999542236328,22.420000076293945,22.459999084472656,769200,22.459999084472656
3/14/2018,22.530000686645508,22.65999984741211,22.34000015258789,22.40999984741211,956700,22.40999984741211
3/13/2018,22.780000686645508,22.93899917602539,22.34000015258789,22.450000762939453,1404200,22.450000762939453
3/12/2018,22.8700008392334,23.239999771118164,22.780000686645508,22.780000686645508,821700,22.780000686645508
3/9/2018,22.31999969482422,23.049999237060547,22.25,22.729999542236328,2898200,22.729999542236328
3/8/2018,22.549999237060547,22.790000915527344,22.549999237060547,22.709999084472656,198200,22.709999084472656
3/7/2018,22.34000015258789,22.610000610351562,22.229999542236328,22.520000457763672,214200,22.520000457763672
3/6/2018,22.270000457763672,22.450000762939453,22.06999969482422,22.420000076293945,381200,22.420000076293945
3/5/2018,22.139999389648438,22.309999465942383,21.93000030517578,22.260000228881836,284800,22.260000228881836
3/2/2018,21.559999465942383,22.219999313354492,21.5,22.15999984741211,306300,22.15999984741211
3/1/2018,22.290000915527344,22.440000534057617,21.549999237060547,21.6200008392334,500600,21.6200008392334
2/28/2018,22.559999465942383,22.799999237060547,22.3799991607666,22.3799991607666,444400,22.3799991607666
2/27/2018,22.290000915527344,22.729999542236328,22.290000915527344,22.510000228881836,273500,22.510000228881836
2/26/2018,22.34000015258789,22.34000015258789,21.799999237060547,22.15999984741211,410900,22.15999984741211
2/23/2018,22.18000030517578,23.350000381469727,22.15999984741211,22.329999923706055,458200,22.329999923706055
2/22/2018,23.600000381469727,24.020000457763672,23.469999313354492,23.5,374900,23.5
2/21/2018,23.65999984741211,23.940000534057617,23.43000030517578,23.59000015258789,158200,23.59000015258789
2/20/2018,23.799999237060547,24,23.56999969482422,23.610000610351562,156100,23.610000610351562
2/16/2018,23.450000762939453,24.110000610351562,23.450000762939453,23.950000762939453,122300,23.950000762939453
2/15/2018,23.719999313354492,23.719999313354492,23.329999923706055,23.540000915527344,165300,23.540000915527344
2/14/2018,22.969999313354492,23.670000076293945,22.8700008392334,23.600000381469727,157400,23.600000381469727
2/13/2018,22.829999923706055,23.200000762939453,22.700000762939453,23.149999618530273,141900,23.149999618530273
2/12/2018,23.290000915527344,23.375,22.790000915527344,22.850000381469727,206000,22.850000381469727
2/9/2018,23.25,23.399999618530273,22.770000457763672,23.209999084472656,440800,23.209999084472656
2/8/2018,23.670000076293945,23.670000076293945,22.959999084472656,22.969999313354492,782400,22.969999313354492
2/7/2018,23.3799991607666,23.799999237060547,23.3700008392334,23.610000610351562,284300,23.610000610351562
2/6/2018,23.229999542236328,23.65999984741211,22.649999618530273,23.280000686645508,900200,23.280000686645508
2/5/2018,23.950000762939453,24.06999969482422,23.649999618530273,23.68000030517578,633800,23.68000030517578
2/2/2018,24.079999923706055,24.2549991607666,23.94499969482422,24.020000457763672,178900,24.020000457763672
2/1/2018,24.260000228881836,24.260000228881836,23.899999618530273,24.170000076293945,149500,24.170000076293945
1/31/2018,24.31999969482422,24.520000457763672,24.155000686645508,24.3700008392334,163600,24.3700008392334
1/30/2018,24.09000015258789,24.3799991607666,24.049999237060547,24.260000228881836,164800,24.260000228881836
1/29/2018,24.389999389648438,24.420000076293945,24.18000030517578,24.190000534057617,157700,24.190000534057617
1/26/2018,24.360000610351562,24.600000381469727,24.270000457763672,24.389999389648438,98500,24.389999389648438
1/25/2018,24.440000534057617,24.440000534057617,24.1200008392334,24.329999923706055,95300,24.329999923706055
1/24/2018,24.3799991607666,24.809999465942383,24.290000915527344,24.299999237060547,146600,24.299999237060547
1/23/2018,24.360000610351562,24.40999984741211,24.1299991607666,24.360000610351562,99400,24.360000610351562
1/22/2018,24.06999969482422,24.43000030517578,23.90999984741211,24.43000030517578,253200,24.43000030517578
1/19/2018,23.8700008392334,24.260000228881836,23.770000457763672,24.079999923706055,318500,24.079999923706055
1/18/2018,23.959999084472656,24,23.6299991607666,23.920000076293945,182400,23.920000076293945
1/17/2018,24.100000381469727,24.239999771118164,23.889999389648438,23.989999771118164,231900,23.989999771118164
1/16/2018,24.18000030517578,24.40999984741211,23.959999084472656,24.030000686645508,442300,24.030000686645508
1/12/2018,24.1200008392334,24.360000610351562,23.850000381469727,24.170000076293945,865300,24.170000076293945
1/11/2018,23.600000381469727,24.2450008392334,23.5,24.079999923706055,731300,24.079999923706055
1/10/2018,23.5,23.709999084472656,23.350000381469727,23.56999969482422,632300,23.56999969482422
1/9/2018,23.770000457763672,24.170000076293945,23.579999923706055,23.59000015258789,438000,23.59000015258789
1/8/2018,23.68000030517578,23.8799991607666,23.489999771118164,23.6299991607666,296700,23.6299991607666
1/5/2018,23.899999618530273,23.959999084472656,23.6200008392334,23.719999313354492,402700,23.719999313354492
1/4/2018,23.68000030517578,23.979999542236328,23.540000915527344,23.780000686645508,220500,23.780000686645508
1/3/2018,23.450000762939453,23.78499984741211,23.3799991607666,23.6299991607666,338200,23.6299991607666
1/2/2018,23.959999084472656,24.020000457763672,23.309999465942383,23.450000762939453,464300,23.450000762939453
12/29/2017,23.8700008392334,24.079999923706055,23.709999084472656,23.940000534057617,261000,23.940000534057617
12/28/2017,23.81999969482422,23.920000076293945,23.610000610351562,23.809999465942383,357800,23.809999465942383
12/27/2017,23.690000534057617,23.8700008392334,23.520000457763672,23.719999313354492,226200,23.719999313354492
12/26/2017,23.690000534057617,23.829999923706055,23.670000076293945,23.729999542236328,175500,23.729999542236328
12/22/2017,23.719999313354492,23.899999618530273,23.670000076293945,23.799999237060547,113000,23.799999237060547
12/21/2017,23.579999923706055,23.81999969482422,23.5,23.690000534057617,807900,23.690000534057617
12/20/2017,23.6299991607666,23.889999389648438,23.479999542236328,23.549999237060547,430100,23.549999237060547
12/19/2017,23.40999984741211,23.549999237060547,23.309999465942383,23.5,895700,23.5
12/18/2017,23.139999389648438,23.59000015258789,23.010000228881836,23.3700008392334,265100,23.3700008392334
12/15/2017,22.829999923706055,23.15999984741211,22.829999923706055,23.010000228881836,752900,23.010000228881836
12/14/2017,23.18000030517578,23.40999984741211,22.700000762939453,22.760000228881836,288200,22.760000228881836
12/13/2017,23.1299991607666,23.440000534057617,23.1299991607666,23.18000030517578,265600,23.18000030517578
12/12/2017,23.06999969482422,23.510000228881836,23.06999969482422,23.309999465942383,399300,23.309999465942383
12/11/2017,23.079999923706055,23.5,22.829999923706055,23.030000686645508,750100,23.030000686645508
12/8/2017,22.770000457763672,22.84000015258789,22.450000762939453,22.520000457763672,432300,22.520000457763672
12/7/2017,22.719999313354492,22.8700008392334,22.549999237060547,22.65999984741211,280200,22.65999984741211
12/6/2017,22.709999084472656,22.850000381469727,22.59000015258789,22.700000762939453,276800,22.700000762939453
12/5/2017,23.3700008392334,23.3700008392334,22.65999984741211,22.690000534057617,283200,22.690000534057617
12/4/2017,23.239999771118164,23.530000686645508,23.239999771118164,23.309999465942383,478000,23.309999465942383
12/1/2017,23.280000686645508,23.450000762939453,22.780000686645508,23.040000915527344,489800,23.040000915527344
11/30/2017,23.709999084472656,23.799999237060547,23.06999969482422,23.329999923706055,730900,23.329999923706055
11/29/2017,23.31999969482422,23.795000076293945,23.18000030517578,23.68000030517578,544100,23.68000030517578
11/28/2017,22.43000030517578,23.3799991607666,22.360000610351562,23.280000686645508,544200,23.280000686645508
11/27/2017,22.25,22.520000457763672,22.209999084472656,22.43000030517578,416400,22.43000030517578
11/24/2017,22.489999771118164,22.809999465942383,22.229999542236328,22.25,231200,22.25
11/22/2017,22.84000015258789,22.860000610351562,22.399999618530273,22.520000457763672,404900,22.520000457763672
11/21/2017,22.8700008392334,23.09000015258789,22.670000076293945,22.809999465942383,705200,22.809999465942383
11/20/2017,23,23.135000228881836,22.729999542236328,22.829999923706055,760200,22.829999923706055
11/17/2017,23.420000076293945,23.459999084472656,22.8700008392334,23.010000228881836,2295400,23.010000228881836
11/16/2017,23.09000015258789,23.329999923706055,23.020000457763672,23.239999771118164,229200,23.239999771118164
11/15/2017,23.110000610351562,23.420000076293945,22.950000762939453,23,338300,23
11/14/2017,22.760000228881836,23.229999542236328,22.670000076293945,23.1200008392334,375600,23.1200008392334
11/13/2017,22.719999313354492,22.93000030517578,22.6200008392334,22.81999969482422,166000,22.81999969482422
11/10/2017,22.649999618530273,22.84000015258789,22.229999542236328,22.81999969482422,255600,22.81999969482422
11/9/2017,22.600000381469727,22.68000030517578,22.40999984741211,22.6200008392334,243500,22.6200008392334
11/8/2017,22.639999389648438,22.850000381469727,22.440000534057617,22.649999618530273,300100,22.649999618530273
11/7/2017,22.5,22.81999969482422,22.5,22.780000686645508,412500,22.780000686645508
11/6/2017,22.600000381469727,22.790000915527344,22.420000076293945,22.540000915527344,365000,22.540000915527344
11/3/2017,22.420000076293945,22.645000457763672,22.059999465942383,22.540000915527344,736000,22.540000915527344
11/2/2017,24.040000915527344,24.239999771118164,22.3700008392334,22.600000381469727,1558600,22.600000381469727
11/1/2017,24.850000381469727,24.8799991607666,24.360000610351562,24.530000686645508,356200,24.530000686645508
10/31/2017,24.760000228881836,24.969999313354492,24.700000762939453,24.920000076293945,188000,24.920000076293945
10/30/2017,24.760000228881836,24.979999542236328,24.649999618530273,24.850000381469727,188200,24.850000381469727
10/27/2017,25.520000457763672,25.59000015258789,24.75,24.850000381469727,204400,24.850000381469727
10/26/2017,24.780000686645508,25.520000457763672,24.6299991607666,25.469999313354492,209600,25.469999313354492
10/25/2017,24.530000686645508,24.739999771118164,24.489999771118164,24.639999389648438,238800,24.639999389648438
10/24/2017,24.530000686645508,24.875,24.479999542236328,24.520000457763672,111500,24.520000457763672
10/23/2017,24.68000030517578,24.780000686645508,24.440000534057617,24.559999465942383,114900,24.559999465942383
10/20/2017,24.489999771118164,24.739999771118164,24.31999969482422,24.68000030517578,171000,24.68000030517578
10/19/2017,24.440000534057617,24.59000015258789,24.170000076293945,24.290000915527344,205500,24.290000915527344
10/18/2017,24.6299991607666,24.780000686645508,24.489999771118164,24.510000228881836,217000,24.510000228881836
10/17/2017,24.579999923706055,24.770000457763672,24.43000030517578,24.540000915527344,194300,24.540000915527344
10/16/2017,24.6299991607666,24.93000030517578,24.479999542236328,24.59000015258789,189000,24.59000015258789
10/13/2017,24.81999969482422,24.81999969482422,24.56999969482422,24.600000381469727,152000,24.600000381469727
10/12/2017,24.84000015258789,25.040000915527344,24.600000381469727,24.739999771118164,187800,24.739999771118164
10/11/2017,24.559999465942383,24.875,24.549999237060547,24.8700008392334,308600,24.8700008392334
10/10/2017,24.56999969482422,24.700000762939453,24.496999740600586,24.530000686645508,209100,24.530000686645508
10/9/2017,24.549999237060547,24.68000030517578,24.3700008392334,24.43000030517578,197200,24.43000030517578
10/6/2017,24.6200008392334,24.71500015258789,24.3799991607666,24.479999542236328,203100,24.479999542236328
10/5/2017,24.610000610351562,24.850000381469727,24.56999969482422,24.670000076293945,171300,24.670000076293945
10/4/2017,24.010000228881836,24.950000762939453,23.649999618530273,24.610000610351562,1334800,24.610000610351562
10/3/2017,25.489999771118164,25.709999084472656,25.399999618530273,25.549999237060547,312700,25.549999237060547
10/2/2017,25.18000030517578,25.489999771118164,25.1299991607666,25.459999084472656,268200,25.459999084472656
9/29/2017,25.059999465942383,25.299999237060547,25.010000228881836,25.190000534057617,145600,25.190000534057617
9/28/2017,24.90999984741211,25.18000030517578,24.739999771118164,25.1200008392334,309100,25.1200008392334
9/27/2017,24.670000076293945,25.3799991607666,24.6200008392334,25,600900,25
9/26/2017,24.540000915527344,24.75,24.461000442504883,24.610000610351562,296400,24.610000610351562
9/25/2017,24.469999313354492,24.719999313354492,24.350000381469727,24.479999542236328,276000,24.479999542236328
9/22/2017,24.270000457763672,24.700000762939453,24.270000457763672,24.440000534057617,336800,24.440000534057617
9/21/2017,24.309999465942383,24.34000015258789,24.06999969482422,24.229999542236328,149700,24.229999542236328
9/20/2017,24.40999984741211,24.584999084472656,24.239999771118164,24.299999237060547,224700,24.299999237060547
9/19/2017,24.5,24.709999084472656,24.309999465942383,24.40999984741211,276300,24.40999984741211
9/18/2017,24.34000015258789,24.639999389648438,24.25,24.479999542236328,314000,24.479999542236328
9/15/2017,24.739999771118164,25.100000381469727,24.270000457763672,24.3799991607666,2316700,24.3799991607666
9/14/2017,24.899999618530273,25.100000381469727,24.639999389648438,24.68000030517578,505100,24.68000030517578
9/13/2017,24.979999542236328,25.139999389648438,24.81999969482422,24.860000610351562,376500,24.860000610351562
9/12/2017,24.579999923706055,25.1200008392334,24.579999923706055,25.020000457763672,285100,25.020000457763672
9/11/2017,24.56999969482422,24.649999618530273,24.399999618530273,24.530000686645508,393000,24.530000686645508
9/8/2017,23.719999313354492,24.579999923706055,23.674999237060547,24.3799991607666,405200,24.3799991607666
9/7/2017,23.739999771118164,23.889999389648438,23.579999923706055,23.690000534057617,447600,23.690000534057617
9/6/2017,23.75,23.899999618530273,23.68000030517578,23.780000686645508,637500,23.780000686645508
9/5/2017,23.75,24.09000015258789,23.579999923706055,23.760000228881836,378600,23.760000228881836
9/1/2017,23.829999923706055,24.06999969482422,23.760000228881836,23.850000381469727,254500,23.850000381469727
8/31/2017,23.639999389648438,24.030000686645508,23.489999771118164,23.84000015258789,613700,23.84000015258789
8/30/2017,23.739999771118164,23.899999618530273,23.469999313354492,23.6299991607666,257900,23.6299991607666
8/29/2017,23.440000534057617,23.81999969482422,23.440000534057617,23.690000534057617,231100,23.690000534057617
8/28/2017,23.5,23.729999542236328,23.3799991607666,23.489999771118164,326400,23.489999771118164
8/25/2017,23.510000228881836,23.600000381469727,23.315000534057617,23.559999465942383,354500,23.559999465942383
8/24/2017,23.190000534057617,23.739999771118164,23.149999618530273,23.489999771118164,334500,23.489999771118164
8/23/2017,23,23.290000915527344,22.950000762939453,23.200000762939453,96900,23.200000762939453
8/22/2017,23.030000686645508,23.260000228881836,22.920000076293945,23.110000610351562,160600,23.110000610351562
8/21/2017,22.8799991607666,23.114999771118164,22.829999923706055,22.979999542236328,248100,22.979999542236328
8/18/2017,23.079999923706055,23.260000228881836,22.93000030517578,22.940000534057617,326000,22.940000534057617
8/17/2017,23.149999618530273,23.43000030517578,23.09000015258789,23.219999313354492,279500,23.219999313354492
8/16/2017,22.959999084472656,23.229999542236328,22.889999389648438,23.200000762939453,186600,23.200000762939453
8/15/2017,22.90999984741211,22.989999771118164,22.78499984741211,22.93000030517578,197000,22.93000030517578
8/14/2017,23.100000381469727,23.149999618530273,22.93000030517578,22.969999313354492,253700,22.969999313354492
8/11/2017,22.860000610351562,23.334999084472656,22.65999984741211,22.950000762939453,326200,22.950000762939453
8/10/2017,23.030000686645508,23.079999923706055,22.760000228881836,23,524300,23
8/9/2017,23.6200008392334,23.979999542236328,22.889999389648438,23.100000381469727,489500,23.100000381469727
8/8/2017,22.899999618530273,23.6299991607666,22.889999389648438,23.5,369100,23.5
8/7/2017,23.43000030517578,23.80500030517578,22.549999237060547,22.850000381469727,558800,22.850000381469727
8/4/2017,24.06999969482422,24.209999084472656,23.899999618530273,24,540300,24
8/3/2017,24.75,24.81999969482422,23.770000457763672,23.920000076293945,449600,23.920000076293945
8/2/2017,24.3799991607666,24.459999084472656,24.149999618530273,24.260000228881836,411700,24.260000228881836
8/1/2017,24.299999237060547,24.440000534057617,24.110000610351562,24.350000381469727,420900,24.350000381469727
7/31/2017,23.989999771118164,24.209999084472656,23.950000762939453,24.18000030517578,300000,24.18000030517578
7/28/2017,23.93000030517578,24.2450008392334,23.760000228881836,23.959999084472656,285800,23.959999084472656
7/27/2017,24.09000015258789,24.1200008392334,23.844999313354492,24.049999237060547,223600,24.049999237060547
7/26/2017,24.059999465942383,24.329999923706055,24,24.020000457763672,675100,24.020000457763672
7/25/2017,23.440000534057617,24.229999542236328,23.434999465942383,24,732800,24
7/24/2017,23.40999984741211,23.540000915527344,23.219999313354492,23.43000030517578,332100,23.43000030517578
7/21/2017,23.489999771118164,23.489999771118164,23.270000457763672,23.450000762939453,178200,23.450000762939453
7/20/2017,23.350000381469727,23.479999542236328,23.190000534057617,23.40999984741211,156900,23.40999984741211
7/19/2017,23.43000030517578,23.549999237060547,23.329999923706055,23.420000076293945,479700,23.420000076293945
7/18/2017,23.15999984741211,23.520000457763672,23.020000457763672,23.399999618530273,536500,23.399999618530273
7/17/2017,23.100000381469727,23.299999237060547,22.989999771118164,23.25,177000,23.25
7/14/2017,23.09000015258789,23.219999313354492,22.969999313354492,23.200000762939453,138200,23.200000762939453
7/13/2017,23,23.209999084472656,22.68000030517578,23.110000610351562,262800,23.110000610351562
7/12/2017,22.59000015258789,23.010000228881836,22.40999984741211,23,232100,23
7/11/2017,22.450000762939453,22.600000381469727,22.3700008392334,22.489999771118164,224300,22.489999771118164
7/10/2017,22.6299991607666,22.670000076293945,22.389999389648438,22.440000534057617,259900,22.440000534057617
7/7/2017,22.709999084472656,22.790000915527344,22.5,22.709999084472656,355100,22.709999084472656
7/6/2017,22.559999465942383,22.610000610351562,22.350000381469727,22.579999923706055,327200,22.579999923706055
7/5/2017,22.719999313354492,22.809999465942383,22.399999618530273,22.709999084472656,313700,22.709999084472656
7/3/2017,22.719999313354492,22.899999618530273,22.510000228881836,22.719999313354492,166100,22.719999313354492
6/30/2017,22.709999084472656,22.809999465942383,22.55500030517578,22.729999542236328,267000,22.729999542236328
6/29/2017,22.8799991607666,22.959999084472656,22.5,22.610000610351562,359900,22.610000610351562
6/28/2017,22.90999984741211,23.1299991607666,22.889999389648438,22.899999618530273,224300,22.899999618530273
6/27/2017,23.020000457763672,23.170000076293945,22.84000015258789,22.850000381469727,215300,22.850000381469727
6/26/2017,23.209999084472656,23.450000762939453,22.93000030517578,23.100000381469727,225500,23.100000381469727
6/23/2017,23.209999084472656,23.239999771118164,22.940000534057617,23.209999084472656,732400,23.209999084472656
6/22/2017,23.139999389648438,23.389999389648438,22.809999465942383,23.190000534057617,274200,23.190000534057617
6/21/2017,23.34000015258789,23.360000610351562,23.030000686645508,23.06999969482422,336800,23.06999969482422
6/20/2017,23.420000076293945,23.530000686645508,23.170000076293945,23.229999542236328,195500,23.229999542236328
6/19/2017,23.639999389648438,23.719999313354492,23.40999984741211,23.43000030517578,223700,23.43000030517578
6/16/2017,23.350000381469727,23.799999237060547,23.1299991607666,23.75,892800,23.75
6/15/2017,23.239999771118164,23.489999771118164,23.15999984741211,23.459999084472656,240700,23.459999084472656
6/14/2017,23.469999313354492,23.510000228881836,23.15999984741211,23.399999618530273,285100,23.399999618530273
6/13/2017,23.229999542236328,23.579999923706055,23.010000228881836,23.40999984741211,366700,23.40999984741211
6/12/2017,23.8700008392334,24.030000686645508,23.229999542236328,23.229999542236328,801500,23.229999542236328
6/9/2017,23.649999618530273,23.899999618530273,23.530000686645508,23.829999923706055,615100,23.829999923706055
6/8/2017,23.860000610351562,24.003000259399414,23.510000228881836,23.610000610351562,241300,23.610000610351562
6/7/2017,23.770000457763672,24.059999465942383,23.65999984741211,23.770000457763672,447400,23.770000457763672
6/6/2017,23.510000228881836,23.889999389648438,23.489999771118164,23.760000228881836,374800,23.760000228881836
6/5/2017,23.809999465942383,23.809999465942383,23.5,23.559999465942383,559600,23.559999465942383
6/2/2017,23.600000381469727,24.020000457763672,23.5,23.829999923706055,787000,23.829999923706055
6/1/2017,23.459999084472656,23.600000381469727,23.229999542236328,23.579999923706055,743400,23.579999923706055
5/31/2017,22.809999465942383,23.399999618530273,22.80500030517578,23.31999969482422,535100,23.31999969482422
5/30/2017,23.010000228881836,23.100000381469727,22.739999771118164,22.829999923706055,311500,22.829999923706055
5/26/2017,23.09000015258789,23.219999313354492,22.889999389648438,22.959999084472656,1140600,22.959999084472656
5/25/2017,22.829999923706055,23.100000381469727,22.81999969482422,23.06999969482422,654800,23.06999969482422
5/24/2017,22.559999465942383,22.959999084472656,22.400999069213867,22.84000015258789,895100,22.84000015258789
5/23/2017,22.639999389648438,22.950000762939453,22.56100082397461,22.579999923706055,668500,22.579999923706055
5/22/2017,21.860000610351562,22.760000228881836,21.700000762939453,22.65999984741211,2107900,22.65999984741211
5/19/2017,22.049999237060547,22.329999923706055,21.860000610351562,21.920000076293945,1137900,21.920000076293945
5/18/2017,21.719999313354492,22.209999084472656,21.670000076293945,21.989999771118164,6595400,21.989999771118164
5/17/2017,21.25,22.100000381469727,21.25,21.8700008392334,463000,21.8700008392334
5/16/2017,20.940000534057617,21.75,20.940000534057617,21.510000228881836,460100,21.510000228881836
5/15/2017,21.760000228881836,21.8799991607666,21.56999969482422,21.6200008392334,104700,21.6200008392334
5/12/2017,21.920000076293945,21.920000076293945,21.18000030517578,21.65999984741211,112100,21.65999984741211
5/11/2017,22.469999313354492,22.549999237060547,21.90999984741211,22,135300,22
5/10/2017,22.899999618530273,22.899999618530273,22.540000915527344,22.559999465942383,106500,22.559999465942383
5/9/2017,23,23.030000686645508,22.790000915527344,22.8700008392334,89600,22.8700008392334
5/8/2017,23.059999465942383,23.34000015258789,22.91200065612793,22.979999542236328,183600,22.979999542236328
5/5/2017,23.440000534057617,24.06999969482422,23.09000015258789,23.149999618530273,146300,23.149999618530273
5/4/2017,23.399999618530273,23.420000076293945,23.1200008392334,23.3799991607666,58900,23.3799991607666
5/3/2017,23.690000534057617,23.690000534057617,23.200000762939453,23.360000610351562,100900,23.360000610351562
5/2/2017,23.979999542236328,24.030000686645508,23.65999984741211,23.68000030517578,186300,23.68000030517578
5/1/2017,23.809999465942383,23.989999771118164,23.709999084472656,23.959999084472656,186200,23.959999084472656
4/28/2017,23.770000457763672,23.889999389648438,23.540000915527344,23.780000686645508,78200,23.780000686645508
4/27/2017,23.440000534057617,23.950000762939453,23.389999389648438,23.729999542236328,287300,23.729999542236328
4/26/2017,23.549999237060547,23.878999710083008,23.3799991607666,23.3799991607666,235100,23.3799991607666
4/25/2017,23.65999984741211,23.8700008392334,23.59000015258789,23.610000610351562,120200,23.610000610351562
4/24/2017,23.950000762939453,23.950000762939453,23.600000381469727,23.6200008392334,210000,23.6200008392334
4/21/2017,23.56999969482422,23.709999084472656,23.520000457763672,23.65999984741211,95000,23.65999984741211
4/20/2017,23.229999542236328,23.59000015258789,23.139999389648438,23.59000015258789,122200,23.59000015258789
4/19/2017,23.010000228881836,23.229999542236328,23.0049991607666,23.149999618530273,73700,23.149999618530273
4/18/2017,22.84000015258789,23.040000915527344,22.75,23.020000457763672,51700,23.020000457763672
4/17/2017,22.3799991607666,22.979999542236328,22.31999969482422,22.950000762939453,262200,22.950000762939453
4/13/2017,22.40999984741211,22.670000076293945,22.360000610351562,22.469999313354492,346900,22.469999313354492
4/12/2017,22.889999389648438,22.940000534057617,22.389999389648438,22.5,347000,22.5
4/11/2017,23.75,23.93000030517578,22.799999237060547,22.81999969482422,383000,22.81999969482422
4/10/2017,23.389999389648438,24.030000686645508,23.31999969482422,23.729999542236328,229500,23.729999542236328
4/7/2017,23.299999237060547,23.625,23.25,23.290000915527344,290800,23.290000915527344
4/6/2017,23.399999618530273,23.670000076293945,22.934999465942383,23.31999969482422,271600,23.31999969482422
4/5/2017,23.34000015258789,23.450000762939453,23.170000076293945,23.299999237060547,187200,23.299999237060547
4/4/2017,22.799999237060547,23.229999542236328,22.75,23.190000534057617,101100,23.190000534057617
4/3/2017,22.6299991607666,22.959999084472656,22.280000686645508,22.75,169400,22.75
3/31/2017,22.790000915527344,23.030000686645508,22.469999313354492,22.600000381469727,243700,22.600000381469727
3/30/2017,22.780000686645508,22.8799991607666,22.479999542236328,22.799999237060547,317900,22.799999237060547
3/29/2017,22.780000686645508,22.989999771118164,22.65999984741211,22.700000762939453,178800,22.700000762939453
3/28/2017,22.450000762939453,23.030000686645508,22.299999237060547,22.8799991607666,143400,22.8799991607666
3/27/2017,22.68000030517578,22.68000030517578,22.399999618530273,22.549999237060547,95600,22.549999237060547
3/24/2017,22.75,22.920000076293945,22.6200008392334,22.739999771118164,110500,22.739999771118164
3/23/2017,22.850000381469727,23.030000686645508,22.635000228881836,22.719999313354492,85100,22.719999313354492
3/22/2017,22.780000686645508,22.889999389648438,22.520000457763672,22.770000457763672,258200,22.770000457763672
3/21/2017,23.479999542236328,23.479999542236328,22.690000534057617,22.770000457763672,186400,22.770000457763672
3/20/2017,23.690000534057617,23.780000686645508,23.309999465942383,23.350000381469727,122100,23.350000381469727
3/17/2017,23.6200008392334,23.899999618530273,23.510000228881836,23.700000762939453,278100,23.700000762939453
3/16/2017,23.360000610351562,23.729999542236328,23.270000457763672,23.510000228881836,180200,23.510000228881836
3/15/2017,23,23.420000076293945,22.80500030517578,23.299999237060547,109000,23.299999237060547
3/14/2017,23.149999618530273,23.440000534057617,22.825000762939453,22.90999984741211,209300,22.90999984741211
3/13/2017,23.309999465942383,23.56999969482422,22.635000228881836,23.270000457763672,161800,23.270000457763672
3/10/2017,23.15999984741211,23.40999984741211,23.020000457763672,23.270000457763672,193000,23.270000457763672
3/9/2017,23.010000228881836,23.15999984741211,22.8799991607666,23.040000915527344,165900,23.040000915527344
3/8/2017,23.290000915527344,23.354000091552734,22.940000534057617,22.969999313354492,97300,22.969999313354492
3/7/2017,23.270000457763672,23.649999618530273,23.190000534057617,23.200000762939453,104500,23.200000762939453
3/6/2017,23.450000762939453,23.65999984741211,23.1200008392334,23.309999465942383,373100,23.309999465942383
3/3/2017,22.829999923706055,24.100000381469727,22.829999923706055,23.34000015258789,505100,23.34000015258789
3/2/2017,22.5,23.09000015258789,22.440000534057617,23,453300,23
3/1/2017,22,22.5,21.889999389648438,22.5,317400,22.5
2/28/2017,22,22.200000762939453,21.850000381469727,21.8799991607666,164700,21.8799991607666
2/27/2017,21.84000015258789,22,21.84000015258789,22,94200,22
2/24/2017,22,22.059999465942383,21.610000610351562,21.84000015258789,144900,21.84000015258789
2/23/2017,22.229999542236328,22.34000015258789,21.649999618530273,22,215800,22
2/22/2017,22.540000915527344,22.799999237060547,22.030000686645508,22.1200008392334,176900,22.1200008392334
2/21/2017,22.389999389648438,22.6200008392334,22,22.459999084472656,149700,22.459999084472656
2/17/2017,21.889999389648438,22.360000610351562,21.889999389648438,22.020000457763672,118900,22.020000457763672
2/16/2017,22.3799991607666,22.3799991607666,21.979999542236328,22.1299991607666,149700,22.1299991607666
2/15/2017,21.920000076293945,22.360000610351562,21.8799991607666,22.34000015258789,99500,22.34000015258789
2/14/2017,21.979999542236328,22.229999542236328,21.81999969482422,21.93000030517578,61800,21.93000030517578
2/13/2017,22.209999084472656,22.440000534057617,21.940000534057617,22.030000686645508,91300,22.030000686645508
2/10/2017,21.969999313354492,22.260000228881836,21.81999969482422,22.100000381469727,114800,22.100000381469727
2/9/2017,22.18000030517578,22.18000030517578,21.56999969482422,21.899999618530273,99700,21.899999618530273
2/8/2017,21.75,22.469999313354492,21.549999237060547,22.1299991607666,147200,22.1299991607666
2/7/2017,21.950000762939453,21.950000762939453,21.6299991607666,21.739999771118164,73000,21.739999771118164
2/6/2017,21.84000015258789,22.020000457763672,21.739999771118164,21.850000381469727,41300,21.850000381469727
2/3/2017,22.229999542236328,22.25,21.549999237060547,21.81999969482422,78300,21.81999969482422
2/2/2017,22.280000686645508,22.280000686645508,21.780000686645508,21.959999084472656,57900,21.959999084472656
2/1/2017,22.190000534057617,22.360000610351562,22.110000610351562,22.200000762939453,53500,22.200000762939453
1/31/2017,21.739999771118164,22.31999969482422,21.600000381469727,22.209999084472656,122800,22.209999084472656
1/30/2017,21.8700008392334,22.290000915527344,21.614999771118164,21.93000030517578,61600,21.93000030517578
1/27/2017,22.375,22.424999237060547,21.959999084472656,21.979999542236328,51800,21.979999542236328
1/26/2017,22.360000610351562,22.43000030517578,22.040000915527344,22.15999984741211,51600,22.15999984741211
1/25/2017,22.100000381469727,22.43000030517578,21.969999313354492,22.399999618530273,31500,22.399999618530273
1/24/2017,21.959999084472656,22.100000381469727,21.610000610351562,22.030000686645508,45900,22.030000686645508
1/23/2017,21.530000686645508,21.989999771118164,21.301000595092773,21.93000030517578,97800,21.93000030517578
1/20/2017,21.239999771118164,21.700000762939453,21.239999771118164,21.540000915527344,85200,21.540000915527344
1/19/2017,21.799999237060547,21.90399932861328,21.170000076293945,21.25,119600,21.25
1/18/2017,21.610000610351562,21.989999771118164,21.530000686645508,21.799999237060547,224100,21.799999237060547
1/17/2017,21.68000030517578,22.100000381469727,21.530000686645508,21.6299991607666,183500,21.6299991607666
1/13/2017,21.3799991607666,21.94499969482422,21.3799991607666,21.709999084472656,117200,21.709999084472656
1/12/2017,21.899999618530273,21.899999618530273,21.25,21.34000015258789,222300,21.34000015258789
1/11/2017,21.959999084472656,22.277999877929688,21.780000686645508,22.049999237060547,159800,22.049999237060547
1/10/2017,22.260000228881836,22.5,21.850000381469727,22.079999923706055,197300,22.079999923706055
1/9/2017,22.149999618530273,22.280000686645508,21.690000534057617,22.040000915527344,188900,22.040000915527344
1/6/2017,22.020000457763672,22.459999084472656,21.850000381469727,22.239999771118164,377500,22.239999771118164
1/5/2017,22.020000457763672,22.139999389648438,21.600000381469727,22.079999923706055,569000,22.079999923706055
1/4/2017,22.469999313354492,22.56999969482422,22.010000228881836,22.040000915527344,266600,22.040000915527344
1/3/2017,22.3799991607666,22.489999771118164,22.170000076293945,22.459999084472656,189100,22.459999084472656
12/30/2016,22.100000381469727,22.415000915527344,22.100000381469727,22.219999313354492,149800,22.219999313354492
12/29/2016,21.940000534057617,22.190000534057617,21.940000534057617,22.110000610351562,129100,22.110000610351562
12/28/2016,22.040000915527344,22.139999389648438,21.770000457763672,21.850000381469727,313300,21.850000381469727
12/27/2016,21.899999618530273,22.1299991607666,21.8799991607666,21.989999771118164,104300,21.989999771118164
12/23/2016,21.8700008392334,22.219999313354492,21.530000686645508,21.979999542236328,475600,21.979999542236328
12/22/2016,21.81999969482422,21.8700008392334,21.31999969482422,21.75,290700,21.75
12/21/2016,21.43000030517578,21.989999771118164,21.280000686645508,21.799999237060547,300400,21.799999237060547
12/20/2016,21.079999923706055,21.440000534057617,20.989999771118164,21.399999618530273,476100,21.399999618530273
12/19/2016,20.15999984741211,21.15999984741211,20.139999389648438,20.969999313354492,360500,20.969999313354492
12/16/2016,19.450000762939453,20.479999542236328,19.450000762939453,20.149999618530273,3093400,20.149999618530273
12/15/2016,19.350000381469727,19.90999984741211,19.34000015258789,19.530000686645508,275700,19.530000686645508
12/14/2016,19.899999618530273,20.030000686645508,19.229999542236328,19.40999984741211,265400,19.40999984741211
12/13/2016,20.290000915527344,20.399999618530273,19.940000534057617,19.969999313354492,269200,19.969999313354492
12/12/2016,20.399999618530273,20.600000381469727,20.079999923706055,20.260000228881836,344500,20.260000228881836
12/9/2016,19.81999969482422,20.5,19.81999969482422,20.270000457763672,291300,20.270000457763672
12/8/2016,19.989999771118164,20.030000686645508,19.649999618530273,19.81999969482422,323800,19.81999969482422
12/7/2016,20.040000915527344,20.084999084472656,19.610000610351562,19.959999084472656,313800,19.959999084472656
12/6/2016,19.780000686645508,20.100000381469727,19.60099983215332,20.020000457763672,215100,20.020000457763672
12/5/2016,20.190000534057617,20.299999237060547,19.700000762939453,19.829999923706055,271900,19.829999923706055
12/2/2016,20.18000030517578,20.31999969482422,19.860000610351562,20.100000381469727,277600,20.100000381469727
12/1/2016,20,20.25,19.889999389648438,20.149999618530273,304300,20.149999618530273
11/30/2016,20.31999969482422,20.43000030517578,19.56999969482422,20.059999465942383,422300,20.059999465942383
11/29/2016,19.950000762939453,20.399999618530273,19.889999389648438,20.360000610351562,503100,20.360000610351562
11/28/2016,19.940000534057617,20.239999771118164,19.709999084472656,19.989999771118164,360200,19.989999771118164
11/25/2016,19.899999618530273,20,19.81999969482422,20,79700,20
11/23/2016,19.950000762939453,20,19.59000015258789,19.860000610351562,183600,19.860000610351562
11/22/2016,20.010000228881836,20.049999237060547,19.740999221801758,19.950000762939453,237500,19.950000762939453
11/21/2016,20.049999237060547,20.170000076293945,19.81999969482422,20,225400,20
11/18/2016,19.950000762939453,20.09000015258789,19.860000610351562,20,243400,20
11/17/2016,19.940000534057617,20,19.829999923706055,20,159700,20
11/16/2016,20,20.1200008392334,19.709999084472656,19.780000686645508,201800,19.780000686645508
11/15/2016,20.049999237060547,20.200000762939453,19.969999313354492,20,181900,20
11/14/2016,19.93000030517578,20.389999389648438,19.809999465942383,20.15999984741211,321800,20.15999984741211
11/11/2016,19.25,20.06999969482422,19.25,19.93000030517578,294200,19.93000030517578
11/10/2016,19.440000534057617,19.5,19.1200008392334,19.280000686645508,208400,19.280000686645508
11/9/2016,19.3700008392334,19.520000457763672,19.34000015258789,19.399999618530273,485000,19.399999618530273
11/8/2016,19.31999969482422,19.709999084472656,19.274999618530273,19.350000381469727,359100,19.350000381469727
11/7/2016,19.489999771118164,19.5,18.801000595092773,19.479999542236328,467500,19.479999542236328
11/4/2016,19.399999618530273,19.469999313354492,18.31999969482422,19.3700008392334,647400,19.3700008392334
11/3/2016,19.649999618530273,19.93000030517578,19.25,19.43000030517578,210300,19.43000030517578
11/2/2016,20.110000610351562,20.329999923706055,19.489999771118164,19.540000915527344,342900,19.540000915527344
11/1/2016,20.100000381469727,20.219999313354492,19.815000534057617,20.010000228881836,480700,20.010000228881836
10/31/2016,20.34000015258789,20.469999313354492,19.829999923706055,20.030000686645508,496400,20.030000686645508
10/28/2016,19.75,20.229999542236328,19.75,20.100000381469727,377400,20.100000381469727
10/27/2016,20.670000076293945,20.84000015258789,19.709999084472656,19.899999618530273,218700,19.899999618530273
10/26/2016,20.149999618530273,20.3799991607666,19.8700008392334,20.139999389648438,148200,20.139999389648438
10/25/2016,19.56999969482422,20.09000015258789,19.459999084472656,19.850000381469727,155900,19.850000381469727
10/24/2016,19.389999389648438,19.780000686645508,19.15999984741211,19.65999984741211,416700,19.65999984741211
10/21/2016,19.15999984741211,19.739999771118164,19.15999984741211,19.389999389648438,474900,19.389999389648438
10/20/2016,19.350000381469727,19.440000534057617,18.860000610351562,19.280000686645508,280600,19.280000686645508
10/19/2016,19.6299991607666,19.719999313354492,19.31999969482422,19.5,310500,19.5
10/18/2016,19.610000610351562,19.989999771118164,19.360000610351562,19.579999923706055,203200,19.579999923706055
10/17/2016,19.510000228881836,20,19.40999984741211,19.540000915527344,195500,19.540000915527344
10/14/2016,19.510000228881836,20.040000915527344,19.25,19.450000762939453,556200,19.450000762939453
10/13/2016,20.399999618530273,20.399999618530273,19.170000076293945,19.350000381469727,1239000,19.350000381469727
10/12/2016,20.040000915527344,20.1299991607666,19.90999984741211,20,342800,20
10/11/2016,19.989999771118164,20.18899917602539,19.665000915527344,20.049999237060547,361000,20.049999237060547
10/10/2016,19.860000610351562,20.219999313354492,19.860000610351562,20,335200,20
10/7/2016,19.510000228881836,20.260000228881836,19.510000228881836,20,943700,20
10/6/2016,20.5,21.5,19.510000228881836,20,11662300,20
