4/22/2019,6.659999847412109,6.684999942779541,6.590000152587891,6.659999847412109,954600,6.659999847412109
4/18/2019,6.670000076293945,6.730000019073486,6.579999923706055,6.650000095367432,1239200,6.650000095367432
4/17/2019,6.75,6.78000020980835,6.619999885559082,6.670000076293945,1741800,6.670000076293945
4/16/2019,6.670000076293945,6.755000114440918,6.659999847412109,6.699999809265137,1936800,6.699999809265137
4/15/2019,6.599999904632568,6.650000095367432,6.545000076293945,6.599999904632568,1156700,6.599999904632568
4/12/2019,6.659999847412109,6.809999942779541,6.599999904632568,6.619999885559082,2413900,6.619999885559082
4/11/2019,6.71999979019165,6.739999771118164,6.619999885559082,6.659999847412109,985900,6.659999847412109
4/10/2019,6.559999942779541,6.699999809265137,6.460000038146973,6.670000076293945,3404400,6.670000076293945
4/9/2019,6.559999942779541,6.650000095367432,6.360000133514404,6.489999771118164,7404600,6.489999771118164
4/8/2019,6.639999866485596,6.670000076293945,6.46999979019165,6.610000133514404,2470200,6.610000133514404
4/5/2019,6.75,6.800000190734863,6.630000114440918,6.679999828338623,1724600,6.679999828338623
4/4/2019,6.679999828338623,6.769999980926514,6.679999828338623,6.730000019073486,1033900,6.730000019073486
4/3/2019,6.639999866485596,6.829999923706055,6.599999904632568,6.670000076293945,2409400,6.670000076293945
4/2/2019,6.5,6.619999885559082,6.480000019073486,6.599999904632568,1444600,6.599999904632568
4/1/2019,6.429999828338623,6.539999961853027,6.409999847412109,6.519999980926514,1846100,6.519999980926514
3/29/2019,6.329999923706055,6.510000228881836,6.300000190734863,6.389999866485596,2686300,6.355000019073486
3/28/2019,6.260000228881836,6.315000057220459,6.210000038146973,6.25,1785800,6.215766906738281
3/27/2019,6.260000228881836,6.34499979019165,6.210000038146973,6.239999771118164,1593700,6.205821514129639
3/26/2019,6.21999979019165,6.360000133514404,6.199999809265137,6.25,2049600,6.215766906738281
3/25/2019,6.210000038146973,6.260000228881836,6.085000038146973,6.159999847412109,2049300,6.126259803771973
3/22/2019,6.5,6.514999866485596,6.119999885559082,6.210000038146973,3742600,6.175985813140869
3/21/2019,6.599999904632568,6.679999828338623,6.539999961853027,6.570000171661377,2657000,6.5340142250061035
3/20/2019,6.679999828338623,6.78000020980835,6.489999771118164,6.630000114440918,3519000,6.593685626983643
3/19/2019,6.75,6.949999809265137,6.679999828338623,6.71999979019165,5086100,6.683192253112793
3/18/2019,6.440000057220459,6.769999980926514,6.440000057220459,6.75,6094700,6.7130279541015625
3/15/2019,6.179999828338623,6.559999942779541,6.164000034332275,6.46999979019165,6260900,6.434561729431152
3/14/2019,6.420000076293945,6.420000076293945,6.090000152587891,6.179999828338623,5857600,6.1461501121521
3/13/2019,6.579999923706055,6.579999923706055,6.252999782562256,6.380000114440918,7638600,6.345055103302002
3/12/2019,6.820000171661377,6.829999923706055,6.550000190734863,6.570000171661377,16575300,6.5340142250061035
3/11/2019,7.420000076293945,7.690000057220459,7.420000076293945,7.590000152587891,4226600,7.548427581787109
3/8/2019,7.460000038146973,7.550000190734863,7.304999828338623,7.380000114440918,2941800,7.339577674865723
3/7/2019,7.699999809265137,7.714000225067139,7.489999771118164,7.579999923706055,2343100,7.538481712341309
3/5/2019,8.100000381469727,8.149999618530273,7.980000019073486,7.980000019073486,2150100,7.936291217803955
3/4/2019,7.96999979019165,8.180000305175781,7.960000038146973,7.989999771118164,1157700,7.9462361335754395
3/1/2019,8.069999694824219,8.220000267028809,7.945000171661377,7.960000038146973,1560100,7.91640043258667
2/27/2019,8.050000190734863,8.149999618530273,7.96999979019165,8.100000381469727,1016600,8.055634498596191
2/26/2019,8.170000076293945,8.274999618530273,8.020000457763672,8.050000190734863,1225700,8.005908012390137
2/25/2019,8.300000190734863,8.305000305175781,8.09000015258789,8.1899995803833,1214300,8.145140647888184
2/22/2019,8.069999694824219,8.220000267028809,8.069999694824219,8.149999618530273,755200,8.105359077453613
2/21/2019,8.119999885559082,8.1899995803833,8.010000228881836,8.050000190734863,1185600,8.005908012390137
2/20/2019,8.020000457763672,8.220000267028809,7.989999771118164,8.149999618530273,1220300,8.105359077453613
2/19/2019,8.0600004196167,8.09000015258789,7.960000038146973,8.039999961853027,1358700,7.995962619781494
2/14/2019,7.960000038146973,8.039999961853027,7.739999771118164,7.949999809265137,932000,7.906455039978027
2/13/2019,8.020000457763672,8.09000015258789,7.929999828338623,7.940000057220459,876900,7.896510124206543
2/12/2019,7.889999866485596,8.045000076293945,7.849999904632568,8.010000228881836,1830800,7.966126918792725
2/11/2019,7.670000076293945,7.880000114440918,7.635000228881836,7.829999923706055,2024500,7.787112712860107
2/8/2019,7.559999942779541,7.670000076293945,7.485000133514404,7.650000095367432,1007100,7.60809850692749
2/7/2019,7.599999904632568,7.71999979019165,7.514999866485596,7.590000152587891,1344000,7.548427581787109
2/6/2019,7.559999942779541,7.679999828338623,7.519999980926514,7.639999866485596,1531700,7.598153114318848
2/5/2019,7.630000114440918,7.789999961853027,7.489999771118164,7.570000171661377,1878400,7.528536796569824
2/4/2019,7.320000171661377,7.610000133514404,7.283999919891357,7.579999923706055,2580700,7.538481712341309
2/1/2019,7.329999923706055,7.380000114440918,7.159999847412109,7.309999942779541,1456900,7.269960880279541
1/31/2019,7.150000095367432,7.320000171661377,7.119999885559082,7.21999979019165,945700,7.180453777313232
1/30/2019,7.199999809265137,7.21999979019165,7.039999961853027,7.130000114440918,1202700,7.090946674346924
1/29/2019,7.079999923706055,7.190000057220459,7.014999866485596,7.119999885559082,951000,7.081001281738281
1/28/2019,7.170000076293945,7.171999931335449,6.96999979019165,7.03000020980835,1816300,6.991494655609131
1/25/2019,7.130000114440918,7.409999847412109,7.130000114440918,7.190000057220459,2096300,7.150618076324463
1/22/2019,7.300000190734863,7.329999923706055,7.099999904632568,7.139999866485596,1103700,7.100892066955566
1/18/2019,7.300000190734863,7.360000133514404,7.130000114440918,7.329999923706055,1447400,7.289851188659668
1/17/2019,7.090000152587891,7.329999923706055,7.079999923706055,7.260000228881836,2363200,7.2202348709106445
1/16/2019,6.940000057220459,7.230000019073486,6.940000057220459,7.139999866485596,2675100,7.100892066955566
1/15/2019,6.96999979019165,7.159999847412109,6.860000133514404,6.900000095367432,2309900,6.86220645904541
1/14/2019,7.079999923706055,7.150000095367432,6.869999885559082,6.96999979019165,2204600,6.931822776794434
1/11/2019,6.880000114440918,7.099999904632568,6.840000152587891,7.099999904632568,1158300,7.061110973358154
1/10/2019,6.929999828338623,7.130000114440918,6.909999847412109,6.920000076293945,1222200,6.882097244262695
1/9/2019,6.949999809265137,7.03000020980835,6.789999961853027,6.989999771118164,1072800,6.951713562011719
1/8/2019,6.900000095367432,6.96999979019165,6.679999828338623,6.949999809265137,1751000,6.911932468414307
1/7/2019,6.679999828338623,6.909999847412109,6.610000133514404,6.789999961853027,2198500,6.752809047698975
1/4/2019,6.389999866485596,6.760000228881836,6.329999923706055,6.670000076293945,4152300,6.6334662437438965
1/3/2019,6.400000095367432,6.449999809265137,6.25,6.320000171661377,2306500,6.285383701324463
1/2/2019,5.940000057220459,6.449999809265137,5.879000186920166,6.409999847412109,2066600,6.374890327453613
12/31/2018,6.150000095367432,6.21999979019165,6.010000228881836,6.010000228881836,2658000,5.977081775665283
12/28/2018,6.190000057220459,6.25,5.960000038146973,6.110000133514404,3024000,6.076533794403076
12/27/2018,6.210000038146973,6.269999980926514,6.03000020980835,6.159999847412109,2172000,6.126259803771973
12/26/2018,6.059999942779541,6.300000190734863,5.920000076293945,6.289999961853027,2718200,6.255547523498535
12/24/2018,6.119999885559082,6.28000020980835,5.989999771118164,6.010000228881836,1034200,5.977081775665283
12/21/2018,6.409999847412109,6.409999847412109,5.909999847412109,6.210000038146973,8084500,6.175985813140869
12/20/2018,6.480000019073486,6.544000148773193,6.260000228881836,6.389999866485596,2486100,6.355000019073486
12/19/2018,6.599999904632568,6.869999885559082,6.480000019073486,6.519999980926514,2493900,6.484287738800049
12/18/2018,6.739999771118164,6.820000171661377,6.425000190734863,6.570000171661377,2353700,6.5340142250061035
12/17/2018,6.820000171661377,6.889999866485596,6.599999904632568,6.710000038146973,2998000,6.673247337341309
12/14/2018,7.099999904632568,7.189000129699707,6.800000190734863,6.820000171661377,2858900,6.782644748687744
12/13/2018,7.460000038146973,7.545000076293945,7.159999847412109,7.190000057220459,1745300,7.150618076324463
12/12/2018,7.389999866485596,7.769999980926514,7.364999771118164,7.400000095367432,2384600,7.32465934753418
12/11/2018,7.320000171661377,7.630000114440918,7.21999979019165,7.260000228881836,2251500,7.186085224151611
12/10/2018,7.400000095367432,7.489999771118164,7.239999771118164,7.260000228881836,1744500,7.186085224151611
12/7/2018,7.670000076293945,7.820000171661377,7.380000114440918,7.449999809265137,1746700,7.374149799346924
12/6/2018,7.329999923706055,7.690000057220459,7.28000020980835,7.670000076293945,1640500,7.591910362243652
12/4/2018,7.730000019073486,7.800000190734863,7.360000133514404,7.420000076293945,1538300,7.344455718994141
12/3/2018,7.949999809265137,7.949999809265137,7.590000152587891,7.739999771118164,2147800,7.661197662353516
11/30/2018,7.849999904632568,7.989999771118164,7.730000019073486,7.809999942779541,1194900,7.730485439300537
11/29/2018,7.869999885559082,8.050000190734863,7.840000152587891,7.849999904632568,952800,7.770077705383301
11/28/2018,7.5,7.889999866485596,7.440000057220459,7.860000133514404,1678300,7.7799763679504395
11/27/2018,7.550000190734863,7.65500020980835,7.429999828338623,7.480000019073486,1157600,7.403844833374023
11/26/2018,7.71999979019165,7.909999847412109,7.599999904632568,7.599999904632568,1156300,7.522623538970947
11/23/2018,7.550000190734863,7.769999980926514,7.521999835968018,7.659999847412109,430100,7.582012176513672
11/21/2018,7.460000038146973,7.730000019073486,7.460000038146973,7.610000133514404,948300,7.5325212478637695
11/20/2018,7.579999923706055,7.679999828338623,7.320000171661377,7.420000076293945,1521100,7.344455718994141
11/19/2018,8.069999694824219,8.079999923706055,7.635000228881836,7.679999828338623,1469600,7.601808547973633
11/16/2018,7.889999866485596,8.140000343322754,7.809999942779541,8.0600004196167,1495800,7.977940082550049
11/15/2018,7.619999885559082,7.949999809265137,7.519999980926514,7.909999847412109,1061300,7.829467296600342
11/13/2018,7.449999809265137,8.109999656677246,7.449999809265137,7.849999904632568,2129900,7.770077705383301
11/12/2018,7.820000171661377,8.039999961853027,7.449999809265137,7.449999809265137,1580000,7.374149799346924
11/9/2018,8.09000015258789,8.390000343322754,7.820000171661377,7.849999904632568,2385000,7.770077705383301
11/8/2018,7.300000190734863,8.34000015258789,7.059999942779541,8.100000381469727,4823100,8.017533302307129
11/7/2018,7.400000095367432,7.53000020980835,7.329999923706055,7.420000076293945,2939000,7.344455718994141
11/6/2018,7.610000133514404,7.630000114440918,7.260000228881836,7.320000171661377,2454200,7.245474338531494
11/5/2018,7.789999961853027,7.840000152587891,7.550000190734863,7.699999809265137,1091800,7.621604919433594
11/2/2018,7.800000190734863,7.940000057220459,7.630000114440918,7.769999980926514,932600,7.690892219543457
11/1/2018,7.75,7.760000228881836,7.570000171661377,7.71999979019165,1445400,7.641401290893555
10/31/2018,7.389999866485596,7.820000171661377,7.361000061035156,7.739999771118164,2404100,7.661197662353516
10/30/2018,7.260000228881836,7.360000133514404,7.224999904632568,7.300000190734863,1201400,7.225677490234375
10/29/2018,7.5,7.550000190734863,7.230000019073486,7.300000190734863,1730800,7.225677490234375
10/26/2018,7.409999847412109,7.519999980926514,7.170000076293945,7.420000076293945,2304000,7.344455718994141
10/25/2018,7.389999866485596,7.53000020980835,7.289999961853027,7.489999771118164,1478700,7.413743019104004
10/24/2018,7.460000038146973,7.510000228881836,7.190000057220459,7.369999885559082,2820300,7.294964790344238
10/23/2018,7.300000190734863,7.547999858856201,7.199999809265137,7.5,1264100,7.423641681671143
10/22/2018,7.789999961853027,7.809999942779541,7.295000076293945,7.380000114440918,1821800,7.304863452911377
10/19/2018,7.769999980926514,7.960000038146973,7.730000019073486,7.769999980926514,1430900,7.690892219543457
10/18/2018,7.679999828338623,7.800000190734863,7.650000095367432,7.75,873200,7.671096324920654
10/17/2018,7.96999979019165,7.980000019073486,7.659999847412109,7.769999980926514,1031000,7.690892219543457
10/16/2018,7.789999961853027,8.020000457763672,7.715000152587891,8.010000228881836,1131500,7.9284491539001465
10/15/2018,7.46999979019165,7.747000217437744,7.400000095367432,7.71999979019165,1794700,7.641401290893555
10/12/2018,7.900000095367432,7.989999771118164,7.409999847412109,7.519999980926514,3163500,7.443437576293945
10/11/2018,8.0600004196167,8.180000305175781,7.730000019073486,7.769999980926514,3516900,7.690892219543457
10/10/2018,8.600000381469727,8.640000343322754,8.130000114440918,8.140000343322754,2213700,8.05712604522705
10/9/2018,8.65999984741211,8.765000343322754,8.569999694824219,8.630000114440918,943700,8.542137145996094
10/8/2018,8.640000343322754,8.720000267028809,8.550000190734863,8.640000343322754,1512400,8.552035331726074
10/5/2018,8.779999732971191,8.869999885559082,8.619999885559082,8.6899995803833,1243300,8.60152530670166
10/4/2018,8.84000015258789,8.869999885559082,8.6899995803833,8.789999961853027,1194300,8.700508117675781
10/3/2018,8.84000015258789,8.850000381469727,8.59000015258789,8.8100004196167,1962100,8.720304489135742
10/2/2018,9.130000114440918,9.1899995803833,8.630000114440918,8.739999771118164,4000800,8.651016235351562
10/1/2018,9.460000038146973,9.539999961853027,9.039999961853027,9.199999809265137,2084200,9.10633373260498
9/28/2018,9.399999618530273,9.569999694824219,9.300000190734863,9.390000343322754,2296000,9.29439926147461
9/27/2018,9.359999656677246,9.579999923706055,9.289999961853027,9.390000343322754,2025300,9.29439926147461
9/26/2018,9.210000038146973,9.449999809265137,9.199999809265137,9.380000114440918,1443900,9.284501075744629
9/25/2018,9.300000190734863,9.375,9.175000190734863,9.229999542236328,1323000,9.136027336120605
9/24/2018,9.350000381469727,9.470000267028809,9.210000038146973,9.260000228881836,2853000,9.165722846984863
9/21/2018,9.789999961853027,9.84000015258789,9.319999694824219,9.369999885559082,10142800,9.274601936340332
9/20/2018,8.4399995803833,9.069999694824219,8.319999694824219,8.920000076293945,9300300,8.829183578491211
9/19/2018,8.579999923706055,8.640000343322754,8.350000381469727,8.369999885559082,1707200,8.284783363342285
9/18/2018,8.390000343322754,8.899999618530273,8.390000343322754,8.59000015258789,6629800,8.502544403076172
9/17/2018,8.520000457763672,8.598999977111816,8.369999885559082,8.399999618530273,1658100,8.314477920532227
9/14/2018,8.550000190734863,8.649999618530273,8.539999961853027,8.5600004196167,1301900,8.438206672668457
9/13/2018,8.619999885559082,8.704999923706055,8.5600004196167,8.59000015258789,1068000,8.467779159545898
9/12/2018,8.550000190734863,8.640000343322754,8.4399995803833,8.609999656677246,1540900,8.487494468688965
9/11/2018,8.579999923706055,8.6899995803833,8.479999542236328,8.520000457763672,2682500,8.398775100708008
9/10/2018,8.850000381469727,8.890000343322754,8.585000038146973,8.640000343322754,2081500,8.517067909240723
9/7/2018,8.930000305175781,9.005000114440918,8.760000228881836,8.800000190734863,1034300,8.674790382385254
9/6/2018,8.779999732971191,9.109999656677246,8.65999984741211,8.960000038146973,3998700,8.832514762878418
9/5/2018,8.829999923706055,8.920000076293945,8.295000076293945,8.770000457763672,8316100,8.645218849182129
9/4/2018,8.960000038146973,9.25,8.829999923706055,9.1899995803833,1721700,9.05924129486084
8/31/2018,8.960000038146973,9.039999961853027,8.859999656677246,8.949999809265137,999500,8.822656631469727
8/30/2018,9.25,9.319999694824219,8.84000015258789,8.930000305175781,3088100,8.802942276000977
8/29/2018,9.270000457763672,9.34000015258789,8.96500015258789,9.25,3115000,9.118389129638672
8/27/2018,9.050000190734863,9.0600004196167,8.949999809265137,9.039999961853027,1856100,8.911375999450684
8/24/2018,9.020000457763672,9.130000114440918,8.949999809265137,9.010000228881836,1129200,8.881803512573242
8/23/2018,9.079999923706055,9.130000114440918,8.899999618530273,8.989999771118164,3268300,8.86208724975586
8/22/2018,9.140000343322754,9.149999618530273,8.8100004196167,9.079999923706055,2491300,8.950807571411133
8/21/2018,8.760000228881836,9.220000267028809,8.710000038146973,9.140000343322754,3548900,9.009953498840332
8/20/2018,8.75,8.819999694824219,8.630000114440918,8.6899995803833,1857700,8.56635570526123
8/17/2018,8.729999542236328,8.770000457763672,8.600000381469727,8.710000038146973,1376800,8.586071968078613
8/16/2018,8.789999961853027,8.845000267028809,8.545000076293945,8.720000267028809,2375900,8.595930099487305
8/15/2018,8.869999885559082,8.899999618530273,8.710000038146973,8.729999542236328,1996600,8.605786323547363
8/14/2018,9.199999809265137,9.210000038146973,8.859999656677246,8.899999618530273,3111200,8.773367881774902
8/13/2018,8.890000343322754,9.229999542236328,8.890000343322754,9.149999618530273,2992800,9.019811630249023
8/10/2018,8.710000038146973,9.149999618530273,8.550000190734863,8.899999618530273,4924900,8.773367881774902
8/9/2018,8.930000305175781,9.329999923706055,8.40999984741211,8.470000267028809,6817500,8.3494873046875
8/8/2018,9.210000038146973,9.515000343322754,9.140000343322754,9.479999542236328,5827800,9.345114707946777
8/7/2018,9.079999923706055,9.25,9.029999732971191,9.149999618530273,2852400,9.019811630249023
8/6/2018,8.920000076293945,9.039999961853027,8.850000381469727,8.979999542236328,1465100,8.852229118347168
8/3/2018,8.640000343322754,8.944999694824219,8.640000343322754,8.90999984741211,1804500,8.783226013183594
8/2/2018,8.880000114440918,8.90999984741211,8.5600004196167,8.619999885559082,2390200,8.49735164642334
8/1/2018,9.029999732971191,9.149999618530273,8.859999656677246,8.949999809265137,1071500,8.822656631469727
7/31/2018,8.800000190734863,9.180000305175781,8.779999732971191,9.010000228881836,3398800,8.881803512573242
7/27/2018,9.180000305175781,9.1899995803833,8.869999885559082,9.010000228881836,2238200,8.881803512573242
7/25/2018,9.260000228881836,9.34000015258789,8.975000381469727,9.229999542236328,1345300,9.098671913146973
7/24/2018,9.40999984741211,9.529999732971191,9.220000267028809,9.25,1752400,9.118389129638672
7/23/2018,9.399999618530273,9.470000267028809,9.234999656677246,9.359999656677246,1682300,9.226822853088379
7/20/2018,9.380000114440918,9.5,9.3100004196167,9.350000381469727,1512500,9.216965675354004
7/19/2018,9.449999809265137,9.46500015258789,9.220000267028809,9.359999656677246,2050900,9.226822853088379
7/18/2018,9.40999984741211,9.600000381469727,9.369999885559082,9.449999809265137,2028600,9.315543174743652
7/17/2018,9.180000305175781,9.425000190734863,9.149999618530273,9.390000343322754,2589200,9.256396293640137
7/13/2018,8.90999984741211,9.210000038146973,8.829999923706055,8.960000038146973,2935800,8.832514762878418
7/12/2018,8.670000076293945,9.039999961853027,8.505000114440918,8.920000076293945,2570900,8.793083190917969
7/11/2018,8.5600004196167,8.770000457763672,8.4399995803833,8.579999923706055,1597900,8.457921028137207
7/10/2018,8.59000015258789,8.670000076293945,8.34000015258789,8.619999885559082,2203100,8.49735164642334
7/9/2018,8.229999542236328,8.619999885559082,8.220000267028809,8.539999961853027,1872200,8.41849136352539
7/6/2018,8.039999961853027,8.244999885559082,8.010000228881836,8.180000305175781,794100,8.06361198425293
7/5/2018,8.140000343322754,8.140000343322754,7.800000190734863,8.079999923706055,1888800,7.9650349617004395
7/3/2018,8.180000305175781,8.289999961853027,8.039999961853027,8.050000190734863,1478900,7.935462474822998
7/2/2018,8.550000190734863,8.649999618530273,8.029999732971191,8.149999618530273,2936300,8.034039497375488
6/29/2018,8.510000228881836,8.920000076293945,8.420000076293945,8.649999618530273,3132200,8.526925086975098
6/28/2018,8.880000114440918,8.899999618530273,8.390000343322754,8.420000076293945,3688800,8.300198554992676
6/27/2018,8.800000190734863,9.029999732971191,8.770000457763672,8.869999885559082,2056600,8.743794441223145
6/26/2018,8.699999809265137,8.835000038146973,8.699999809265137,8.770000457763672,1710300,8.645218849182129
6/25/2018,8.729999542236328,8.800000190734863,8.529999732971191,8.6899995803833,4656800,8.56635570526123
6/22/2018,8.720000267028809,8.800000190734863,8.520000457763672,8.729999542236328,2749600,8.605786323547363
6/21/2018,8.739999771118164,8.9399995803833,8.529999732971191,8.670000076293945,3147700,8.512139320373535
6/20/2018,8.270000457763672,8.819999694824219,8.239999771118164,8.699999809265137,4370000,8.541593551635742
6/19/2018,8.199999809265137,8.340999603271484,8.180000305175781,8.260000228881836,2222700,8.109603881835938
6/15/2018,8.069999694824219,8.100000381469727,7.929999828338623,7.980000019073486,2760000,7.834702491760254
6/14/2018,8.079999923706055,8.175000190734863,7.932000160217285,8.09000015258789,2884200,7.942699909210205
6/13/2018,8.270000457763672,8.34000015258789,7.980000019073486,8.050000190734863,3093300,7.903427600860596
6/12/2018,7.96999979019165,8.3149995803833,7.889999866485596,8.289999961853027,3254700,8.139058113098145
6/11/2018,8.220000267028809,8.289999961853027,7.860000133514404,7.96999979019165,3721400,7.824883937835693
6/6/2018,7.989999771118164,8.170000076293945,7.869999885559082,7.960000038146973,2587300,7.815066337585449
6/5/2018,7.840000152587891,7.989999771118164,7.75,7.960000038146973,1447800,7.815066337585449
6/4/2018,7.630000114440918,7.820000171661377,7.619999885559082,7.800000190734863,1267400,7.657979488372803
6/1/2018,7.559999942779541,7.690000057220459,7.449999809265137,7.639999866485596,3240500,7.5008931159973145
5/31/2018,7.699999809265137,7.71999979019165,7.440000057220459,7.519999980926514,3670600,7.383077621459961
5/30/2018,7.519999980926514,7.690000057220459,7.46999979019165,7.670000076293945,2222400,7.530346393585205
5/29/2018,7.420000076293945,7.590000152587891,7.349999904632568,7.460000038146973,3414100,7.324170112609863
5/25/2018,7.710000038146973,7.71999979019165,7.460000038146973,7.46999979019165,2114100,7.333988189697266
5/24/2018,7.679999828338623,7.75,7.579999923706055,7.699999809265137,1736000,7.559800148010254
5/23/2018,7.570000171661377,7.71999979019165,7.510000228881836,7.670000076293945,1666300,7.530346393585205
5/22/2018,7.800000190734863,7.949999809265137,7.619999885559082,7.639999866485596,3737200,7.5008931159973145
5/21/2018,7.349999904632568,7.800000190734863,7.320000171661377,7.75,4144800,7.608889579772949
5/18/2018,7.199999809265137,7.510000228881836,7.199999809265137,7.269999980926514,3752500,7.137629508972168
5/17/2018,7.019999980926514,7.409999847412109,7.019999980926514,7.170000076293945,5713200,7.039450645446777
5/15/2018,7.25,7.269999980926514,6.929999828338623,7.130000114440918,7754600,7.000178813934326
5/14/2018,7.449999809265137,7.570000171661377,7.269999980926514,7.300000190734863,6584800,7.167083740234375
5/11/2018,7.940000057220459,7.96999979019165,7.320000171661377,7.400000095367432,6672800,7.265263080596924
5/10/2018,7.840000152587891,8.09000015258789,7.840000152587891,7.920000076293945,4317400,7.775794982910156
5/9/2018,8.989999771118164,9.119999885559082,7.639999866485596,7.820000171661377,11564900,7.677615642547607
5/8/2018,8.430000305175781,8.75,8.34000015258789,8.569999694824219,4159200,8.413959503173828
5/7/2018,8.149999618530273,8.470000267028809,8.149999618530273,8.4399995803833,2578200,8.28632640838623
5/4/2018,8.25,8.449999809265137,8.010000228881836,8.079999923706055,4964300,7.932880878448486
5/3/2018,8.710000038146973,8.75,8.25,8.279999732971191,3358800,8.129240036010742
5/2/2018,8.699999809265137,8.760000228881836,8.640000343322754,8.699999809265137,1727700,8.541593551635742
5/1/2018,8.920000076293945,8.989999771118164,8.65999984741211,8.680000305175781,1698000,8.521957397460938
4/30/2018,9.1899995803833,9.220000267028809,8.819999694824219,8.90999984741211,2558300,8.74776840209961
4/27/2018,9.069999694824219,9.220000267028809,9.039999961853027,9.109999656677246,1356600,8.944127082824707
4/26/2018,9.119999885559082,9.170000076293945,8.739999771118164,9.079999923706055,3967900,8.914673805236816
4/25/2018,8.920000076293945,9.199999809265137,8.84000015258789,9.119999885559082,1251100,8.95394515991211
4/24/2018,9.020000457763672,9.210000038146973,8.982000350952148,8.989999771118164,1616800,8.826312065124512
4/23/2018,9.25,9.329999923706055,8.829999923706055,8.949999809265137,2354200,8.787040710449219
4/20/2018,9.369999885559082,9.4399995803833,9.180000305175781,9.300000190734863,1070900,9.130668640136719
4/19/2018,9.5,9.65999984741211,9.220000267028809,9.380000114440918,3010800,9.209211349487305
4/18/2018,9.239999771118164,9.630000114440918,9.199999809265137,9.5600004196167,2788800,9.38593578338623
4/17/2018,9.079999923706055,9.270000457763672,8.96500015258789,9.25,2045800,9.081579208374023
4/16/2018,9.050000190734863,9.069999694824219,8.890000343322754,8.989999771118164,1314100,8.826312065124512
4/13/2018,9.100000381469727,9.329999923706055,8.850000381469727,8.989999771118164,2198600,8.826312065124512
4/12/2018,9.069999694824219,9.25,8.949999809265137,9.100000381469727,2704300,8.934309959411621
4/11/2018,8.960000038146973,9.149999618530273,8.875,9.020000457763672,1979700,8.855766296386719
4/10/2018,9.130000114440918,9.279999732971191,8.859999656677246,9.050000190734863,4052700,8.88521957397461
4/9/2018,8.760000228881836,9.359999656677246,8.760000228881836,9.119999885559082,4643200,8.95394515991211
4/6/2018,8.680000305175781,8.899999618530273,8.5,8.75,3687600,8.590682029724121
4/5/2018,8.170000076293945,8.890000343322754,8.069999694824219,8.8100004196167,10407600,8.649589538574219
4/4/2018,7.460000038146973,7.920000076293945,7.449999809265137,7.849999904632568,4205600,7.707068920135498
4/3/2018,7.940000057220459,7.940000057220459,7.360000133514404,7.550000190734863,3926500,7.412531852722168
4/2/2018,7.96999979019165,8.050000190734863,7.670000076293945,7.829999923706055,2443700,7.68743371963501
3/29/2018,7.590000152587891,7.949999809265137,7.590000152587891,7.929999828338623,2952700,7.7856125831604
3/28/2018,7.630000114440918,7.940000057220459,7.53000020980835,7.599999904632568,3590900,7.461620807647705
3/27/2018,7.949999809265137,7.989999771118164,7.510000228881836,7.559999942779541,3582900,7.422349452972412
3/26/2018,8.220000267028809,8.25,7.889999866485596,7.949999809265137,4396900,7.805247783660889
3/23/2018,8.739999771118164,8.760000228881836,8.024999618530273,8.100000381469727,4169000,7.952517509460449
3/22/2018,8.899999618530273,8.9399995803833,8.619999885559082,8.670000076293945,2408100,8.477776527404785
3/20/2018,9.239999771118164,9.239999771118164,8.890000343322754,8.960000038146973,3126400,8.761346817016602
3/19/2018,8.720000267028809,9.199999809265137,8.5600004196167,9.140000343322754,6452500,8.937355995178223
3/16/2018,9.029999732971191,9.4399995803833,8.699999809265137,8.729999542236328,17341300,8.536445617675781
3/15/2018,10.75,10.75,8.899999618530273,8.930000305175781,10293500,8.732011795043945
3/14/2018,10.670000076293945,10.680000305175781,10.210000038146973,10.210000038146973,5656700,9.98363208770752
3/13/2018,10.649999618530273,10.800000190734863,10.529999732971191,10.539999961853027,3052700,10.306316375732422
3/12/2018,10.609999656677246,10.770000457763672,10.529999732971191,10.710000038146973,2337500,10.47254753112793
3/9/2018,10.649999618530273,10.65999984741211,10.449999809265137,10.529999732971191,1995000,10.296537399291992
3/8/2018,10.539999961853027,10.770000457763672,10.460000038146973,10.520000457763672,4982700,10.286760330200195
3/7/2018,10.300000190734863,10.550000190734863,10.229999542236328,10.399999618530273,1714600,10.169418334960938
3/6/2018,10.8100004196167,10.8100004196167,10.270000457763672,10.350000381469727,4146200,10.120528221130371
3/5/2018,10.979999542236328,11.25,10.720000267028809,10.720000267028809,2845500,10.482325553894043
3/2/2018,10.6899995803833,11.15999984741211,10.579999923706055,11.069999694824219,3135000,10.824565887451172
3/1/2018,10.6899995803833,10.829999923706055,10.569999694824219,10.680000305175781,2502000,10.443212509155273
2/28/2018,11.380000114440918,11.380000114440918,10.550000190734863,10.5600004196167,6566400,10.325872421264648
2/27/2018,12.140000343322754,12.380000114440918,11.470000267028809,11.600000381469727,1849200,11.342815399169922
2/26/2018,12.029999732971191,12.194999694824219,11.869999885559082,12.149999618530273,1639700,11.880619049072266
2/23/2018,11.899999618530273,12.09000015258789,11.710000038146973,11.979999542236328,3210000,11.714388847351074
2/22/2018,11.65999984741211,12,11.59000015258789,11.90999984741211,2007200,11.645941734313965
2/21/2018,11.670000076293945,11.729999542236328,11.550000190734863,11.649999618530273,2562200,11.391705513000488
2/20/2018,11.529999732971191,11.6899995803833,11.420000076293945,11.59000015258789,1824400,11.333037376403809
2/16/2018,11.760000228881836,11.899999618530273,11.555000305175781,11.579999923706055,1617300,11.323258399963379
2/15/2018,11.9399995803833,11.979000091552734,11.180000305175781,11.6899995803833,5526000,11.430817604064941
2/14/2018,12.180000305175781,12.1899995803833,11.770000457763672,11.9399995803833,5808100,11.675275802612305
2/13/2018,13,13.020000457763672,12.09000015258789,12.149999618530273,6081700,11.880619049072266
2/12/2018,12.640000343322754,12.770000457763672,12.470000267028809,12.680000305175781,2783100,12.398870468139648
2/9/2018,12.390000343322754,12.680000305175781,12.149999618530273,12.640000343322754,4091500,12.359757423400879
2/8/2018,12.569999694824219,12.569999694824219,12.270000457763672,12.369999885559082,4065800,12.095743179321289
2/7/2018,12.220000267028809,12.539999961853027,12.199999809265137,12.510000228881836,2671200,12.232638359069824
2/6/2018,12.199999809265137,12.5,12.140000343322754,12.300000190734863,4608500,12.027294158935547
2/5/2018,12.800000190734863,12.850000381469727,12.460000038146973,12.640000343322754,4006400,12.359757423400879
2/2/2018,12.640000343322754,12.949999809265137,12.600000381469727,12.859999656677246,6012400,12.574878692626953
2/1/2018,12.479999542236328,12.8100004196167,12.449999809265137,12.75,6075100,12.467318534851074
1/31/2018,12.460000038146973,12.569999694824219,12.399999618530273,12.479999542236328,6624700,12.203303337097168
1/30/2018,12,12.399999618530273,11.90999984741211,12.399999618530273,5638800,12.125077247619629
1/29/2018,11.890000343322754,12.229999542236328,11.850000381469727,12.079999923706055,9508400,11.812171936035156
1/26/2018,11.8100004196167,11.920000076293945,11.75,11.899999618530273,7910600,11.636162757873535
1/25/2018,11.90999984741211,11.9399995803833,11.600000381469727,11.899999618530273,9448600,11.636162757873535
1/24/2018,11.90999984741211,12.144000053405762,11.300000190734863,11.90999984741211,10369000,11.645941734313965
1/23/2018,11.470000267028809,12.119999885559082,11.449999809265137,11.90999984741211,8272100,11.645941734313965
1/22/2018,12.119999885559082,12.180000305175781,11.119999885559082,11.449999809265137,26132900,11.196141242980957
1/19/2018,12.649999618530273,12.970000267028809,12,12.390000343322754,68187400,12.115300178527832
