4/22/2019,9.479999542236328,9.630000114440918,9.359999656677246,9.520000457763672,662500,9.520000457763672
4/18/2019,9.699999809265137,9.819999694824219,9.600000381469727,9.65999984741211,547200,9.65999984741211
4/17/2019,9.760000228881836,9.819999694824219,9.420000076293945,9.720000267028809,903700,9.720000267028809
4/16/2019,10,10.039999961853027,9.670000076293945,9.8100004196167,755600,9.8100004196167
4/15/2019,10.15999984741211,10.279999732971191,9.90999984741211,10.020000457763672,407800,10.020000457763672
4/12/2019,10.170000076293945,10.300000190734863,10.010000228881836,10.15999984741211,322500,10.15999984741211
4/11/2019,10.520000457763672,10.520000457763672,10.119999885559082,10.1899995803833,314200,10.1899995803833
4/10/2019,10.15999984741211,10.5,10.15999984741211,10.460000038146973,410500,10.460000038146973
4/9/2019,10.420000076293945,10.5,10.0600004196167,10.119999885559082,524900,10.119999885559082
4/8/2019,10.609999656677246,10.680000305175781,10.460000038146973,10.529999732971191,402000,10.437999725341797
4/5/2019,10.619999885559082,10.75,10.520000457763672,10.619999885559082,334700,10.527213096618652
4/4/2019,10.739999771118164,10.869999885559082,10.510000228881836,10.619999885559082,387500,10.527213096618652
4/3/2019,10.680000305175781,10.880000114440918,10.670000076293945,10.720000267028809,407800,10.62633991241455
4/2/2019,10.789999961853027,10.800000190734863,10.5600004196167,10.710000038146973,460800,10.616427421569824
4/1/2019,10.829999923706055,10.850000381469727,10.600000381469727,10.8100004196167,507500,10.715554237365723
3/29/2019,10.829999923706055,10.850000381469727,10.630000114440918,10.800000190734863,399400,10.70564079284668
3/28/2019,10.649999618530273,10.829999923706055,10.649999618530273,10.770000457763672,222300,10.6759033203125
3/27/2019,10.710000038146973,10.789999961853027,10.600000381469727,10.699999809265137,301600,10.606513977050781
3/26/2019,10.670000076293945,10.9399995803833,10.640000343322754,10.699999809265137,330700,10.606513977050781
3/25/2019,10.789999961853027,10.850000381469727,10.529999732971191,10.680000305175781,235100,10.586689949035645
3/22/2019,11.109999656677246,11.149999618530273,10.680000305175781,10.75,422000,10.65607738494873
3/21/2019,10.9399995803833,11.229999542236328,10.899999618530273,11.130000114440918,468200,11.032757759094238
3/20/2019,10.770000457763672,11.1899995803833,10.770000457763672,10.949999809265137,530500,10.854330062866211
3/19/2019,10.949999809265137,11.029999732971191,10.6899995803833,10.8100004196167,658300,10.715554237365723
3/18/2019,11.100000381469727,11.25,10.819999694824219,10.979999542236328,790600,10.88406753540039
3/15/2019,11.100000381469727,11.1899995803833,10.960000038146973,11.130000114440918,729300,11.032757759094238
3/14/2019,11.079999923706055,11.359999656677246,11,11.09000015258789,857200,10.993106842041016
3/13/2019,10.949999809265137,11.199999809265137,10.859999656677246,11.050000190734863,864400,10.95345687866211
3/12/2019,10.850000381469727,11.050000190734863,10.729999542236328,10.90999984741211,441000,10.814679145812988
3/11/2019,10.649999618530273,10.960000038146973,10.649999618530273,10.850000381469727,442300,10.755204200744629
3/8/2019,10.75,10.869999885559082,10.539999961853027,10.699999809265137,420000,10.606513977050781
3/7/2019,10.710000038146973,11.119999885559082,10.710000038146973,10.760000228881836,548100,10.665990829467773
3/6/2019,10.5600004196167,11.100000381469727,10.449999809265137,10.880000114440918,995100,10.693745613098145
3/5/2019,10.640000343322754,10.800000190734863,10.529999732971191,10.5600004196167,656300,10.379223823547363
3/4/2019,10.640000343322754,10.920000076293945,10.359999656677246,10.6899995803833,452700,10.506998062133789
3/1/2019,10.8100004196167,11,10.539999961853027,10.640000343322754,450200,10.457854270935059
2/28/2019,10.779999732971191,10.979999542236328,10.600000381469727,10.8100004196167,594400,10.624944686889648
2/27/2019,11.3100004196167,11.420000076293945,10.739999771118164,10.800000190734863,561300,10.61511516571045
2/26/2019,11.369999885559082,11.479999542236328,11.270000457763672,11.399999618530273,613400,11.204843521118164
2/25/2019,11.5,11.5,11.1899995803833,11.350000381469727,347400,11.155699729919434
2/22/2019,11.199999809265137,11.5,11.0600004196167,11.430000305175781,512900,11.234330177307129
2/21/2019,11.1899995803833,11.390000343322754,11.010000228881836,11.329999923706055,400600,11.136042594909668
2/20/2019,11.4399995803833,11.5,10.84000015258789,11.069999694824219,1002600,10.8804931640625
2/19/2019,11.020000457763672,11.529999732971191,10.880000114440918,11.420000076293945,613500,11.224501609802246
2/15/2019,11.149999618530273,11.199999809265137,10.859999656677246,11.029999732971191,707300,10.841177940368652
2/14/2019,11.079999923706055,11.3100004196167,10.859999656677246,11.15999984741211,1548200,10.968952178955078
2/13/2019,11.260000228881836,11.460000038146973,11.149999618530273,11.300000190734863,584500,11.106555938720703
2/12/2019,11.8100004196167,11.949999809265137,11.180000305175781,11.34000015258789,648500,11.14587116241455
2/11/2019,11.819999694824219,12.09000015258789,11.699999809265137,11.84000015258789,435800,11.637310981750488
2/8/2019,12.029999732971191,12.199999809265137,11.850000381469727,11.869999885559082,465000,11.666797637939453
2/7/2019,12.399999618530273,12.539999961853027,12.010000228881836,12.069999694824219,338200,11.863373756408691
2/6/2019,12.619999885559082,12.819999694824219,12.529999732971191,12.550000190734863,261300,12.244732856750488
2/5/2019,12.399999618530273,12.6899995803833,12.170000076293945,12.630000114440918,471600,12.322786331176758
2/4/2019,12.710000038146973,12.850000381469727,12.270000457763672,12.369999885559082,399700,12.069110870361328
2/1/2019,12.920000076293945,13.109999656677246,12.649999618530273,12.779999732971191,306900,12.469137191772461
1/31/2019,12.979999542236328,13.1899995803833,12.800000190734863,12.989999771118164,435400,12.674029350280762
1/30/2019,12.6899995803833,13.180000305175781,12.680000305175781,13,528700,12.683786392211914
1/29/2019,13.069999694824219,13.140000343322754,12.720000267028809,12.75,350600,12.439867973327637
1/28/2019,12.979999542236328,13.210000038146973,12.720000267028809,13.1899995803833,344700,12.86916446685791
1/25/2019,12.65999984741211,13.09000015258789,12.600000381469727,13.020000457763672,423800,12.703300476074219
1/24/2019,12.819999694824219,12.90999984741211,12.5600004196167,12.729999542236328,310700,12.420353889465332
1/23/2019,12.880000114440918,13.15999984741211,12.770000457763672,12.890000343322754,337800,12.576462745666504
1/22/2019,12.960000038146973,13.220000267028809,12.859999656677246,12.930000305175781,414200,12.61548900604248
1/18/2019,13.25,13.359999656677246,12.819999694824219,13.100000381469727,550100,12.781354904174805
1/17/2019,13.149999618530273,13.449999809265137,13.020000457763672,13.380000114440918,369400,13.054542541503906
1/16/2019,12.949999809265137,13.350000381469727,12.949999809265137,13.260000228881836,405100,12.93746280670166
1/15/2019,12.819999694824219,13.489999771118164,12.800000190734863,13.210000038146973,557000,12.888677597045898
1/14/2019,13.170000076293945,13.289999961853027,12.760000228881836,12.970000267028809,412200,12.654516220092773
1/11/2019,13,13.149999618530273,12.770000457763672,13.09000015258789,542900,12.771596908569336
1/10/2019,13.489999771118164,13.800000190734863,12.949999809265137,13.1899995803833,559100,12.779402732849121
1/9/2019,13.779999732971191,13.880000114440918,13.4399995803833,13.600000381469727,331300,13.17663860321045
1/8/2019,13.520000457763672,13.859999656677246,13.3100004196167,13.779999732971191,174600,13.351036071777344
1/7/2019,13.34000015258789,13.649999618530273,13.239999771118164,13.510000228881836,225100,13.08944034576416
1/4/2019,13.470000267028809,13.6899995803833,13.229999542236328,13.369999885559082,256400,12.953798294067383
1/3/2019,13.119999885559082,13.569999694824219,13,13.40999984741211,224400,12.9925537109375
1/2/2019,13.100000381469727,13.319999694824219,13,13.170000076293945,176700,12.760025978088379
12/31/2018,13.369999885559082,13.5,13.020000457763672,13.319999694824219,494200,12.905355453491211
12/28/2018,13.479999542236328,13.630000114440918,13.289999961853027,13.460000038146973,459800,13.040997505187988
12/27/2018,13.699999809265137,13.800000190734863,13.010000228881836,13.539999961853027,342900,13.11850643157959
12/26/2018,13.229999542236328,13.6899995803833,13.229999542236328,13.670000076293945,259500,13.244460105895996
12/24/2018,13.34000015258789,13.520000457763672,13.020000457763672,13.319999694824219,350000,12.905355453491211
12/21/2018,14,14,13.199999809265137,13.520000457763672,1628300,13.099129676818848
12/20/2018,13.760000228881836,13.979999542236328,13.640000343322754,13.899999618530273,774900,13.467299461364746
12/19/2018,13.720000267028809,13.979999542236328,13.619999885559082,13.859999656677246,790300,13.428545951843262
12/18/2018,13.329999923706055,13.890000343322754,13.0600004196167,13.850000381469727,885000,13.41885757446289
12/17/2018,13.079999923706055,13.399999618530273,13,13.199999809265137,762500,12.789092063903809
12/14/2018,13.890000343322754,13.899999618530273,12.829999923706055,13.119999885559082,397800,12.711581230163574
12/13/2018,13.569999694824219,14.15999984741211,13.569999694824219,13.9399995803833,495900,13.506054878234863
12/12/2018,13.510000228881836,13.930000305175781,12.819999694824219,13.5600004196167,295600,13.137886047363281
12/11/2018,13.859999656677246,13.979999542236328,13.539999961853027,13.569999694824219,312700,13.14757251739502
12/10/2018,13.390000343322754,14.1899995803833,13.229999542236328,13.710000038146973,621800,13.283215522766113
12/7/2018,13.390000343322754,13.729999542236328,13,13.489999771118164,406600,13.070063591003418
12/6/2018,13.0600004196167,13.5,12.75,13.489999771118164,353600,12.980927467346191
12/4/2018,13.539999961853027,13.630000114440918,12.819999694824219,13.279999732971191,233300,12.778851509094238
12/3/2018,13.890000343322754,13.960000038146973,13.329999923706055,13.579999923706055,204100,13.067530632019043
11/30/2018,13.3100004196167,14,13.3100004196167,13.84000015258789,824600,13.317720413208008
11/29/2018,13.65999984741211,13.899999618530273,13.369999885559082,13.390000343322754,280000,12.884700775146484
11/28/2018,13.59000015258789,13.970000267028809,13.550000190734863,13.720000267028809,165600,13.202248573303223
11/27/2018,13.65999984741211,13.930000305175781,13.399999618530273,13.649999618530273,284400,13.134888648986816
11/26/2018,13.649999618530273,13.949999809265137,13.600000381469727,13.859999656677246,379500,13.336965560913086
11/23/2018,13.600000381469727,14.010000228881836,13.479999542236328,13.859999656677246,130200,13.336965560913086
11/21/2018,13.880000114440918,13.960000038146973,13.649999618530273,13.770000457763672,138500,13.250362396240234
11/20/2018,13.829999923706055,14.130000114440918,13.640000343322754,13.920000076293945,285100,13.39470100402832
11/19/2018,14.020000457763672,14.050000190734863,13.6899995803833,14,301400,13.47168254852295
11/16/2018,13.119999885559082,14.140000343322754,13.029999732971191,14.140000343322754,499700,13.606399536132812
11/15/2018,13.149999618530273,13.380000114440918,12.920000076293945,13.130000114440918,289200,12.634512901306152
11/14/2018,13.510000228881836,13.680000305175781,12.890000343322754,13.029999732971191,399700,12.538287162780762
11/13/2018,13.109999656677246,13.550000190734863,13.029999732971191,13.479999542236328,243100,12.971303939819336
11/12/2018,12.890000343322754,13.239999771118164,12.609999656677246,13.109999656677246,165800,12.615267753601074
11/9/2018,12.319999694824219,13.050000190734863,12.170000076293945,12.789999961853027,218600,12.307343482971191
11/8/2018,12.069999694824219,12.699999809265137,12,12.270000457763672,284400,11.806967735290527
11/7/2018,12.489999771118164,12.789999961853027,12.069999694824219,12.229999542236328,291100,11.768475532531738
11/6/2018,13.1899995803833,13.819999694824219,12.220000267028809,12.670000076293945,311800,12.10334300994873
11/5/2018,13.359999656677246,13.489999771118164,13.079999923706055,13.220000267028809,237200,12.628745079040527
11/2/2018,13.170000076293945,13.5,13.029999732971191,13.390000343322754,195200,12.791141510009766
11/1/2018,13.449999809265137,13.579999923706055,13.010000228881836,13.239999771118164,157600,12.647851943969727
10/31/2018,13.319999694824219,13.739999771118164,13.149999618530273,13.369999885559082,278000,12.772035598754883
10/30/2018,13.649999618530273,13.800000190734863,13.319999694824219,13.539999961853027,192400,12.934432983398438
10/29/2018,13.739999771118164,13.90999984741211,13.369999885559082,13.550000190734863,155400,12.943985939025879
10/26/2018,13.699999809265137,13.880000114440918,13.520000457763672,13.640000343322754,161400,13.029961585998535
10/25/2018,14,14.140000343322754,13.600000381469727,13.850000381469727,254300,13.230569839477539
10/24/2018,13.960000038146973,14.15999984741211,13.800000190734863,13.899999618530273,186500,13.278332710266113
10/23/2018,13.75,14.289999961853027,13.75,14,257900,13.373861312866211
10/22/2018,14.039999961853027,14.140000343322754,13.75,13.850000381469727,337300,13.230569839477539
10/19/2018,14.15999984741211,14.220000267028809,13.920000076293945,14.09000015258789,181200,13.459835052490234
10/18/2018,14.100000381469727,14.380000114440918,14.0600004196167,14.15999984741211,243400,13.526703834533691
10/17/2018,14.09000015258789,14.479999542236328,13.930000305175781,14.270000457763672,272300,13.63178539276123
10/16/2018,14.489999771118164,14.510000228881836,13.920000076293945,14,353600,13.373861312866211
10/15/2018,14.210000038146973,14.510000228881836,13.899999618530273,14.510000228881836,299300,13.861051559448242
10/12/2018,14.470000267028809,14.739999771118164,13.279999732971191,14.489999771118164,514800,13.841944694519043
10/11/2018,14.880000114440918,14.989999771118164,14.369999885559082,14.550000190734863,416900,13.899261474609375
10/10/2018,14.59000015258789,15,14.59000015258789,14.960000038146973,357500,14.290924072265625
10/9/2018,14.3100004196167,14.930000305175781,14.289999961853027,14.789999961853027,127400,14.040643692016602
10/8/2018,14.170000076293945,15,14.170000076293945,14.350000381469727,111900,13.622936248779297
10/5/2018,14.75,14.880000114440918,14.100000381469727,14.149999618530273,177300,13.433069229125977
10/4/2018,14.989999771118164,15.09000015258789,14.699999809265137,14.770000457763672,113900,14.02165699005127
10/3/2018,15.050000190734863,15.229999542236328,14.920000076293945,15.0600004196167,110800,14.296963691711426
10/2/2018,15.220000267028809,15.350000381469727,14.779999732971191,15.109999656677246,248100,14.344429016113281
10/1/2018,15.579999923706055,15.829999923706055,15.029999732971191,15.289999961853027,233200,14.515310287475586
9/28/2018,14.920000076293945,15.279999732971191,14.75,15.260000228881836,227600,14.48682975769043
9/27/2018,15.199999809265137,15.449999809265137,14.84000015258789,14.949999809265137,409700,14.192536354064941
9/26/2018,15.539999961853027,15.880000114440918,15.199999809265137,15.220000267028809,263400,14.448857307434082
9/25/2018,16.31999969482422,16.889999389648438,15.569999694824219,15.619999885559082,632000,14.82858943939209
9/24/2018,17.489999771118164,17.649999618530273,16.209999084472656,16.31999969482422,719700,15.493123054504395
9/21/2018,17.670000076293945,17.979999542236328,17.239999771118164,17.530000686645508,2917200,16.641817092895508
9/20/2018,17.68000030517578,18.5,17.510000228881836,17.760000228881836,1411400,16.86016273498535
9/19/2018,16.989999771118164,18.219999313354492,16.799999237060547,17.690000534057617,1487400,16.79370880126953
9/18/2018,16.950000762939453,17.790000915527344,16.950000762939453,17.510000228881836,894000,16.622831344604492
9/17/2018,16.8799991607666,17.170000076293945,16.610000610351562,17,652900,16.138669967651367
9/14/2018,16.649999618530273,16.8799991607666,16.610000610351562,16.850000381469727,587000,15.996271133422852
9/13/2018,16.559999465942383,16.729999542236328,16.360000610351562,16.690000534057617,432300,15.844377517700195
9/12/2018,16.1200008392334,16.729999542236328,16.040000915527344,16.700000762939453,601700,15.853872299194336
9/11/2018,16.15999984741211,16.40999984741211,15.699999809265137,16.219999313354492,577800,15.311168670654297
9/10/2018,15.359999656677246,16.75,14.899999618530273,16.25,954700,15.339486122131348
9/7/2018,15.960000038146973,15.960000038146973,15.170000076293945,15.539999961853027,126700,14.58242416381836
9/6/2018,15.979999542236328,16,15.539999961853027,15.890000343322754,107300,14.910856246948242
9/5/2018,15.5600004196167,16,15.399999618530273,15.989999771118164,123600,15.004693984985352
9/4/2018,15.649999618530273,15.979999542236328,15.550000190734863,15.640000343322754,129300,14.676262855529785
8/31/2018,15.800000190734863,16.06999969482422,15.619999885559082,15.75,189300,14.7794828414917
8/30/2018,16.420000076293945,16.43000030517578,15.6899995803833,15.859999656677246,194400,14.882704734802246
8/29/2018,16.469999313354492,16.639999389648438,16.06999969482422,16.350000381469727,214200,15.342511177062988
8/28/2018,16.3700008392334,16.690000534057617,16.260000228881836,16.469999313354492,212800,15.455116271972656
8/27/2018,16.600000381469727,16.719999313354492,16.360000610351562,16.520000457763672,263800,15.502036094665527
8/24/2018,16.5,16.739999771118164,16.049999237060547,16.739999771118164,243700,15.708478927612305
8/23/2018,16.360000610351562,16.739999771118164,16.360000610351562,16.6299991607666,367000,15.605259895324707
8/22/2018,16.450000762939453,16.489999771118164,16.25,16.489999771118164,151400,15.473884582519531
8/21/2018,16.389999389648438,16.489999771118164,16.239999771118164,16.399999618530273,214600,15.389430046081543
8/20/2018,16.3799991607666,16.489999771118164,16.040000915527344,16.489999771118164,230900,15.473884582519531
8/17/2018,16.450000762939453,16.450000762939453,16.110000610351562,16.420000076293945,158900,15.408198356628418
8/16/2018,16.239999771118164,16.489999771118164,15.800000190734863,16.43000030517578,262900,15.417581558227539
8/15/2018,16.209999084472656,16.34000015258789,15.670000076293945,16.34000015258789,204700,15.33312702178955
8/14/2018,15.850000381469727,16.489999771118164,15.5,16.309999465942383,598000,15.304974555969238
8/13/2018,15.40999984741211,16,15.34000015258789,16,290100,15.014077186584473
8/10/2018,14.8100004196167,15.5,14.770000457763672,15.5,261000,14.544888496398926
8/9/2018,14.779999732971191,15,14.779999732971191,14.850000381469727,213600,13.898179054260254
8/8/2018,14.819999694824219,14.960000038146973,14.779999732971191,14.880000114440918,156400,13.889755249023438
8/7/2018,14.800000190734863,15.029999732971191,14.800000190734863,14.979999542236328,217600,13.983099937438965
8/6/2018,14.899999618530273,15,14.75,14.979999542236328,185700,13.983099937438965
8/3/2018,14.760000228881836,14.9399995803833,14.699999809265137,14.800000190734863,117900,13.815079689025879
8/2/2018,14.760000228881836,15,14.6899995803833,14.729999542236328,258800,13.749736785888672
8/1/2018,14.649999618530273,14.949999809265137,14.649999618530273,14.949999809265137,107500,13.955095291137695
7/31/2018,14.75,15.050000190734863,14.529999732971191,14.609999656677246,182500,13.63772201538086
7/30/2018,14.510000228881836,14.949999809265137,14.510000228881836,14.90999984741211,179200,13.91775894165039
7/27/2018,14.210000038146973,14.899999618530273,14.210000038146973,14.859999656677246,238900,13.871085166931152
7/26/2018,13.899999618530273,14.470000267028809,13.699999809265137,14.289999961853027,319500,13.339019775390625
7/25/2018,13.850000381469727,14.4399995803833,13.850000381469727,14.050000190734863,397400,13.114990234375
7/24/2018,13.899999618530273,14.260000228881836,13.899999618530273,14.079999923706055,450000,13.142992973327637
7/23/2018,13.5,14.5,13.34000015258789,14.220000267028809,787000,13.273676872253418
7/20/2018,15,15.1899995803833,13.75,13.979999542236328,795600,13.049649238586426
7/19/2018,13.149999618530273,16.799999237060547,13.149999618530273,15,601700,14.0017671585083
