4/22/2019,51.47999954223633,52.08000183105469,51.31999969482422,52.040000915527344,925900,52.040000915527344
4/18/2019,51.43000030517578,51.90999984741211,51.369998931884766,51.599998474121094,242500,51.599998474121094
4/17/2019,51.40999984741211,51.59000015258789,51.119998931884766,51.349998474121094,259600,51.349998474121094
4/16/2019,51.619998931884766,51.95000076293945,51.189998626708984,51.34000015258789,858000,51.34000015258789
4/15/2019,51.529998779296875,52.08000183105469,51.45000076293945,51.77000045776367,1096800,51.77000045776367
4/12/2019,50.88999938964844,51.4900016784668,50.709999084472656,51.47999954223633,478400,51.47999954223633
4/11/2019,50.689998626708984,51.09000015258789,50.689998626708984,51.040000915527344,268400,51.040000915527344
4/10/2019,50.939998626708984,51.32500076293945,50.83000183105469,50.900001525878906,274400,50.900001525878906
4/9/2019,50.65999984741211,51,50.349998474121094,50.720001220703125,279000,50.720001220703125
4/8/2019,50.88999938964844,51.25,50.26499938964844,50.529998779296875,395100,50.529998779296875
4/5/2019,49.97999954223633,50.560001373291016,49.86000061035156,50.5,192000,50.5
4/4/2019,50.130001068115234,50.2599983215332,49.597999572753906,49.900001525878906,354900,49.900001525878906
4/3/2019,50.2599983215332,50.619998931884766,49.91999816894531,50.25,719900,50.25
4/2/2019,50.34000015258789,50.34000015258789,49.88999938964844,50.2599983215332,390400,50.2599983215332
4/1/2019,50.349998474121094,50.5,49.90999984741211,50.11000061035156,334500,50.11000061035156
3/29/2019,49.970001220703125,50.41999816894531,49.8650016784668,50.349998474121094,297700,50.349998474121094
3/28/2019,50.29999923706055,50.40999984741211,49.77000045776367,50.0099983215332,241600,50.0099983215332
3/27/2019,50.59000015258789,50.68000030517578,50.06999969482422,50.310001373291016,341800,50.310001373291016
3/26/2019,50.119998931884766,50.51499938964844,50.02000045776367,50.459999084472656,217500,50.459999084472656
3/25/2019,50.09000015258789,50.31999969482422,49.790000915527344,50.18000030517578,314400,50.18000030517578
3/22/2019,49.56999969482422,50.2599983215332,49.56999969482422,50.040000915527344,346900,50.040000915527344
3/21/2019,48.72999954223633,49.380001068115234,48.56999969482422,49.36000061035156,285700,49.36000061035156
3/20/2019,48.709999084472656,49.27000045776367,48.689998626708984,48.810001373291016,312900,48.810001373291016
3/19/2019,49.45000076293945,49.47999954223633,48.619998931884766,48.689998626708984,328100,48.689998626708984
3/18/2019,49.47999954223633,49.790000915527344,48.97200012207031,49.5,299400,49.5
3/15/2019,49.5,49.880001068115234,49.40999984741211,49.540000915527344,348300,49.540000915527344
3/14/2019,49.470001220703125,49.834999084472656,49.33000183105469,49.43000030517578,467100,49.43000030517578
3/13/2019,49.310001373291016,49.7400016784668,49.310001373291016,49.4900016784668,660600,49.4900016784668
3/12/2019,48.9900016784668,49.720001220703125,48.7599983215332,49.5,578100,49.5
3/11/2019,48.4900016784668,49.099998474121094,48.27000045776367,48.84000015258789,483600,48.84000015258789
3/8/2019,48.25,48.65999984741211,48.04499816894531,48.29999923706055,527600,48.29999923706055
3/7/2019,48.31999969482422,48.58000183105469,48.029998779296875,48.099998474121094,522500,48.099998474121094
3/6/2019,48.40999984741211,48.79999923706055,48.13999938964844,48.5,447000,48.05999755859375
3/5/2019,48.439998626708984,48.77000045776367,48.22999954223633,48.279998779296875,365900,47.84199523925781
3/4/2019,48.470001220703125,48.709999084472656,48.22999954223633,48.599998474121094,416400,48.15909194946289
3/1/2019,48.459999084472656,48.75,48.16999816894531,48.709999084472656,317500,48.26809310913086
2/28/2019,48.47999954223633,48.47999954223633,48.150001525878906,48.349998474121094,799900,47.91135787963867
2/27/2019,48.52000045776367,48.7400016784668,48.290000915527344,48.4900016784668,602400,48.05009078979492
2/26/2019,49.279998779296875,49.31999969482422,48.58000183105469,48.70000076293945,931500,48.25818634033203
2/25/2019,49.11000061035156,49.58000183105469,48.75,49.18000030517578,541900,48.733829498291016
2/22/2019,49.18000030517578,49.279998779296875,48.63999938964844,49.27000045776367,553100,48.82301330566406
2/21/2019,48.189998626708984,49.06999969482422,47.95000076293945,48.900001525878906,877300,48.45637130737305
2/20/2019,47.939998626708984,49.16999816894531,47.775001525878906,48.5099983215332,2691500,48.069908142089844
2/19/2019,50.77000045776367,51.349998474121094,50.720001220703125,51.18000030517578,448200,50.7156867980957
2/15/2019,50.38999938964844,50.7599983215332,50.38999938964844,50.630001068115234,227100,50.170677185058594
2/14/2019,50.41999816894531,50.79999923706055,50.2400016784668,50.459999084472656,247800,50.00221633911133
2/13/2019,50.369998931884766,50.5099983215332,50.0099983215332,50.43000030517578,264400,49.97248840332031
2/12/2019,50.650001525878906,50.9900016784668,50.34000015258789,50.4900016784668,226900,50.03194808959961
2/11/2019,50.40999984741211,50.619998931884766,50.150001525878906,50.560001373291016,215500,50.10131072998047
2/8/2019,50.2400016784668,50.654998779296875,50.11000061035156,50.5099983215332,270900,50.051761627197266
2/7/2019,49.65999984741211,50.16999816894531,49.349998474121094,50.099998474121094,428600,49.64548110961914
2/6/2019,49.86000061035156,50.08000183105469,49.529998779296875,49.560001373291016,313400,49.110382080078125
2/5/2019,49.959999084472656,50.04999923706055,49.5,49.81999969482422,305700,49.36802291870117
2/4/2019,49.34000015258789,49.70000076293945,49.09000015258789,49.70000076293945,361000,49.249114990234375
2/1/2019,49.720001220703125,49.810001373291016,48.90999984741211,49.599998474121094,291700,49.15001678466797
1/31/2019,49.150001525878906,49.95000076293945,48.66999816894531,49.869998931884766,325800,49.41756820678711
1/30/2019,48.72999954223633,49.31999969482422,48.59000015258789,49.20000076293945,322800,48.7536506652832
1/29/2019,48.77000045776367,49.029998779296875,48.58000183105469,48.720001220703125,247500,48.27800369262695
1/28/2019,49.09000015258789,49.349998474121094,48.41999816894531,48.540000915527344,298300,48.09963607788086
1/25/2019,49.619998931884766,49.79999923706055,48.970001220703125,49.150001525878906,470800,48.704105377197266
1/24/2019,49.5099983215332,49.75,49.060001373291016,49.66999816894531,326600,49.219383239746094
1/23/2019,48.88999938964844,49.45000076293945,48.88999938964844,49.439998626708984,391300,48.99147033691406
1/22/2019,49.13999938964844,49.29499816894531,48.31999969482422,48.959999084472656,465400,48.51582336425781
1/18/2019,49.380001068115234,49.58000183105469,48.810001373291016,49.18000030517578,497800,48.733829498291016
1/17/2019,49.099998474121094,49.400001525878906,48.91999816894531,49.310001373291016,356100,48.86265182495117
1/16/2019,48.45000076293945,49.029998779296875,48.284000396728516,49,282600,48.55546188354492
1/15/2019,47.72999954223633,48.75,47.72999954223633,48.61000061035156,553900,48.169002532958984
1/14/2019,48.709999084472656,48.709999084472656,47.45000076293945,47.7599983215332,619800,47.32670974731445
1/11/2019,49.439998626708984,49.439998626708984,48.7599983215332,48.97999954223633,284600,48.53564453125
1/10/2019,49,49.459999084472656,48.77000045776367,49.36000061035156,304800,48.91219711303711
1/9/2019,49.34000015258789,49.380001068115234,48.7400016784668,48.86000061035156,297700,48.41673278808594
1/8/2019,48.310001373291016,49.29999923706055,48.06999969482422,49.25,421900,48.80319595336914
1/7/2019,49.189998626708984,49.189998626708984,48.290000915527344,48.40999984741211,470000,47.9708137512207
1/4/2019,48.18000030517578,49.22999954223633,48.18000030517578,49.22999954223633,958100,48.78337478637695
1/3/2019,48.650001525878906,49.25,48.400001525878906,48.540000915527344,406100,48.09963607788086
1/2/2019,50.119998931884766,50.220001220703125,48.5099983215332,48.689998626708984,326900,48.24827575683594
12/31/2018,49.790000915527344,50.119998931884766,49.459999084472656,50.09000015258789,334900,49.63557434082031
12/28/2018,49.90999984741211,50.45000076293945,49.709999084472656,49.83000183105469,338200,49.377933502197266
12/27/2018,49.2599983215332,49.79999923706055,48.47999954223633,49.79999923706055,324400,49.34820556640625
12/26/2018,48.959999084472656,49.56999969482422,48.04499816894531,49.41999816894531,421500,48.971649169921875
12/24/2018,51.0099983215332,51.22100067138672,48.56999969482422,49.150001525878906,277100,48.704105377197266
12/21/2018,51.52000045776367,52.40999984741211,50.86000061035156,51.06999969482422,513700,50.60668182373047
12/20/2018,51.0099983215332,51.75,50.459999084472656,51.47999954223633,444600,51.012962341308594
12/19/2018,51.18000030517578,51.29999923706055,50.38999938964844,50.93000030517578,405200,50.467952728271484
12/18/2018,51.599998474121094,51.939998626708984,50.970001220703125,51.150001525878906,440900,50.68595886230469
12/17/2018,52.97999954223633,53.349998474121094,51.22999954223633,51.279998779296875,532000,50.81477737426758
12/14/2018,52.779998779296875,53.470001220703125,52.2400016784668,53.08000183105469,522200,52.59844970703125
12/13/2018,51.970001220703125,53.244998931884766,51.970001220703125,52.91999816894531,577000,52.43989944458008
12/12/2018,52.2599983215332,52.40999984741211,51.720001220703125,51.869998931884766,741900,51.3994255065918
12/11/2018,52.02000045776367,52.709999084472656,51.900001525878906,52.2400016784668,399800,51.76607131958008
12/10/2018,51.7599983215332,52.22999954223633,50.959999084472656,51.97999954223633,504600,51.508426666259766
12/7/2018,51.650001525878906,52.40999984741211,51.56999969482422,52.08000183105469,570500,51.17151641845703
12/6/2018,50.7400016784668,51.86000061035156,50.25,51.81999969482422,749300,50.916046142578125
12/4/2018,50.77000045776367,51.4900016784668,50.7400016784668,50.779998779296875,770900,49.894187927246094
12/3/2018,50.290000915527344,50.88999938964844,49.880001068115234,50.869998931884766,403000,49.98261642456055
11/30/2018,49.66999816894531,50.505001068115234,49.529998779296875,50.380001068115234,363100,49.50117111206055
11/29/2018,49.38999938964844,49.91999816894531,48.90999984741211,49.54999923706055,448700,48.685646057128906
11/28/2018,49.68000030517578,49.68000030517578,49.16999816894531,49.29999923706055,424100,48.440006256103516
11/27/2018,49.150001525878906,49.560001373291016,48.880001068115234,49.43000030517578,610400,48.56774139404297
11/26/2018,49.310001373291016,49.54999923706055,49,49.099998474121094,504200,48.24349594116211
11/23/2018,49.130001068115234,49.33000183105469,48.709999084472656,49.20000076293945,229700,48.34175109863281
11/21/2018,50.400001525878906,50.5099983215332,49.130001068115234,49.18000030517578,340500,48.32209777832031
11/20/2018,50.68000030517578,51.11000061035156,50.09000015258789,50.5099983215332,344200,49.62889862060547
11/19/2018,50,50.619998931884766,50,50.61000061035156,395800,49.72715377807617
11/16/2018,49.63999938964844,50.029998779296875,49.290000915527344,50.0099983215332,290800,49.13761901855469
11/15/2018,49.81999969482422,50.04999923706055,49.189998626708984,49.5,514200,48.63652038574219
11/14/2018,50,50.43000030517578,49.7599983215332,49.939998626708984,569700,49.06884002685547
11/13/2018,49.22999954223633,50.2599983215332,48.880001068115234,50.130001068115234,636100,49.25552749633789
11/12/2018,48.58000183105469,49.689998626708984,48.58000183105469,49.150001525878906,632500,48.292625427246094
11/9/2018,48.06999969482422,49.130001068115234,47.90999984741211,48.90999984741211,529400,48.05680847167969
11/8/2018,48.77000045776367,49.0099983215332,47.9900016784668,48.2400016784668,225000,47.39849853515625
11/7/2018,48.369998931884766,49.099998474121094,48.20800018310547,48.849998474121094,586500,47.99785614013672
11/6/2018,47.41999816894531,48.099998474121094,47.099998474121094,48.08000183105469,522100,47.24129104614258
11/5/2018,47.16999816894531,47.66999816894531,47,47.38999938964844,388400,46.563323974609375
11/2/2018,47.84000015258789,47.92499923706055,46.91999816894531,47.02000045776367,545900,46.19977951049805
11/1/2018,47.439998626708984,47.7599983215332,47.15999984741211,47.68000030517578,613800,46.8482666015625
10/31/2018,47.13999938964844,47.290000915527344,46.529998779296875,47.0099983215332,408500,46.18994903564453
10/30/2018,47.5099983215332,48.040000915527344,47,47.33000183105469,520000,46.50437545776367
10/29/2018,46.75,47.70000076293945,46.0099983215332,47.59000015258789,567700,46.75983810424805
10/26/2018,48.060001373291016,48.369998931884766,47.29999923706055,47.599998474121094,727600,46.76966094970703
10/25/2018,48.56999969482422,48.77000045776367,47.61000061035156,47.900001525878906,987100,47.064430236816406
10/24/2018,49.54999923706055,49.54999923706055,46.939998626708984,49.119998931884766,1040900,48.263145446777344
10/23/2018,48.58000183105469,48.939998626708984,47.82500076293945,48,511200,47.16268539428711
10/22/2018,48.709999084472656,48.88999938964844,48.40800094604492,48.70000076293945,571300,47.85047149658203
10/19/2018,48.0099983215332,49.0099983215332,48.0099983215332,48.619998931884766,346400,47.77186965942383
10/18/2018,47.65999984741211,48.2400016784668,47.65999984741211,48.06999969482422,725800,47.23146438598633
10/17/2018,47.25,47.75,47.119998931884766,47.619998931884766,479700,46.789310455322266
10/16/2018,46.5,47.52000045776367,46.5,47.33000183105469,334200,46.50437545776367
10/15/2018,46.27000045776367,47.029998779296875,46.16999816894531,46.529998779296875,415600,45.71832275390625
10/12/2018,46.310001373291016,46.31999969482422,45.810001373291016,46.18000030517578,440300,45.37443542480469
10/11/2018,47.08000183105469,47.31999969482422,46.13800048828125,46.15999984741211,433300,45.35478210449219
10/10/2018,47.63999938964844,48.22999954223633,47.02000045776367,47.04999923706055,597500,46.22925567626953
10/9/2018,47.40999984741211,47.869998931884766,47.349998474121094,47.7400016784668,337400,46.907222747802734
10/8/2018,47.16999816894531,47.779998779296875,47.029998779296875,47.52000045776367,379600,46.69105911254883
10/5/2018,46.45000076293945,47.13999938964844,46.45000076293945,47.06999969482422,548400,46.248905181884766
10/4/2018,46.10499954223633,46.880001068115234,46.10499954223633,46.599998474121094,641900,45.78710174560547
10/3/2018,48.04999923706055,48.20000076293945,46.84000015258789,46.880001068115234,631200,46.06222152709961
10/2/2018,47.7599983215332,48.43000030517578,47.73500061035156,48.16999816894531,395100,47.329715728759766
10/1/2018,48.189998626708984,48.189998626708984,47.290000915527344,47.630001068115234,404600,46.799137115478516
9/28/2018,47.41999816894531,48.06999969482422,47.34000015258789,47.93000030517578,537300,47.09390640258789
9/27/2018,47.08000183105469,47.790000915527344,47.040000915527344,47.29999923706055,378600,46.47489547729492
9/26/2018,47.61000061035156,47.779998779296875,46.959999084472656,47,381500,46.18012619018555
9/25/2018,48.380001068115234,48.380001068115234,47.25,47.54999923706055,330300,46.72053146362305
9/24/2018,48.97999954223633,49.04999923706055,48.33000183105469,48.34000015258789,269600,47.49675369262695
9/21/2018,49.0099983215332,49.36000061035156,48.7400016784668,49.119998931884766,433300,48.263145446777344
9/20/2018,48.970001220703125,49.29999923706055,48.66999816894531,49.130001068115234,212300,48.272972106933594
9/19/2018,50,50.060001373291016,48.82600021362305,49.029998779296875,328900,48.17471694946289
9/18/2018,49.66999816894531,50.15999984741211,49.52000045776367,49.900001525878906,369300,49.029541015625
9/17/2018,49.77000045776367,49.86000061035156,49.400001525878906,49.7599983215332,255400,48.89198303222656
9/14/2018,49.689998626708984,49.900001525878906,49.119998931884766,49.709999084472656,159100,48.842857360839844
9/13/2018,49.75,49.869998931884766,49.51300048828125,49.849998474121094,199900,48.98040771484375
9/12/2018,49.599998474121094,49.93000030517578,49.459999084472656,49.61000061035156,289100,48.744598388671875
9/11/2018,49.81999969482422,49.85499954223633,49.507999420166016,49.58000183105469,193400,48.71512222290039
9/10/2018,49.77000045776367,50.09000015258789,49.560001373291016,49.689998626708984,388200,48.823204040527344
9/7/2018,49.91999816894531,50.150001525878906,49.709999084472656,49.77000045776367,187100,48.90180969238281
9/6/2018,49.95000076293945,50.66999816894531,49.915000915527344,50.290000915527344,264700,49.41273880004883
9/5/2018,49.599998474121094,50.41999816894531,49.529998779296875,50.36000061035156,250700,49.049190521240234
9/4/2018,49.29999923706055,49.65999984741211,49.29999923706055,49.61000061035156,295900,48.31871032714844
8/31/2018,49.90999984741211,50.08000183105469,49.2599983215332,49.34000015258789,270600,48.05574417114258
8/30/2018,50.09000015258789,50.150001525878906,49.849998474121094,49.880001068115234,311400,48.58168411254883
8/29/2018,49.790000915527344,50.08000183105469,49.689998626708984,50,278400,48.69856262207031
8/28/2018,49.689998626708984,49.790000915527344,49.439998626708984,49.619998931884766,264600,48.328453063964844
8/27/2018,50.209999084472656,50.209999084472656,49.560001373291016,49.7400016784668,223600,48.44533157348633
8/24/2018,49.880001068115234,50.279998779296875,49.77000045776367,50.09000015258789,455400,48.786216735839844
8/23/2018,49.720001220703125,50.150001525878906,49.529998779296875,49.779998779296875,298600,48.48428726196289
8/22/2018,50.20000076293945,50.209999084472656,49.459999084472656,49.59000015258789,225200,48.299232482910156
8/21/2018,50.47999954223633,50.6150016784668,49.82099914550781,50.040000915527344,209800,48.73752212524414
8/20/2018,50.47999954223633,50.77000045776367,50.20000076293945,50.47999954223633,326900,49.16606903076172
8/17/2018,49.95000076293945,50.560001373291016,49.86000061035156,50.41999816894531,651400,49.107627868652344
8/16/2018,49.209999084472656,49.959999084472656,49,49.93000030517578,375600,48.6303825378418
8/15/2018,49.68000030517578,50.15999984741211,49.2400016784668,49.43000030517578,341500,48.14339828491211
8/14/2018,49.29999923706055,49.90999984741211,49.290000915527344,49.459999084472656,402400,48.17261505126953
8/13/2018,49.709999084472656,50.124000549316406,49.02000045776367,49.400001525878906,730000,48.11417770385742
8/10/2018,50.66999816894531,51.209999084472656,50.279998779296875,50.310001373291016,241400,49.00049591064453
8/9/2018,50.279998779296875,50.7400016784668,50.03300094604492,50.599998474121094,315800,49.28293991088867
8/8/2018,50.279998779296875,50.38999938964844,50.025001525878906,50.18000030517578,233000,48.873878479003906
8/7/2018,50.75,50.75,49.959999084472656,50.380001068115234,299400,49.06867599487305
8/6/2018,50.7599983215332,51.11000061035156,50.560001373291016,50.720001220703125,206800,49.39982604980469
8/3/2018,50.5099983215332,51.09000015258789,50.29999923706055,50.81999969482422,308200,49.49721908569336
8/2/2018,50.040000915527344,50.779998779296875,49.742000579833984,50.5099983215332,397700,49.195289611816406
8/1/2018,49.88999938964844,50.08000183105469,49.279998779296875,49.970001220703125,520300,48.66934585571289
7/31/2018,49.63999938964844,50.06999969482422,49.349998474121094,50.060001373291016,653400,48.75700378417969
7/30/2018,49.790000915527344,49.82500076293945,49.33000183105469,49.41999816894531,436000,48.13365936279297
7/27/2018,49.86000061035156,50.08000183105469,49.4900016784668,49.689998626708984,365600,48.396629333496094
7/26/2018,50.060001373291016,50.209999084472656,49.209999084472656,49.810001373291016,942200,48.51350784301758
7/25/2018,48.97999954223633,50.290000915527344,48.75,49.869998931884766,1022800,48.57194519042969
7/24/2018,51.27000045776367,51.880001068115234,49.52000045776367,50.09000015258789,2177500,48.786216735839844
7/23/2018,52.439998626708984,52.58000183105469,51.86000061035156,52.27000045776367,419200,50.909481048583984
7/20/2018,52.689998626708984,52.880001068115234,52.099998474121094,52.439998626708984,278300,51.07504653930664
7/19/2018,52.540000915527344,53.130001068115234,52.540000915527344,52.81999969482422,476100,51.445159912109375
7/18/2018,52.810001373291016,52.86000061035156,52.20000076293945,52.4900016784668,222000,51.12375259399414
7/17/2018,53.099998474121094,53.13999938964844,52.70000076293945,52.77000045776367,335100,51.396461486816406
7/16/2018,52.900001525878906,53.21900177001953,52.68000030517578,52.9900016784668,336900,51.61073684692383
7/13/2018,52.97999954223633,53.189998626708984,52.59000015258789,52.900001525878906,320200,51.5230827331543
7/12/2018,52.88999938964844,53.04999923706055,52.58000183105469,52.7599983215332,521900,51.386722564697266
7/11/2018,52.41999816894531,52.9900016784668,52.41999816894531,52.79999923706055,403400,51.425682067871094
7/10/2018,52.20000076293945,52.93000030517578,51.79999923706055,52.720001220703125,490200,51.3477668762207
7/9/2018,54.15999984741211,54.15999984741211,52.04999923706055,52.220001220703125,616400,50.860782623291016
7/6/2018,53.900001525878906,54.18000030517578,53.72999954223633,54.130001068115234,311500,52.72106170654297
7/5/2018,53.34000015258789,53.709999084472656,53.2599983215332,53.66999816894531,483300,52.273033142089844
7/3/2018,53.150001525878906,53.619998931884766,53.0099983215332,53.310001373291016,255500,51.92241287231445
7/2/2018,52.77000045776367,53.400001525878906,52.4900016784668,53.119998931884766,305500,51.73735046386719
6/29/2018,52.720001220703125,53.099998474121094,52.380001068115234,52.93000030517578,406800,51.55229949951172
6/28/2018,52.40999984741211,53.0099983215332,52.099998474121094,52.59000015258789,442500,51.22114944458008
6/27/2018,51.88999938964844,52.25,51.72999954223633,52.16999816894531,714900,50.812076568603516
6/26/2018,51.900001525878906,52.5,51.69499969482422,51.880001068115234,439000,50.52962875366211
6/25/2018,51.5,52.23500061035156,51.470001220703125,52.09000015258789,280500,50.73415756225586
6/22/2018,51.02000045776367,51.689998626708984,50.900001525878906,51.5,378900,50.15951919555664
6/21/2018,51.0099983215332,51.43000030517578,50.81999969482422,51.08000183105469,410200,49.750450134277344
6/20/2018,51.349998474121094,51.564998626708984,50.96500015258789,51,365000,49.67253494262695
6/19/2018,50.91999816894531,51.630001068115234,50.80500030517578,51.400001525878906,672400,50.0621223449707
6/18/2018,50.58000183105469,50.93000030517578,50.31999969482422,50.79999923706055,331000,49.47773742675781
6/15/2018,50.02000045776367,50.59000015258789,49.599998474121094,50.5099983215332,358500,49.195289611816406
6/14/2018,49.900001525878906,50.279998779296875,49.83000183105469,50.279998779296875,396200,48.97127151489258
6/13/2018,50.310001373291016,50.650001525878906,49.68000030517578,49.810001373291016,363200,48.51350784301758
6/12/2018,49.63999938964844,50.33399963378906,49.63999938964844,50.13999938964844,633500,48.83491897583008
6/11/2018,50.599998474121094,50.599998474121094,49.63999938964844,49.68000030517578,431600,48.38689041137695
6/8/2018,50.52000045776367,51.099998474121094,50.36000061035156,50.459999084472656,343800,49.14659118652344
6/7/2018,50.189998626708984,50.90999984741211,49.91999816894531,50.400001525878906,581700,49.08815002441406
6/6/2018,51.529998779296875,51.56800079345703,50.34000015258789,50.439998626708984,414800,48.70635223388672
6/5/2018,51.869998931884766,52.08000183105469,51.380001068115234,51.540000915527344,289000,49.76854705810547
6/4/2018,52.43000030517578,52.599998474121094,51.720001220703125,51.79999923706055,389300,50.01960754394531
6/1/2018,53.15999984741211,53.15999984741211,52.02000045776367,52.2599983215332,325000,50.46379470825195
5/31/2018,53.06999969482422,53.63999938964844,52.810001373291016,53.09000015258789,386800,51.2652702331543
5/30/2018,53.220001220703125,53.52000045776367,52.95000076293945,53.099998474121094,839900,51.27492904663086
5/29/2018,53.220001220703125,53.599998474121094,52.970001220703125,53.209999084472656,663000,51.38114547729492
5/25/2018,53.40999984741211,53.625,53.130001068115234,53.41999816894531,405700,51.58393096923828
5/24/2018,52.959999084472656,53.54999923706055,52.900001525878906,53.38999938964844,596400,51.55495834350586
5/23/2018,51.689998626708984,53.119998931884766,51.59000015258789,53.04999923706055,1381500,51.22664260864258
5/22/2018,51.77000045776367,52,51.5,51.599998474121094,698300,49.82648468017578
5/21/2018,51.7400016784668,52.02000045776367,51.54999923706055,51.75,510000,49.9713249206543
5/18/2018,51.599998474121094,51.84000015258789,51.310001373291016,51.470001220703125,460800,49.70095443725586
5/17/2018,51.849998474121094,51.939998626708984,51.41999816894531,51.470001220703125,341600,49.70095443725586
5/16/2018,51.93000030517578,52.13999938964844,51.5,51.75,356300,49.9713249206543
5/15/2018,52.2400016784668,52.470001220703125,51.86000061035156,51.95000076293945,331900,50.16445541381836
5/14/2018,52.68000030517578,52.7599983215332,52.18000030517578,52.41999816894531,296100,50.6182975769043
5/11/2018,52.189998626708984,52.77000045776367,52.189998626708984,52.599998474121094,212700,50.792110443115234
5/10/2018,52.13999938964844,52.43000030517578,52.040000915527344,52.43000030517578,263700,50.62795639038086
5/9/2018,52.25,52.599998474121094,51.79999923706055,51.959999084472656,481000,50.17410659790039
5/8/2018,53.790000915527344,54.099998474121094,52.53499984741211,52.619998931884766,480600,50.81142807006836
5/7/2018,54.290000915527344,54.4900016784668,53.88999938964844,54,276000,52.14399337768555
5/4/2018,53.91999816894531,54.54999923706055,53.88999938964844,54.2599983215332,379400,52.395057678222656
5/3/2018,53.349998474121094,54.13999938964844,53.0099983215332,53.75,556100,51.902584075927734
5/2/2018,53.16999816894531,53.90999984741211,53.13999938964844,53.400001525878906,732100,51.564613342285156
5/1/2018,52.790000915527344,53.5,52.63999938964844,53.09000015258789,495000,51.2652702331543
4/30/2018,52.619998931884766,52.83000183105469,52.45000076293945,52.709999084472656,382000,50.8983268737793
4/27/2018,52.7400016784668,52.880001068115234,52.06999969482422,52.5099983215332,497800,50.70520782470703
4/26/2018,51.25,53,51.16999816894531,52.939998626708984,1149500,51.120426177978516
4/25/2018,51.59000015258789,51.93000030517578,50.90999984741211,51,989300,49.247108459472656
4/24/2018,51.5,52.060001373291016,51.15999984741211,51.77000045776367,536500,49.990638732910156
4/23/2018,50.61000061035156,51.20000076293945,50.599998474121094,51.06999969482422,449700,49.31470489501953
4/20/2018,51.08000183105469,51.099998474121094,50.470001220703125,50.72999954223633,366700,48.986385345458984
4/19/2018,51.11000061035156,51.52000045776367,50.95000076293945,51.20000076293945,329900,49.44023513793945
4/18/2018,51.7599983215332,52.18000030517578,51.34000015258789,51.36000061035156,265500,49.594730377197266
4/17/2018,51.040000915527344,51.76499938964844,51.0099983215332,51.619998931884766,350600,49.845794677734375
4/16/2018,50.29999923706055,51.2599983215332,50.2599983215332,50.93000030517578,1124600,49.17951583862305
4/13/2018,49.869998931884766,50.459999084472656,49.849998474121094,50.06999969482422,633200,48.34906768798828
4/12/2018,50.790000915527344,50.86000061035156,49.584999084472656,49.61000061035156,620900,47.904876708984375
4/11/2018,50.45000076293945,50.58000183105469,50.27000045776367,50.5,422600,48.76428985595703
4/10/2018,51.099998474121094,51.18000030517578,50.220001220703125,50.349998474121094,747900,48.61944580078125
4/9/2018,50.9900016784668,51.40999984741211,50.79999923706055,50.97999954223633,441000,49.22779083251953
4/6/2018,51.22999954223633,51.68000030517578,50.79999923706055,50.970001220703125,536300,49.218135833740234
4/5/2018,50.84000015258789,51.400001525878906,50.36000061035156,51.20000076293945,707000,49.44023513793945
4/4/2018,50.970001220703125,51.02000045776367,50.560001373291016,50.83000183105469,580700,49.082950592041016
4/3/2018,50.83000183105469,51.380001068115234,50.619998931884766,51.150001525878906,390400,49.39195251464844
4/2/2018,51.02000045776367,51.459999084472656,50.38999938964844,50.790000915527344,299500,49.04432678222656
3/29/2018,50.79999923706055,51.5,50.77000045776367,51.119998931884766,271900,49.362979888916016
3/28/2018,50.83000183105469,51.369998931884766,50.292999267578125,50.75,797500,49.00569534301758
3/27/2018,50,51.154998779296875,49.720001220703125,50.54999923706055,374900,48.81257247924805
3/26/2018,49.41999816894531,49.970001220703125,49.279998779296875,49.77000045776367,233400,48.05937957763672
3/23/2018,50.040000915527344,50.650001525878906,49.209999084472656,49.22999954223633,216600,47.537940979003906
3/22/2018,49.560001373291016,50.790000915527344,49.380001068115234,49.90999984741211,387700,48.1945686340332
3/21/2018,49.58000183105469,50.0099983215332,49.310001373291016,49.470001220703125,249500,47.769691467285156
3/20/2018,49.650001525878906,49.93000030517578,49.40999984741211,49.689998626708984,438900,47.98212814331055
3/19/2018,49.91999816894531,50.189998626708984,49.36000061035156,49.619998931884766,443800,47.91453552246094
3/16/2018,49.93000030517578,50.220001220703125,49.650001525878906,49.849998474121094,1111900,48.13662338256836
3/15/2018,49.630001068115234,50.130001068115234,49.54399871826172,49.91999816894531,343100,48.204219818115234
3/14/2018,49.2599983215332,50.119998931884766,49.2599983215332,49.56999969482422,630400,47.86625671386719
3/13/2018,49.04999923706055,49.47999954223633,48.93899917602539,49.08000183105469,505900,47.393096923828125
3/12/2018,48.18000030517578,49.0099983215332,48.18000030517578,48.779998779296875,670500,47.1034049987793
3/9/2018,48.13999938964844,48.369998931884766,47.63999938964844,48.16999816894531,461300,46.514373779296875
3/8/2018,48.060001373291016,48.13999938964844,47.689998626708984,48.09000015258789,474800,46.4371223449707
3/7/2018,48.27000045776367,48.43000030517578,47.790000915527344,48.2599983215332,340200,46.18412780761719
3/6/2018,48.88999938964844,48.95000076293945,48.27000045776367,48.38999938964844,679900,46.308536529541016
3/5/2018,48.060001373291016,48.90999984741211,47.790000915527344,48.869998931884766,574300,46.76789474487305
3/2/2018,48.34000015258789,48.7400016784668,47.540000915527344,48.060001373291016,399500,45.992733001708984
3/1/2018,48.689998626708984,49.209999084472656,48.119998931884766,48.33000183105469,485200,46.251121520996094
2/28/2018,48.84000015258789,49.369998931884766,48.52000045776367,48.52000045776367,499300,46.432945251464844
2/27/2018,49.5,49.75,48.720001220703125,48.72999954223633,479200,46.6339111328125
2/26/2018,49.970001220703125,49.9900016784668,49.34000015258789,49.47999954223633,278000,47.351654052734375
2/23/2018,48.790000915527344,49.720001220703125,48.790000915527344,49.720001220703125,329000,47.581329345703125
2/22/2018,48.709999084472656,49.220001220703125,48.40599822998047,48.65999984741211,518200,46.566925048828125
2/21/2018,49.38999938964844,50.09000015258789,48.720001220703125,48.7400016784668,763700,46.64348602294922
2/20/2018,49.81999969482422,49.97999954223633,48.90999984741211,49.58000183105469,827300,47.44735336303711
2/16/2018,49.61000061035156,50.41999816894531,49.459999084472656,50.220001220703125,491500,48.05982208251953
2/15/2018,48.61000061035156,49.650001525878906,48.529998779296875,49.599998474121094,432100,47.46649169921875
2/14/2018,47.72999954223633,48.88999938964844,47.599998474121094,48.43000030517578,834200,46.34682083129883
2/13/2018,47.90999984741211,48.209999084472656,47.42300033569336,48.08000183105469,584300,46.011878967285156
2/12/2018,47.36000061035156,48.209999084472656,47.130001068115234,47.9900016784668,462300,45.925743103027344
2/9/2018,46.22999954223633,47.61000061035156,46.22999954223633,47.27000045776367,438200,45.23671340942383
2/8/2018,46.40999984741211,46.9900016784668,46.029998779296875,46.13999938964844,532800,44.15531921386719
2/7/2018,45.90999984741211,46.779998779296875,45.779998779296875,46.54999923706055,986600,44.54768371582031
2/6/2018,46.650001525878906,46.939998626708984,45.16999816894531,45.83000183105469,1385400,43.8586540222168
2/5/2018,48.58000183105469,48.9900016784668,47.279998779296875,47.279998779296875,1072100,45.24628448486328
2/2/2018,48.279998779296875,49.11000061035156,48.279998779296875,48.810001373291016,944500,46.71047592163086
2/1/2018,48.630001068115234,49.09199905395508,48.11000061035156,48.560001373291016,1046500,46.47122573852539
1/31/2018,48.5,48.849998474121094,48.119998931884766,48.720001220703125,534400,46.62434387207031
1/30/2018,47.790000915527344,48.43000030517578,47.7400016784668,48.27000045776367,395300,46.193702697753906
1/29/2018,48.5099983215332,48.5099983215332,47.779998779296875,47.79999923706055,613400,45.743919372558594
1/26/2018,48.779998779296875,48.97999954223633,48.189998626708984,48.68000030517578,368400,46.58606719970703
1/25/2018,48.400001525878906,49.27000045776367,48.388999938964844,48.83000183105469,737500,46.729618072509766
1/24/2018,48.150001525878906,48.5099983215332,47.849998474121094,48.349998474121094,515700,46.27025604248047
1/23/2018,47.63999938964844,48.369998931884766,47.540000915527344,48.13999938964844,440800,46.06929397583008
1/22/2018,47.959999084472656,47.986000061035156,47.560001373291016,47.65999984741211,345500,45.60993957519531
1/19/2018,47.83000183105469,48.119998931884766,47.529998779296875,47.650001525878906,264200,45.600372314453125
1/18/2018,48.400001525878906,48.400001525878906,47.599998474121094,47.79999923706055,421200,45.743919372558594
1/17/2018,48.16999816894531,48.505001068115234,48.119998931884766,48.41999816894531,442800,46.337242126464844
1/16/2018,48.59000015258789,48.90999984741211,48.119998931884766,48.310001373291016,404600,46.23198318481445
1/12/2018,48.70000076293945,48.84000015258789,48.40999984741211,48.52000045776367,466700,46.432945251464844
1/11/2018,48.540000915527344,49.16999816894531,48.400001525878906,48.81999969482422,736900,46.72004318237305
1/10/2018,48.619998931884766,48.77000045776367,47.970001220703125,47.9900016784668,467400,45.925743103027344
1/9/2018,49.099998474121094,49.189998626708984,48.619998931884766,48.90999984741211,547300,46.80616760253906
1/8/2018,48.70000076293945,49.13999938964844,48.54999923706055,49.06999969482422,704400,46.95928955078125
1/5/2018,49.099998474121094,49.20000076293945,48.5,48.72999954223633,538500,46.6339111328125
1/4/2018,49.439998626708984,49.7400016784668,48.84000015258789,48.959999084472656,587300,46.85401916503906
1/3/2018,50.119998931884766,50.380001068115234,49.38999938964844,49.5,420200,47.370792388916016
1/2/2018,50.77000045776367,50.88999938964844,50.02000045776367,50.11000061035156,547400,47.95455551147461
12/29/2017,51.209999084472656,51.31999969482422,50.380001068115234,50.58000183105469,471000,48.404335021972656
12/28/2017,50.7599983215332,51.05400085449219,50.68000030517578,50.95000076293945,358900,48.758419036865234
12/27/2017,50.40999984741211,50.880001068115234,50.369998931884766,50.70000076293945,233400,48.51917266845703
12/26/2017,50.959999084472656,51.150001525878906,50.2599983215332,50.369998931884766,291300,48.203365325927734
12/22/2017,50.779998779296875,51.040000915527344,50.47999954223633,50.97999954223633,437500,48.787132263183594
12/21/2017,50.939998626708984,50.939998626708984,50.11000061035156,50.599998474121094,549400,48.42347717285156
12/20/2017,50.88999938964844,51.66999816894531,50.75,51.130001068115234,602900,48.9306755065918
12/19/2017,51.77000045776367,52,50.77000045776367,50.81999969482422,493000,48.63401412963867
12/18/2017,52.27000045776367,52.58000183105469,51.79999923706055,51.84000015258789,309500,49.61014175415039
12/15/2017,51.66999816894531,52.45000076293945,51.63999938964844,52.310001373291016,570900,50.05992126464844
12/14/2017,51.439998626708984,51.77000045776367,50.61000061035156,51.54999923706055,578000,49.332611083984375
12/13/2017,51.5099983215332,51.869998931884766,51.11000061035156,51.599998474121094,367200,49.380462646484375
12/12/2017,52.52000045776367,52.52000045776367,51.119998931884766,51.189998626708984,410900,48.98809814453125
12/11/2017,52.130001068115234,52.560001373291016,51.540000915527344,52.52000045776367,531300,50.260887145996094
12/8/2017,51.880001068115234,52.27000045776367,51.290000915527344,52.130001068115234,441800,49.887664794921875
12/7/2017,51.709999084472656,52.09000015258789,51.22999954223633,52.09000015258789,478300,49.43596649169922
12/6/2017,51.56999969482422,51.79999923706055,51.20000076293945,51.7599983215332,338300,49.12278366088867
12/5/2017,52.290000915527344,52.52000045776367,51.27000045776367,51.4900016784668,375600,48.866539001464844
12/4/2017,52.88999938964844,53.02000045776367,52.220001220703125,52.290000915527344,343700,49.62577438354492
12/1/2017,53.209999084472656,53.459999084472656,52.52000045776367,52.720001220703125,254400,50.03386306762695
11/30/2017,52.88999938964844,53.16999816894531,52.77000045776367,53.06999969482422,428900,50.36603546142578
11/29/2017,52.79999923706055,53.22999954223633,52.560001373291016,52.83000183105469,337900,50.138267517089844
11/28/2017,52.5,53.02000045776367,52.5,52.880001068115234,249000,50.18571472167969
11/27/2017,52.11000061035156,52.59000015258789,51.95000076293945,52.369998931884766,325500,49.70170593261719
11/24/2017,51.79999923706055,52.209999084472656,51.755001068115234,52.209999084472656,126200,49.54985046386719
11/22/2017,51.65999984741211,51.88999938964844,51.349998474121094,51.72999954223633,271800,49.09431076049805
11/21/2017,51.41999816894531,51.880001068115234,51.38999938964844,51.689998626708984,239800,49.05634689331055
11/20/2017,51.470001220703125,51.95000076293945,51.189998626708984,51.349998474121094,411300,48.73366928100586
11/17/2017,51.95000076293945,52,51.380001068115234,51.439998626708984,554100,48.8190803527832
11/16/2017,52.16999816894531,52.2599983215332,51.444000244140625,52,241400,49.350555419921875
11/15/2017,52.709999084472656,53.099998474121094,51.83000183105469,52.130001068115234,337700,49.47393035888672
11/14/2017,51.22999954223633,52.650001525878906,51.07500076293945,52.560001373291016,454900,49.882022857666016
11/13/2017,50.459999084472656,51.310001373291016,50.37799835205078,51.209999084472656,446800,48.600807189941406
11/10/2017,50.66999816894531,50.84000015258789,50.29999923706055,50.560001373291016,611700,47.98392105102539
11/9/2017,50.93000030517578,51.43000030517578,50.709999084472656,50.790000915527344,434200,48.202205657958984
11/8/2017,51.16999816894531,51.439998626708984,50.40999984741211,51.150001525878906,622200,48.54386520385742
11/7/2017,50.90999984741211,51.380001068115234,50.84000015258789,51.31999969482422,515600,48.705196380615234
11/6/2017,51.15999984741211,51.25,50.81999969482422,50.83000183105469,310200,48.24016571044922
11/3/2017,50.40999984741211,51.224998474121094,50.18000030517578,51.09000015258789,366100,48.48691940307617
11/2/2017,51.2599983215332,51.51499938964844,49.2599983215332,50.45000076293945,1169500,47.8795280456543
11/1/2017,51.04999923706055,51.849998474121094,50.34199905395508,51.27000045776367,661200,48.65774917602539
10/31/2017,50.70000076293945,51.869998931884766,50.566001892089844,51.72999954223633,665300,49.09431076049805
10/30/2017,51.119998931884766,51.220001220703125,50.540000915527344,50.83000183105469,276800,48.24016571044922
10/27/2017,50.54999923706055,51.380001068115234,50.189998626708984,51.040000915527344,503800,48.43946838378906
10/26/2017,50.2400016784668,50.77000045776367,49.880001068115234,50.5099983215332,602100,47.936466217041016
10/25/2017,49.54999923706055,50.06999969482422,49.2400016784668,49.84000015258789,995400,47.30060958862305
10/24/2017,48.41999816894531,49.63999938964844,48.20000076293945,49.5,888600,46.97793197631836
10/23/2017,48.33000183105469,48.400001525878906,47.90999984741211,48.27000045776367,413400,45.810604095458984
10/20/2017,48.310001373291016,48.45000076293945,47.93000030517578,48.29999923706055,363300,45.83906555175781
10/19/2017,48.130001068115234,48.369998931884766,48,48.369998931884766,344500,45.9055061340332
10/18/2017,48,48.18000030517578,47.77000045776367,48.18000030517578,336300,45.725181579589844
10/17/2017,47.790000915527344,48.119998931884766,47.630001068115234,48.11000061035156,318800,45.65875244140625
10/16/2017,48.0099983215332,48.13999938964844,47.435001373291016,47.779998779296875,373100,45.34556579589844
10/13/2017,48.47999954223633,48.67499923706055,47.72999954223633,47.9900016784668,404400,45.544864654541016
10/12/2017,48.18000030517578,48.415000915527344,47.900001525878906,48.38999938964844,475500,45.92448425292969
10/11/2017,47.84000015258789,48.3650016784668,47.84000015258789,48.25,362200,45.791622161865234
10/10/2017,47.47999954223633,47.88999938964844,47.40999984741211,47.880001068115234,367200,45.44047164916992
10/9/2017,47.650001525878906,47.900001525878906,47.18000030517578,47.380001068115234,477400,44.965946197509766
10/6/2017,48.08000183105469,48.220001220703125,47.56999969482422,47.63999938964844,442200,45.21269989013672
10/5/2017,47.9900016784668,48.54999923706055,47.77000045776367,48.310001373291016,410500,45.848567962646484
10/4/2017,47.59000015258789,47.95000076293945,47.40999984741211,47.939998626708984,587700,45.49740982055664
10/3/2017,47.650001525878906,47.70000076293945,47.2599983215332,47.47999954223633,454800,45.060848236083984
10/2/2017,47.63999938964844,47.83000183105469,47.2599983215332,47.540000915527344,707400,45.1177978515625
9/29/2017,47.2599983215332,47.5,47.150001525878906,47.41999816894531,353500,45.003902435302734
9/28/2017,46.77000045776367,47.2599983215332,46.694000244140625,47.189998626708984,310000,44.78562927246094
9/27/2017,46.869998931884766,47.095001220703125,46.40999984741211,46.75,461000,44.3680419921875
9/26/2017,47.099998474121094,47.27000045776367,46.959999084472656,47.13999938964844,430100,44.73817443847656
9/25/2017,46.5,47.15999984741211,46.45000076293945,47.099998474121094,288300,44.70021057128906
9/22/2017,46.58000183105469,46.66999816894531,46.33000183105469,46.5,313500,44.13078308105469
9/21/2017,46.470001220703125,46.70000076293945,46.290000915527344,46.560001373291016,311700,44.18772506713867
9/20/2017,47.0099983215332,47.18000030517578,46.290000915527344,46.4900016784668,297100,44.12129592895508
9/19/2017,46.97999954223633,47.2599983215332,46.66999816894531,46.77000045776367,396800,44.38703155517578
9/18/2017,47.45000076293945,47.81999969482422,46.810001373291016,47.02000045776367,404300,44.62428665161133
9/15/2017,47.5,47.65999984741211,47.095001220703125,47.5099983215332,360100,45.089317321777344
9/14/2017,47.15999984741211,47.43000030517578,46.970001220703125,47.41999816894531,227000,45.003902435302734
9/13/2017,47.84000015258789,47.84000015258789,46.880001068115234,47.220001220703125,712600,44.8140983581543
9/12/2017,48.47999954223633,48.54600143432617,47.505001068115234,47.689998626708984,284600,45.26014709472656
9/11/2017,48.189998626708984,48.779998779296875,48.150001525878906,48.619998931884766,209400,46.14276885986328
9/8/2017,48.040000915527344,48.400001525878906,47.75,48.369998931884766,169100,45.9055061340332
9/7/2017,47.709999084472656,48.11000061035156,47.599998474121094,48.040000915527344,281000,45.592323303222656
9/6/2017,48.40999984741211,48.540000915527344,47.88999938964844,47.93000030517578,430700,45.07793045043945
9/5/2017,48.599998474121094,48.7599983215332,48.119998931884766,48.31999969482422,343700,45.03843688964844
9/1/2017,48.880001068115234,48.880001068115234,48.46099853515625,48.61000061035156,222500,45.308738708496094
8/31/2017,48.79999923706055,48.9900016784668,48.69499969482422,48.81999969482422,257600,45.504478454589844
8/30/2017,48.91999816894531,48.91999816894531,48.400001525878906,48.70000076293945,198000,45.39262771606445
8/29/2017,48.86000061035156,49.029998779296875,48.7599983215332,48.93000030517578,200700,45.60700988769531
8/28/2017,49.040000915527344,49.040000915527344,48.584999084472656,48.900001525878906,538000,45.579044342041016
8/25/2017,48.63999938964844,48.849998474121094,48.29999923706055,48.560001373291016,355600,45.262142181396484
8/24/2017,48.380001068115234,48.54999923706055,47.97999954223633,48.43000030517578,218500,45.14096450805664
8/23/2017,47.63999938964844,48.349998474121094,47.47999954223633,48.27000045776367,276900,44.9918327331543
8/22/2017,47.400001525878906,47.904998779296875,47.25,47.75,186700,44.50714111328125
8/21/2017,47.25,47.459999084472656,46.91999816894531,47.369998931884766,167800,44.152950286865234
8/18/2017,47,47.275001525878906,46.69499969482422,47.15999984741211,166500,43.957210540771484
8/17/2017,47.22999954223633,47.33000183105469,46.900001525878906,46.93000030517578,208400,43.74283981323242
8/16/2017,46.790000915527344,47.15999984741211,46.56999969482422,47.15999984741211,181000,43.957210540771484
8/15/2017,46.58000183105469,46.97999954223633,46.5,46.880001068115234,267000,43.696231842041016
8/14/2017,46.59000015258789,46.880001068115234,46.5,46.83000183105469,149600,43.64963150024414
8/11/2017,46.75,46.79999923706055,46.279998779296875,46.5,240500,43.34203338623047
8/10/2017,46.599998474121094,47.09000015258789,46.5,46.93000030517578,230200,43.74283981323242
8/9/2017,46.959999084472656,46.959999084472656,46.43000030517578,46.66999816894531,220700,43.500484466552734
8/8/2017,46.40999984741211,46.9900016784668,46.27000045776367,46.93000030517578,288300,43.74283981323242
8/7/2017,45.93000030517578,46.58000183105469,45.93000030517578,46.40999984741211,220200,43.25814437866211
8/4/2017,46.040000915527344,46.209999084472656,45.83000183105469,46.0099983215332,253000,42.885311126708984
8/3/2017,45.7599983215332,46.150001525878906,45.650001525878906,46.150001525878906,257500,43.01580810546875
8/2/2017,45.560001373291016,45.810001373291016,45.375,45.790000915527344,228000,42.68025588989258
8/1/2017,45.61000061035156,45.70000076293945,45.277000427246094,45.58000183105469,183500,42.484519958496094
7/31/2017,45.31999969482422,45.599998474121094,45.099998474121094,45.41999816894531,268600,42.33538055419922
7/28/2017,45.54999923706055,45.54999923706055,45.08000183105469,45.189998626708984,121700,42.121002197265625
7/27/2017,45.70000076293945,45.7599983215332,45.310001373291016,45.58000183105469,428700,42.484519958496094
7/26/2017,45.31999969482422,45.709999084472656,45.310001373291016,45.66999816894531,416200,42.56840515136719
7/25/2017,45.560001373291016,45.810001373291016,45.38999938964844,45.439998626708984,375900,42.35401916503906
7/24/2017,45.59000015258789,46.38999938964844,45.5,45.630001068115234,482400,42.53112030029297
7/21/2017,45.130001068115234,45.54999923706055,44.959999084472656,45.18000030517578,280300,42.11168670654297
7/20/2017,45.16999816894531,45.369998931884766,44.7400016784668,45.04999923706055,378800,41.99050521850586
7/19/2017,46,46,44.2400016784668,45.150001525878906,590400,42.08372497558594
7/18/2017,44.099998474121094,44.4900016784668,43.849998474121094,44,251700,41.011817932128906
7/17/2017,44.029998779296875,44.25,43.849998474121094,44,244700,41.011817932128906
7/14/2017,43.900001525878906,44.16999816894531,43.900001525878906,44.029998779296875,235300,41.03977584838867
7/13/2017,43.77000045776367,43.869998931884766,43.560001373291016,43.619998931884766,199900,40.657623291015625
7/12/2017,43.790000915527344,43.959999084472656,43.650001525878906,43.689998626708984,239500,40.722869873046875
7/11/2017,43.630001068115234,43.75,43.29999923706055,43.47999954223633,205200,40.52713394165039
7/10/2017,43.54999923706055,43.8849983215332,43.400001525878906,43.540000915527344,258300,40.58306121826172
7/7/2017,43.54999923706055,43.65999984741211,43.34000015258789,43.369998931884766,204300,40.42460250854492
7/6/2017,43.380001068115234,43.59000015258789,43.125,43.47999954223633,320100,40.52713394165039
7/5/2017,43.880001068115234,43.88999938964844,43.25,43.47999954223633,520300,40.52713394165039
7/3/2017,44.2599983215332,44.41899871826172,43.79999923706055,43.810001373291016,155800,40.8347282409668
6/30/2017,44.5,44.619998931884766,44.119998931884766,44.150001525878906,299500,41.15163040161133
6/29/2017,44.849998474121094,44.849998474121094,43.939998626708984,44.290000915527344,228300,41.28212356567383
6/28/2017,45.54999923706055,45.7599983215332,45.060001373291016,45.06999969482422,274700,42.0091552734375
6/27/2017,45.59000015258789,45.83000183105469,45.36000061035156,45.36000061035156,206300,42.279457092285156
6/26/2017,45.619998931884766,45.959999084472656,45.5,45.689998626708984,164500,42.58704376220703
6/23/2017,45.54999923706055,45.86000061035156,45.53499984741211,45.59000015258789,367100,42.49384307861328
6/22/2017,45.7599983215332,45.869998931884766,45.540000915527344,45.56999969482422,278100,42.475196838378906
6/21/2017,45.81999969482422,45.91999816894531,45.459999084472656,45.65999984741211,167300,42.55908966064453
6/20/2017,45.650001525878906,45.939998626708984,45.52000045776367,45.75,152400,42.64297866821289
6/19/2017,46.060001373291016,46.130001068115234,45.61000061035156,45.709999084472656,243800,42.605690002441406
6/16/2017,45.560001373291016,45.849998474121094,45.505001068115234,45.810001373291016,218100,42.698890686035156
6/15/2017,44.869998931884766,45.560001373291016,44.86199951171875,45.4900016784668,135500,42.40062713623047
6/14/2017,45.529998779296875,45.790000915527344,44.86000061035156,45.209999084472656,243900,42.139644622802734
6/13/2017,44.7400016784668,45.40999984741211,44.619998931884766,45.36000061035156,291500,42.279457092285156
6/12/2017,44.75,45.15999984741211,44.7400016784668,44.79999923706055,242700,41.75749206542969
6/9/2017,45.130001068115234,45.16999816894531,44.597999572753906,44.75,186100,41.71088409423828
6/8/2017,45.040000915527344,45.16999816894531,44.630001068115234,45.119998931884766,263100,42.055755615234375
6/7/2017,45.47999954223633,45.59000015258789,45.130001068115234,45.18000030517578,263500,42.11168670654297
6/6/2017,45.810001373291016,45.970001220703125,45.439998626708984,45.849998474121094,264600,42.33351516723633
6/5/2017,45.84000015258789,45.880001068115234,45.540000915527344,45.7400016784668,275500,42.231964111328125
6/2/2017,46.099998474121094,46.099998474121094,45.619998931884766,45.79999923706055,395500,42.287349700927734
6/1/2017,45.459999084472656,45.959999084472656,45.20000076293945,45.939998626708984,372100,42.4166145324707
5/31/2017,45.31999969482422,45.58000183105469,45.13999938964844,45.43000030517578,266200,41.94572830200195
5/30/2017,45.400001525878906,45.446998596191406,45.11000061035156,45.31999969482422,322300,41.844173431396484
5/26/2017,45.22999954223633,45.310001373291016,44.9900016784668,45.279998779296875,214100,41.80723190307617
5/25/2017,45.5,45.5,45.02000045776367,45.209999084472656,250100,41.74260711669922
5/24/2017,44.619998931884766,45.27000045776367,44.59199905395508,45.15999984741211,316400,41.69643783569336
5/23/2017,44.599998474121094,44.86000061035156,44.44499969482422,44.630001068115234,338500,41.207088470458984
5/22/2017,44.11000061035156,44.59000015258789,43.95000076293945,44.43000030517578,486500,41.02242660522461
5/19/2017,44.189998626708984,44.28499984741211,43.90999984741211,44.11000061035156,327600,40.726966857910156
5/18/2017,43.83000183105469,44.13999938964844,43.58000183105469,44,366100,40.625404357910156
5/17/2017,44.22999954223633,44.323001861572266,43.88999938964844,43.939998626708984,306700,40.570003509521484
5/16/2017,44.2599983215332,44.4900016784668,44.130001068115234,44.220001220703125,247900,40.82853698730469
5/15/2017,44.34000015258789,44.56999969482422,44.26499938964844,44.349998474121094,455900,40.94855880737305
5/12/2017,44,44.36000061035156,43.97999954223633,44.27000045776367,292600,40.874698638916016
5/11/2017,43.810001373291016,44,43.43000030517578,43.93000030517578,299400,40.56077575683594
5/10/2017,43.84000015258789,44.04999923706055,43.65999984741211,43.849998474121094,350100,40.486907958984375
5/9/2017,44.25,44.310001373291016,43.63999938964844,43.75,352000,40.39457702636719
5/8/2017,44,44.2400016784668,43.95000076293945,44.130001068115234,323200,40.74544143676758
5/5/2017,43.709999084472656,44.150001525878906,43.689998626708984,44.119998931884766,325300,40.7361946105957
5/4/2017,43.18000030517578,43.65999984741211,43.18000030517578,43.59000015258789,265400,40.24685287475586
5/3/2017,43.83000183105469,43.83000183105469,43.2400016784668,43.27000045776367,378500,39.951393127441406
5/2/2017,43.56999969482422,43.900001525878906,43.45000076293945,43.880001068115234,432300,40.514610290527344
5/1/2017,43.75,43.77000045776367,43.349998474121094,43.4900016784668,221600,40.15452575683594
4/28/2017,43.869998931884766,44.13999938964844,43.4900016784668,43.5,345800,40.163761138916016
4/27/2017,43.790000915527344,44.130001068115234,43.790000915527344,43.939998626708984,303200,40.570003509521484
4/26/2017,44,44.060001373291016,43.630001068115234,43.689998626708984,222800,40.33917999267578
4/25/2017,43.650001525878906,44.189998626708984,43.2400016784668,43.900001525878906,648300,40.533077239990234
4/24/2017,43.869998931884766,43.869998931884766,43.459999084472656,43.529998779296875,577200,40.19144821166992
4/21/2017,43.52000045776367,43.810001373291016,43.52000045776367,43.77000045776367,263300,40.413047790527344
4/20/2017,43.63999938964844,43.880001068115234,43.349998474121094,43.540000915527344,304100,40.200687408447266
4/19/2017,43.779998779296875,43.869998931884766,43.380001068115234,43.45000076293945,281600,40.117591857910156
4/18/2017,43.7599983215332,43.91999816894531,43.54999923706055,43.779998779296875,268900,40.422279357910156
4/17/2017,43.470001220703125,43.810001373291016,43.29999923706055,43.689998626708984,352300,40.33917999267578
4/13/2017,43.5,43.650001525878906,43.189998626708984,43.25,471700,39.93292999267578
4/12/2017,43.119998931884766,43.54999923706055,43.04999923706055,43.41999816894531,662800,40.08988571166992
4/11/2017,43.36000061035156,43.36000061035156,42.849998474121094,43,713400,39.70210266113281
4/10/2017,43.22999954223633,43.310001373291016,42.90999984741211,43.0099983215332,307100,39.71133041381836
4/7/2017,43.189998626708984,43.459999084472656,43.09000015258789,43.150001525878906,419400,39.84059143066406
4/6/2017,43.59000015258789,43.59000015258789,43.04999923706055,43.099998474121094,381400,39.794429779052734
4/5/2017,43.400001525878906,43.67499923706055,43.13999938964844,43.56999969482422,1064000,40.22838592529297
4/4/2017,42.650001525878906,43.439998626708984,42.599998474121094,43.25,451200,39.93292999267578
4/3/2017,42.75,42.93000030517578,42.41999816894531,42.709999084472656,409500,39.43434524536133
3/31/2017,42.689998626708984,43.040000915527344,42.599998474121094,42.7400016784668,374300,39.46204376220703
3/30/2017,43.16999816894531,43.27000045776367,42.59000015258789,42.689998626708984,833300,39.41587448120117
3/29/2017,43.130001068115234,43.34000015258789,42.73699951171875,43.25,428900,39.93292999267578
3/28/2017,43.02000045776367,43.220001220703125,42.77000045776367,43,335300,39.70210266113281
3/27/2017,43.15999984741211,43.31999969482422,42.689998626708984,42.970001220703125,276400,39.674400329589844
3/24/2017,42.9900016784668,43.29999923706055,42.70000076293945,43.15999984741211,191000,39.849830627441406
3/23/2017,42.77000045776367,43.21699905395508,42.66999816894531,42.939998626708984,690700,39.646697998046875
3/22/2017,42.75,42.959999084472656,42.650001525878906,42.83000183105469,595500,39.545143127441406
3/21/2017,42.150001525878906,42.68000030517578,41.880001068115234,42.560001373291016,351800,39.29584884643555
3/20/2017,42.4900016784668,42.66999816894531,41.86000061035156,42.02000045776367,276700,38.797264099121094
3/17/2017,42.41999816894531,42.65999984741211,42.13999938964844,42.5,936100,39.240447998046875
3/16/2017,42.709999084472656,42.709999084472656,42.04999923706055,42.130001068115234,361000,38.898826599121094
3/15/2017,42.400001525878906,42.869998931884766,42.2599983215332,42.709999084472656,489400,39.43434524536133
3/14/2017,42.13999938964844,42.290000915527344,41.86000061035156,42.11000061035156,419000,38.88035583496094
3/13/2017,42.650001525878906,42.709999084472656,42.099998474121094,42.119998931884766,674900,38.88959503173828
3/10/2017,42.13999938964844,42.599998474121094,42.1150016784668,42.56999969482422,604400,39.30508041381836
3/9/2017,41.810001373291016,42.099998474121094,41.650001525878906,41.72999954223633,426700,38.52950668334961
3/8/2017,42.209999084472656,42.209999084472656,41.61000061035156,41.790000915527344,590800,38.58489990234375
3/7/2017,43.08000183105469,43.13999938964844,42.79999923706055,42.849998474121094,806000,39.164730072021484
3/6/2017,43.099998474121094,43.310001373291016,42.849998474121094,42.93000030517578,397600,39.23786163330078
3/3/2017,43.47999954223633,43.619998931884766,42.98500061035156,43.209999084472656,850800,39.4937744140625
3/2/2017,43.59000015258789,43.957000732421875,43.400001525878906,43.66999816894531,756100,39.914215087890625
3/1/2017,43.439998626708984,44.11000061035156,43.310001373291016,43.70000076293945,763200,39.9416389465332
2/28/2017,43.459999084472656,43.959999084472656,43.380001068115234,43.720001220703125,734600,39.95991516113281
2/27/2017,43.400001525878906,43.41999816894531,43.060001373291016,43.36000061035156,669300,39.6308708190918
2/24/2017,42.93000030517578,43.709999084472656,42.875999450683594,43.4900016784668,699400,39.74970245361328
2/23/2017,42.84000015258789,43.34000015258789,42.060001373291016,42.9900016784668,2413900,39.29269790649414
2/22/2017,42.75,43.13999938964844,41.70000076293945,43.11000061035156,1130800,39.402381896972656
2/21/2017,42,42.83000183105469,41.33000183105469,42.630001068115234,1793000,38.963661193847656
2/17/2017,40.880001068115234,40.97999954223633,40.5,40.90999984741211,603800,37.39158248901367
2/16/2017,40.20000076293945,40.810001373291016,40.060001373291016,40.779998779296875,530600,37.272769927978516
2/15/2017,40.13999938964844,40.2599983215332,39.87900161743164,40.25,557700,36.788352966308594
2/14/2017,40.38999938964844,40.470001220703125,39.75,40.36000061035156,479500,36.88888931274414
2/13/2017,40.33000183105469,40.529998779296875,40.15999984741211,40.47999954223633,446100,36.99856948852539
2/10/2017,39.970001220703125,40.58000183105469,39.900001525878906,40.40999984741211,818200,36.9345817565918
2/9/2017,39.97999954223633,40.16999816894531,39.65999984741211,40.060001373291016,924300,36.61468505859375
2/8/2017,39.41999816894531,39.915000915527344,39.31999969482422,39.900001525878906,649200,36.46845245361328
2/7/2017,39.08000183105469,39.43000030517578,38.88999938964844,39.33000183105469,705200,35.94747543334961
2/6/2017,39.18000030517578,39.18000030517578,38.790000915527344,39.029998779296875,442400,35.67326736450195
2/3/2017,39.130001068115234,39.130001068115234,38.77000045776367,39,364800,35.64584732055664
2/2/2017,38.880001068115234,38.959999084472656,38.310001373291016,38.84000015258789,423100,35.499610900878906
2/1/2017,38.77000045776367,38.970001220703125,38.119998931884766,38.54999923706055,506600,35.23455810546875
1/31/2017,37.959999084472656,38.810001373291016,37.689998626708984,38.79999923706055,527900,35.46304702758789
1/30/2017,37.93000030517578,37.959999084472656,37.41999816894531,37.79999923706055,557400,34.54906463623047
1/27/2017,38.459999084472656,38.459999084472656,37.88999938964844,37.95000076293945,543200,34.6861572265625
1/26/2017,38.7599983215332,39.04999923706055,38.2400016784668,38.400001525878906,573900,35.09745407104492
1/25/2017,38.540000915527344,38.88999938964844,38.4900016784668,38.86000061035156,351400,35.51789093017578
1/24/2017,38.2400016784668,38.66999816894531,38.2400016784668,38.599998474121094,413800,35.280250549316406
1/23/2017,38.630001068115234,38.68000030517578,38.22999954223633,38.310001373291016,318300,35.01519775390625
1/20/2017,38.599998474121094,38.869998931884766,38.380001068115234,38.560001373291016,402000,35.24369430541992
1/19/2017,38.83000183105469,39.040000915527344,38.470001220703125,38.619998931884766,432300,35.29853057861328
1/18/2017,39.34000015258789,39.525001525878906,38.66999816894531,39.060001373291016,848100,35.70069885253906
1/17/2017,39.779998779296875,40,39.38999938964844,39.47999954223633,664400,36.084571838378906
1/13/2017,39.52000045776367,39.7400016784668,39.13999938964844,39.5099983215332,595000,36.11198425292969
1/12/2017,39.619998931884766,39.654998779296875,39.108001708984375,39.47999954223633,639100,36.084571838378906
1/11/2017,39.130001068115234,39.709999084472656,38.869998931884766,39.630001068115234,984500,36.22167205810547
1/10/2017,39.040000915527344,39.150001525878906,38.349998474121094,39.06999969482422,869200,35.709835052490234
1/9/2017,39.09000015258789,39.209999084472656,38.31999969482422,38.540000915527344,678900,35.22541427612305
1/6/2017,38.279998779296875,38.849998474121094,38.130001068115234,38.72999954223633,744100,35.399070739746094
1/5/2017,38.869998931884766,38.869998931884766,38.040000915527344,38.25,4826300,34.96035385131836
1/4/2017,38.56999969482422,39.31100082397461,38.310001373291016,38.689998626708984,1772700,35.36250686645508
1/3/2017,38.060001373291016,38.13999938964844,37.459999084472656,38.11000061035156,660200,34.832393646240234
12/30/2016,38.040000915527344,38.08000183105469,37.720001220703125,37.880001068115234,596600,34.6221809387207
12/29/2016,37.290000915527344,37.97999954223633,37.22999954223633,37.88999938964844,362300,34.63132095336914
12/28/2016,37.77000045776367,37.85200119018555,37.189998626708984,37.25,263900,34.04635238647461
12/27/2016,37.91999816894531,37.939998626708984,37.58000183105469,37.7599983215332,180800,34.51249313354492
12/23/2016,37.90999984741211,38.0260009765625,37.65999984741211,37.869998931884766,162900,34.61302947998047
12/22/2016,38.0099983215332,38.09000015258789,37.619998931884766,37.849998474121094,309300,34.594757080078125
12/21/2016,37.65999984741211,38.310001373291016,37.63999938964844,38,537500,34.73185348510742
12/20/2016,38.310001373291016,38.33000183105469,37.56999969482422,37.70000076293945,446600,34.4576530456543
12/19/2016,37.95000076293945,38.369998931884766,37.689998626708984,38.34000015258789,468500,35.0426139831543
12/16/2016,36.900001525878906,37.849998474121094,36.72999954223633,37.689998626708984,1283600,34.44851303100586
12/15/2016,36.099998474121094,36.91999816894531,35.88999938964844,36.869998931884766,339200,33.69903564453125
12/14/2016,37.45000076293945,37.540000915527344,36.29999923706055,36.369998931884766,350600,33.24203872680664
12/13/2016,37.470001220703125,37.689998626708984,37.029998779296875,37.209999084472656,767500,34.009803771972656
12/12/2016,37.08000183105469,37.47999954223633,37.04999923706055,37.369998931884766,382300,34.15604019165039
12/9/2016,36.9900016784668,37.16899871826172,36.650001525878906,37.08000183105469,572100,33.89097595214844
12/8/2016,36.47999954223633,37.310001373291016,36.060001373291016,37,593700,33.81786346435547
12/7/2016,36.5099983215332,36.939998626708984,36.22999954223633,36.650001525878906,396800,33.10311508178711
12/6/2016,36.349998474121094,36.439998626708984,36.029998779296875,36.16999816894531,326300,32.66956329345703
12/5/2016,35.65999984741211,36.34000015258789,35.560001373291016,36.209999084472656,550500,32.70569610595703
12/2/2016,35.90999984741211,36.34000015258789,35.41999816894531,35.70000076293945,520000,32.24504470825195
12/1/2016,36.150001525878906,36.43000030517578,35.61000061035156,35.619998931884766,610300,32.172794342041016
11/30/2016,37.220001220703125,37.220001220703125,36.119998931884766,36.16999816894531,505500,32.66956329345703
11/29/2016,37.79999923706055,38.369998931884766,37.2599983215332,37.380001068115234,1357600,33.762474060058594
11/28/2016,37.68000030517578,38.099998474121094,37.58000183105469,37.91999816894531,418900,34.250205993652344
11/25/2016,37.20000076293945,37.540000915527344,37.08000183105469,37.529998779296875,94400,33.897953033447266
11/23/2016,37,37.441001892089844,36.93000030517578,37.09000015258789,178400,33.50053405761719
11/22/2016,37.40999984741211,37.520999908447266,37.16999816894531,37.380001068115234,271300,33.762474060058594
11/21/2016,37.2599983215332,37.779998779296875,37.18000030517578,37.2400016784668,355600,33.63602066040039
11/18/2016,37.27000045776367,37.5099983215332,36.790000915527344,37.029998779296875,213800,33.44633483886719
11/17/2016,37.220001220703125,37.5,37.13199996948242,37.290000915527344,274000,33.681175231933594
11/16/2016,37.130001068115234,37.209999084472656,36.529998779296875,37.06999969482422,339200,33.48246383666992
11/15/2016,36.720001220703125,37.415000915527344,36.32600021362305,37.0099983215332,334100,33.42827606201172
11/14/2016,36.45000076293945,36.849998474121094,35.77000045776367,36.4900016784668,500300,32.95859909057617
11/11/2016,36.43000030517578,37.150001525878906,36.279998779296875,36.540000915527344,429500,33.00376510620117
11/10/2016,37.529998779296875,37.529998779296875,36.2400016784668,36.380001068115234,558800,32.859249114990234
11/9/2016,39.119998931884766,39.119998931884766,37.63999938964844,37.66999816894531,434600,34.0244026184082
11/8/2016,39.209999084472656,39.93000030517578,39.18000030517578,39.68000030517578,293700,35.839881896972656
11/7/2016,39.11000061035156,39.36000061035156,38.779998779296875,39.33000183105469,245800,35.52375793457031
11/4/2016,39.25,39.529998779296875,38.7400016784668,38.7400016784668,235900,34.9908561706543
11/3/2016,38.599998474121094,39.2400016784668,38.53900146484375,39.060001373291016,294600,35.27988815307617
11/2/2016,38.709999084472656,38.79999923706055,38.27000045776367,38.630001068115234,290900,34.89149856567383
11/1/2016,39.45000076293945,39.5,38.59000015258789,38.720001220703125,556800,34.97278594970703
10/31/2016,38.9900016784668,39.599998474121094,38.93000030517578,39.40999984741211,225700,35.59601593017578
10/28/2016,38.41999816894531,39.095001220703125,38.41999816894531,38.790000915527344,1091300,35.036014556884766
10/27/2016,38.34000015258789,38.529998779296875,38.11000061035156,38.38999938964844,457000,34.67472457885742
10/26/2016,37.91999816894531,38.4900016784668,37.79100036621094,38.369998931884766,690900,34.65665817260742
10/25/2016,38.2400016784668,38.970001220703125,37,38.40999984741211,1251500,34.69278335571289
10/24/2016,39.68000030517578,39.939998626708984,39.560001373291016,39.79999923706055,346900,35.94826126098633
10/21/2016,39.45000076293945,39.7400016784668,39.20000076293945,39.650001525878906,538700,35.81278991699219
10/20/2016,40.09000015258789,40.369998931884766,39.52000045776367,39.54999923706055,598700,35.722450256347656
10/19/2016,40.5,40.5,40.06999969482422,40.09000015258789,286000,36.210205078125
10/18/2016,40.290000915527344,40.590999603271484,40.06999969482422,40.470001220703125,195400,36.55342483520508
10/17/2016,40.0099983215332,40.27000045776367,39.95000076293945,40.11000061035156,297500,36.228267669677734
10/14/2016,40.29999923706055,40.52000045776367,39.95000076293945,40,239300,36.128910064697266
10/13/2016,39.88999938964844,40.689998626708984,39.790000915527344,40.459999084472656,292700,36.544395446777344
10/12/2016,39.689998626708984,39.959999084472656,39.56999969482422,39.900001525878906,272500,36.03859329223633
10/11/2016,40.15999984741211,40.15999984741211,39.560001373291016,39.599998474121094,228700,35.76762008666992
10/10/2016,39.779998779296875,40.22999954223633,39.779998779296875,40.209999084472656,172400,36.31858444213867
10/7/2016,39.97999954223633,40.058998107910156,39.5099983215332,39.54999923706055,307500,35.722450256347656
10/6/2016,39.58000183105469,39.7400016784668,39.095001220703125,39.709999084472656,501200,35.866973876953125
10/5/2016,39.810001373291016,39.97999954223633,39.36000061035156,39.7400016784668,439800,35.89406967163086
10/4/2016,41.0099983215332,41.029998779296875,39.40999984741211,39.7599983215332,1025900,35.912132263183594
10/3/2016,41.880001068115234,41.880001068115234,41.04999923706055,41.13999938964844,344000,37.15857696533203
9/30/2016,42.2599983215332,42.560001373291016,41.025001525878906,41.779998779296875,797500,37.73664855957031
9/29/2016,42.959999084472656,42.959999084472656,41.91999816894531,42.36000061035156,331600,38.260520935058594
9/28/2016,42.779998779296875,42.91999816894531,42.220001220703125,42.790000915527344,323300,38.648902893066406
9/27/2016,43.06999969482422,43.38999938964844,42.529998779296875,42.720001220703125,363100,38.58567810058594
9/26/2016,42.849998474121094,43.130001068115234,42.7400016784668,42.939998626708984,230400,38.78438186645508
9/23/2016,41.9900016784668,43.38999938964844,41.290000915527344,42.9900016784668,657500,38.82954788208008
9/22/2016,43.16999816894531,43.779998779296875,43.13999938964844,43.54999923706055,373600,39.33535385131836
9/21/2016,42.119998931884766,43.209999084472656,42.119998931884766,43.16999816894531,239100,38.99212646484375
9/20/2016,41.88999938964844,42.29999923706055,41.86000061035156,41.97999954223633,222900,37.91728973388672
9/19/2016,41.09000015258789,41.849998474121094,41.0099983215332,41.83000183105469,445500,37.78180694580078
9/16/2016,41.25,41.540000915527344,41.06999969482422,41.20000076293945,1063300,37.21277618408203
9/15/2016,41.20000076293945,41.470001220703125,41.125,41.25,255100,37.257938385009766
9/14/2016,41.22999954223633,41.599998474121094,41,41.13999938964844,249200,37.15857696533203
9/13/2016,41,41.459999084472656,40.88999938964844,41.31999969482422,452100,37.32115936279297
9/12/2016,40.880001068115234,41.34000015258789,40.709999084472656,41.130001068115234,320000,37.14955139160156
9/9/2016,42.11000061035156,42.36000061035156,40.900001525878906,40.97999954223633,337500,37.01407241821289
9/8/2016,41.880001068115234,42.58000183105469,41.790000915527344,42.33000183105469,246100,38.23341751098633
9/7/2016,41.880001068115234,42.54999923706055,41.720001220703125,42.45000076293945,386900,38.3418083190918
9/6/2016,42.2400016784668,42.54999923706055,42.06999969482422,42.4900016784668,230900,37.98773956298828
9/2/2016,41.86000061035156,42.459999084472656,41.86000061035156,42.209999084472656,221700,37.73741149902344
9/1/2016,41.75,41.88999938964844,41.529998779296875,41.720001220703125,325400,37.29933166503906
8/31/2016,41.959999084472656,42.130001068115234,41.439998626708984,41.599998474121094,338200,37.192039489746094
8/30/2016,42.150001525878906,42.560001373291016,41.79999923706055,41.88999938964844,372500,37.451316833496094
8/29/2016,42.0099983215332,42.45899963378906,42.0099983215332,42.29999923706055,312300,37.81787109375
8/26/2016,43.15999984741211,43.38999938964844,41.93000030517578,42,228500,37.549659729003906
8/25/2016,43.29999923706055,43.52000045776367,43.09000015258789,43.18000030517578,395400,38.6046257019043
8/24/2016,43.290000915527344,43.4900016784668,42.93000030517578,43.22999954223633,420700,38.64933395385742
8/23/2016,43.619998931884766,43.86199951171875,43.400001525878906,43.470001220703125,348000,38.8639030456543
8/22/2016,43.45000076293945,43.7599983215332,43.33000183105469,43.5,139200,38.89072799682617
8/19/2016,43.209999084472656,43.529998779296875,43.0099983215332,43.36000061035156,356500,38.76555252075195
8/18/2016,43.2599983215332,43.529998779296875,43.23500061035156,43.5,333600,38.89072799682617
8/17/2016,42.959999084472656,43.29999923706055,42.45000076293945,43.150001525878906,470200,38.57780838012695
8/16/2016,43.81999969482422,44.02000045776367,42.869998931884766,42.95000076293945,255600,38.39900588989258
8/15/2016,44.06999969482422,44.290000915527344,43.52000045776367,43.52000045776367,352700,38.90860366821289
8/12/2016,43.84000015258789,44.33000183105469,43.84000015258789,43.91999816894531,395800,39.2662239074707
8/11/2016,44,44.189998626708984,43.77000045776367,43.880001068115234,126500,39.23045349121094
8/10/2016,44,44.33000183105469,43.849998474121094,43.939998626708984,244400,39.284095764160156
8/9/2016,44,44.400001525878906,43.84000015258789,43.880001068115234,420400,39.23045349121094
8/8/2016,44.45000076293945,44.849998474121094,44,44,484000,39.33774185180664
8/5/2016,45.060001373291016,45.099998474121094,44.369998931884766,44.459999084472656,332500,39.74899673461914
8/4/2016,44.970001220703125,45.310001373291016,44.832000732421875,44.95000076293945,338600,40.187076568603516
8/3/2016,44.86000061035156,45.11000061035156,44.70000076293945,44.849998474121094,354900,40.09767150878906
8/2/2016,44.9900016784668,45.189998626708984,44.63999938964844,44.9900016784668,349900,40.222843170166016
8/1/2016,45.06999969482422,45.257999420166016,44.77000045776367,45.130001068115234,479400,40.347999572753906
7/29/2016,44.65999984741211,45.34000015258789,44.65999984741211,45.13999938964844,408700,40.35694885253906
7/28/2016,44.540000915527344,44.72999954223633,44.36000061035156,44.599998474121094,461800,39.874168395996094
7/27/2016,45.040000915527344,45.31999969482422,44.2400016784668,44.5099983215332,340900,39.793701171875
7/26/2016,45.18000030517578,45.279998779296875,44.86000061035156,45.060001373291016,390900,40.28542709350586
7/25/2016,45.25,45.45000076293945,44.95000076293945,45.099998474121094,450200,40.32118225097656
7/22/2016,44.459999084472656,45.362998962402344,44.37099838256836,45.130001068115234,504900,40.347999572753906
7/21/2016,44.43000030517578,44.70000076293945,44.279998779296875,44.54999923706055,542800,39.829463958740234
7/20/2016,45.2400016784668,45.2400016784668,44.310001373291016,44.5099983215332,698800,39.793701171875
7/19/2016,45.5,45.810001373291016,44.8849983215332,45,981700,40.231788635253906
7/18/2016,46.119998931884766,46.439998626708984,45.75,45.90999984741211,479600,41.04536437988281
7/15/2016,45.880001068115234,46.099998474121094,45.40999984741211,46.060001373291016,331200,41.17946243286133
7/14/2016,45.81999969482422,45.95000076293945,45.54999923706055,45.95000076293945,254000,41.081119537353516
7/13/2016,45.83000183105469,45.959999084472656,45.5099983215332,45.81999969482422,538400,40.96489334106445
7/12/2016,45.599998474121094,45.9900016784668,45.41999816894531,45.459999084472656,444400,40.64303970336914
7/11/2016,45.779998779296875,45.9900016784668,45.38399887084961,45.869998931884766,329800,41.00959014892578
7/8/2016,45.25,45.959999084472656,45.040000915527344,45.880001068115234,459900,41.01853561401367
7/7/2016,46.060001373291016,46.505001068115234,45.310001373291016,45.58000183105469,412800,40.75033187866211
7/6/2016,46.150001525878906,46.439998626708984,45.90999984741211,46.34000015258789,539000,41.4297981262207
7/5/2016,46.459999084472656,46.529998779296875,45.97999954223633,46.29999923706055,472800,41.3940315246582
7/1/2016,46.06999969482422,46.7400016784668,45.720001220703125,46.4900016784668,615400,41.563899993896484
6/30/2016,45.720001220703125,46.4900016784668,45.689998626708984,46.060001373291016,741300,41.17946243286133
6/29/2016,45.470001220703125,45.86000061035156,45.2400016784668,45.81999969482422,657800,40.96489334106445
6/28/2016,44.52000045776367,45.2599983215332,44.06999969482422,45.04999923706055,632000,40.27648162841797
6/27/2016,43.400001525878906,44.720001220703125,42.86000061035156,44.56999969482422,465800,39.847347259521484
6/24/2016,43.18000030517578,43.8849983215332,42.72999954223633,43.54999923706055,560300,38.935420989990234
6/23/2016,43.47999954223633,43.81999969482422,43,43.810001373291016,404500,39.167877197265625
6/22/2016,44.40999984741211,44.40999984741211,43.2599983215332,43.310001373291016,511700,38.720855712890625
6/21/2016,43.40999984741211,44.41999816894531,43.040000915527344,44.279998779296875,520100,39.58807373046875
6/20/2016,43.380001068115234,43.470001220703125,42.93000030517578,43.38999938964844,431100,38.79237365722656
6/17/2016,43.43000030517578,43.65999984741211,42.869998931884766,43.439998626708984,436900,38.83708190917969
6/16/2016,42.84000015258789,43.43000030517578,42.75,43.400001525878906,422100,38.80131530761719
6/15/2016,43.459999084472656,43.83000183105469,42.880001068115234,43.099998474121094,676800,38.533103942871094
6/14/2016,43.36000061035156,43.70000076293945,43.02000045776367,43.68000030517578,384400,39.05165481567383
6/13/2016,43.5,43.78499984741211,43.040000915527344,43.2599983215332,284200,38.676151275634766
6/10/2016,43.22999954223633,43.63999938964844,43.02000045776367,43.599998474121094,254300,38.98012161254883
6/9/2016,43.15999984741211,43.529998779296875,42.900001525878906,43.380001068115234,479800,38.78343963623047
6/8/2016,43.349998474121094,43.7400016784668,43.15999984741211,43.290000915527344,449700,38.70297622680664
6/7/2016,44.099998474121094,44.22999954223633,43.529998779296875,43.95000076293945,523200,38.90681076049805
6/6/2016,43.630001068115234,44.099998474121094,43.439998626708984,44.0099983215332,693400,38.959922790527344
6/3/2016,42.43000030517578,43.779998779296875,42.43000030517578,43.75,473900,38.729766845703125
6/2/2016,42.439998626708984,42.7400016784668,42.18000030517578,42.54999923706055,434000,37.66746139526367
6/1/2016,42.119998931884766,42.540000915527344,41.959999084472656,42.4900016784668,509600,37.61434555053711
5/31/2016,41.720001220703125,42.189998626708984,41.439998626708984,42.02000045776367,278600,37.19827651977539
5/27/2016,41.5,41.72999954223633,41.11000061035156,41.70000076293945,139400,36.915000915527344
5/26/2016,41.04999923706055,41.560001373291016,40.5099983215332,41.439998626708984,211300,36.6848258972168
5/25/2016,41.470001220703125,41.61000061035156,40.75,41.04999923706055,403100,36.33958053588867
5/24/2016,40.650001525878906,41.5099983215332,40.619998931884766,41.47999954223633,285900,36.720245361328125
5/23/2016,40.58000183105469,40.939998626708984,40.518001556396484,40.63999938964844,200000,35.976627349853516
5/20/2016,40.529998779296875,40.85200119018555,40.31999969482422,40.66999816894531,185700,36.0031852722168
5/19/2016,40.08000183105469,40.68000030517578,39.95000076293945,40.619998931884766,307900,35.958927154541016
5/18/2016,40.43000030517578,40.66999816894531,39.90999984741211,40.060001373291016,275200,35.46318817138672
5/17/2016,41.209999084472656,41.2400016784668,40.380001068115234,40.59000015258789,265800,35.932373046875
5/16/2016,41.20000076293945,41.439998626708984,40.83000183105469,41.34000015258789,404700,36.5963134765625
5/13/2016,40.709999084472656,41.13999938964844,40.45000076293945,41.119998931884766,520800,36.40155029296875
5/12/2016,40.439998626708984,40.689998626708984,40.16999816894531,40.59000015258789,453100,35.932373046875
5/11/2016,40.290000915527344,40.529998779296875,39.8849983215332,40.380001068115234,281300,35.7464714050293
5/10/2016,40.459999084472656,40.619998931884766,39.72999954223633,40.209999084472656,337500,35.59597396850586
5/9/2016,40.41999816894531,40.47999954223633,39.83000183105469,40.25,274900,35.631385803222656
5/6/2016,40.43000030517578,40.43000030517578,39.58000183105469,40.31999969482422,279600,35.69335174560547
5/5/2016,40.7599983215332,41.38999938964844,40.275001525878906,40.38999938964844,286900,35.75531768798828
5/4/2016,40.15999984741211,41.22999954223633,40.15999984741211,40.849998474121094,567400,36.162532806396484
5/3/2016,40.68000030517578,40.91999816894531,39.810001373291016,40.310001373291016,474500,35.68449783325195
5/2/2016,40.380001068115234,40.880001068115234,40.25,40.68000030517578,236900,36.01205062866211
4/29/2016,40.119998931884766,40.5,39.380001068115234,40.099998474121094,320400,35.498592376708984
4/28/2016,40.47999954223633,40.72999954223633,40.119998931884766,40.36000061035156,374500,35.728763580322266
4/27/2016,39.20000076293945,40.58000183105469,39,40.459999084472656,679000,35.81728744506836
4/26/2016,38.9900016784668,40.09000015258789,38.720001220703125,39.040000915527344,1264800,34.56022644042969
4/25/2016,37.349998474121094,38.290000915527344,37.07099914550781,38.20000076293945,717100,33.81661605834961
4/22/2016,37.540000915527344,37.75,37.119998931884766,37.54999923706055,816000,33.241207122802734
4/21/2016,37.79999923706055,38.04999923706055,37.20000076293945,37.36000061035156,477600,33.07301330566406
4/20/2016,38.4900016784668,38.810001373291016,37.81999969482422,37.9900016784668,276000,33.63072204589844
4/19/2016,38.560001373291016,38.84000015258789,38.16999816894531,38.619998931884766,314500,34.18842315673828
4/18/2016,38.45000076293945,38.79999923706055,38.16999816894531,38.45000076293945,198600,34.03792953491211
4/15/2016,38.20000076293945,38.70000076293945,38.16999816894531,38.45000076293945,186400,34.03792953491211
4/14/2016,38.400001525878906,38.70000076293945,38.0099983215332,38.310001373291016,310600,33.913997650146484
4/13/2016,38.45000076293945,38.880001068115234,37.7400016784668,38.540000915527344,565300,34.11759948730469
4/12/2016,38.81999969482422,39.060001373291016,38.40999984741211,38.459999084472656,517500,34.04677963256836
4/11/2016,38.97999954223633,39.06999969482422,38.709999084472656,38.88999938964844,233800,34.42744064331055
4/8/2016,39.130001068115234,39.17499923706055,38.720001220703125,38.91999816894531,276700,34.45399475097656
4/7/2016,39.09000015258789,39.400001525878906,38.86000061035156,39.08000183105469,253100,34.59564208984375
4/6/2016,39.439998626708984,39.72999954223633,39.0099983215332,39.2400016784668,238500,34.73727798461914
4/5/2016,39.959999084472656,39.9739990234375,39.27000045776367,39.459999084472656,207900,34.932037353515625
4/4/2016,39.529998779296875,40.20000076293945,39.40999984741211,40.0099983215332,466100,35.41891860961914
4/1/2016,39.95000076293945,40.43000030517578,39.400001525878906,39.630001068115234,581700,35.0825309753418
3/31/2016,40.130001068115234,40.630001068115234,40.08000183105469,40.11000061035156,289400,35.507450103759766
3/30/2016,40.56999969482422,40.880001068115234,40.22999954223633,40.279998779296875,374300,35.657936096191406
3/29/2016,40,40.709999084472656,39.83000183105469,40.599998474121094,576700,35.941219329833984
3/28/2016,40.52000045776367,40.88999938964844,40.09000015258789,40.150001525878906,291700,35.5428581237793
3/24/2016,40.29999923706055,40.83300018310547,40.21500015258789,40.5099983215332,454000,35.86155700683594
3/23/2016,40.310001373291016,40.560001373291016,40.02000045776367,40.279998779296875,669000,35.657936096191406
3/22/2016,39.86000061035156,40.68000030517578,39.86000061035156,40.310001373291016,293500,35.68449783325195
3/21/2016,39.900001525878906,40.689998626708984,39.61000061035156,40.16999816894531,508400,35.56056213378906
3/18/2016,39.61000061035156,40.72999954223633,39.33000183105469,40.459999084472656,3107400,35.81728744506836
3/17/2016,39.209999084472656,39.95000076293945,39.15999984741211,39.68000030517578,989000,35.126792907714844
3/16/2016,38.68000030517578,39.25,38.209999084472656,39.150001525878906,353800,34.65761184692383
3/15/2016,38.66999816894531,39.40999984741211,38.529998779296875,38.599998474121094,392100,34.17071533203125
3/14/2016,38.25,38.959999084472656,38.11000061035156,38.84000015258789,603000,34.38317108154297
3/11/2016,38.27000045776367,38.70000076293945,38.09000015258789,38.31999969482422,256400,33.922847747802734
3/10/2016,38.720001220703125,39.0099983215332,37.97999954223633,38.150001525878906,575800,33.77235794067383
3/9/2016,38.970001220703125,39.040000915527344,38.470001220703125,38.689998626708984,558300,34.25038528442383
3/8/2016,38.560001373291016,39.11000061035156,38.44499969482422,38.59000015258789,259300,34.161865234375
3/7/2016,38.25,39.630001068115234,38.25,39.20000076293945,430200,34.31944274902344
3/4/2016,38.4900016784668,38.810001373291016,38.2400016784668,38.529998779296875,716600,33.73285675048828
3/3/2016,38.63999938964844,39.220001220703125,38.53099822998047,38.58000183105469,523300,33.77663040161133
3/2/2016,38.689998626708984,38.880001068115234,38,38.779998779296875,608600,33.95172882080078
3/1/2016,39.18000030517578,39.400001525878906,38.13999938964844,38.58000183105469,689300,33.77663040161133
2/29/2016,38.849998474121094,39.209999084472656,38.72999954223633,38.790000915527344,716400,33.96049880981445
2/26/2016,38.75,39.20000076293945,38.5,38.93000030517578,598600,34.08305358886719
2/25/2016,39.5,39.59000015258789,38.68000030517578,39.029998779296875,577400,34.17060089111328
2/24/2016,37.400001525878906,39.45000076293945,37.060001373291016,39.2599983215332,952200,34.37197494506836
2/23/2016,37.599998474121094,38.470001220703125,36.75,38.060001373291016,1101000,33.321380615234375
2/22/2016,38,39.22999954223633,37.540000915527344,38.75,1560800,33.92546844482422
2/19/2016,41.25,41.689998626708984,40.71500015258789,41.560001373291016,802100,36.385616302490234
2/18/2016,41.4900016784668,41.939998626708984,41.13999938964844,41.5,634800,36.33308410644531
2/17/2016,41.54999923706055,41.54999923706055,40.5,41.310001373291016,455200,36.16674041748047
2/16/2016,40.97999954223633,41,40.20000076293945,40.650001525878906,607200,35.58890914916992
2/12/2016,41.060001373291016,41.060001373291016,40.470001220703125,40.59000015258789,413600,35.53638458251953
2/11/2016,41.540000915527344,41.540000915527344,40.630001068115234,40.93000030517578,603800,35.83403778076172
2/10/2016,41.25,41.82500076293945,40.83000183105469,41.58000183105469,225000,36.40312576293945
2/9/2016,41.36000061035156,42.084999084472656,40.220001220703125,41.2400016784668,697900,36.10545349121094
2/8/2016,41.9900016784668,42,40.3650016784668,41.470001220703125,691600,36.30681228637695
2/5/2016,40.66999816894531,42.400001525878906,40.09000015258789,42.0099983215332,1030100,36.77958679199219
2/4/2016,40.77000045776367,41.2400016784668,40.290000915527344,41.119998931884766,733200,36.00038528442383
2/3/2016,40.04999923706055,40.79999923706055,40.04999923706055,40.560001373291016,754500,35.5101203918457
2/2/2016,38.84000015258789,39.75,38.720001220703125,39.599998474121094,491900,34.66964340209961
2/1/2016,38.72999954223633,39.91999816894531,38.25,38.9900016784668,788800,34.13558578491211
1/29/2016,38.040000915527344,38.56999969482422,37.90999984741211,38.45000076293945,366100,33.66281509399414
1/28/2016,37.97999954223633,38.2599983215332,37.689998626708984,37.79999923706055,283300,33.093746185302734
1/27/2016,37.529998779296875,38.20500183105469,37.29999923706055,37.79999923706055,247900,33.093746185302734
1/26/2016,37.45000076293945,37.66999816894531,37.13999938964844,37.40999984741211,352000,32.75230407714844
1/25/2016,38.09000015258789,38.189998626708984,36.84000015258789,37.04999923706055,447100,32.43712615966797
1/22/2016,37.40999984741211,38.220001220703125,36.7400016784668,37.9900016784668,406600,33.26009750366211
1/21/2016,38.36000061035156,38.689998626708984,36.73500061035156,37.09000015258789,831700,32.47214889526367
1/20/2016,38.779998779296875,38.83000183105469,37.209999084472656,37.470001220703125,402400,32.80483627319336
1/19/2016,38.040000915527344,39.04999923706055,37.58000183105469,38.720001220703125,589300,33.899200439453125
1/15/2016,36.08000183105469,37.869998931884766,36.0099983215332,37.61000061035156,432000,32.92741012573242
1/14/2016,36.68000030517578,37.36000061035156,36.29999923706055,37.20000076293945,529500,32.568450927734375
1/13/2016,37.22999954223633,37.599998474121094,36.689998626708984,36.720001220703125,328200,32.14820861816406
1/12/2016,37.650001525878906,37.724998474121094,37.06999969482422,37.27000045776367,302100,32.629737854003906
1/11/2016,37.900001525878906,38.29999923706055,37.349998474121094,37.38999938964844,371900,32.73478698730469
1/8/2016,38,38.150001525878906,37.47999954223633,37.7599983215332,321400,33.0587272644043
1/7/2016,37.560001373291016,38.099998474121094,37.5,37.79999923706055,504400,33.093746185302734
1/6/2016,37.5,38.369998931884766,37.5,38.04999923706055,623900,33.3126220703125
1/5/2016,37.939998626708984,38.29999923706055,37.529998779296875,38.130001068115234,680300,33.382652282714844
1/4/2016,38.779998779296875,38.779998779296875,37.540000915527344,37.849998474121094,522300,33.13752746582031
12/31/2015,38.310001373291016,38.900001525878906,38.0099983215332,38.400001525878906,609700,33.619049072265625
12/30/2015,38.220001220703125,38.72999954223633,37.529998779296875,38.220001220703125,1107100,33.46145248413086
12/29/2015,36.599998474121094,37.939998626708984,36.599998474121094,37.66999816894531,967400,32.97993469238281
12/28/2015,37.02000045776367,37.310001373291016,36.52000045776367,36.599998474121094,1196800,32.043148040771484
12/24/2015,37.02000045776367,37.540000915527344,37.02000045776367,37.45000076293945,904600,32.78732681274414
12/23/2015,35.099998474121094,37.06999969482422,35.04999923706055,36.959999084472656,2195900,32.35832595825195
12/22/2015,34,35.20000076293945,33.7599983215332,35.08000183105469,3044800,30.712398529052734
12/21/2015,34.029998779296875,34.650001525878906,33.439998626708984,33.810001373291016,3980200,29.600515365600586
12/18/2015,36.5,36.52000045776367,32.45000076293945,33.2599983215332,10198600,29.118988037109375
12/17/2015,38.75,38.75,36.119998931884766,36.119998931884766,1181500,31.622907638549805
