4/22/2019,2.2799999713897705,2.2799999713897705,2.259999990463257,2.2699999809265137,26302,2.2699999809265137
4/18/2019,2.2799999713897705,2.2799999713897705,2.259999990463257,2.2799999713897705,13837,2.2799999713897705
4/17/2019,2.2799999713897705,2.2799999713897705,2.259999990463257,2.259999990463257,7310,2.259999990463257
4/16/2019,2.2799999713897705,2.2799999713897705,2.2699999809265137,2.2799999713897705,14969,2.2799999713897705
4/15/2019,2.2799999713897705,2.2799999713897705,2.2799999713897705,2.2799999713897705,9814,2.2799999713897705
4/12/2019,2.2799999713897705,2.2899999618530273,2.259999990463257,2.2899999618530273,14818,2.2899999618530273
4/11/2019,2.259999990463257,2.2799999713897705,2.259999990463257,2.2799999713897705,6694,2.2799999713897705
4/10/2019,2.2799999713897705,2.2799999713897705,2.259999990463257,2.2799999713897705,6181,2.2799999713897705
4/9/2019,2.2799999713897705,2.2799999713897705,2.259999990463257,2.259999990463257,4396,2.259999990463257
4/8/2019,2.299999952316284,2.299999952316284,2.240000009536743,2.259999990463257,33240,2.259999990463257
4/5/2019,2.2799999713897705,2.2799999713897705,2.2699999809265137,2.2799999713897705,5994,2.2799999713897705
4/4/2019,2.2899999618530273,2.299999952316284,2.2699999809265137,2.299999952316284,23693,2.299999952316284
4/3/2019,2.2799999713897705,2.299999952316284,2.2799999713897705,2.299999952316284,37973,2.299999952316284
4/2/2019,2.2799999713897705,2.309999942779541,2.2799999713897705,2.299999952316284,40982,2.299999952316284
4/1/2019,2.2799999713897705,2.2899999618530273,2.2100000381469727,2.2799999713897705,39936,2.2799999713897705
3/29/2019,2.2799999713897705,2.2899999618530273,2.25,2.259999990463257,36895,2.259999990463257
3/28/2019,2.299999952316284,2.299999952316284,2.200000047683716,2.2699999809265137,408965,2.2699999809265137
3/27/2019,2.3399999141693115,2.3399999141693115,2.319999933242798,2.319999933242798,43077,2.319999933242798
3/26/2019,2.390000104904175,2.4000000953674316,2.309999942779541,2.3399999141693115,133288,2.3399999141693115
3/25/2019,2.450000047683716,2.450000047683716,2.369999885559082,2.430000066757202,60560,2.430000066757202
3/22/2019,2.5199999809265137,2.5299999713897705,2.450000047683716,2.450000047683716,44616,2.450000047683716
3/21/2019,2.5,2.509999990463257,2.490000009536743,2.5,20706,2.5
3/20/2019,2.5,2.509999990463257,2.490000009536743,2.490000009536743,31866,2.490000009536743
3/19/2019,2.4800000190734863,2.5,2.4700000286102295,2.490000009536743,23551,2.490000009536743
3/18/2019,2.4700000286102295,2.4800000190734863,2.450000047683716,2.4800000190734863,31586,2.4800000190734863
3/15/2019,2.4000000953674316,2.450000047683716,2.4000000953674316,2.430000066757202,8878,2.430000066757202
3/14/2019,2.450000047683716,2.450000047683716,2.4200000762939453,2.450000047683716,2033,2.450000047683716
3/13/2019,2.4600000381469727,2.4600000381469727,2.4200000762939453,2.4200000762939453,4586,2.4200000762939453
3/12/2019,2.4600000381469727,2.4700000286102295,2.440000057220459,2.440000057220459,6488,2.440000057220459
3/11/2019,2.440000057220459,2.4600000381469727,2.430000066757202,2.430000066757202,31715,2.430000066757202
3/8/2019,2.440000057220459,2.4700000286102295,2.4000000953674316,2.440000057220459,73862,2.440000057220459
3/7/2019,2.4800000190734863,2.4800000190734863,2.440000057220459,2.450000047683716,7818,2.450000047683716
3/6/2019,2.4800000190734863,2.4800000190734863,2.450000047683716,2.4700000286102295,44974,2.4700000286102295
3/5/2019,2.369999885559082,2.5199999809265137,2.369999885559082,2.4800000190734863,129928,2.4800000190734863
3/4/2019,2.319999933242798,2.380000114440918,2.319999933242798,2.3399999141693115,24975,2.3399999141693115
3/1/2019,2.259999990463257,2.299999952316284,2.259999990463257,2.299999952316284,28805,2.299999952316284
2/28/2019,2.319999933242798,2.3299999237060547,2.259999990463257,2.2799999713897705,43057,2.2799999713897705
2/27/2019,2.3399999141693115,2.3399999141693115,2.299999952316284,2.3299999237060547,82465,2.3299999237060547
2/26/2019,2.380000114440918,2.380000114440918,2.309999942779541,2.3399999141693115,70110,2.3399999141693115
2/25/2019,2.4000000953674316,2.4000000953674316,2.2899999618530273,2.369999885559082,180206,2.369999885559082
2/22/2019,2.5,2.5,2.4700000286102295,2.4800000190734863,72762,2.4800000190734863
2/21/2019,2.549999952316284,2.549999952316284,2.5,2.5399999618530273,61177,2.5399999618530273
2/20/2019,2.5399999618530273,2.549999952316284,2.509999990463257,2.5399999618530273,28410,2.5399999618530273
2/19/2019,2.549999952316284,2.569999933242798,2.5299999713897705,2.5399999618530273,52448,2.5399999618530273
2/15/2019,2.569999933242798,2.569999933242798,2.5199999809265137,2.5199999809265137,24776,2.5199999809265137
2/14/2019,2.5399999618530273,2.5799999237060547,2.509999990463257,2.509999990463257,84625,2.509999990463257
2/13/2019,2.559999942779541,2.559999942779541,2.5,2.509999990463257,30433,2.509999990463257
2/12/2019,2.559999942779541,2.569999933242798,2.5299999713897705,2.559999942779541,5777,2.559999942779541
2/11/2019,2.569999933242798,2.569999933242798,2.5,2.5,25489,2.5
2/8/2019,2.5799999237060547,2.5799999237060547,2.549999952316284,2.569999933242798,67285,2.569999933242798
2/7/2019,2.5999999046325684,2.5999999046325684,2.559999942779541,2.5799999237060547,20466,2.5799999237060547
2/6/2019,2.5899999141693115,2.5999999046325684,2.5799999237060547,2.5899999141693115,7164,2.5899999141693115
2/5/2019,2.569999933242798,2.5999999046325684,2.5299999713897705,2.5899999141693115,15044,2.5899999141693115
2/4/2019,2.559999942779541,2.619999885559082,2.5399999618530273,2.619999885559082,18564,2.619999885559082
2/1/2019,2.5,2.559999942779541,2.5,2.559999942779541,28721,2.559999942779541
1/31/2019,2.490000009536743,2.5299999713897705,2.490000009536743,2.490000009536743,3317,2.490000009536743
1/30/2019,2.5399999618530273,2.5399999618530273,2.4200000762939453,2.4200000762939453,18540,2.4200000762939453
1/29/2019,2.549999952316284,2.549999952316284,2.450000047683716,2.5,21412,2.5
1/28/2019,2.559999942779541,2.5799999237060547,2.5199999809265137,2.559999942779541,1303,2.559999942779541
1/25/2019,2.5999999046325684,2.5999999046325684,2.5,2.569999933242798,22642,2.569999933242798
1/23/2019,2.5799999237060547,2.5999999046325684,2.569999933242798,2.569999933242798,7102,2.569999933242798
1/22/2019,2.569999933242798,2.5799999237060547,2.569999933242798,2.569999933242798,5493,2.569999933242798
1/18/2019,2.559999942779541,2.6600000858306885,2.5399999618530273,2.5999999046325684,55554,2.5999999046325684
1/17/2019,2.509999990463257,2.549999952316284,2.5,2.549999952316284,6640,2.549999952316284
1/16/2019,2.4800000190734863,2.509999990463257,2.430000066757202,2.509999990463257,14114,2.509999990463257
1/15/2019,2.440000057220459,2.4800000190734863,2.4100000858306885,2.440000057220459,46917,2.440000057220459
1/14/2019,2.619999885559082,2.619999885559082,2.4100000858306885,2.4200000762939453,119950,2.4200000762939453
1/11/2019,2.640000104904175,2.640000104904175,2.5999999046325684,2.619999885559082,19183,2.619999885559082
1/10/2019,2.680000066757202,2.680000066757202,2.619999885559082,2.619999885559082,43633,2.619999885559082
1/9/2019,2.690000057220459,2.690000057220459,2.6500000953674316,2.6700000762939453,8162,2.6700000762939453
1/8/2019,2.7100000381469727,2.7200000286102295,2.6500000953674316,2.680000066757202,199755,2.680000066757202
1/4/2019,3.069999933242798,3.0999999046325684,3.049999952316284,3.0899999141693115,304804,3.0899999141693115
1/3/2019,3.0799999237060547,3.0899999141693115,3.0399999618530273,3.069999933242798,432154,3.069999933242798
12/31/2018,3.0999999046325684,3.109999895095825,3.0799999237060547,3.0799999237060547,191306,3.0799999237060547
12/28/2018,3.0899999141693115,3.130000114440918,3.069999933242798,3.069999933242798,426853,3.069999933242798
12/27/2018,3.119999885559082,3.1600000858306885,3.049999952316284,3.0999999046325684,139174,3.0999999046325684
12/24/2018,3.0299999713897705,3.0999999046325684,2.9700000286102295,3.059999942779541,166555,3.059999942779541
12/21/2018,3.069999933242798,3.069999933242798,2.9000000953674316,2.9000000953674316,645162,2.9000000953674316
12/20/2018,3.009999990463257,3.140000104904175,2.859999895095825,3.069999933242798,219763,3.069999933242798
12/18/2018,3.450000047683716,3.4800000190734863,3.390000104904175,3.390000104904175,58965,3.390000104904175
12/17/2018,3.549999952316284,3.5899999141693115,3.4600000381469727,3.490000009536743,58099,3.490000009536743
12/14/2018,3.5799999237060547,3.609999895095825,3.509999990463257,3.509999990463257,84920,3.509999990463257
12/13/2018,3.490000009536743,3.5799999237060547,3.490000009536743,3.5799999237060547,20499,3.5799999237060547
12/12/2018,3.4800000190734863,3.490000009536743,3.4600000381469727,3.4700000286102295,1299,3.4700000286102295
12/10/2018,3.5399999618530273,3.5399999618530273,3.4800000190734863,3.490000009536743,3321,3.490000009536743
12/7/2018,3.450000047683716,3.549999952316284,3.4200000762939453,3.5399999618530273,97265,3.5399999618530273
12/6/2018,3.4800000190734863,3.4800000190734863,3.4200000762939453,3.4800000190734863,23337,3.4800000190734863
12/4/2018,3.5399999618530273,3.5399999618530273,3.4600000381469727,3.5,1975,3.5
12/3/2018,3.549999952316284,3.569999933242798,3.5399999618530273,3.5399999618530273,10641,3.5399999618530273
11/29/2018,3.5199999809265137,3.549999952316284,3.5,3.549999952316284,5240,3.549999952316284
11/28/2018,3.5,3.5,3.5,3.5,1867,3.5
11/27/2018,3.450000047683716,3.5299999713897705,3.4200000762939453,3.5,9598,3.5
11/26/2018,3.4800000190734863,3.549999952316284,3.450000047683716,3.5399999618530273,125661,3.5399999618530273
11/23/2018,3.4600000381469727,3.490000009536743,3.4600000381469727,3.4800000190734863,21790,3.4800000190734863
11/21/2018,3.4000000953674316,3.450000047683716,3.4000000953674316,3.450000047683716,58214,3.450000047683716
11/20/2018,3.430000066757202,3.450000047683716,3.380000114440918,3.4000000953674316,22001,3.4000000953674316
11/19/2018,3.4000000953674316,3.450000047683716,3.4000000953674316,3.430000066757202,16076,3.430000066757202
11/16/2018,3.359999895095825,3.4000000953674316,3.359999895095825,3.4000000953674316,58164,3.4000000953674316
11/15/2018,3.359999895095825,3.369999885559082,3.2799999713897705,3.359999895095825,83857,3.359999895095825
11/14/2018,3.430000066757202,3.430000066757202,3.369999885559082,3.369999885559082,8890,3.369999885559082
11/13/2018,3.5199999809265137,3.5199999809265137,3.4000000953674316,3.440000057220459,53089,3.440000057220459
11/12/2018,3.5199999809265137,3.569999933242798,3.4600000381469727,3.4800000190734863,85948,3.4800000190734863
11/9/2018,3.299999952316284,3.5,3.2300000190734863,3.4800000190734863,156421,3.4800000190734863
11/8/2018,3.190000057220459,3.319999933242798,3.190000057220459,3.2899999618530273,102900,3.2899999618530273
11/7/2018,3.130000114440918,3.180000066757202,3.0999999046325684,3.180000066757202,36736,3.180000066757202
11/6/2018,3.0999999046325684,3.130000114440918,3.0999999046325684,3.130000114440918,3465,3.130000114440918
11/2/2018,2.940000057220459,3.0399999618530273,2.940000057220459,3.0299999713897705,68916,3.0299999713897705
11/1/2018,2.880000114440918,2.950000047683716,2.880000114440918,2.950000047683716,26370,2.950000047683716
10/31/2018,2.890000104904175,2.890000104904175,2.8399999141693115,2.880000114440918,12329,2.880000114440918
10/30/2018,2.9000000953674316,2.9000000953674316,2.8399999141693115,2.8399999141693115,2639,2.8399999141693115
10/29/2018,2.819999933242798,2.9000000953674316,2.819999933242798,2.9000000953674316,1400,2.9000000953674316
10/26/2018,2.859999895095825,2.880000114440918,2.809999942779541,2.809999942779541,40798,2.809999942779541
10/25/2018,2.9100000858306885,2.9100000858306885,2.8299999237060547,2.890000104904175,18155,2.890000104904175
10/24/2018,2.930000066757202,2.930000066757202,2.9000000953674316,2.930000066757202,4292,2.930000066757202
10/23/2018,2.9700000286102295,2.9700000286102295,2.9000000953674316,2.940000057220459,12769,2.940000057220459
10/22/2018,2.940000057220459,2.9800000190734863,2.940000057220459,2.940000057220459,1921,2.940000057220459
10/19/2018,2.9600000381469727,2.9600000381469727,2.940000057220459,2.940000057220459,4020,2.940000057220459
10/18/2018,2.9700000286102295,2.990000009536743,2.930000066757202,2.9800000190734863,17588,2.9800000190734863
10/17/2018,2.9800000190734863,2.9800000190734863,2.9200000762939453,2.9700000286102295,2406,2.9700000286102295
10/16/2018,2.9200000762939453,2.9800000190734863,2.9100000858306885,2.9800000190734863,8273,2.9800000190734863
10/15/2018,2.9800000190734863,2.9800000190734863,2.9100000858306885,2.9700000286102295,7050,2.9700000286102295
10/12/2018,2.9600000381469727,2.9600000381469727,2.9600000381469727,2.9600000381469727,495,2.9600000381469727
10/11/2018,2.619999885559082,2.950000047683716,2.619999885559082,2.9200000762939453,61594,2.9200000762939453
10/10/2018,3.009999990463257,3.009999990463257,2.9700000286102295,3.009999990463257,16055,3.009999990463257
10/9/2018,3.0399999618530273,3.049999952316284,2.9700000286102295,3.009999990463257,17154,3.009999990463257
10/8/2018,3.049999952316284,3.049999952316284,3.0199999809265137,3.0399999618530273,1423,3.0399999618530273
10/5/2018,3.049999952316284,3.059999942779541,3.009999990463257,3.009999990463257,12586,3.009999990463257
10/4/2018,3.069999933242798,3.069999933242798,3.0399999618530273,3.059999942779541,11822,3.059999942779541
10/3/2018,3.059999942779541,3.069999933242798,3.0399999618530273,3.0399999618530273,6718,3.0399999618530273
10/2/2018,3.049999952316284,3.049999952316284,3.0199999809265137,3.049999952316284,6111,3.049999952316284
10/1/2018,3.0199999809265137,3.049999952316284,3.0199999809265137,3.0199999809265137,2413,3.0199999809265137
9/28/2018,3.0399999618530273,3.0399999618530273,3.009999990463257,3.009999990463257,1008,3.009999990463257
9/27/2018,3.0299999713897705,3.049999952316284,3.009999990463257,3.049999952316284,6339,3.049999952316284
9/26/2018,3.0399999618530273,3.049999952316284,3.009999990463257,3.049999952316284,5045,3.049999952316284
9/24/2018,3.0399999618530273,3.0399999618530273,3.009999990463257,3.009999990463257,836,3.009999990463257
9/21/2018,3.0399999618530273,3.0399999618530273,2.9700000286102295,3.0399999618530273,31868,3.0399999618530273
9/20/2018,2.9700000286102295,3.0299999713897705,2.9700000286102295,2.9800000190734863,27411,2.9800000190734863
9/19/2018,2.9600000381469727,2.9700000286102295,2.930000066757202,2.9700000286102295,7405,2.9700000286102295
9/18/2018,2.940000057220459,2.990000009536743,2.9100000858306885,2.9600000381469727,2298,2.9600000381469727
9/17/2018,2.9600000381469727,2.9700000286102295,2.950000047683716,2.9700000286102295,23525,2.9700000286102295
9/13/2018,3.119999885559082,3.140000104904175,3.0999999046325684,3.0999999046325684,4887,3.0999999046325684
9/12/2018,3.140000104904175,3.1500000953674316,3.140000104904175,3.140000104904175,1175,3.140000104904175
9/11/2018,3.1500000953674316,3.1500000953674316,3.109999895095825,3.109999895095825,9012,3.109999895095825
9/10/2018,3.119999885559082,3.140000104904175,3.119999885559082,3.140000104904175,980,3.140000104904175
9/7/2018,3.049999952316284,3.140000104904175,3.049999952316284,3.130000114440918,20353,3.130000114440918
9/6/2018,3.069999933242798,3.0899999141693115,3.0399999618530273,3.049999952316284,38106,3.049999952316284
9/5/2018,3.0799999237060547,3.0999999046325684,3.0799999237060547,3.0899999141693115,7900,3.0899999141693115
9/4/2018,3.109999895095825,3.109999895095825,3.0999999046325684,3.0999999046325684,2743,3.0999999046325684
8/31/2018,3.130000114440918,3.130000114440918,3.0999999046325684,3.119999885559082,1734,3.119999885559082
8/30/2018,3.130000114440918,3.130000114440918,3.0999999046325684,3.130000114440918,5497,3.130000114440918
8/29/2018,3.130000114440918,3.1500000953674316,3.0999999046325684,3.0999999046325684,24486,3.0999999046325684
8/28/2018,3.130000114440918,3.130000114440918,3.069999933242798,3.119999885559082,9560,3.119999885559082
