4/22/2019,7.599999904632568,7.9197998046875,7.579999923706055,7.860000133514404,6183211,7.860000133514404
4/18/2019,8.029999732971191,8.039999961853027,7.550000190734863,7.650000095367432,10335052,7.650000095367432
4/17/2019,8.460000038146973,8.5,7.800000190734863,7.820000171661377,15265437,7.820000171661377
4/16/2019,8.670000076293945,8.916199684143066,8.65999984741211,8.6899995803833,3337514,8.6899995803833
4/15/2019,8.739999771118164,9.130000114440918,8.479999542236328,8.600000381469727,13491894,8.600000381469727
4/12/2019,9.850000381469727,10.114999771118164,9.850000381469727,10.100000381469727,4705301,10.100000381469727
4/11/2019,9.920000076293945,10.029999732971191,9.649999618530273,9.8100004196167,2774889,9.8100004196167
4/10/2019,9.619999885559082,10.039999961853027,9.561599731445312,10.020000457763672,2667263,10.020000457763672
4/9/2019,9.869999885559082,9.905699729919434,9.534500122070312,9.670000076293945,2973306,9.670000076293945
4/8/2019,10.029999732971191,10.085000038146973,9.859999656677246,10,2673177,10
4/5/2019,10.010000228881836,10.140000343322754,9.960000038146973,10.079999923706055,3265659,10.079999923706055
4/4/2019,9.760000228881836,10.020000457763672,9.760000228881836,9.930000305175781,3826500,9.930000305175781
4/3/2019,9.739999771118164,9.989999771118164,9.630000114440918,9.800000190734863,3924000,9.800000190734863
4/2/2019,9.850000381469727,10.170000076293945,8.989999771118164,9.800000190734863,4528700,9.800000190734863
4/1/2019,9.4399995803833,9.975000381469727,9.359999656677246,9.9399995803833,4890400,9.9399995803833
3/29/2019,9.199999809265137,9.40999984741211,9.052000045776367,9.319999694824219,2837900,9.319999694824219
3/28/2019,9.119999885559082,9.399999618530273,8.734999656677246,9.170000076293945,4255900,9.170000076293945
3/27/2019,9.670000076293945,9.680000305175781,9.069999694824219,9.199999809265137,3302300,9.199999809265137
3/26/2019,9.729999542236328,9.829999923706055,9.5600004196167,9.649999618530273,2858000,9.649999618530273
3/25/2019,9.5,9.720000267028809,9.25,9.65999984741211,3892700,9.65999984741211
3/22/2019,9.890000343322754,9.947999954223633,9.449999809265137,9.529999732971191,4288900,9.529999732971191
3/21/2019,9.989999771118164,10.15999984741211,9.800000190734863,10.0600004196167,3169100,10.0600004196167
3/20/2019,10.180000305175781,10.34000015258789,9.989999771118164,10.119999885559082,4651100,10.119999885559082
3/19/2019,10.489999771118164,10.670000076293945,10.109999656677246,10.40999984741211,7985500,10.40999984741211
3/18/2019,9.5,10.300000190734863,9.5,10.239999771118164,8990500,10.239999771118164
3/15/2019,9.399999618530273,9.625,9.359999656677246,9.600000381469727,3154100,9.600000381469727
3/14/2019,9.5,9.579999923706055,9.380000114440918,9.520000457763672,2424700,9.520000457763672
3/13/2019,9.699999809265137,9.819999694824219,9.52299976348877,9.600000381469727,3707300,9.600000381469727
3/12/2019,9.609999656677246,9.859999656677246,9.529999732971191,9.59000015258789,3484200,9.59000015258789
3/11/2019,9.5600004196167,9.789999961853027,9.460000038146973,9.760000228881836,2708000,9.760000228881836
3/8/2019,9.300000190734863,9.550000190734863,9.149999618530273,9.550000190734863,4294700,9.550000190734863
3/7/2019,10.050000190734863,10.119999885559082,9.529999732971191,9.609999656677246,5461700,9.609999656677246
3/6/2019,10.319999694824219,10.529999732971191,9.961000442504883,10.079999923706055,5587900,10.079999923706055
3/5/2019,10.34000015258789,10.520000457763672,10.210000038146973,10.369999885559082,5539500,10.369999885559082
3/4/2019,10.470000267028809,10.680000305175781,10.109999656677246,10.420000076293945,7196400,10.420000076293945
3/1/2019,10.40999984741211,10.45300006866455,10.029999732971191,10.140000343322754,4335800,10.140000343322754
2/28/2019,10.15999984741211,10.5600004196167,10.0600004196167,10.359999656677246,7386400,10.359999656677246
2/27/2019,10.260000228881836,10.350000381469727,9.930000305175781,10.1899995803833,4930700,10.1899995803833
2/26/2019,9.819999694824219,10.319999694824219,9.720000267028809,10.319999694824219,7532500,10.319999694824219
2/25/2019,10.09000015258789,10.109999656677246,9.609999656677246,9.6899995803833,6549800,9.6899995803833
2/22/2019,10.479999542236328,10.59000015258789,9.819999694824219,10.180000305175781,8437400,10.180000305175781
2/21/2019,10.270000457763672,10.529999732971191,10.199999809265137,10.380000114440918,7401200,10.380000114440918
2/20/2019,9.699999809265137,10.220000267028809,9.579999923706055,10.149999618530273,7884500,10.149999618530273
2/19/2019,9.5,9.770000457763672,9.460000038146973,9.710000038146973,4898000,9.710000038146973
2/15/2019,9.6899995803833,9.90999984741211,9.329999923706055,9.600000381469727,9284800,9.600000381469727
2/14/2019,9.100000381469727,9.279999732971191,8.899999618530273,9.09000015258789,4356500,9.09000015258789
2/13/2019,9.210000038146973,9.5,9.083999633789062,9.239999771118164,7494800,9.239999771118164
2/12/2019,8.1899995803833,9.199999809265137,8.079999923706055,9.050000190734863,9976900,9.050000190734863
2/11/2019,9.420000076293945,9.470000267028809,8.312000274658203,8.380000114440918,10679000,8.380000114440918
2/8/2019,9.710000038146973,9.770000457763672,9.130000114440918,9.430000305175781,6671300,9.430000305175781
2/7/2019,9.300000190734863,9.890000343322754,9.069999694824219,9.569999694824219,9279900,9.569999694824219
2/6/2019,10.020000457763672,10.300000190734863,9.5,9.699999809265137,11954700,9.699999809265137
2/5/2019,10.859999656677246,10.890000343322754,9.25,10.710000038146973,23139300,10.710000038146973
2/4/2019,10.100000381469727,10.949999809265137,10,10.84000015258789,29816100,10.84000015258789
2/1/2019,9.050000190734863,10,8.899999618530273,9.619999885559082,28688800,9.619999885559082
1/31/2019,7.760000228881836,8.930000305175781,7.670000076293945,8.739999771118164,13814600,8.739999771118164
1/30/2019,7.400000095367432,7.75,7.269999980926514,7.659999847412109,5258800,7.659999847412109
1/29/2019,7.429999828338623,7.579999923706055,7.159999847412109,7.269999980926514,4103400,7.269999980926514
1/28/2019,7.110000133514404,7.53000020980835,6.980000019073486,7.369999885559082,5946400,7.369999885559082
1/25/2019,7.090000152587891,7.309999942779541,6.980000019073486,7.159999847412109,4081000,7.159999847412109
1/24/2019,6.869999885559082,7.039999961853027,6.843999862670898,6.940000057220459,2325800,6.940000057220459
1/23/2019,6.920000076293945,7.25,6.7820000648498535,6.920000076293945,5486000,6.920000076293945
1/22/2019,7.199999809265137,7.440000057220459,6.949999809265137,7.079999923706055,9553700,7.079999923706055
1/18/2019,6.550000190734863,6.696000099182129,6.239999771118164,6.679999828338623,3951600,6.679999828338623
1/17/2019,6.460000038146973,6.590000152587891,6.300000190734863,6.480000019073486,2480100,6.480000019073486
1/16/2019,6.75,6.869999885559082,6.489999771118164,6.650000095367432,3926400,6.650000095367432
1/15/2019,7.050000190734863,7.119999885559082,6.599999904632568,6.699999809265137,6379400,6.699999809265137
1/14/2019,7.03000020980835,7.139999866485596,6.829999923706055,7.050000190734863,6629600,7.050000190734863
1/11/2019,6.429999828338623,7.199999809265137,6.389999866485596,6.920000076293945,16447400,6.920000076293945
1/10/2019,6.690000057220459,6.980000019073486,6.409999847412109,6.579999923706055,9513100,6.579999923706055
1/9/2019,6.380000114440918,6.900000095367432,6.25,6.789999961853027,7266900,6.789999961853027
1/8/2019,6.570000171661377,6.570000171661377,6.059999942779541,6.329999923706055,6102000,6.329999923706055
1/7/2019,6.25,6.46999979019165,6.090000152587891,6.409999847412109,6043000,6.409999847412109
1/4/2019,6.150000095367432,6.159999847412109,5.96999979019165,6.039999961853027,3693700,6.039999961853027
1/3/2019,5.960000038146973,6.130000114440918,5.849999904632568,5.96999979019165,3607400,5.96999979019165
1/2/2019,5.639999866485596,6.190000057220459,5.449999809265137,6.010000228881836,7715400,6.010000228881836
12/31/2018,5.920000076293945,6.099999904632568,5.599999904632568,5.690000057220459,9536100,5.690000057220459
12/28/2018,6.329999923706055,6.369999885559082,5.900000095367432,6.260000228881836,22919000,6.260000228881836
12/27/2018,5.619999885559082,5.75,5.309999942779541,5.570000171661377,8682000,5.570000171661377
12/26/2018,5.690000057220459,6.099999904632568,5.599999904632568,5.820000171661377,6968700,5.820000171661377
12/24/2018,4.550000190734863,5.670000076293945,4.550000190734863,5.550000190734863,7186800,5.550000190734863
12/21/2018,5.340000152587891,5.340000152587891,4.699999809265137,4.849999904632568,6928200,4.849999904632568
12/20/2018,5.489999771118164,5.599999904632568,5.070000171661377,5.230000019073486,4926500,5.230000019073486
12/19/2018,5.909999847412109,5.949999809265137,5.360000133514404,5.400000095367432,7054000,5.400000095367432
12/18/2018,5.610000133514404,6.170000076293945,5.579999923706055,5.849999904632568,12729400,5.849999904632568
12/17/2018,5.480000019073486,5.739999771118164,5.300000190734863,5.429999828338623,3776900,5.429999828338623
12/14/2018,5.119999885559082,5.789999961853027,4.849999904632568,5.599999904632568,6918000,5.599999904632568
12/13/2018,5.710000038146973,5.760000228881836,5.159999847412109,5.230000019073486,7068500,5.230000019073486
12/12/2018,6.099999904632568,6.289999961853027,5.78000020980835,5.809999942779541,9525300,5.809999942779541
12/11/2018,5.78000020980835,6.2789998054504395,5.650000095367432,6.139999866485596,9860400,6.139999866485596
12/10/2018,5.599999904632568,5.880000114440918,5.260000228881836,5.610000133514404,9210800,5.610000133514404
12/7/2018,6.25,6.590000152587891,4.960000038146973,5.230000019073486,29883400,5.230000019073486
12/6/2018,3.9000000953674316,5.590000152587891,3.75,5.539999961853027,30813200,5.539999961853027
12/4/2018,4.929999828338623,5.179999828338623,4.420000076293945,4.510000228881836,30113200,4.510000228881836
12/3/2018,6.5,6.909999847412109,5.599999904632568,6.050000190734863,35456200,6.050000190734863
11/29/2018,8.449999809265137,8.510000228881836,7.900000095367432,7.929999828338623,2496500,7.929999828338623
11/28/2018,7.900000095367432,8.550000190734863,7.800000190734863,8.489999771118164,3027900,8.489999771118164
11/27/2018,8.149999618530273,8.279999732971191,7.630000114440918,7.739999771118164,2333500,7.739999771118164
11/26/2018,9.199999809265137,9.220000267028809,8.029999732971191,8.079999923706055,2363100,8.079999923706055
11/23/2018,8.819999694824219,9.029999732971191,8.550000190734863,8.84000015258789,615200,8.84000015258789
11/21/2018,8.899999618530273,9.329999923706055,8.779999732971191,8.829999923706055,1559700,8.829999923706055
11/20/2018,8.59000015258789,9.300000190734863,8.350000381469727,8.8100004196167,2384100,8.8100004196167
11/16/2018,10.300000190734863,10.3100004196167,9.550000190734863,9.739999771118164,1655500,9.739999771118164
11/15/2018,9.550000190734863,10.4399995803833,9.40999984741211,10.289999961853027,2233800,10.289999961853027
11/14/2018,10.010000228881836,10.239999771118164,9.260000228881836,9.539999961853027,3248600,9.539999961853027
11/13/2018,11.25,11.460000038146973,10.239999771118164,10.300000190734863,3200100,10.300000190734863
11/12/2018,12.4399995803833,12.5,11.213000297546387,11.279999732971191,2386100,11.279999732971191
11/9/2018,12.359999656677246,12.635000228881836,11.779999732971191,12.3100004196167,4300000,12.3100004196167
11/8/2018,13.079999923706055,13.140000343322754,12.529999732971191,12.609999656677246,2661600,12.609999656677246
11/7/2018,13.239999771118164,13.449999809265137,12.229999542236328,13.220000267028809,5173600,13.220000267028809
11/6/2018,12.220000267028809,12.979999542236328,11.869999885559082,12.720000267028809,3940000,12.720000267028809
11/5/2018,12.199999809265137,12.279999732971191,11.5600004196167,12.25,2031000,12.25
11/2/2018,11.75,12.350000381469727,11.3100004196167,12,2140800,12
11/1/2018,12.210000038146973,12.699999809265137,11.175000190734863,11.569999694824219,1873900,11.569999694824219
10/31/2018,10.5649995803833,12,10.399999618530273,11.934000015258789,2182100,11.934000015258789
10/30/2018,9.5,10.640000343322754,9.449999809265137,10.130000114440918,1778700,10.130000114440918
10/29/2018,12.145000457763672,12.289999961853027,9.598999977111816,9.760000228881836,3195800,9.760000228881836
10/26/2018,11.914999961853027,12.550000190734863,11.600000381469727,11.789999961853027,1534600,11.789999961853027
10/25/2018,10.842000007629395,12.8100004196167,10.600000381469727,12.390000343322754,1864200,12.390000343322754
10/24/2018,12.520000457763672,12.779999732971191,11.223999977111816,11.270000457763672,1562000,11.270000457763672
10/23/2018,10.555000305175781,13.25,10.5,12.144000053405762,3809200,12.144000053405762
10/22/2018,13.942999839782715,14.1899995803833,11.595999717712402,12.029999732971191,4016200,12.029999732971191
10/19/2018,15.104999542236328,15.40999984741211,13.550000190734863,13.939000129699707,2121900,13.939000129699707
10/18/2018,15.326000213623047,15.861000061035156,14.859999656677246,14.888999938964844,2409300,14.888999938964844
10/17/2018,12.90999984741211,15.21399974822998,12.90999984741211,14.918000221252441,3625900,14.918000221252441
10/16/2018,15.800000190734863,16.190000534057617,14.196000099182129,14.430000305175781,3548000,14.430000305175781
10/15/2018,15.01099967956543,15.564000129699707,14.784000396728516,15.350000381469727,2509700,15.350000381469727
10/12/2018,15.345000267028809,15.449999809265137,14.5600004196167,14.649999618530273,2742400,14.649999618530273
10/11/2018,14.758000373840332,15.746999740600586,14.279999732971191,15.100000381469727,3533300,15.100000381469727
10/10/2018,13.399999618530273,15.894000053405762,12.819999694824219,15.298999786376953,5349800,15.298999786376953
10/9/2018,12.76200008392334,13.918000221252441,12.663999557495117,13.404999732971191,1575500,13.404999732971191
10/8/2018,12.949999809265137,13.329999923706055,12.619999885559082,13.289999961853027,1173100,13.289999961853027
10/5/2018,12.75,12.979999542236328,12.300000190734863,12.59000015258789,916100,12.59000015258789
10/4/2018,13.201000213623047,13.399999618530273,12.529999732971191,12.680000305175781,1156800,12.680000305175781
10/3/2018,12.635000228881836,13.449999809265137,12.399999618530273,13.199000358581543,1727400,13.199000358581543
10/2/2018,13.5,13.800000190734863,12.317999839782715,12.508999824523926,2695200,12.508999824523926
10/1/2018,14.57699966430664,14.899999618530273,13.62399959564209,13.850000381469727,1704200,13.850000381469727
9/28/2018,13.199999809265137,14.319999694824219,13.199999809265137,13.9350004196167,1118200,13.9350004196167
9/27/2018,14.460000038146973,14.850000381469727,13.420000076293945,13.640000343322754,2168900,13.640000343322754
9/26/2018,14.994000434875488,15.829999923706055,14.486000061035156,14.630000114440918,1358100,14.630000114440918
9/25/2018,15.699999809265137,15.899999618530273,14.949999809265137,15.081999778747559,1487400,15.081999778747559
9/24/2018,15,15.800000190734863,14.741000175476074,15.401000022888184,1255500,15.401000022888184
9/21/2018,15.125,15.399999618530273,14.350000381469727,15.305999755859375,1646400,15.305999755859375
9/20/2018,15.307000160217285,15.850000381469727,14.425000190734863,15.449999809265137,2594600,15.449999809265137
9/19/2018,16.371000289916992,16.658000946044922,14.329999923706055,14.989999771118164,4915800,14.989999771118164
9/18/2018,15.65999984741211,16.170000076293945,15.223999977111816,16.000999450683594,2750200,16.000999450683594
9/17/2018,15.529999732971191,15.710000038146973,14.493000030517578,15,2227100,15
9/14/2018,12.258999824523926,15.041000366210938,12.119999885559082,14.982000350952148,4175600,14.982000350952148
9/13/2018,15.600000381469727,15.932000160217285,12.991999626159668,13.286999702453613,5005000,13.286999702453613
9/12/2018,16.190000534057617,16.860000610351562,14.79699993133545,15.972000122070312,3375700,15.972000122070312
9/11/2018,16.530000686645508,16.760000228881836,15.991000175476074,16.5,1991400,16.5
9/10/2018,15.5649995803833,16.600000381469727,15.37399959564209,16.489999771118164,2697200,16.489999771118164
9/7/2018,15.753999710083008,16.304000854492188,15.100000381469727,15.489999771118164,3837100,15.489999771118164
9/6/2018,13.920000076293945,16.256999969482422,13.420000076293945,16.256999969482422,4764900,16.256999969482422
9/5/2018,14.5600004196167,15.149999618530273,13.319999694824219,14.029999732971191,4697000,14.029999732971191
9/4/2018,13.475000381469727,14.100000381469727,13.050000190734863,14.0600004196167,3696400,14.0600004196167
8/31/2018,12.307999610900879,13.00100040435791,12.244000434875488,12.960000038146973,2379300,12.960000038146973
8/30/2018,12.010000228881836,13.069000244140625,11.800000190734863,12.3100004196167,3728300,12.3100004196167
8/29/2018,11.850000381469727,12.65999984741211,11.496999740600586,12.600000381469727,4014600,12.600000381469727
8/28/2018,11.104999542236328,11.5,10.32699966430664,11.279999732971191,4570700,11.279999732971191
8/27/2018,12.09000015258789,12.852999687194824,11.279999732971191,11.670000076293945,6316200,11.670000076293945
8/24/2018,9.220000267028809,10.850000381469727,9.104000091552734,10.753000259399414,5209900,10.753000259399414
8/23/2018,8.670000076293945,8.930000305175781,8.449999809265137,8.720999717712402,776800,8.720999717712402
8/22/2018,8.605999946594238,8.770000457763672,8.270000457763672,8.670000076293945,921900,8.670000076293945
8/21/2018,8.871999740600586,9.157999992370605,8.366000175476074,8.746999740600586,1515700,8.746999740600586
8/20/2018,8.170000076293945,8.751999855041504,8.119999885559082,8.720000267028809,1344300,8.720000267028809
8/17/2018,7.789999961853027,8.138999938964844,7.690000057220459,8.069999694824219,608100,8.069999694824219
8/16/2018,7.985000133514404,8.149999618530273,7.604000091552734,7.880000114440918,789800,7.880000114440918
8/15/2018,7.599999904632568,8.057999610900879,7.050000190734863,8.020000457763672,1785200,8.020000457763672
8/14/2018,7.230999946594238,7.349999904632568,6.590000152587891,6.690000057220459,1583600,6.690000057220459
8/13/2018,7.770999908447266,7.800000190734863,7.239999771118164,7.340000152587891,669600,7.340000152587891
8/10/2018,7.922999858856201,8.100000381469727,7.75,7.78000020980835,348400,7.78000020980835
8/9/2018,7.675000190734863,7.949999809265137,7.599999904632568,7.949999809265137,501000,7.949999809265137
8/8/2018,7.605000019073486,7.78000020980835,7.5,7.599999904632568,428500,7.599999904632568
8/7/2018,7.828999996185303,7.960000038146973,7.495999813079834,7.526000022888184,965300,7.526000022888184
8/6/2018,7.914999961853027,8.050000190734863,7.909999847412109,7.989999771118164,312900,7.989999771118164
8/3/2018,8.1899995803833,8.260000228881836,7.833000183105469,7.89900016784668,509000,7.89900016784668
8/2/2018,8.024999618530273,8.220000267028809,7.820000171661377,8.069999694824219,668400,8.069999694824219
8/1/2018,8.300000190734863,8.579999923706055,8.100000381469727,8.140000343322754,1112200,8.140000343322754
7/31/2018,8.473999977111816,8.850000381469727,8.461999893188477,8.82800006866455,445400,8.82800006866455
7/30/2018,8.654999732971191,8.90999984741211,8.359999656677246,8.543999671936035,606400,8.543999671936035
7/27/2018,8.149999618530273,8.5,8.095000267028809,8.5,561300,8.5
7/25/2018,8.210000038146973,8.319999694824219,7.940000057220459,7.98199987411499,392200,7.98199987411499
7/24/2018,8.574999809265137,8.75,7.941999912261963,8.119999885559082,700400,8.119999885559082
7/23/2018,8.095000267028809,8.5600004196167,7.991000175476074,8.437999725341797,798200,8.437999725341797
7/20/2018,8.114999771118164,8.289999961853027,7.860000133514404,7.938000202178955,748700,7.938000202178955
7/19/2018,8.39799976348877,8.539999961853027,8.100000381469727,8.100000381469727,502500,8.100000381469727
7/18/2018,7.900000095367432,8.645000457763672,7.71999979019165,8.543000221252441,793400,8.543000221252441
7/17/2018,8.199999809265137,8.329999923706055,7.795000076293945,7.940000057220459,1187300,7.940000057220459
7/16/2018,8.960000038146973,9.055000305175781,8.274999618530273,8.29699993133545,1013400,8.29699993133545
7/13/2018,9.149999618530273,9.270000457763672,8.899999618530273,8.949999809265137,481300,8.949999809265137
7/12/2018,9.0600004196167,9.199999809265137,9.055000305175781,9.119999885559082,509300,9.119999885559082
7/11/2018,9.180000305175781,9.289999961853027,8.937000274658203,9.050000190734863,392500,9.050000190734863
7/10/2018,9.109999656677246,9.300000190734863,9.010000228881836,9.180000305175781,514100,9.180000305175781
7/9/2018,9.015000343322754,9.1899995803833,8.84000015258789,9.029999732971191,460600,9.029999732971191
7/6/2018,8.850000381469727,9.02299976348877,8.729999542236328,8.928999900817871,350000,8.928999900817871
7/5/2018,9.005000114440918,9.140000343322754,8.880000114440918,8.90999984741211,474100,8.90999984741211
7/3/2018,9.244999885559082,9.319999694824219,8.854999542236328,8.888999938964844,471200,8.888999938964844
6/29/2018,9.399999618530273,9.5,8.899999618530273,9.029999732971191,628800,9.029999732971191
6/28/2018,8.75,9.300999641418457,8.6899995803833,9.300999641418457,718500,9.300999641418457
6/27/2018,9.395000457763672,9.489999771118164,8.710000038146973,8.78499984741211,1159800,8.78499984741211
6/26/2018,9.880000114440918,10,9.432999610900879,9.539999961853027,774600,9.539999961853027
6/25/2018,9.729999542236328,10,9.399999618530273,9.789999961853027,1483200,9.789999961853027
6/22/2018,9.907999992370605,10.100000381469727,9.239999771118164,9.571000099182129,2183600,9.571000099182129
6/21/2018,9.359999656677246,9.925000190734863,9.279999732971191,9.850000381469727,1657000,9.850000381469727
6/20/2018,9.479999542236328,9.479999542236328,9.079999923706055,9.333999633789062,1103900,9.333999633789062
6/19/2018,8.904999732971191,9.156999588012695,8.75,8.994000434875488,658200,8.994000434875488
6/18/2018,8.854999542236328,9.029999732971191,8.680000305175781,8.946999549865723,428100,8.946999549865723
6/15/2018,8.789999961853027,8.890999794006348,8.619000434875488,8.880000114440918,505500,8.880000114440918
6/14/2018,8.8100004196167,8.989999771118164,8.762999534606934,8.819999694824219,441700,8.819999694824219
6/12/2018,8.991999626159668,9.100000381469727,8.777000427246094,8.829999923706055,828800,8.829999923706055
6/11/2018,9.359999656677246,9.510000228881836,9.010000228881836,9.031999588012695,592300,9.031999588012695
6/8/2018,9.300000190734863,9.430000305175781,8.869999885559082,9.3100004196167,1003500,9.3100004196167
6/7/2018,9.53499984741211,9.579999923706055,9.111000061035156,9.270000457763672,1837400,9.270000457763672
6/6/2018,9.574999809265137,10.0649995803833,9.494999885559082,9.8100004196167,1356200,9.8100004196167
6/5/2018,9.279999732971191,9.710000038146973,9.088000297546387,9.399999618530273,797900,9.399999618530273
6/4/2018,9.210000038146973,9.430000305175781,9.100000381469727,9.288000106811523,724100,9.288000106811523
6/1/2018,8.989999771118164,9.1899995803833,8.793000221252441,9.085000038146973,646800,9.085000038146973
5/31/2018,9.062000274658203,9.25,8.680000305175781,8.859999656677246,712800,8.859999656677246
5/30/2018,9.074999809265137,9.281000137329102,8.989999771118164,9.079999923706055,622500,9.079999923706055
5/29/2018,9.145999908447266,9.5,8.946999549865723,8.989999771118164,669100,8.989999771118164
5/25/2018,9.5,9.550000190734863,9.010000228881836,9.1899995803833,917900,9.1899995803833
5/24/2018,9.944999694824219,10.109999656677246,9.399999618530273,9.5,717400,9.5
