4/22/2019,89.9000015258789,91.93000030517578,89.55000305175781,91.62999725341797,358800,91.62999725341797
4/18/2019,89.16999816894531,90.62999725341797,88.58999633789062,89.54000091552734,227400,89.54000091552734
4/17/2019,88.81999969482422,90.26000213623047,88.02999877929688,89.87000274658203,229800,89.87000274658203
4/16/2019,86.94999694824219,89.33999633789062,86.37999725341797,88.86000061035156,350300,88.86000061035156
4/15/2019,86.80999755859375,87.61000061035156,84.78700256347656,86.70999908447266,205300,86.70999908447266
4/12/2019,87.95999908447266,88.39299774169922,87.12000274658203,87.20999908447266,174900,87.20999908447266
4/11/2019,88.8499984741211,89.38999938964844,86.70999908447266,87.31999969482422,214100,87.31999969482422
4/10/2019,89.19999694824219,89.68499755859375,88.31500244140625,88.9800033569336,278000,88.9800033569336
4/9/2019,90.2699966430664,90.2699966430664,88.47000122070312,88.6500015258789,147400,88.6500015258789
4/8/2019,91.66999816894531,92.06999969482422,90.12999725341797,90.44999694824219,183000,90.44999694824219
4/5/2019,90.75,92.12000274658203,90.37999725341797,91.73999786376953,240400,91.73999786376953
4/4/2019,90.36000061035156,91.48999786376953,90,90.73999786376953,171900,90.73999786376953
4/3/2019,91.91000366210938,92.31999969482422,90.19000244140625,90.48999786376953,213100,90.48999786376953
4/2/2019,92.1500015258789,92.1500015258789,90.2300033569336,91.2699966430664,197300,91.2699966430664
4/1/2019,92.18000030517578,93.12799835205078,90.61499786376953,91.76000213623047,341100,91.76000213623047
3/29/2019,93.12999725341797,93.33000183105469,90.80000305175781,91.2699966430664,304200,91.2699966430664
3/28/2019,89.43000030517578,92.40499877929688,89.29499816894531,92.3499984741211,212900,92.3499984741211
3/27/2019,90.8499984741211,91.43000030517578,89.05000305175781,89.41999816894531,253800,89.41999816894531
3/26/2019,90.83999633789062,92.08000183105469,90.30000305175781,90.98999786376953,249100,90.98999786376953
3/25/2019,90.41000366210938,90.7249984741211,88.80999755859375,89.72000122070312,202500,89.72000122070312
3/22/2019,91.33999633789062,92.5,90.52999877929688,90.58000183105469,279300,90.58000183105469
3/21/2019,89.7300033569336,92.55999755859375,89.7300033569336,91.83999633789062,262100,91.83999633789062
3/20/2019,91.3499984741211,91.41999816894531,89.51000213623047,89.80000305175781,197400,89.80000305175781
3/19/2019,91.7699966430664,92.56999969482422,91.125,91.66999816894531,253100,91.66999816894531
3/18/2019,91.06999969482422,92.11000061035156,90.56999969482422,91.30000305175781,140500,91.30000305175781
3/15/2019,92.31999969482422,93,90.51000213623047,90.81999969482422,293000,90.81999969482422
3/14/2019,92.43000030517578,92.81999969482422,91.61000061035156,92.4800033569336,291100,92.4800033569336
3/13/2019,92.06999969482422,92.90299987792969,91.30000305175781,92.48999786376953,314700,92.48999786376953
3/12/2019,90.7300033569336,92.18000030517578,90.1500015258789,91.55999755859375,192400,91.55999755859375
3/11/2019,88.94000244140625,91.1500015258789,88.47000122070312,90.76000213623047,252900,90.76000213623047
3/8/2019,88.29000091552734,89.33999633789062,87.76000213623047,88.56999969482422,201600,88.56999969482422
3/7/2019,89.26000213623047,90.23999786376953,87.58999633789062,89.19000244140625,201900,89.19000244140625
3/6/2019,92.04000091552734,92.04000091552734,89.01000213623047,89.05999755859375,190400,89.05999755859375
3/5/2019,90.58999633789062,92.5,90.58999633789062,91.87999725341797,262800,91.87999725341797
3/4/2019,93.08999633789062,93.75,90.06999969482422,90.68000030517578,216800,90.68000030517578
3/1/2019,93.30999755859375,94.19999694824219,92.47000122070312,93.63999938964844,337400,93.19000244140625
2/28/2019,93.44999694824219,94.09500122070312,92.62000274658203,93.16000366210938,289200,92.71231079101562
2/27/2019,91.9800033569336,93.81999969482422,91.83000183105469,93.55000305175781,298300,93.10043334960938
2/26/2019,90.95999908447266,92.9800033569336,90.95999908447266,91.93000030517578,285800,91.48822021484375
2/25/2019,90.86000061035156,91.7300033569336,90.30000305175781,90.95999908447266,344300,90.52288055419922
2/22/2019,92,94,90.69000244140625,90.86000061035156,215900,90.4233627319336
2/21/2019,90.95999908447266,91.79000091552734,89.81999969482422,91.70999908447266,348700,91.26927185058594
2/20/2019,89.9000015258789,91.66999816894531,89.1500015258789,90.93000030517578,308700,90.49302673339844
2/19/2019,87.55999755859375,90.1050033569336,87.55999755859375,89.8499984741211,251900,89.418212890625
2/15/2019,90.91999816894531,91.05999755859375,86.54499816894531,88.37000274658203,366600,87.94532775878906
2/14/2019,86.01000213623047,89.76000213623047,81.93000030517578,89.37999725341797,884100,88.95046997070312
2/13/2019,82.30000305175781,84.1500015258789,82.05999755859375,83.25,318000,82.84992980957031
2/12/2019,81.80999755859375,82.37000274658203,81.2699966430664,82.05000305175781,207700,81.65570068359375
2/11/2019,81.5,81.58000183105469,79.51000213623047,80.80999755859375,314800,80.4216537475586
2/8/2019,85.68000030517578,86.4800033569336,81.43000030517578,81.63999938964844,651700,81.24766540527344
2/7/2019,87.5,88.33999633789062,85.25,85.91999816894531,385400,85.50709533691406
2/6/2019,87.72000122070312,88.66500091552734,86.98999786376953,87.37999725341797,273200,86.9600830078125
2/5/2019,87.87000274658203,89.58999633789062,87.02999877929688,88.26000213623047,211000,87.83586120605469
2/4/2019,87.54000091552734,88.22000122070312,86.80000305175781,88.02999877929688,204800,87.6069564819336
2/1/2019,87.9800033569336,88.98999786376953,87.66000366210938,88.22000122070312,194700,87.79605102539062
1/31/2019,86.93000030517578,88.56999969482422,86.44999694824219,88.12999725341797,287100,87.70647430419922
1/30/2019,86.61000061035156,87.58000183105469,85.12000274658203,86.62999725341797,247600,86.21368408203125
1/29/2019,86.9000015258789,86.95999908447266,85.54000091552734,85.6500015258789,137500,85.2384033203125
1/28/2019,86.41999816894531,86.8550033569336,85.02999877929688,86.20999908447266,115000,85.79570770263672
1/25/2019,86.5199966430664,87.41000366210938,85.94999694824219,86.97000122070312,180400,86.55205535888672
1/24/2019,86.51000213623047,86.9800033569336,85.48100280761719,85.5199966430664,99200,85.10901641845703
1/23/2019,86.58999633789062,87.26000213623047,86.05000305175781,86.47000122070312,232600,86.05445861816406
1/22/2019,86.30999755859375,87.29000091552734,84.91000366210938,86.05999755859375,180500,85.64642333984375
1/18/2019,86,86.69999694824219,85.37999725341797,86.43000030517578,196500,86.0146484375
1/17/2019,81.01000213623047,86.26000213623047,81.01000213623047,85.94000244140625,212900,85.52700805664062
1/16/2019,80.81999969482422,82.23999786376953,79.94999694824219,81.29000091552734,302000,80.89935302734375
1/15/2019,85.55000305175781,86.33999633789062,80.06999969482422,80.69000244140625,361000,80.30223846435547
1/14/2019,85.47000122070312,86.79000091552734,84.05999755859375,85.55999755859375,170500,85.1488265991211
1/11/2019,85.68000030517578,86.91000366210938,84.5,86.0199966430664,209700,85.60661315917969
1/10/2019,84.9800033569336,86.41000366210938,83.87000274658203,86.05999755859375,143500,85.64642333984375
1/9/2019,83.08000183105469,85.75499725341797,82.37999725341797,85.48999786376953,387800,85.07916259765625
1/8/2019,83.16000366210938,84.69999694824219,81.76000213623047,82.87000274658203,288300,82.47176361083984
1/7/2019,84.5199966430664,84.7300033569336,82.36000061035156,82.5999984741211,254300,82.20305633544922
1/4/2019,82.38999938964844,85.16999816894531,82.38999938964844,84.2300033569336,167000,83.82522583007812
1/3/2019,84.52999877929688,85.04000091552734,81.45999908447266,81.62999725341797,262200,81.23771667480469
1/2/2019,82.0999984741211,85.36000061035156,81.2699966430664,84.91999816894531,197700,84.51190185546875
12/31/2018,83.16000366210938,84.45500183105469,82.03500366210938,82.98999786376953,188700,82.59117889404297
12/28/2018,82.83000183105469,85.08000183105469,82.0199966430664,82.81999969482422,213700,82.4219970703125
12/27/2018,80.38999938964844,82.61000061035156,79.76000213623047,82.58000183105469,248800,82.18315124511719
12/26/2018,78.97000122070312,81.83000183105469,78.05000305175781,81.77999877929688,152700,81.38699340820312
12/24/2018,79.20999908447266,80.3499984741211,78.79000091552734,78.87000274658203,77400,78.49098205566406
12/21/2018,79.37999725341797,81.22000122070312,79.37999725341797,79.94000244140625,535800,79.55583953857422
12/20/2018,80.41000366210938,83.125,79.69000244140625,80.20999908447266,273300,79.82453918457031
12/19/2018,82.68000030517578,84.52999877929688,79.83999633789062,80.56999969482422,308000,80.18280792236328
12/18/2018,83,83.8499984741211,81.76000213623047,82.93000030517578,211800,82.5314712524414
12/17/2018,83.51000213623047,85.08999633789062,81.83999633789062,82.87000274658203,204300,82.47176361083984
12/14/2018,85.31999969482422,87.47000122070312,83.68000030517578,83.73999786376953,284900,83.33757781982422
12/13/2018,85.73999786376953,87.95999908447266,84.9800033569336,86.11000061035156,181200,85.6961898803711
12/12/2018,86.69999694824219,87.37000274658203,85.29000091552734,85.69000244140625,245600,85.27820587158203
12/11/2018,86.94999694824219,86.94999694824219,83.7699966430664,86.0199966430664,213100,85.60661315917969
12/10/2018,84,86.26000213623047,82.7300033569336,85.87000274658203,249800,85.45734405517578
12/7/2018,83.73999786376953,85.08999633789062,83.31999969482422,84.69000244140625,278400,84.28301239013672
12/6/2018,83.55999755859375,83.9800033569336,80.0199966430664,83.06999969482422,289700,82.6707992553711
12/4/2018,84.6500015258789,86.9000015258789,84.52999877929688,84.75,302100,84.34272003173828
12/3/2018,82.63999938964844,85.36000061035156,82.08499908447266,84.94000244140625,271200,84.53181457519531
11/30/2018,81.94000244140625,83.37999725341797,80.93000030517578,81.2699966430664,302100,80.87944030761719
11/29/2018,82.02999877929688,83.30999755859375,82.02999877929688,82.61000061035156,209200,82.21300506591797
11/28/2018,79.37999725341797,82.55000305175781,79.19000244140625,82.33000183105469,285400,81.5362777709961
11/27/2018,78.61000061035156,82.18000030517578,78.61000061035156,79.80000305175781,396000,79.03067016601562
11/26/2018,82.66000366210938,83.12300109863281,78.2699966430664,78.9000015258789,405600,78.13934326171875
11/23/2018,82.2300033569336,82.73999786376953,79.66500091552734,82.12000274658203,304500,81.32830047607422
11/21/2018,85.75,87.19000244140625,83.66000366210938,83.9000015258789,238900,83.09114074707031
11/20/2018,91.58999633789062,91.58999633789062,84.83000183105469,85.3499984741211,358200,84.52716064453125
11/19/2018,95.81999969482422,96.5,92,92.38999938964844,304600,91.4992904663086
11/16/2018,95.0199966430664,96.44999694824219,94.08999633789062,96.19000244140625,275300,95.26265716552734
11/15/2018,93.16999816894531,95.3499984741211,92.37999725341797,94.69999694824219,276600,93.78701782226562
11/14/2018,96.12000274658203,96.12000274658203,91.80000305175781,93.6500015258789,199700,92.74714660644531
11/13/2018,94.76000213623047,96.55999755859375,94.75,94.98999786376953,180100,94.07421875
11/12/2018,95,96.23999786376953,94.16999816894531,94.62000274658203,231200,93.70779418945312
11/9/2018,93.12000274658203,94.52999877929688,92.01000213623047,94.27999877929688,250600,93.37106323242188
11/8/2018,95.37000274658203,96.11000061035156,93.31999969482422,93.88999938964844,202800,92.98483276367188
11/7/2018,95.04000091552734,96.47000122070312,93.20500183105469,95.26000213623047,195600,94.34162139892578
11/6/2018,94.87999725341797,96.04499816894531,92.69000244140625,93.9000015258789,275500,92.9947280883789
11/5/2018,94.98999786376953,96.73500061035156,94.83000183105469,95.05000305175781,263100,94.13365173339844
11/2/2018,94.38999938964844,95.73500061035156,92.31999969482422,94.69000244140625,295200,93.77711486816406
11/1/2018,96.30999755859375,97.02999877929688,93.90499877929688,94.0999984741211,294100,93.19280242919922
10/31/2018,94.2699966430664,96.97000122070312,93.53500366210938,95.9000015258789,362400,94.97545623779297
10/30/2018,92.91999816894531,95.79000091552734,92.41000366210938,93.08000183105469,317300,92.18263244628906
10/29/2018,93.8499984741211,95.31999969482422,92.08000183105469,93.11000061035156,219400,92.21234893798828
10/26/2018,88.91000366210938,93.08000183105469,87.56999969482422,92.62999725341797,379700,91.73696899414062
10/25/2018,91.16999816894531,91.98999786376953,87.30999755859375,89.91999816894531,560000,89.0531005859375
10/24/2018,96.69000244140625,98.25,89.7300033569336,89.93000030517578,405700,89.06300354003906
10/23/2018,95.30999755859375,97.98999786376953,89.83999633789062,95.5199966430664,783800,94.59911346435547
10/22/2018,93.66000366210938,95.94000244140625,92.25,94.8499984741211,472200,93.9355697631836
10/19/2018,92.80999755859375,94.46499633789062,92.52999877929688,93.22000122070312,229800,92.3212890625
10/18/2018,96.5,97.5999984741211,92.46499633789062,93.04000091552734,229900,92.14302062988281
10/17/2018,97.01000213623047,97.87000274658203,96.63999938964844,97.36000061035156,202800,96.42137908935547
10/16/2018,94.5,97.30000305175781,94.16999816894531,97.05999755859375,288600,96.124267578125
10/15/2018,92.56999969482422,94.48999786376953,92.1500015258789,93.86000061035156,224600,92.95511627197266
10/12/2018,92.23999786376953,92.23999786376953,89.5,91.6500015258789,236500,90.76642608642578
10/11/2018,89.43000030517578,92.19999694824219,88.19999694824219,90.77999877929688,393800,89.9048080444336
10/10/2018,91.27999877929688,91.63200378417969,89.58000183105469,90.12000274658203,214000,89.25117492675781
10/9/2018,92.5199966430664,93.66999816894531,91.18000030517578,91.45999908447266,147200,90.57825469970703
10/8/2018,91.80999755859375,92.7300033569336,90.52999877929688,92.51000213623047,150700,91.61813354492188
10/5/2018,91.54000091552734,92.01000213623047,90.75,91.38999938964844,180600,90.5089340209961
10/4/2018,93.25,93.58000183105469,90.7699966430664,91.69000244140625,151200,90.80604553222656
10/3/2018,93.20999908447266,94.9000015258789,92.1500015258789,93.25,381300,92.35099792480469
10/2/2018,92.80999755859375,93.37999725341797,92.23999786376953,92.62999725341797,174800,91.73696899414062
10/1/2018,89.69999694824219,93.26000213623047,89.66000366210938,92.97000122070312,260600,92.07369995117188
9/28/2018,89.7300033569336,91.43000030517578,86.8949966430664,89.4000015258789,337300,88.53811645507812
9/27/2018,90.81999969482422,90.9729995727539,88.6500015258789,89.97000122070312,206200,89.10262298583984
9/26/2018,94.0999984741211,94.0999984741211,90.4000015258789,90.5199966430664,162300,89.6473159790039
9/25/2018,93.4000015258789,95.72000122070312,93.39600372314453,94.5199966430664,261300,93.60874938964844
9/24/2018,91.08999633789062,93.12000274658203,90.6500015258789,92.62999725341797,249600,91.73696899414062
9/21/2018,90.66999816894531,91.33999633789062,89.58999633789062,90.51000213623047,528600,89.63741302490234
9/20/2018,91.80999755859375,91.9800033569336,90.36000061035156,90.58000183105469,224000,89.70674133300781
9/19/2018,92.94999694824219,93.05000305175781,90.04000091552734,90.75,192300,89.8750991821289
9/18/2018,90.20999908447266,91.48500061035156,90.08999633789062,90.5999984741211,181800,89.72654724121094
9/17/2018,89.31999969482422,91.55000305175781,89.02999877929688,89.83999633789062,226200,88.97386932373047
9/14/2018,89.68000030517578,91.5,88.77999877929688,88.98999786376953,198600,88.13206481933594
9/13/2018,91.70999908447266,91.87999725341797,88.41999816894531,89.45999908447266,182900,88.5975341796875
9/12/2018,90.9800033569336,92.97000122070312,90.0999984741211,91.26000213623047,254300,90.38018035888672
9/11/2018,89.38999938964844,90.4000015258789,86.83499908447266,90.2300033569336,239900,89.36011505126953
9/10/2018,91.48999786376953,91.91000366210938,89.95999908447266,90.13999938964844,163600,89.27098083496094
9/7/2018,89.62000274658203,91.05999755859375,89.36000061035156,90.88999938964844,161300,90.01374816894531
9/6/2018,90.55000305175781,92.23999786376953,90.25,90.31999969482422,209600,89.4492416381836
9/5/2018,88.97000122070312,91.58999633789062,88.62000274658203,90.7300033569336,229300,89.85529327392578
9/4/2018,88.37000274658203,88.75,87.69999694824219,88.61000061035156,192500,87.75572967529297
8/31/2018,87.66000366210938,89.05000305175781,87.48300170898438,88.66999816894531,129500,87.81515502929688
8/30/2018,88.81999969482422,89.63999938964844,86.69999694824219,87.91000366210938,197600,87.06248474121094
8/29/2018,88.05999755859375,89.79000091552734,87.54000091552734,89.56999969482422,140500,88.31033325195312
8/28/2018,89,89.98999786376953,87.06999969482422,88.06999969482422,139900,86.83142852783203
8/27/2018,87.95999908447266,89.37000274658203,87.95999908447266,89.05000305175781,234100,87.79765319824219
8/24/2018,89.3499984741211,89.3499984741211,87.45999908447266,87.87999725341797,159000,86.64410400390625
8/23/2018,90.73999786376953,90.73999786376953,88.3499984741211,88.69000244140625,152800,87.44271087646484
8/22/2018,91.19999694824219,91.87000274658203,90.01000213623047,90.91999816894531,169900,89.64134979248047
8/21/2018,90.69000244140625,92.38999938964844,90.47000122070312,90.94000244140625,266200,89.66106414794922
8/20/2018,90.75,91.45999908447266,90.04000091552734,90.19000244140625,192100,88.92161560058594
8/17/2018,89.29000091552734,90.63999938964844,88.87000274658203,89.80000305175781,256700,88.53710174560547
8/16/2018,88.16000366210938,90.87000274658203,88.16000366210938,89.1500015258789,224200,87.896240234375
8/15/2018,87.19999694824219,88.80000305175781,86.1500015258789,87.33000183105469,250200,86.10183715820312
8/14/2018,88.33999633789062,88.66000366210938,87.79499816894531,88.16999816894531,175600,86.93002319335938
8/13/2018,89.01000213623047,89.75499725341797,87.81999969482422,88.13999938964844,122700,86.90044403076172
8/10/2018,88.73999786376953,90.72000122070312,87.76000213623047,88.8499984741211,192100,87.6004638671875
8/9/2018,89,90.05000305175781,88.1500015258789,89.51000213623047,267700,88.25118255615234
8/8/2018,88.63999938964844,89.61000061035156,87.77999877929688,89.26000213623047,192000,88.00469970703125
8/7/2018,89.9000015258789,91.05000305175781,88.29000091552734,88.61000061035156,252300,87.36383056640625
8/6/2018,88.56999969482422,90.93000030517578,88.56999969482422,89.20999908447266,209300,87.95539855957031
8/3/2018,88.41000366210938,89.80999755859375,87.36000061035156,89.2699966430664,214100,88.0145492553711
8/2/2018,85.58000183105469,88.79000091552734,85.29000091552734,88.33999633789062,323900,87.0976333618164
8/1/2018,84.56999969482422,88.8499984741211,84.56999969482422,87.01000213623047,348700,85.78633880615234
7/31/2018,84.36000061035156,89.62000274658203,83.14099884033203,84.58999633789062,595800,83.4003677368164
7/30/2018,81.55000305175781,82.55999755859375,80.33000183105469,80.9800033569336,288300,79.84114837646484
7/27/2018,85.55999755859375,85.55999755859375,80.80000305175781,81.30999755859375,385800,80.16650390625
7/26/2018,83.20999908447266,85.48999786376953,82.68000030517578,85,291200,83.80460357666016
7/25/2018,81.77999877929688,83.5,81.38500213623047,83.36000061035156,231500,82.18766021728516
7/24/2018,80.91999816894531,83,80.16000366210938,81.62999725341797,374800,80.48199462890625
7/23/2018,79.68000030517578,81.3499984741211,79.03500366210938,80.19000244140625,300000,79.062255859375
7/20/2018,79.33999633789062,80.18000030517578,78.62999725341797,79.56999969482422,128800,78.45096588134766
7/19/2018,78.8499984741211,80.50499725341797,77.94499969482422,79.11000061035156,283600,77.99744415283203
7/18/2018,78.62999725341797,80.5,78.38999938964844,80.38999938964844,177100,79.25943756103516
7/17/2018,76.1500015258789,79.55999755859375,75.95500183105469,78.91000366210938,267200,77.80025482177734
7/16/2018,76.87999725341797,76.9000015258789,75.5199966430664,75.8499984741211,168800,74.78328704833984
7/13/2018,78.12999725341797,79,76.79000091552734,76.98999786376953,215800,75.9072494506836
7/12/2018,77.19999694824219,78.97000122070312,76.5,78.08000183105469,267000,76.98192596435547
7/11/2018,79.72000122070312,79.72000122070312,75.08999633789062,77.23999786376953,356700,76.15373229980469
7/10/2018,81.12000274658203,81.76000213623047,80.33000183105469,80.9000015258789,317400,79.76226806640625
7/9/2018,80.27999877929688,81.7300033569336,79.98999786376953,80.6500015258789,259500,79.51578521728516
7/6/2018,79.5199966430664,80.20999908447266,78.19999694824219,79.73999786376953,176600,78.61857604980469
7/5/2018,78.70999908447266,79.69000244140625,77.62100219726562,79.58999633789062,233700,78.4706802368164
7/3/2018,77.68000030517578,78.79000091552734,77.68000030517578,78.5999984741211,93200,77.49461364746094
7/2/2018,77.62000274658203,79.16999816894531,76.4000015258789,77.16000366210938,309700,76.07486724853516
6/29/2018,78.18000030517578,78.94999694824219,76.38999938964844,78.43000030517578,478200,77.3270034790039
6/28/2018,80.16999816894531,80.33000183105469,78.30000305175781,78.36000061035156,218400,77.25798797607422
6/27/2018,79.41000366210938,81.0199966430664,78.66999816894531,80.5,337300,79.36788940429688
6/26/2018,78.25,79.91000366210938,77.37999725341797,79.30999755859375,397200,78.19462585449219
6/25/2018,81.91999816894531,82.61499786376953,78.06999969482422,78.19999694824219,311200,77.10022735595703
6/22/2018,81.4000015258789,82.66999816894531,80.54000091552734,82.37999725341797,281100,81.22144317626953
6/21/2018,80.30999755859375,81.52999877929688,79.54000091552734,80.12000274658203,171100,78.99324035644531
6/20/2018,79.80000305175781,80.62999725341797,78.62999725341797,80.3499984741211,185900,79.22000122070312
6/19/2018,79.37000274658203,80.02999877929688,77.31999969482422,79.41000366210938,308500,78.29322052001953
6/18/2018,78.87000274658203,79.87000274658203,77.88999938964844,79.62999725341797,411500,78.51012420654297
6/15/2018,81.19999694824219,82.77999877929688,78.12000274658203,78.93000030517578,567400,77.8199691772461
6/14/2018,84.18000030517578,84.18000030517578,82.80000305175781,83.11000061035156,208400,81.9411849975586
6/13/2018,84.70999908447266,85.15499877929688,83.20999908447266,83.33000183105469,223000,82.15808868408203
6/12/2018,84.73999786376953,85.79000091552734,84,84.73999786376953,351400,83.54826354980469
6/11/2018,85.05000305175781,86.31999969482422,84.37000274658203,85.0999984741211,237300,83.9031982421875
6/8/2018,87.04000091552734,87.87999725341797,84.29000091552734,85.16999816894531,310900,83.97221374511719
6/7/2018,85.7300033569336,88.30000305175781,85.55500030517578,86.66000366210938,389700,85.4412612915039
6/6/2018,86.79000091552734,86.97000122070312,84.1500015258789,85.62000274658203,329100,84.41588592529297
6/5/2018,83.98999786376953,86.7300033569336,83.875,85.47000122070312,600500,84.26799774169922
6/4/2018,84.44000244140625,84.83000183105469,83.33000183105469,83.86000061035156,200200,82.68063354492188
6/1/2018,82.77999877929688,85.0199966430664,82.77999877929688,83.80999755859375,423100,82.63134002685547
5/31/2018,84.2699966430664,85.44999694824219,81.32499694824219,82.16000366210938,351700,81.0045394897461
5/30/2018,83.30000305175781,86.19999694824219,83.16999816894531,84.25,324100,83.06515502929688
5/29/2018,79.97000122070312,83.68000030517578,79.97000122070312,82.91000366210938,237200,81.34962463378906
5/25/2018,78.47000122070312,80.83000183105469,78.47000122070312,80.61000061035156,219300,79.09290313720703
5/24/2018,80.88999938964844,81.08999633789062,78.45999908447266,79.4800033569336,323200,77.98418426513672
5/23/2018,79.73999786376953,81.19000244140625,79.13999938964844,81.0999984741211,248200,79.57369232177734
5/22/2018,79.98999786376953,81.3949966430664,79.98999786376953,80.19000244140625,225300,78.68081665039062
5/21/2018,79.94000244140625,79.98999786376953,78.62999725341797,79.80999755859375,210500,78.3079605102539
5/18/2018,80.63999938964844,80.72000122070312,78.3499984741211,79.1500015258789,227400,77.66039276123047
5/17/2018,80.47000122070312,81.7300033569336,79.93499755859375,80.27999877929688,241400,78.76911926269531
5/16/2018,79.80999755859375,80.77999877929688,79.12999725341797,80.3499984741211,249800,78.83779907226562
5/15/2018,77.26000213623047,79.75,76.56999969482422,79.37999725341797,233500,77.88605499267578
5/14/2018,77.7699966430664,79.19999694824219,77.55000305175781,77.66000366210938,265100,76.19843292236328
5/11/2018,76.86000061035156,78.31999969482422,76.86000061035156,77.44000244140625,260700,75.98257446289062
5/10/2018,77.61000061035156,77.67500305175781,76,76.5199966430664,441500,75.07987976074219
5/9/2018,79.23999786376953,79.7239990234375,76.2750015258789,77.04000091552734,536900,75.59009552001953
5/8/2018,81,81.3499984741211,77.30000305175781,79.2300033569336,505400,77.73888397216797
5/7/2018,81.2699966430664,83.2699966430664,80.11000061035156,81.08999633789062,465100,79.56387329101562
5/4/2018,78.87000274658203,81.63999938964844,78.5,80.97000122070312,309000,79.44613647460938
5/3/2018,77.73999786376953,79.91000366210938,77.44999694824219,78.94000244140625,404600,77.454345703125
5/2/2018,78.20999908447266,78.94000244140625,77.43000030517578,77.77999877929688,579600,76.31616973876953
5/1/2018,80.37000274658203,81.05000305175781,76.97000122070312,78.01000213623047,631100,76.54183959960938
4/30/2018,78.52999877929688,81.23999786376953,77.19999694824219,80.83000183105469,701100,79.30876159667969
4/27/2018,80.80999755859375,84.5,78.20500183105469,79.33999633789062,1005300,77.8468017578125
4/26/2018,94.5999984741211,94.5999984741211,80.09400177001953,82.11000061035156,2821000,80.5646743774414
4/25/2018,97.69000244140625,98.26000213623047,94.93000030517578,96.02999877929688,441600,94.22270202636719
4/24/2018,98.97000122070312,99.94999694824219,97.76000213623047,98.1500015258789,300000,96.30280303955078
4/23/2018,100.2699966430664,100.77999877929688,97.91999816894531,98.8499984741211,258000,96.9896240234375
4/20/2018,100.41000366210938,102.08999633789062,99.75499725341797,100.29000091552734,171600,98.40253448486328
4/19/2018,98.38999938964844,102.61000061035156,98.38999938964844,100.56999969482422,391400,98.67726135253906
4/18/2018,97,99.2699966430664,96.98999786376953,97.47000122070312,394700,95.6355972290039
4/17/2018,96.41999816894531,97.19499969482422,95.98999786376953,96.48999786376953,213700,94.67404174804688
4/16/2018,97.41999816894531,97.5,95.4000015258789,95.87999725341797,204600,94.07552337646484
4/13/2018,97.25,97.94000244140625,96.3499984741211,97.22000122070312,182600,95.39030456542969
4/12/2018,96.43000030517578,97.66000366210938,96.08000183105469,97.16000366210938,180100,95.33143615722656
4/11/2018,96.94000244140625,98.2300033569336,95.51000213623047,95.75,231100,93.94796752929688
4/10/2018,95.41999816894531,98.33000183105469,94.29000091552734,97.83999633789062,309900,95.9986343383789
4/9/2018,92.2300033569336,94.66000366210938,91.36000061035156,93.75,286100,91.98561096191406
4/6/2018,94.01000213623047,95.79000091552734,91.83000183105469,92.41000366210938,273900,90.67082977294922
4/5/2018,94.0199966430664,96.4000015258789,94.0199966430664,94.75,213900,92.966796875
4/4/2018,92.6500015258789,94.37000274658203,91.98999786376953,93.62000274658203,316100,91.85806274414062
4/3/2018,92.38999938964844,95.43000030517578,92.38999938964844,94.12000274658203,322700,92.34864807128906
4/2/2018,91.62000274658203,93,89.91000366210938,91.56999969482422,246200,89.84663391113281
3/29/2018,90.86000061035156,92.37999725341797,90.86000061035156,91.87999725341797,286000,90.15081024169922
3/28/2018,90.29000091552734,91.47000122070312,87.66999816894531,89.87999725341797,295200,88.18844604492188
3/27/2018,93.7300033569336,93.98999786376953,89.16999816894531,90.31999969482422,226300,88.62016296386719
3/26/2018,92.62000274658203,93.83000183105469,91.58999633789062,93.30000305175781,200400,91.54408264160156
3/23/2018,91.91000366210938,93.05999755859375,90.41000366210938,91.2300033569336,390800,89.5130386352539
3/22/2018,96.54000091552734,97.61000061035156,91.43000030517578,91.54000091552734,292300,89.81720733642578
3/21/2018,95.4000015258789,97.95999908447266,95.05999755859375,97.77999877929688,261300,95.93975830078125
3/20/2018,94,96.51000213623047,93.80000305175781,95.45999908447266,235800,93.6634292602539
3/19/2018,96.47000122070312,96.47000122070312,92.88999938964844,93.7300033569336,232900,91.96599578857422
3/16/2018,95.79000091552734,97.7300033569336,95.79000091552734,96.55000305175781,216400,94.73291778564453
3/15/2018,94.02999877929688,95.87000274658203,93.29499816894531,95.7300033569336,209900,93.92835235595703
3/14/2018,94.81999969482422,95.9800033569336,93,93.91000366210938,256400,92.1426010131836
3/13/2018,93.41000366210938,95.22000122070312,92.0999984741211,94.37999725341797,243100,92.60375213623047
3/12/2018,94.12999725341797,95.94000244140625,92.19000244140625,93.20999908447266,258600,91.45578002929688
3/9/2018,96.86000061035156,97.18599700927734,93.29000091552734,93.70999908447266,370200,91.94636535644531
3/8/2018,99.95999908447266,100.41000366210938,96.0199966430664,96.29000091552734,219300,94.4778060913086
3/7/2018,99.5,101.83999633789062,98.70999908447266,99.7300033569336,313300,97.85307312011719
3/6/2018,97.87000274658203,100.81999969482422,97.87000274658203,100.70999908447266,303300,98.81462860107422
3/5/2018,98.26000213623047,99.9000015258789,96.98999786376953,97.16999816894531,349400,95.34124755859375
3/2/2018,95.63999938964844,99.41000366210938,94.72000122070312,99.04000091552734,262700,97.17605590820312
3/1/2018,96.05000305175781,100.06999969482422,94.95999908447266,96.8499984741211,498800,94.63479614257812
2/28/2018,98.5999984741211,99.5,95.62999725341797,95.70999908447266,378500,93.5208740234375
2/27/2018,99.01000213623047,100.4800033569336,98.38999938964844,98.66000366210938,208400,96.40339660644531
2/26/2018,98.36000061035156,99.94999694824219,98.02999877929688,99.22000122070312,197200,96.95057678222656
2/23/2018,97.0199966430664,98.94999694824219,96.52999877929688,97.79000091552734,325900,95.55329132080078
2/22/2018,94.04000091552734,97.11000061035156,93.58000183105469,96.4000015258789,291200,94.19508361816406
2/21/2018,92.5,95.95999908447266,92.30500030517578,93.83000183105469,526100,91.68387603759766
2/20/2018,92.5,93.63999938964844,92.01000213623047,92.16000366210938,237300,90.05207061767578
2/16/2018,93.62000274658203,94.45999908447266,91.76000213623047,92.47000122070312,470500,90.35498046875
2/15/2018,93.87000274658203,95.23999786376953,91.37000274658203,94.16999816894531,769600,92.01609802246094
2/14/2018,89.80999755859375,94.54000091552734,89.6050033569336,93.05999755859375,595400,90.93147277832031
2/13/2018,87.11000061035156,90.88999938964844,86.37999725341797,90.12999725341797,635000,88.06849670410156
2/12/2018,86.04000091552734,89.3949966430664,85.01499938964844,88.58000183105469,625000,86.55394744873047
2/9/2018,86.63999938964844,87.4000015258789,83.83999633789062,85.66000366210938,452000,83.70074462890625
2/8/2018,87.47000122070312,88.3949966430664,85.58100128173828,86,399300,84.032958984375
2/7/2018,88.19999694824219,88.83999633789062,86.66000366210938,87.2699966430664,307400,85.2739028930664
2/6/2018,88.4800033569336,89.13999938964844,83.9000015258789,88.31999969482422,336900,86.29989624023438
2/5/2018,86.55000305175781,89.54000091552734,86,86.0199966430664,320200,84.05249786376953
2/2/2018,91.63999938964844,92.30999755859375,87.46499633789062,87.55000305175781,216000,85.54751586914062
2/1/2018,89.80999755859375,92.69000244140625,89.80999755859375,92.55999755859375,195100,90.44291687011719
1/31/2018,89.95999908447266,90.66999816894531,88.83999633789062,90.01000213623047,345400,87.95125579833984
1/30/2018,92.12999725341797,92.25,89.87999725341797,89.9000015258789,262100,87.84376525878906
1/29/2018,92.93000030517578,94.86000061035156,92.73999786376953,93.20999908447266,256600,91.07805633544922
1/26/2018,90.77999877929688,93.4800033569336,90.33999633789062,93.02999877929688,248400,90.90216064453125
1/25/2018,90.5999984741211,91.70999908447266,89.29499816894531,90.66000366210938,524500,88.58638000488281
1/24/2018,92.72000122070312,94,91.54000091552734,92.69000244140625,334900,90.56995391845703
1/23/2018,94.47000122070312,94.52999877929688,90.38999938964844,92.18000030517578,360700,90.07161712646484
1/22/2018,94.76000213623047,95.5,92.86000061035156,93.97000122070312,165900,91.82067108154297
1/19/2018,92.55999755859375,94.7300033569336,92.19999694824219,94.08999633789062,217600,91.93791198730469
1/18/2018,95.13999938964844,95.13999938964844,92.58000183105469,92.98999786376953,257600,90.86307525634766
1/17/2018,95.31999969482422,96.16999816894531,94.2699966430664,95.19999694824219,445100,93.02252960205078
1/16/2018,97.05999755859375,97.7699966430664,94.2300033569336,94.4800033569336,362800,92.31900024414062
1/12/2018,98.91000366210938,99.30999755859375,96.5199966430664,96.83000183105469,331200,94.61524963378906
1/11/2018,96.86000061035156,99.52999877929688,96.17500305175781,98.68000030517578,340200,96.42292785644531
1/10/2018,95.1500015258789,96.98999786376953,94.8949966430664,96.55000305175781,288100,94.34165954589844
1/9/2018,95.30999755859375,96.47000122070312,94.5199966430664,95.44000244140625,294700,93.25704956054688
1/8/2018,92.62000274658203,95.37000274658203,91.52999877929688,95.36000061035156,606600,93.17887878417969
1/5/2018,92.7699966430664,93.44000244140625,91.48999786376953,92.72000122070312,249200,90.59925842285156
1/4/2018,94.62999725341797,94.83000183105469,91.30000305175781,92.4000015258789,309000,90.28658294677734
1/3/2018,95.80000305175781,95.98999786376953,93.63999938964844,93.7699966430664,243500,91.62523651123047
1/2/2018,93.83999633789062,96,93.54000091552734,95.43000030517578,359700,93.24726867675781
12/29/2017,93.66000366210938,94.56999969482422,93,93.16000366210938,175500,91.02920532226562
12/28/2017,91.86000061035156,93.52100372314453,91.73999786376953,93.22000122070312,139500,91.08782958984375
12/27/2017,92.44000244140625,93.51599884033203,91.44000244140625,91.69000244140625,102400,89.59281158447266
12/26/2017,91.12000274658203,92.48999786376953,91.12000274658203,92.36000061035156,151400,90.24748992919922
12/22/2017,90.4800033569336,91.31999969482422,89.46900177001953,91.12999725341797,115900,89.04561614990234
12/21/2017,88.86000061035156,91.33000183105469,88.86000061035156,90.7300033569336,210800,88.65477752685547
12/20/2017,88.47000122070312,89.4749984741211,88.06999969482422,88.79000091552734,167800,86.75914764404297
12/19/2017,87.98999786376953,88.73999786376953,87.4000015258789,88.05999755859375,175300,86.04584503173828
12/18/2017,87.62999725341797,88.44000244140625,87.31999969482422,87.98999786376953,276800,85.97744750976562
12/15/2017,86.08000183105469,87.41000366210938,85.87999725341797,86.86000061035156,535300,84.87328338623047
12/14/2017,86.05000305175781,86.66999816894531,85.30000305175781,85.37999725341797,218700,83.42713928222656
12/13/2017,85.8499984741211,86.97000122070312,85.30999755859375,85.94000244140625,523900,83.97433471679688
12/12/2017,86.69000244140625,87.9000015258789,85.56999969482422,85.76000213623047,313600,83.79844665527344
12/11/2017,85.76000213623047,88,85.63999938964844,86.86000061035156,387000,84.87328338623047
12/8/2017,85.25,86.2030029296875,84.55999755859375,84.94000244140625,308800,82.99720764160156
12/7/2017,83.2300033569336,85.58000183105469,82.9800033569336,85.12999725341797,310800,83.182861328125
12/6/2017,84.20999908447266,85.72000122070312,82.5199966430664,83.19999694824219,304600,81.29700469970703
12/5/2017,80.91999816894531,85.23999786376953,80.91000366210938,84.45999908447266,323000,82.52819061279297
12/4/2017,84.63999938964844,85.6500015258789,83.68000030517578,84.31999969482422,243200,82.3913803100586
12/1/2017,82.5999984741211,84.94000244140625,81.6500015258789,84.26000213623047,370400,82.332763671875
11/30/2017,79.33999633789062,82.62999725341797,79.11000061035156,82.55999755859375,525800,80.67163848876953
11/29/2017,78.3499984741211,79.77999877929688,77.41000366210938,78.48999786376953,330400,76.6947250366211
11/28/2017,78.73999786376953,79.58999633789062,77.16000366210938,78.98999786376953,316000,76.84130096435547
11/27/2017,80.86000061035156,80.9000015258789,78.68000030517578,78.83999633789062,267900,76.69538116455078
11/24/2017,81.04000091552734,81.44000244140625,80.81999969482422,80.98999786376953,106500,78.78689575195312
11/22/2017,80.66999816894531,81.95999908447266,80.63500213623047,80.66999816894531,162600,78.4756088256836
11/21/2017,79.91000366210938,81.0199966430664,79.55999755859375,80.48999786376953,287800,78.30049896240234
11/20/2017,78.77999877929688,79.95999908447266,78.13999938964844,79.54000091552734,340400,77.37633514404297
11/17/2017,79.12999725341797,79.4000015258789,78.4800033569336,78.79000091552734,216300,76.6467514038086
11/16/2017,78.5,79.62999725341797,78.0999984741211,79.20999908447266,254300,77.0553207397461
11/15/2017,77.91000366210938,78.25,76.24500274658203,78.05000305175781,282400,75.9268798828125
11/14/2017,78.91999816894531,78.95999908447266,77.7699966430664,78.44999694824219,218700,76.31597900390625
11/13/2017,78.56999969482422,79.08000183105469,78.1050033569336,78.8499984741211,222200,76.70511627197266
11/10/2017,78.58999633789062,79.62000274658203,78.12000274658203,78.73999786376953,275000,76.59810638427734
11/9/2017,79.04000091552734,80.08999633789062,78.51000213623047,78.66999816894531,293700,76.5300064086914
11/8/2017,79.62999725341797,80.11000061035156,78.76000213623047,79.77999877929688,216500,77.60981750488281
11/7/2017,80.38999938964844,80.98999786376953,79.3499984741211,79.68000030517578,283000,77.51254272460938
11/6/2017,79.66999816894531,81.01000213623047,79.49299621582031,80.02999877929688,511600,77.85301971435547
11/3/2017,78.86000061035156,79.69000244140625,78.29000091552734,79.37999725341797,349100,77.22069549560547
11/2/2017,78.77999877929688,79.5999984741211,77.81999969482422,78.68000030517578,316700,76.53974151611328
11/1/2017,77.97000122070312,79.87999725341797,76.77999877929688,78.94999694824219,593200,76.8023910522461
10/31/2017,74.98999786376953,77.91999816894531,74.81999969482422,76.41999816894531,1075000,74.34120178222656
10/30/2017,72.31999969482422,72.83999633789062,70.81999969482422,71.80000305175781,342200,69.84688568115234
10/27/2017,71.9000015258789,72.37899780273438,70.27999877929688,72.30000305175781,321300,70.3332748413086
10/26/2017,73.93000030517578,74.68000030517578,71.61000061035156,72.01000213623047,341700,70.05117797851562
10/25/2017,75.4800033569336,75.5,73.80000305175781,73.95999908447266,230800,71.94812774658203
10/24/2017,73.94999694824219,75.4800033569336,73.94999694824219,74.91000366210938,230000,72.8722915649414
10/23/2017,75.44999694824219,76.05999755859375,74.08999633789062,74.19000244140625,367100,72.17186737060547
10/20/2017,75.81999969482422,75.81999969482422,74.98999786376953,75.43000030517578,278400,73.37813568115234
10/19/2017,72.66000366210938,75.43000030517578,71.81999969482422,75.01000213623047,361900,72.96955871582031
10/18/2017,72.94000244140625,73.36000061035156,71.73999786376953,72.91000366210938,328900,70.92669677734375
10/17/2017,71.12000274658203,73.23999786376953,71.12000274658203,72.87000274658203,407800,70.88777923583984
10/16/2017,69.58000183105469,71.44000244140625,69.3550033569336,71.23999786376953,283300,69.3021240234375
10/13/2017,70.44000244140625,70.80000305175781,68.94999694824219,69.38999938964844,457800,67.50244140625
10/12/2017,70.05000305175781,71.05000305175781,70.05000305175781,70.68000030517578,292500,68.75735473632812
10/11/2017,71.12000274658203,71.66000366210938,70.45999908447266,70.62000274658203,211200,68.6989974975586
10/10/2017,71.05000305175781,71.69999694824219,70.41999816894531,71.19000244140625,378400,69.25348663330078
10/9/2017,71.4000015258789,72.1500015258789,69.83999633789062,70.36000061035156,405000,68.44605255126953
10/6/2017,72.66999816894531,72.68000030517578,71.0999984741211,71.13999938964844,366400,69.20484924316406
10/5/2017,72.16000366210938,74.18000030517578,72.13999938964844,72.98999786376953,221700,71.00450897216797
10/4/2017,73.05999755859375,73.08000183105469,71.30000305175781,72.11000061035156,250200,70.14845275878906
10/3/2017,73.18000030517578,73.63999938964844,71.3499984741211,72.80000305175781,378900,70.8196792602539
10/2/2017,71.62999725341797,73.77999877929688,71.62000274658203,73.19000244140625,252400,71.19906616210938
9/29/2017,72.29000091552734,73.31999969482422,71.31999969482422,71.73999786376953,322500,69.78852081298828
9/28/2017,73.61000061035156,73.94000244140625,71.8499984741211,72.18000030517578,238200,70.21656036376953
9/27/2017,74.05000305175781,74.61000061035156,73.13999938964844,73.62000274658203,352500,71.61738586425781
9/26/2017,72.77999877929688,74.29000091552734,72.3499984741211,73.83999633789062,356500,71.83139038085938
9/25/2017,71.3499984741211,73.94000244140625,71.18000030517578,73.18000030517578,420100,71.1893539428711
9/22/2017,70.95999908447266,71.70999908447266,70.70999908447266,71.1500015258789,476000,69.21456146240234
9/21/2017,72.36000061035156,72.91999816894531,71.1500015258789,71.55000305175781,395300,69.60369110107422
9/20/2017,72.83999633789062,74.4000015258789,72.12000274658203,72.88999938964844,353200,70.9072265625
9/19/2017,73.79000091552734,74.25,72,72.52999877929688,404200,70.5570297241211
9/18/2017,75.41000366210938,75.5199966430664,73.94000244140625,74.23999786376953,246200,72.22050476074219
9/15/2017,77.0199966430664,77.44999694824219,75.02999877929688,75.30000305175781,360800,73.25167846679688
9/14/2017,76.31999969482422,77.44000244140625,75.5,76.97000122070312,307300,74.87625885009766
9/13/2017,75.16000366210938,77.54000091552734,75.16000366210938,76.04000091552734,391600,73.9715576171875
9/12/2017,78.29000091552734,78.29000091552734,74.91999816894531,75.05000305175781,470800,73.00849151611328
9/11/2017,77.12999725341797,78.5,74.89900207519531,75.44999694824219,458200,73.39759063720703
9/8/2017,77.66000366210938,78.1500015258789,75.83999633789062,76.5,382900,74.4190444946289
9/7/2017,78.55999755859375,78.56999969482422,77.0999984741211,78.11000061035156,291200,75.98524475097656
9/6/2017,77.56999969482422,78.4800033569336,76.44000244140625,78.22000122070312,374500,76.09224700927734
9/5/2017,79.48999786376953,79.66999816894531,76.38099670410156,76.72000122070312,350200,74.63304901123047
9/1/2017,80.1500015258789,81.08999633789062,79.81999969482422,80.11000061035156,572300,77.93083190917969
8/31/2017,79.5,80.29000091552734,78.4800033569336,79.87000274658203,515000,77.6973648071289
8/30/2017,77.27999877929688,77.27999877929688,75.58000183105469,76.55000305175781,294300,74.46768188476562
8/29/2017,76.2699966430664,78.46499633789062,75.95999908447266,77.06999969482422,354100,74.9735336303711
8/28/2017,76.8499984741211,77.7300033569336,76.4000015258789,76.62999725341797,283200,74.20500946044922
8/25/2017,75.73999786376953,76.97000122070312,75.11499786376953,76.56999969482422,352900,74.14691162109375
8/24/2017,77.9800033569336,77.9800033569336,74.77999877929688,75.45999908447266,347400,73.0720443725586
8/23/2017,76.36000061035156,77.97000122070312,75.87000274658203,77.66000366210938,355200,75.20242309570312
8/22/2017,76.26000213623047,76.88999938964844,74.91999816894531,76.63999938964844,228600,74.21471405029297
8/21/2017,74.86000061035156,76.5,74.86000061035156,75.72000122070312,208000,73.32381439208984
8/18/2017,73.61000061035156,75.47000122070312,73.19999694824219,74.69000244140625,369500,72.326416015625
8/17/2017,73.86000061035156,75.43000030517578,73.19999694824219,73.80000305175781,239100,71.46458435058594
8/16/2017,75.41000366210938,75.44999694824219,73.66000366210938,74.27999877929688,597700,71.92937469482422
8/15/2017,75.0199966430664,75.73999786376953,74.25,74.58000183105469,282200,72.21990203857422
8/14/2017,75.6500015258789,76.29000091552734,74.87000274658203,75.2300033569336,241500,72.84932708740234
8/11/2017,75.9800033569336,76.54000091552734,74.91999816894531,75.20999908447266,275300,72.82996368408203
8/10/2017,76.38999938964844,77,75.54000091552734,76.05000305175781,358900,73.64337158203125
8/9/2017,77.02999877929688,77.69999694824219,76.23999786376953,76.54000091552734,226100,74.11787414550781
8/8/2017,76.30000305175781,77.4000015258789,75.66000366210938,76.9800033569336,274600,74.5439453125
8/7/2017,75.69000244140625,76.88999938964844,75.20999908447266,76.51000213623047,283700,74.08882141113281
8/4/2017,74.83999633789062,76.48999786376953,74.08000183105469,75.61000061035156,303400,73.2173080444336
8/3/2017,77.33000183105469,77.86000061035156,74.41999816894531,74.56999969482422,278900,72.21021270751953
8/2/2017,76.5999984741211,77.88999938964844,76.27999877929688,77.25,300900,74.8053970336914
8/1/2017,76.13999938964844,78,75.19000244140625,77.4800033569336,409500,75.02812194824219
7/31/2017,73.31999969482422,77.05999755859375,73.2300033569336,76.06999969482422,433800,73.66275024414062
7/28/2017,72.0199966430664,74.08999633789062,72.0199966430664,73.31999969482422,173500,70.99977111816406
7/27/2017,74,75,71.13999938964844,72.41000366210938,539500,70.11857604980469
7/26/2017,76.4000015258789,77.36000061035156,75.70999908447266,76.11000061035156,593300,73.70146942138672
7/25/2017,76,76.76000213623047,74.73500061035156,76.23999786376953,474800,73.8273696899414
7/24/2017,75.02999877929688,75.95999908447266,74.1500015258789,75.19999694824219,476400,72.82027435302734
7/21/2017,76.88999938964844,76.88999938964844,74.44999694824219,75.5199966430664,209200,73.1301498413086
7/20/2017,74.8499984741211,76,74.36000061035156,75.9000015258789,313400,73.49812316894531
7/19/2017,74.44000244140625,75.2699966430664,74.19000244140625,75.06999969482422,344400,72.69438171386719
7/18/2017,73.87000274658203,74.97000122070312,73.73999786376953,74.68000030517578,375400,72.31672668457031
7/17/2017,74.18000030517578,75.51000213623047,73.8280029296875,74.18000030517578,388500,71.83255004882812
7/14/2017,74.26000213623047,75.68000030517578,74.08000183105469,74.55000305175781,485100,72.19084930419922
7/13/2017,73.22000122070312,74.23999786376953,72.86000061035156,74.04000091552734,305400,71.69697570800781
7/12/2017,72.94000244140625,73.97000122070312,72.86100006103516,73.4800033569336,526000,71.15471649169922
7/11/2017,71.08999633789062,73,69.48999786376953,72.95999908447266,633700,70.65116119384766
7/10/2017,69.2699966430664,71,68.93000030517578,70.38999938964844,360000,68.16248321533203
7/7/2017,68.73999786376953,70.12000274658203,67.97000122070312,69.63999938964844,560200,67.43622589111328
7/6/2017,69.69999694824219,70.38999938964844,68.37999725341797,68.75,329400,66.57437896728516
7/5/2017,68.94000244140625,69.97000122070312,67.38999938964844,69.9000015258789,343500,67.68798828125
7/3/2017,68.63999938964844,70,68.26000213623047,68.77999877929688,195900,66.60343933105469
6/30/2017,68.05000305175781,69.04000091552734,66.94999694824219,68.30000305175781,394300,66.13861846923828
6/29/2017,67,68.51000213623047,66.4219970703125,67.9000015258789,417900,65.75128173828125
6/28/2017,65.87000274658203,67,65.26000213623047,66.73999786376953,561700,64.62799072265625
6/27/2017,65.91000366210938,65.95999908447266,63.900001525878906,64.77999877929688,565000,62.730018615722656
6/26/2017,64.38999938964844,65.95999908447266,62.54999923706055,65,662800,62.94306182861328
6/23/2017,62.25,64.55999755859375,60.56999969482422,64.44000244140625,3217600,62.40077590942383
6/22/2017,62.630001068115234,65,61.47999954223633,62.5,1084400,60.52216720581055
6/21/2017,60.91999816894531,62.630001068115234,60.130001068115234,62.29999923706055,758100,60.32849884033203
6/20/2017,62.130001068115234,62.59000015258789,60.29999923706055,60.91999816894531,387200,58.99217224121094
6/19/2017,63.11000061035156,64.54000091552734,62.619998931884766,62.79999923706055,594000,60.81267547607422
6/16/2017,65,65,61.560001373291016,63.70000076293945,749200,61.68419647216797
6/15/2017,68.4800033569336,69.05000305175781,64,64.97000122070312,616600,62.91400909423828
6/14/2017,70.31999969482422,71.5999984741211,68.77999877929688,69.1500015258789,389800,66.96173858642578
6/13/2017,70.93000030517578,71.73999786376953,69.80999755859375,70.37000274658203,586000,68.14312744140625
6/12/2017,69.95999908447266,71.55999755859375,69.33999633789062,70.55999755859375,329800,68.32710266113281
6/9/2017,69.41000366210938,70.66999816894531,68.73999786376953,70.04000091552734,289200,67.82356262207031
6/8/2017,67.5,69.63999938964844,67.0199966430664,69.18000030517578,357100,66.99077606201172
6/7/2017,69.95999908447266,70.3499984741211,67.81999969482422,67.83999633789062,230000,65.69318389892578
6/6/2017,69.62000274658203,70.51000213623047,69.23999786376953,70.0199966430664,272500,67.80419921875
6/5/2017,69.29000091552734,70.59500122070312,68.6500015258789,70.05999755859375,282100,67.84293365478516
6/2/2017,71.22000122070312,71.5,68.48999786376953,69.68000030517578,629300,67.4749755859375
6/1/2017,70.81999969482422,71.4800033569336,69.83000183105469,71.37999725341797,364100,69.12116241455078
5/31/2017,70.41999816894531,71.06999969482422,68,70.7699966430664,907300,68.53046417236328
5/30/2017,72.29000091552734,72.80000305175781,70.3499984741211,70.38999938964844,321300,68.16248321533203
5/26/2017,71.6500015258789,72.86000061035156,70.97000122070312,72.2699966430664,182600,69.98300170898438
5/25/2017,73.37000274658203,73.83000183105469,71.25,71.81999969482422,341200,69.20831298828125
5/24/2017,72.9000015258789,73.97000122070312,72.25,72.94999694824219,144200,70.29721069335938
5/23/2017,71.91000366210938,73.08999633789062,71.25,72.98999786376953,200600,70.33575439453125
5/22/2017,72.72000122070312,73.37999725341797,71.55999755859375,71.86000061035156,239300,69.24685668945312
5/19/2017,71.87999725341797,73.62000274658203,71.79000091552734,72.87999725341797,274500,70.22976684570312
5/18/2017,72.55000305175781,74.1500015258789,70.80000305175781,72.93000030517578,295300,70.27794647216797
5/17/2017,73.55000305175781,73.87999725341797,72.6500015258789,73.05000305175781,216600,70.3935775756836
5/16/2017,73.05999755859375,74.44999694824219,72.20999908447266,74.16000366210938,241400,71.46321868896484
5/15/2017,73.58000183105469,75.45999908447266,72.26000213623047,72.52999877929688,235500,69.89250183105469
5/12/2017,72.4800033569336,73.4800033569336,71.80000305175781,73.41000366210938,164000,70.7405014038086
5/11/2017,72.19000244140625,73.48999786376953,71.25,72.7300033569336,286500,70.08522033691406
5/10/2017,72.06999969482422,72.70999908447266,71.93000030517578,72.19000244140625,252700,69.56485748291016
5/9/2017,71.73999786376953,72.3499984741211,71.44999694824219,71.9000015258789,186800,69.285400390625
5/8/2017,71.1500015258789,71.88500213623047,70.8499984741211,71.6500015258789,247400,69.04450225830078
5/5/2017,70.19000244140625,72.12999725341797,69.88999938964844,70.93000030517578,258800,68.35067749023438
5/4/2017,72.37000274658203,72.72000122070312,69.9000015258789,70,579600,67.45449829101562
5/3/2017,74.58000183105469,74.9000015258789,71.87999725341797,72.58000183105469,605800,69.940673828125
5/2/2017,74.5199966430664,76.66999816894531,71,74.73999786376953,1455900,72.0221176147461
5/1/2017,70.31999969482422,70.69000244140625,69.88999938964844,70,557200,67.45449829101562
4/28/2017,70.26000213623047,70.33000183105469,69.74199676513672,70.23999786376953,305400,67.68575286865234
4/27/2017,70.43000030517578,70.94999694824219,69.43000030517578,69.94999694824219,593300,67.40631103515625
4/26/2017,70.41000366210938,72.01000213623047,70.04000091552734,71.0999984741211,288600,68.51448822021484
4/25/2017,71.9800033569336,73.02999877929688,70.66999816894531,70.88999938964844,254600,68.31212615966797
4/24/2017,71.58999633789062,72.3550033569336,70.76000213623047,71.68000030517578,182500,69.07340240478516
4/21/2017,71.37000274658203,71.37000274658203,70.11000061035156,70.58000183105469,332500,68.01342010498047
4/20/2017,70.70999908447266,71.63999938964844,70.08000183105469,71.23999786376953,220500,68.64939880371094
4/19/2017,71.41999816894531,71.87000274658203,70.1500015258789,70.26000213623047,294200,67.70504760742188
4/18/2017,70.87999725341797,71.16999816894531,69.2509994506836,71.04000091552734,660500,68.45667266845703
4/17/2017,70.93000030517578,71.69999694824219,70.16000366210938,71.62000274658203,346000,69.01559448242188
4/13/2017,71.5,72.43000030517578,69.8499984741211,70.76000213623047,747300,68.18685150146484
4/12/2017,73.0999984741211,73.61000061035156,70.41999816894531,71.38999938964844,693900,68.79395294189453
4/11/2017,76,76,73.52999877929688,74.01000213623047,501800,71.31867218017578
4/10/2017,74.7300033569336,77.58999633789062,73.55000305175781,75.86000061035156,403400,73.10140228271484
4/7/2017,75.2699966430664,76.87999725341797,74.5250015258789,74.75,640300,72.0317611694336
4/6/2017,73.19999694824219,75.31999969482422,73.08999633789062,74.69000244140625,508800,71.97395324707031
4/5/2017,74.79000091552734,74.95999908447266,72.01000213623047,72.19000244140625,640200,69.56485748291016
4/4/2017,72.0199966430664,74.83000183105469,72.00499725341797,72.8499984741211,749400,70.20085906982422
4/3/2017,71.01000213623047,75.44000244140625,70.83000183105469,71.56999969482422,1211800,68.9674072265625
3/31/2017,69.13999938964844,69.83999633789062,66.73999786376953,68.94000244140625,309500,66.43303680419922
3/30/2017,69.54000091552734,71.18000030517578,68.78500366210938,68.91000366210938,337900,66.40413665771484
3/29/2017,70.2699966430664,70.6500015258789,68.5999984741211,69.33000183105469,349900,66.8088607788086
3/28/2017,68.05000305175781,70.26000213623047,67.01000213623047,69,555900,66.49085998535156
3/27/2017,64.11000061035156,68,63.75,67.75,774800,65.28631591796875
3/24/2017,64.75,65.33999633789062,63.2599983215332,64.7699966430664,259700,62.41466522216797
3/23/2017,66.81999969482422,66.81999969482422,64.13999938964844,64.9000015258789,860100,62.53996276855469
3/22/2017,65.16999816894531,68.02999877929688,65.16999816894531,66.91000366210938,355600,64.47686767578125
3/21/2017,66.11000061035156,67.2300033569336,65.19999694824219,65.44999694824219,509300,63.069950103759766
3/20/2017,67,67.0999984741211,65.05999755859375,66.04000091552734,363700,63.63850021362305
3/17/2017,68.54000091552734,68.54000091552734,65.58000183105469,67.05000305175781,1778800,64.61177825927734
3/16/2017,68.3499984741211,70.26000213623047,67.70500183105469,67.91000366210938,295500,65.44050598144531
3/15/2017,66.02999877929688,68.29000091552734,65,68.23999786376953,340600,65.75848388671875
3/14/2017,66.4000015258789,67.20999908447266,64.66999816894531,65.63999938964844,289200,63.253055572509766
3/13/2017,64.5199966430664,67.36000061035156,64.5199966430664,66.88999938964844,449800,64.45758819580078
3/10/2017,66.48999786376953,66.947998046875,64.5199966430664,64.6500015258789,418800,62.299041748046875
3/9/2017,66.80999755859375,66.80999755859375,63.2400016784668,66.31999969482422,1029300,63.90831756591797
3/8/2017,68.5999984741211,69.19999694824219,66.30000305175781,66.86000061035156,782500,64.42867279052734
3/7/2017,72.08000183105469,72.86000061035156,68.98999786376953,69.0999984741211,578000,66.58721923828125
3/6/2017,71.69999694824219,73.73999786376953,71.69999694824219,72.45999908447266,421100,69.82504272460938
3/3/2017,71.44999694824219,72.72000122070312,70.4000015258789,71.72000122070312,298600,69.11195373535156
3/2/2017,74.55000305175781,74.9000015258789,71.11000061035156,71.5,433500,68.89994812011719
3/1/2017,73.69999694824219,75.5,73.56999969482422,74.69000244140625,545400,71.97395324707031
2/28/2017,72.23999786376953,73,71.66500091552734,71.86000061035156,543400,69.24685668945312
2/27/2017,71.77999877929688,73.55000305175781,71.37999725341797,72.5,312000,69.86358642578125
2/24/2017,72.9800033569336,73.19999694824219,71.07499694824219,71.98999786376953,578900,69.37213134765625
2/23/2017,73.77999877929688,74.73999786376953,72.33000183105469,73.11000061035156,511800,70.45140838623047
2/22/2017,73.94000244140625,74.80999755859375,72.66999816894531,73.79000091552734,249800,71.10667419433594
2/21/2017,76.5,77.9800033569336,73.87000274658203,74,802900,71.30904388427734
2/17/2017,74,76.38999938964844,73.41999816894531,76.08999633789062,978600,73.32303619384766
2/16/2017,70.20999908447266,72.80999755859375,70.20999908447266,72.11000061035156,654500,69.4877700805664
2/15/2017,69.94999694824219,72.94999694824219,68.66999816894531,69.81999969482422,1128300,67.28103637695312
2/14/2017,68.44999694824219,69,67.7300033569336,68.6500015258789,352700,66.15359497070312
2/13/2017,69.9800033569336,70.30000305175781,68.61000061035156,68.87000274658203,524200,66.36559295654297
2/10/2017,70.88999938964844,71.95999908447266,68.91999816894531,69.58999633789062,450800,67.05940246582031
2/9/2017,68.68000030517578,71.37000274658203,68.68000030517578,70.95999908447266,553300,68.37959289550781
2/8/2017,72.48999786376953,72.5,68.68000030517578,68.83000183105469,1109500,66.32704162597656
2/7/2017,70.9000015258789,72.88999938964844,70.5199966430664,70.7300033569336,845300,68.157958984375
2/6/2017,71.9000015258789,72.52999877929688,70.58999633789062,70.91999816894531,355500,68.3410415649414
2/3/2017,73.68000030517578,73.9990005493164,71.62999725341797,71.9000015258789,411900,69.285400390625
2/2/2017,72.55999755859375,74.22000122070312,72.2699966430664,73.55000305175781,435800,70.87540435791016
2/1/2017,72.41000366210938,73.66000366210938,71.0250015258789,72.4800033569336,277600,69.84431457519531
1/31/2017,72.43000030517578,72.69999694824219,71.51000213623047,71.98999786376953,235900,69.37213134765625
1/30/2017,73.4800033569336,73.58000183105469,71.08000183105469,72.30000305175781,259300,69.67085266113281
1/27/2017,73.80999755859375,74.4800033569336,73.04000091552734,73.6500015258789,294000,70.9717788696289
1/26/2017,74.16000366210938,75.94999694824219,73.45999908447266,73.7300033569336,423100,71.04886627197266
1/25/2017,75.27999877929688,76.62999725341797,73.5,74.44999694824219,592500,71.74267578125
1/24/2017,74.25,79.2750015258789,73.63500213623047,74.87000274658203,730500,72.14739990234375
1/23/2017,73.79000091552734,74.48999786376953,73.62999725341797,73.87999725341797,146300,71.19339752197266
1/20/2017,72.26000213623047,74.16999816894531,72.26000213623047,73.5,246400,70.82723236083984
1/19/2017,72.93000030517578,73.36000061035156,72.12000274658203,72.20999908447266,284300,69.58413696289062
1/18/2017,72.58999633789062,73.62999725341797,72.06999969482422,73,231500,70.34540557861328
1/17/2017,74.54000091552734,75.0199966430664,72.19000244140625,73.04000091552734,421500,70.3839340209961
1/13/2017,76.31999969482422,76.58999633789062,73.87000274658203,74.9800033569336,234300,72.2533950805664
1/12/2017,75.41000366210938,76.97000122070312,73.80000305175781,76.05000305175781,361000,73.28448486328125
1/11/2017,72.33999633789062,77.61000061035156,72.18000030517578,75.25,683400,72.5135726928711
1/10/2017,71,72.15799713134766,70.72000122070312,71.98999786376953,673600,69.37213134765625
1/9/2017,71.5999984741211,72.55999755859375,70.37999725341797,70.69000244140625,352500,68.11940002441406
1/6/2017,74.51000213623047,75.5,71.87000274658203,72.26000213623047,440700,69.63231658935547
1/5/2017,74.66999816894531,75.69999694824219,73.73999786376953,74.7699966430664,346900,72.0510482788086
1/4/2017,74.47000122070312,75.5999984741211,73,75.13999938964844,352300,72.40758514404297
1/3/2017,78.05000305175781,78.22000122070312,74.7699966430664,74.98999786376953,454600,72.26303100585938
12/30/2016,78.44999694824219,79.6449966430664,77.36000061035156,78.05000305175781,334300,75.2117691040039
12/29/2016,78.81999969482422,79.04000091552734,76.7300033569336,78.12999725341797,239700,75.28884887695312
12/28/2016,79.77999877929688,79.91000366210938,78.30999755859375,79.0999984741211,197200,76.22357940673828
12/27/2016,78.08000183105469,80.11000061035156,78.08000183105469,79.16999816894531,202400,76.29103088378906
12/23/2016,77.23999786376953,79.18000030517578,77.19999694824219,78.38999938964844,207300,75.53939056396484
12/22/2016,80.19999694824219,80.19999694824219,77.41000366210938,77.44999694824219,481400,74.63358306884766
12/21/2016,82.5999984741211,83.5,80.62000274658203,80.9000015258789,203600,77.95811462402344
12/20/2016,79.69000244140625,84.82499694824219,79.5,83.05000305175781,499600,80.02994537353516
12/19/2016,78.33999633789062,80.7300033569336,77.62999725341797,79.83000183105469,220600,76.92704772949219
12/16/2016,79.66999816894531,80.31500244140625,78,79,2168400,76.12722778320312
12/15/2016,78.75,82.69999694824219,78.75,80.2699966430664,1243800,77.35103607177734
12/14/2016,81.25,82.55000305175781,78.97000122070312,79.2300033569336,807800,76.34886169433594
12/13/2016,83.25,83.75,80,81.79000091552734,847300,78.81575775146484
12/12/2016,82.83000183105469,86.3550033569336,80.06999969482422,83.69000244140625,1136300,80.64666748046875
12/9/2016,82.54000091552734,82.98999786376953,79.31999969482422,80.05000305175781,595100,77.13903045654297
12/8/2016,84.25,85.0999984741211,82.25399780273438,82.79000091552734,1091600,79.7793960571289
12/7/2016,83.75,85.69999694824219,80.91000366210938,84.5999984741211,1004100,81.5235824584961
12/6/2016,82.4000015258789,84.25,81.19000244140625,83.52999877929688,712500,80.49248504638672
12/5/2016,82.98999786376953,84.5,81.0199966430664,82.5,1186300,79.49993896484375
12/2/2016,78.02999877929688,79.9000015258789,76.66999816894531,79.31999969482422,252900,76.43558502197266
12/1/2016,78.98999786376953,79,76,77.72000122070312,424900,74.89376068115234
11/30/2016,76,79.5999984741211,76,78.02999877929688,637300,75.19249725341797
11/29/2016,75.47000122070312,76.5,73.30999755859375,75.83000183105469,480000,73.07249450683594
11/28/2016,76.29000091552734,77.3499984741211,72.7699966430664,76.16999816894531,477600,73.40013122558594
11/25/2016,79.20999908447266,79.20999908447266,75.16000366210938,75.45999908447266,184300,72.7159423828125
11/23/2016,77.94000244140625,78.76000213623047,73.11299896240234,78.5999984741211,533100,75.74175262451172
11/22/2016,73.98999786376953,77.62999725341797,72.45999908447266,77.31999969482422,666900,74.50830841064453
11/21/2016,74.44999694824219,75.80000305175781,70.91000366210938,71.75,550400,69.14086151123047
11/18/2016,74.58999633789062,76.87000274658203,72.3499984741211,72.66999816894531,405600,70.02740478515625
11/17/2016,79.94999694824219,79.94999694824219,70.68000030517578,73.94999694824219,1437300,71.26084899902344
11/16/2016,82.08000183105469,82.76000213623047,78.6500015258789,79.26000213623047,371500,76.37776184082031
11/15/2016,83.47000122070312,84.33000183105469,80.12999725341797,82.76000213623047,619000,79.75049591064453
11/14/2016,84.83999633789062,86.47000122070312,84.68000030517578,84.68000030517578,587500,81.60066223144531
11/11/2016,85.16000366210938,85.9000015258789,82.77999877929688,84.79000091552734,1082300,81.70667266845703
11/10/2016,81.80000305175781,86,80.63999938964844,85.16000366210938,1360300,82.06321716308594
11/9/2016,80,80.33999633789062,73.86000061035156,78.98999786376953,2705000,76.11758422851562
11/8/2016,68.31999969482422,71.69999694824219,68.31999969482422,71.5199966430664,882100,68.91921997070312
11/7/2016,69.54000091552734,71.68000030517578,67.37000274658203,68,388900,65.5272216796875
11/4/2016,70.2699966430664,73.16999816894531,67.75,68,529300,65.5272216796875
11/3/2016,72.61000061035156,73.08000183105469,70.93000030517578,71.27999877929688,364900,68.68794250488281
11/2/2016,74.30000305175781,76.19000244140625,72.30999755859375,72.88999938964844,461400,70.23938751220703
11/1/2016,73.75,74.4800033569336,73.18000030517578,73.4000015258789,526300,70.73086547851562
10/31/2016,72.83000183105469,74,72.02999877929688,73.37999725341797,210800,70.71157836914062
10/28/2016,73.23999786376953,76,72.68299865722656,73.1500015258789,837300,70.48995208740234
10/27/2016,74.91000366210938,75.77999877929688,71.95999908447266,73.41999816894531,560400,70.75012969970703
10/26/2016,76.44000244140625,76.73999786376953,75.23999786376953,75.25,326200,72.5135726928711
10/25/2016,76,78.12999725341797,75.19000244140625,75.68000030517578,514700,72.92794799804688
10/24/2016,75.5199966430664,80.6500015258789,75.27999877929688,75.5,564800,72.75450134277344
10/21/2016,71.62999725341797,76.66000366210938,71.62999725341797,76,1440600,73.23631286621094
10/20/2016,70.9800033569336,72.31999969482422,70.63500213623047,71.80000305175781,630300,69.18904113769531
10/19/2016,70.0999984741211,72.75,69.87000274658203,71.16000366210938,1109600,68.57231903076172
10/18/2016,70.25,71.19999694824219,69.31999969482422,69.87000274658203,1187100,67.3292236328125
10/17/2016,67.13999938964844,70.13999938964844,67.04100036621094,69.05999755859375,732400,66.54867553710938
10/14/2016,67.28700256347656,68.25,66.99500274658203,67.13999938964844,656600,64.69850158691406
10/13/2016,68.76000213623047,68.76000213623047,66.19999694824219,66.97000122070312,886200,64.53468322753906
10/12/2016,66.9000015258789,67.8499984741211,66,67.69999694824219,794500,65.2381362915039
10/11/2016,65.38999938964844,68.76000213623047,65.26000213623047,66.48999786376953,756700,64.07213592529297
10/10/2016,61.599998474121094,65.5,61.599998474121094,65.38999938964844,893300,63.01213455200195
10/7/2016,61.310001373291016,62.220001220703125,60.970001220703125,61.70000076293945,660100,59.45632553100586
10/6/2016,60.40999984741211,62,59.04999923706055,61.310001373291016,757400,59.08050537109375
10/5/2016,70,70,61.150001525878906,63,1200200,60.709049224853516
10/4/2016,0.05999999865889549,0.05999999865889549,0.03999999910593033,0.05000000074505806,7457400,0.04818178713321686
10/3/2016,0.18000000715255737,0.18000000715255737,0.05000000074505806,0.05999999865889549,14680800,0.05781814083456993
9/30/2016,0.4399999976158142,0.4399999976158142,0.18000000715255737,0.18000000715255737,5755200,0.1734544187784195
9/29/2016,0.4300000071525574,0.4699999988079071,0.4099999964237213,0.4699999988079071,172000,0.4529087245464325
9/28/2016,0.41999998688697815,0.44999998807907104,0.4099999964237213,0.41999998688697815,263800,0.4047269821166992
9/27/2016,0.44999998807907104,0.47999998927116394,0.4099999964237213,0.4300000071525574,230700,0.414363294839859
9/26/2016,0.4399999976158142,0.47999998927116394,0.3799999952316284,0.4399999976158142,310500,0.4239996373653412
9/23/2016,0.47999998927116394,0.5099999904632568,0.3700000047683716,0.4099999964237213,552500,0.39509063959121704
9/22/2016,0.6000000238418579,0.7099999785423279,0.46000000834465027,0.5,1113800,0.4818178117275238
9/21/2016,0.4300000071525574,0.6399999856948853,0.4300000071525574,0.6100000143051147,1521600,0.5878177285194397
9/20/2016,0.3499999940395355,0.44999998807907104,0.3100000023841858,0.4000000059604645,640400,0.38545429706573486
9/19/2016,0.25999999046325684,0.3400000035762787,0.25999999046325684,0.3400000035762787,643600,0.32763612270355225
9/16/2016,0.23999999463558197,0.2800000011920929,0.23000000417232513,0.25999999046325684,273400,0.25054529309272766
9/15/2016,0.2199999988079071,0.25999999046325684,0.2199999988079071,0.23999999463558197,272700,0.23127256333827972
9/14/2016,0.1899999976158142,0.25999999046325684,0.1899999976158142,0.25,262200,0.2409089058637619
9/13/2016,0.2800000011920929,0.28999999165534973,0.11999999731779099,0.23999999463558197,1299800,0.23127256333827972
9/12/2016,0.30000001192092896,0.30000001192092896,0.2800000011920929,0.2800000011920929,157500,0.269817978143692
9/9/2016,0.3199999928474426,0.3199999928474426,0.2800000011920929,0.28999999165534973,125700,0.2794543206691742
9/8/2016,0.3199999928474426,0.33000001311302185,0.3100000023841858,0.3100000023841858,407900,0.29872700572013855
9/7/2016,0.3400000035762787,0.3400000035762787,0.3199999928474426,0.33000001311302185,294600,0.3179997503757477
9/6/2016,0.3100000023841858,0.36000001430511475,0.3100000023841858,0.3400000035762787,73900,0.32763612270355225
9/2/2016,0.3100000023841858,0.33000001311302185,0.28999999165534973,0.3199999928474426,481300,0.3083634078502655
9/1/2016,0.30000001192092896,0.3199999928474426,0.30000001192092896,0.3100000023841858,62400,0.29872700572013855
8/31/2016,0.3100000023841858,0.3100000023841858,0.28999999165534973,0.30000001192092896,43900,0.28909075260162354
8/30/2016,0.2800000011920929,0.3100000023841858,0.2800000011920929,0.28999999165534973,111700,0.2794543206691742
8/29/2016,0.30000001192092896,0.30000001192092896,0.25999999046325684,0.2800000011920929,55600,0.269817978143692
8/26/2016,0.30000001192092896,0.3199999928474426,0.30000001192092896,0.30000001192092896,19300,0.28909075260162354
8/25/2016,0.3100000023841858,0.3199999928474426,0.30000001192092896,0.30000001192092896,61900,0.28909075260162354
8/24/2016,0.3100000023841858,0.3199999928474426,0.3100000023841858,0.3100000023841858,32700,0.29872700572013855
8/23/2016,0.3199999928474426,0.3400000035762787,0.3100000023841858,0.3199999928474426,31800,0.3083634078502655
8/22/2016,0.3199999928474426,0.33000001311302185,0.3100000023841858,0.3100000023841858,68000,0.29872700572013855
8/19/2016,0.33000001311302185,0.33000001311302185,0.3199999928474426,0.3199999928474426,23200,0.3083634078502655
8/18/2016,0.3100000023841858,0.3499999940395355,0.3100000023841858,0.3199999928474426,64200,0.3083634078502655
8/17/2016,0.3100000023841858,0.3100000023841858,0.3100000023841858,0.3100000023841858,30800,0.29872700572013855
8/16/2016,0.3199999928474426,0.3199999928474426,0.30000001192092896,0.3100000023841858,95400,0.29872700572013855
8/15/2016,0.3199999928474426,0.33000001311302185,0.3199999928474426,0.3199999928474426,94200,0.3083634078502655
8/12/2016,0.3199999928474426,0.33000001311302185,0.3100000023841858,0.3100000023841858,49400,0.29872700572013855
8/11/2016,0.3400000035762787,0.3499999940395355,0.3199999928474426,0.33000001311302185,140900,0.3179997503757477
8/10/2016,0.3499999940395355,0.3700000047683716,0.33000001311302185,0.3400000035762787,59200,0.32763612270355225
8/9/2016,0.38999998569488525,0.4000000059604645,0.3499999940395355,0.3700000047683716,227900,0.3565451502799988
8/8/2016,0.4099999964237213,0.4099999964237213,0.38999998569488525,0.4099999964237213,59300,0.39509063959121704
8/5/2016,0.41999998688697815,0.41999998688697815,0.4099999964237213,0.4099999964237213,37000,0.39509063959121704
8/4/2016,0.4099999964237213,0.41999998688697815,0.4099999964237213,0.4099999964237213,35200,0.39509063959121704
8/3/2016,0.4300000071525574,0.4399999976158142,0.3799999952316284,0.4000000059604645,272600,0.38545429706573486
8/2/2016,0.4300000071525574,0.46000000834465027,0.4300000071525574,0.4399999976158142,29200,0.4239996373653412
8/1/2016,0.4300000071525574,0.44999998807907104,0.4300000071525574,0.4399999976158142,55000,0.4239996373653412
7/29/2016,0.4399999976158142,0.4399999976158142,0.41999998688697815,0.4300000071525574,70600,0.414363294839859
7/28/2016,0.4399999976158142,0.4399999976158142,0.4300000071525574,0.4300000071525574,65200,0.414363294839859
7/27/2016,0.4399999976158142,0.4399999976158142,0.41999998688697815,0.4399999976158142,43400,0.4239996373653412
7/26/2016,0.41999998688697815,0.46000000834465027,0.41999998688697815,0.4399999976158142,214500,0.4239996373653412
7/25/2016,0.41999998688697815,0.44999998807907104,0.4099999964237213,0.41999998688697815,26600,0.4047269821166992
7/22/2016,0.4300000071525574,0.44999998807907104,0.38999998569488525,0.4099999964237213,209700,0.39509063959121704
7/21/2016,0.4300000071525574,0.4399999976158142,0.41999998688697815,0.41999998688697815,55600,0.4047269821166992
7/20/2016,0.44999998807907104,0.44999998807907104,0.41999998688697815,0.4300000071525574,51200,0.414363294839859
7/19/2016,0.4300000071525574,0.46000000834465027,0.4099999964237213,0.4399999976158142,132900,0.4239996373653412
7/18/2016,0.3799999952316284,0.41999998688697815,0.3799999952316284,0.41999998688697815,50200,0.4047269821166992
7/15/2016,0.3799999952316284,0.4099999964237213,0.3799999952316284,0.3799999952316284,82100,0.36618152260780334
7/14/2016,0.4699999988079071,0.49000000953674316,0.3799999952316284,0.3799999952316284,639100,0.36618152260780334
7/13/2016,0.3499999940395355,0.47999998927116394,0.3499999940395355,0.44999998807907104,715400,0.43363600969314575
7/12/2016,0.25999999046325684,0.3700000047683716,0.25999999046325684,0.33000001311302185,292000,0.3179997503757477
7/11/2016,0.25,0.27000001072883606,0.23999999463558197,0.27000001072883606,141400,0.2601816952228546
7/8/2016,0.25999999046325684,0.25999999046325684,0.2199999988079071,0.23999999463558197,65900,0.23127256333827972
7/7/2016,0.25999999046325684,0.25999999046325684,0.25,0.25999999046325684,45300,0.25054529309272766
7/6/2016,0.25,0.25999999046325684,0.25,0.25999999046325684,89200,0.25054529309272766
7/5/2016,0.30000001192092896,0.30000001192092896,0.20999999344348907,0.25,202000,0.2409089058637619
7/1/2016,0.30000001192092896,0.30000001192092896,0.28999999165534973,0.28999999165534973,41800,0.2794543206691742
6/30/2016,0.30000001192092896,0.30000001192092896,0.28999999165534973,0.30000001192092896,24200,0.28909075260162354
6/29/2016,0.30000001192092896,0.30000001192092896,0.28999999165534973,0.28999999165534973,49300,0.2794543206691742
6/28/2016,0.28999999165534973,0.30000001192092896,0.28999999165534973,0.30000001192092896,39200,0.28909075260162354
6/27/2016,0.30000001192092896,0.3100000023841858,0.28999999165534973,0.28999999165534973,62200,0.2794543206691742
6/24/2016,0.3199999928474426,0.3199999928474426,0.30000001192092896,0.30000001192092896,91500,0.28909075260162354
6/23/2016,0.30000001192092896,0.3199999928474426,0.30000001192092896,0.3199999928474426,56900,0.3083634078502655
6/22/2016,0.30000001192092896,0.3100000023841858,0.28999999165534973,0.3100000023841858,31500,0.29872700572013855
6/21/2016,0.30000001192092896,0.3100000023841858,0.28999999165534973,0.3100000023841858,61400,0.29872700572013855
6/20/2016,0.3199999928474426,0.3199999928474426,0.2800000011920929,0.30000001192092896,140400,0.28909075260162354
6/17/2016,0.3199999928474426,0.33000001311302185,0.3199999928474426,0.33000001311302185,26900,0.3179997503757477
6/16/2016,0.33000001311302185,0.3499999940395355,0.3199999928474426,0.3199999928474426,28700,0.3083634078502655
6/15/2016,0.3700000047683716,0.38999998569488525,0.2800000011920929,0.3499999940395355,352900,0.33727243542671204
6/14/2016,0.4000000059604645,0.4000000059604645,0.3799999952316284,0.4000000059604645,42600,0.38545429706573486
6/13/2016,0.4000000059604645,0.4000000059604645,0.3799999952316284,0.4000000059604645,30900,0.38545429706573486
6/10/2016,0.41999998688697815,0.41999998688697815,0.3700000047683716,0.4000000059604645,72600,0.38545429706573486
6/9/2016,0.4000000059604645,0.4099999964237213,0.38999998569488525,0.4099999964237213,52900,0.39509063959121704
6/8/2016,0.4000000059604645,0.41999998688697815,0.3799999952316284,0.4000000059604645,108800,0.38545429706573486
6/7/2016,0.38999998569488525,0.4000000059604645,0.3700000047683716,0.4000000059604645,126000,0.38545429706573486
6/6/2016,0.38999998569488525,0.38999998569488525,0.3700000047683716,0.3700000047683716,54400,0.3565451502799988
6/3/2016,0.38999998569488525,0.4000000059604645,0.3799999952316284,0.38999998569488525,38900,0.3758179247379303
6/2/2016,0.3799999952316284,0.38999998569488525,0.3799999952316284,0.3799999952316284,19000,0.36618152260780334
6/1/2016,0.3799999952316284,0.4000000059604645,0.3799999952316284,0.38999998569488525,21200,0.3758179247379303
5/31/2016,0.4000000059604645,0.4099999964237213,0.3799999952316284,0.4000000059604645,45600,0.38545429706573486
5/27/2016,0.4099999964237213,0.4099999964237213,0.3799999952316284,0.4000000059604645,52400,0.38545429706573486
5/26/2016,0.3499999940395355,0.4399999976158142,0.3499999940395355,0.4099999964237213,91900,0.39509063959121704
5/25/2016,0.3799999952316284,0.3799999952316284,0.3499999940395355,0.3700000047683716,117800,0.3565451502799988
5/24/2016,0.36000001430511475,0.38999998569488525,0.36000001430511475,0.3700000047683716,27100,0.3565451502799988
5/23/2016,0.36000001430511475,0.3799999952316284,0.36000001430511475,0.3799999952316284,35500,0.36618152260780334
5/20/2016,0.4000000059604645,0.4000000059604645,0.3499999940395355,0.36000001430511475,73500,0.346908837556839
5/19/2016,0.38999998569488525,0.41999998688697815,0.38999998569488525,0.4000000059604645,50400,0.38545429706573486
5/18/2016,0.38999998569488525,0.4300000071525574,0.38999998569488525,0.38999998569488525,37000,0.3758179247379303
5/17/2016,0.41999998688697815,0.41999998688697815,0.38999998569488525,0.38999998569488525,45000,0.3758179247379303
5/16/2016,0.4000000059604645,0.41999998688697815,0.38999998569488525,0.4000000059604645,54300,0.38545429706573486
5/13/2016,0.4099999964237213,0.4300000071525574,0.4000000059604645,0.4000000059604645,64500,0.38545429706573486
5/12/2016,0.4000000059604645,0.44999998807907104,0.4000000059604645,0.4099999964237213,168900,0.39509063959121704
5/11/2016,0.4300000071525574,0.4300000071525574,0.38999998569488525,0.4000000059604645,83400,0.38545429706573486
5/10/2016,0.4000000059604645,0.4399999976158142,0.38999998569488525,0.4300000071525574,48800,0.414363294839859
5/9/2016,0.41999998688697815,0.41999998688697815,0.3799999952316284,0.4000000059604645,52100,0.38545429706573486
5/6/2016,0.4699999988079071,0.49000000953674316,0.3499999940395355,0.4000000059604645,269000,0.38545429706573486
5/5/2016,0.4399999976158142,0.47999998927116394,0.4000000059604645,0.4699999988079071,383400,0.4529087245464325
5/4/2016,0.36000001430511475,0.44999998807907104,0.3499999940395355,0.4300000071525574,374600,0.414363294839859
5/3/2016,0.3199999928474426,0.36000001430511475,0.3199999928474426,0.3499999940395355,177900,0.33727243542671204
4/29/2016,0.3199999928474426,0.3400000035762787,0.3199999928474426,0.33000001311302185,59100,0.3179997503757477
4/28/2016,0.36000001430511475,0.36000001430511475,0.3199999928474426,0.3199999928474426,53700,0.3083634078502655
4/27/2016,0.33000001311302185,0.36000001430511475,0.33000001311302185,0.3400000035762787,39800,0.32763612270355225
4/26/2016,0.3199999928474426,0.3799999952316284,0.3199999928474426,0.3499999940395355,75400,0.33727243542671204
4/25/2016,0.3700000047683716,0.3799999952316284,0.3400000035762787,0.3400000035762787,53500,0.32763612270355225
4/22/2016,0.3799999952316284,0.3799999952316284,0.3499999940395355,0.3799999952316284,74400,0.36618152260780334
4/21/2016,0.3799999952316284,0.3799999952316284,0.33000001311302185,0.3799999952316284,81100,0.36618152260780334
4/20/2016,0.3799999952316284,0.4000000059604645,0.3799999952316284,0.3799999952316284,43700,0.36618152260780334
4/19/2016,0.38999998569488525,0.4099999964237213,0.3799999952316284,0.38999998569488525,201200,0.3758179247379303
4/18/2016,0.3799999952316284,0.4300000071525574,0.3799999952316284,0.38999998569488525,144100,0.3758179247379303
4/15/2016,0.41999998688697815,0.49000000953674316,0.38999998569488525,0.4099999964237213,92800,0.39509063959121704
4/14/2016,0.3199999928474426,0.44999998807907104,0.3199999928474426,0.41999998688697815,363800,0.4047269821166992
4/13/2016,0.3199999928474426,0.3499999940395355,0.3199999928474426,0.3499999940395355,123300,0.33727243542671204
4/12/2016,0.3199999928474426,0.3199999928474426,0.3100000023841858,0.3199999928474426,120200,0.3083634078502655
4/11/2016,0.3199999928474426,0.3199999928474426,0.3100000023841858,0.3199999928474426,158100,0.3083634078502655
4/8/2016,0.3100000023841858,0.3199999928474426,0.3100000023841858,0.3100000023841858,38400,0.29872700572013855
4/7/2016,0.3199999928474426,0.3199999928474426,0.30000001192092896,0.3100000023841858,46100,0.29872700572013855
4/6/2016,0.3199999928474426,0.3199999928474426,0.3100000023841858,0.3199999928474426,32800,0.3083634078502655
4/5/2016,0.3100000023841858,0.33000001311302185,0.28999999165534973,0.3199999928474426,116600,0.3083634078502655
4/1/2016,0.3199999928474426,0.3400000035762787,0.30000001192092896,0.30000001192092896,126300,0.28909075260162354
3/31/2016,0.3100000023841858,0.36000001430511475,0.3100000023841858,0.3100000023841858,119800,0.29872700572013855
3/30/2016,0.3199999928474426,0.3400000035762787,0.30000001192092896,0.30000001192092896,183200,0.28909075260162354
3/29/2016,0.2800000011920929,0.3400000035762787,0.2800000011920929,0.3199999928474426,144700,0.3083634078502655
3/28/2016,0.3100000023841858,0.33000001311302185,0.30000001192092896,0.3100000023841858,97500,0.29872700572013855
3/24/2016,0.2800000011920929,0.33000001311302185,0.27000001072883606,0.3100000023841858,72300,0.29872700572013855
3/23/2016,0.28999999165534973,0.30000001192092896,0.27000001072883606,0.30000001192092896,27900,0.28909075260162354
3/22/2016,0.30000001192092896,0.3400000035762787,0.2800000011920929,0.28999999165534973,146500,0.2794543206691742
3/21/2016,0.23000000417232513,0.28999999165534973,0.23000000417232513,0.28999999165534973,342100,0.2794543206691742
3/18/2016,0.27000001072883606,0.27000001072883606,0.20999999344348907,0.23000000417232513,754000,0.22163620591163635
3/17/2016,0.28999999165534973,0.28999999165534973,0.25999999046325684,0.25999999046325684,139700,0.25054529309272766
3/16/2016,0.28999999165534973,0.30000001192092896,0.25,0.28999999165534973,242500,0.2794543206691742
3/15/2016,0.3400000035762787,0.36000001430511475,0.25999999046325684,0.28999999165534973,214200,0.2794543206691742
3/14/2016,0.36000001430511475,0.3799999952316284,0.33000001311302185,0.36000001430511475,125600,0.346908837556839
3/11/2016,0.38999998569488525,0.4000000059604645,0.3400000035762787,0.3700000047683716,125200,0.3565451502799988
3/10/2016,0.4000000059604645,0.41999998688697815,0.3799999952316284,0.4000000059604645,104500,0.38545429706573486
3/9/2016,0.41999998688697815,0.4399999976158142,0.4000000059604645,0.4099999964237213,153600,0.39509063959121704
3/8/2016,0.44999998807907104,0.49000000953674316,0.4000000059604645,0.4300000071525574,284300,0.414363294839859
3/7/2016,0.41999998688697815,0.44999998807907104,0.41999998688697815,0.4399999976158142,49700,0.4239996373653412
3/4/2016,0.4099999964237213,0.44999998807907104,0.4099999964237213,0.4399999976158142,112100,0.4239996373653412
3/3/2016,0.4300000071525574,0.44999998807907104,0.4099999964237213,0.4300000071525574,209600,0.414363294839859
3/2/2016,0.4000000059604645,0.4300000071525574,0.4000000059604645,0.4099999964237213,121500,0.39509063959121704
3/1/2016,0.4000000059604645,0.4300000071525574,0.4000000059604645,0.4000000059604645,44000,0.38545429706573486
2/29/2016,0.41999998688697815,0.44999998807907104,0.4000000059604645,0.4000000059604645,26500,0.38545429706573486
2/26/2016,0.4000000059604645,0.46000000834465027,0.4000000059604645,0.44999998807907104,143600,0.43363600969314575
2/25/2016,0.4699999988079071,0.4699999988079071,0.4000000059604645,0.4000000059604645,152900,0.38545429706573486
2/24/2016,0.46000000834465027,0.4699999988079071,0.41999998688697815,0.4699999988079071,131500,0.4529087245464325
2/23/2016,0.4300000071525574,0.4699999988079071,0.4300000071525574,0.46000000834465027,125100,0.4432724118232727
2/19/2016,0.4699999988079071,0.5,0.4300000071525574,0.5,82100,0.4818178117275238
2/18/2016,0.46000000834465027,0.5199999809265137,0.4300000071525574,0.5,161300,0.4818178117275238
2/17/2016,0.5,0.5299999713897705,0.41999998688697815,0.47999998927116394,201200,0.46254512667655945
2/16/2016,0.44999998807907104,0.5199999809265137,0.44999998807907104,0.47999998927116394,128000,0.46254512667655945
2/12/2016,0.46000000834465027,0.5299999713897705,0.4399999976158142,0.4699999988079071,103300,0.4529087245464325
2/11/2016,0.5,0.5099999904632568,0.4300000071525574,0.5099999904632568,133400,0.4914541244506836
2/10/2016,0.47999998927116394,0.550000011920929,0.46000000834465027,0.46000000834465027,221700,0.4432724118232727
2/9/2016,0.4300000071525574,0.5400000214576721,0.4300000071525574,0.46000000834465027,159500,0.4432724118232727
2/5/2016,0.7200000286102295,0.7200000286102295,0.6700000166893005,0.7099999785423279,101100,0.6841813325881958
2/4/2016,0.7099999785423279,0.7300000190734863,0.6399999856948853,0.699999988079071,336000,0.6745448708534241
2/3/2016,0.6700000166893005,0.7300000190734863,0.6200000047683716,0.7200000286102295,441000,0.693817675113678
2/2/2016,0.6600000262260437,0.699999988079071,0.6200000047683716,0.6700000166893005,259100,0.6456359624862671
2/1/2016,0.699999988079071,0.7200000286102295,0.6399999856948853,0.6800000071525574,325600,0.6552722454071045
1/29/2016,0.699999988079071,0.7300000190734863,0.6200000047683716,0.6899999976158142,740800,0.6649085283279419
1/28/2016,0.5699999928474426,0.7400000095367432,0.5600000023841858,0.7099999785423279,879500,0.6841813325881958
1/27/2016,0.5,0.5699999928474426,0.4300000071525574,0.5600000023841858,1123200,0.539635956287384
1/26/2016,0.7900000214576721,0.7900000214576721,0.49000000953674316,0.5099999904632568,2531600,0.4914541244506836
1/25/2016,0.49000000953674316,0.7900000214576721,0.49000000953674316,0.7699999809265137,3580500,0.7419994473457336
1/22/2016,0.3400000035762787,0.5099999904632568,0.3199999928474426,0.4699999988079071,2176700,0.4529087245464325
1/21/2016,0.20000000298023224,0.3799999952316284,0.20000000298023224,0.3400000035762787,2242100,0.32763612270355225
1/20/2016,0.1899999976158142,0.2199999988079071,0.1599999964237213,0.2199999988079071,1264300,0.2119998186826706
1/19/2016,0.20999999344348907,0.23999999463558197,0.1599999964237213,0.1899999976158142,1763100,0.18309076130390167
1/15/2016,0.1599999964237213,0.25,0.15000000596046448,0.20000000298023224,2696100,0.19272714853286743
1/14/2016,0.12999999523162842,0.15000000596046448,0.10999999940395355,0.15000000596046448,2855100,0.14454537630081177
1/13/2016,0.1899999976158142,0.20000000298023224,0.12999999523162842,0.12999999523162842,4483700,0.12527264654636383
1/12/2016,0.5799999833106995,0.5799999833106995,0.15000000596046448,0.1899999976158142,7469500,0.18309076130390167
1/8/2016,0.8199999928474426,0.8899999856948853,0.800000011920929,0.8299999833106995,1099700,0.7998176217079163
1/7/2016,0.8600000143051147,0.8999999761581421,0.7799999713897705,0.7900000214576721,1235600,0.761272132396698
1/6/2016,0.9300000071525574,0.9399999976158142,0.8600000143051147,0.9100000262260437,997900,0.876908540725708
1/5/2016,0.8999999761581421,0.949999988079071,0.8999999761581421,0.9399999976158142,830700,0.905817449092865
1/4/2016,0.949999988079071,0.949999988079071,0.8799999952316284,0.9100000262260437,1069800,0.876908540725708
