4/22/2019,30.260000228881836,30.479999542236328,29.93000030517578,30,49600,30
4/18/2019,30.43000030517578,30.68000030517578,29.989999771118164,30.329999923706055,72800,30.329999923706055
4/17/2019,31,31.030000686645508,30.469999313354492,30.510000228881836,144800,30.510000228881836
4/16/2019,30.510000228881836,30.780000686645508,30.229999542236328,30.770000457763672,93000,30.770000457763672
4/15/2019,30.670000076293945,30.690000534057617,30.34000015258789,30.40999984741211,61800,30.40999984741211
4/12/2019,30.579999923706055,30.940000534057617,30.350000381469727,30.530000686645508,75300,30.530000686645508
4/11/2019,30.3700008392334,30.635000228881836,29.850000381469727,30.229999542236328,110400,30.229999542236328
4/10/2019,29.860000610351562,30.559999465942383,29.600000381469727,30.389999389648438,117000,30.389999389648438
4/9/2019,30,30.100000381469727,29.600000381469727,29.829999923706055,227900,29.829999923706055
4/8/2019,30.309999465942383,30.43000030517578,29.8700008392334,30.079999923706055,139600,30.079999923706055
4/5/2019,30.510000228881836,30.760000228881836,30.3700008392334,30.510000228881836,120400,30.510000228881836
4/4/2019,29.559999465942383,30.56999969482422,29.559999465942383,30.440000534057617,166400,30.440000534057617
4/3/2019,29.309999465942383,29.8799991607666,29.202999114990234,29.5,134900,29.5
4/2/2019,29.440000534057617,29.700000762939453,29,29.020000457763672,110300,29.020000457763672
4/1/2019,28.850000381469727,29.690000534057617,28.790000915527344,29.459999084472656,277500,29.459999084472656
3/29/2019,28.6299991607666,28.8700008392334,28.229999542236328,28.56999969482422,176100,28.56999969482422
3/28/2019,28.290000915527344,28.799999237060547,28.290000915527344,28.5,127700,28.5
3/27/2019,28.5,28.760000228881836,28.06999969482422,28.290000915527344,180200,28.290000915527344
3/26/2019,28.649999618530273,29.25,28.530000686645508,28.639999389648438,180900,28.639999389648438
3/25/2019,28.440000534057617,29.099000930786133,28.440000534057617,28.479999542236328,185500,28.479999542236328
3/22/2019,29.799999237060547,29.8799991607666,28.350000381469727,28.40999984741211,159000,28.40999984741211
3/21/2019,29.709999084472656,30.844999313354492,29.709999084472656,30.170000076293945,209200,30.170000076293945
3/20/2019,30.079999923706055,30.44499969482422,29.65999984741211,29.979999542236328,166700,29.979999542236328
3/19/2019,30.579999923706055,30.84000015258789,30.010000228881836,30.06999969482422,141800,30.06999969482422
3/18/2019,30.059999465942383,30.610000610351562,29.8799991607666,30.420000076293945,179300,30.420000076293945
3/15/2019,30.34000015258789,30.950000762939453,30.040000915527344,30.149999618530273,464100,30.149999618530273
3/14/2019,31.06999969482422,31.290000915527344,30.15999984741211,30.459999084472656,163000,30.459999084472656
3/13/2019,31.06999969482422,31.6200008392334,30.8799991607666,31.190000534057617,137400,31.190000534057617
3/12/2019,31.780000686645508,32.17499923706055,30.950000762939453,31.030000686645508,286000,31.030000686645508
3/11/2019,31.729999542236328,32.150001525878906,31.440000534057617,31.979999542236328,156100,31.979999542236328
3/8/2019,31.6200008392334,31.8700008392334,31.229999542236328,31.59000015258789,182800,31.59000015258789
3/7/2019,32.400001525878906,32.400001525878906,31.75,31.90999984741211,164600,31.90999984741211
3/6/2019,32.709999084472656,33,32.439998626708984,32.47999954223633,150800,32.47999954223633
3/5/2019,32.81999969482422,33.13999938964844,32.61000061035156,32.68000030517578,189500,32.68000030517578
3/4/2019,32.97999954223633,33.16999816894531,32.54999923706055,32.86000061035156,145700,32.86000061035156
3/1/2019,33.06999969482422,33.224998474121094,32.560001373291016,33,212400,33
2/28/2019,33.290000915527344,33.349998474121094,32.68000030517578,32.75,170200,32.75
2/27/2019,33.40999984741211,33.53200149536133,33.150001525878906,33.290000915527344,119900,33.290000915527344
2/26/2019,34.189998626708984,34.52000045776367,33.34000015258789,33.54999923706055,147700,33.54999923706055
2/25/2019,33.689998626708984,34.91999816894531,33.689998626708984,34.349998474121094,205500,34.349998474121094
2/22/2019,33.25,34.81999969482422,32.25,33.209999084472656,255400,33.209999084472656
2/21/2019,33.7599983215332,34.40999984741211,33.220001220703125,33.68000030517578,228600,33.68000030517578
2/20/2019,33.90999984741211,34.345001220703125,33.56999969482422,33.900001525878906,338700,33.900001525878906
2/19/2019,32.02000045776367,34.040000915527344,32.02000045776367,33.709999084472656,213400,33.709999084472656
2/15/2019,32.630001068115234,33,31.790000915527344,32.34000015258789,235100,32.34000015258789
2/14/2019,32.20000076293945,32.900001525878906,32.18000030517578,32.27000045776367,161000,32.27000045776367
2/13/2019,32.25,32.619998931884766,32.040000915527344,32.290000915527344,61300,32.290000915527344
2/12/2019,31.56999969482422,32.16999816894531,31.280000686645508,32.15999984741211,83900,32.15999984741211
2/11/2019,31.290000915527344,31.469999313354492,30.90999984741211,31.209999084472656,110900,31.209999084472656
2/8/2019,31.040000915527344,31.489999771118164,30.81999969482422,31.280000686645508,90100,31.280000686645508
2/7/2019,30.889999389648438,31.34000015258789,30.420000076293945,31.079999923706055,111400,31.079999923706055
2/6/2019,30.950000762939453,31.770000457763672,30.200000762939453,31.229999542236328,145300,31.229999542236328
2/5/2019,32.75,32.834999084472656,32.27000045776367,32.54999923706055,139600,32.54999923706055
2/4/2019,32.290000915527344,32.7400016784668,32.09000015258789,32.540000915527344,154100,32.540000915527344
2/1/2019,31.670000076293945,32.7400016784668,31.670000076293945,32.31999969482422,231800,32.31999969482422
1/31/2019,31.399999618530273,31.799999237060547,31.09000015258789,31.639999389648438,134100,31.639999389648438
1/30/2019,30.399999618530273,31.6299991607666,30.290000915527344,31.59000015258789,174100,31.59000015258789
1/29/2019,30.31999969482422,30.899999618530273,29.940000534057617,30.399999618530273,173800,30.399999618530273
1/28/2019,29.920000076293945,30.729999542236328,29.729999542236328,30.200000762939453,183500,30.200000762939453
1/25/2019,29.43000030517578,29.989999771118164,29.209999084472656,29.93000030517578,171200,29.93000030517578
1/24/2019,28.889999389648438,29.40999984741211,28.860000610351562,29.100000381469727,79600,29.100000381469727
1/23/2019,28.90999984741211,29.3700008392334,28.44499969482422,28.959999084472656,146300,28.959999084472656
1/22/2019,29.200000762939453,29.58099937438965,28.729999542236328,28.90999984741211,94000,28.90999984741211
1/18/2019,29,29.809999465942383,28.84000015258789,29.239999771118164,184800,29.239999771118164
1/17/2019,28.09000015258789,28.8700008392334,28.09000015258789,28.65999984741211,148200,28.65999984741211
1/16/2019,27.6299991607666,28.655000686645508,27.5939998626709,28.229999542236328,123900,28.229999542236328
1/15/2019,27.360000610351562,27.600000381469727,27.020000457763672,27.56999969482422,195300,27.56999969482422
1/14/2019,27.420000076293945,27.84000015258789,27.165000915527344,27.489999771118164,116700,27.489999771118164
1/11/2019,27.549999237060547,27.850000381469727,27.280000686645508,27.690000534057617,209700,27.690000534057617
1/10/2019,27.690000534057617,28.040000915527344,27.40999984741211,27.809999465942383,152500,27.809999465942383
1/9/2019,27.649999618530273,28.235000610351562,27.389999389648438,27.979999542236328,168700,27.979999542236328
1/8/2019,27.100000381469727,27.670000076293945,26.709999084472656,27.489999771118164,207500,27.489999771118164
1/7/2019,26.389999389648438,26.950000762939453,26.190000534057617,26.809999465942383,147800,26.809999465942383
1/4/2019,25.639999389648438,26.56999969482422,25.5,26.510000228881836,167200,26.510000228881836
1/3/2019,24.969999313354492,25.959999084472656,24.790000915527344,25.1200008392334,302000,25.1200008392334
1/2/2019,23.770000457763672,25.600000381469727,23.770000457763672,25.229999542236328,230000,25.229999542236328
12/31/2018,24.5,24.899999618530273,24.15999984741211,24.34000015258789,238600,24.34000015258789
12/28/2018,24.799999237060547,24.975000381469727,24.190000534057617,24.540000915527344,165600,24.540000915527344
12/27/2018,23.809999465942383,24.75,23.788999557495117,24.75,167900,24.75
12/26/2018,22.950000762939453,24.350000381469727,22.770000457763672,24.31999969482422,204700,24.31999969482422
12/24/2018,22.889999389648438,23.530000686645508,22.56999969482422,22.860000610351562,129700,22.860000610351562
12/21/2018,23.1200008392334,23.770000457763672,22.93000030517578,23.110000610351562,803700,23.110000610351562
12/20/2018,23.709999084472656,24.079999923706055,23.045000076293945,23.1200008392334,219600,23.1200008392334
12/19/2018,24.770000457763672,25.09000015258789,23.610000610351562,23.81999969482422,207700,23.81999969482422
12/18/2018,24.010000228881836,25.100000381469727,23.915000915527344,24.739999771118164,199200,24.739999771118164
12/17/2018,24.690000534057617,25.18000030517578,23.829999923706055,23.959999084472656,390600,23.959999084472656
12/14/2018,24.889999389648438,25.389999389648438,24.739999771118164,24.84000015258789,177000,24.84000015258789
12/13/2018,26.079999923706055,26.200000762939453,25.209999084472656,25.260000228881836,164700,25.260000228881836
12/12/2018,26.899999618530273,27.040000915527344,26.010000228881836,26.049999237060547,192400,26.049999237060547
12/11/2018,26.010000228881836,26.889999389648438,25.360000610351562,26.43000030517578,219500,26.43000030517578
12/10/2018,25.329999923706055,25.5,24.790000915527344,25.31999969482422,116800,25.31999969482422
12/7/2018,25.8799991607666,26.43000030517578,25.1200008392334,25.139999389648438,150500,25.139999389648438
12/6/2018,26.059999465942383,26.34000015258789,25.260000228881836,25.8700008392334,184700,25.8700008392334
12/4/2018,29,29.020000457763672,26.479999542236328,26.579999923706055,231100,26.579999923706055
12/3/2018,28.950000762939453,29.950000762939453,28.510000228881836,29.020000457763672,185200,29.020000457763672
11/30/2018,27.920000076293945,28.770000457763672,27.920000076293945,28.709999084472656,193000,28.709999084472656
11/29/2018,27.530000686645508,28.270000457763672,27.479999542236328,28.139999389648438,126300,28.139999389648438
11/28/2018,26.920000076293945,27.790000915527344,26.520000457763672,27.780000686645508,147700,27.780000686645508
11/27/2018,26.610000610351562,26.979999542236328,26.18000030517578,26.8799991607666,130700,26.8799991607666
11/26/2018,26.670000076293945,27.360000610351562,26.440000534057617,26.90999984741211,189100,26.90999984741211
11/23/2018,27.139999389648438,27.3799991607666,26.40999984741211,26.489999771118164,73700,26.489999771118164
11/21/2018,27.290000915527344,27.850000381469727,27.290000915527344,27.600000381469727,71400,27.600000381469727
11/20/2018,27.260000228881836,27.40999984741211,26.76099967956543,27.06999969482422,157100,27.06999969482422
11/19/2018,27.219999313354492,27.899999618530273,27.18000030517578,27.649999618530273,228700,27.649999618530273
11/16/2018,26.68000030517578,27.469999313354492,26.68000030517578,27.3700008392334,197700,27.3700008392334
11/15/2018,26.25,26.979999542236328,26.09000015258789,26.81999969482422,174100,26.81999969482422
11/14/2018,27.15999984741211,27.350000381469727,26.209999084472656,26.459999084472656,171000,26.459999084472656
11/13/2018,26.799999237060547,27.274999618530273,26.68000030517578,26.81999969482422,158500,26.81999969482422
11/12/2018,27.100000381469727,27.219999313354492,26.6299991607666,26.719999313354492,192000,26.719999313354492
11/9/2018,27.6200008392334,28.058000564575195,27.030000686645508,27.200000762939453,205900,27.200000762939453
11/8/2018,28.510000228881836,28.510000228881836,27.719999313354492,27.84000015258789,122100,27.84000015258789
11/7/2018,27.559999465942383,28.610000610351562,27.09000015258789,28.59000015258789,217000,28.59000015258789
11/6/2018,26.520000457763672,27.809999465942383,26.43000030517578,27.450000762939453,181100,27.450000762939453
11/5/2018,25.260000228881836,27.15999984741211,25.260000228881836,26.829999923706055,345400,26.829999923706055
11/2/2018,27.059999465942383,28.8799991607666,22.84000015258789,25.309999465942383,923000,25.309999465942383
11/1/2018,28.020000457763672,29.489999771118164,28.020000457763672,29.450000762939453,298700,29.450000762939453
10/31/2018,28.239999771118164,28.36400032043457,27.700000762939453,27.739999771118164,141200,27.739999771118164
10/30/2018,27.5,27.8700008392334,27.270000457763672,27.81999969482422,117900,27.81999969482422
10/29/2018,27.950000762939453,28.174999237060547,27.1299991607666,27.530000686645508,241500,27.530000686645508
10/26/2018,27.43000030517578,27.790000915527344,26.989999771118164,27.469999313354492,177300,27.469999313354492
10/25/2018,27.149999618530273,27.950000762939453,26.8700008392334,27.790000915527344,183500,27.790000915527344
10/24/2018,28.299999237060547,28.6299991607666,26.889999389648438,26.969999313354492,177200,26.969999313354492
10/23/2018,28.809999465942383,28.809999465942383,28.040000915527344,28.360000610351562,224400,28.360000610351562
10/22/2018,29.600000381469727,29.93000030517578,29.25,29.3700008392334,115100,29.3700008392334
10/19/2018,29.579999923706055,29.979999542236328,29.139999389648438,29.489999771118164,114500,29.489999771118164
10/18/2018,30.610000610351562,30.799999237060547,29.59000015258789,29.6299991607666,141900,29.6299991607666
10/17/2018,31.299999237060547,31.299999237060547,30.579999923706055,30.860000610351562,122300,30.860000610351562
10/16/2018,31.1299991607666,31.34000015258789,30.75,31.309999465942383,110400,31.309999465942383
10/15/2018,30.59000015258789,31.3700008392334,30.479999542236328,30.979999542236328,142000,30.979999542236328
10/12/2018,31.18000030517578,31.40999984741211,30.459999084472656,30.6299991607666,148000,30.6299991607666
10/11/2018,31.5,32.11000061035156,30.670000076293945,30.709999084472656,190300,30.709999084472656
10/10/2018,32.88999938964844,32.88999938964844,31.700000762939453,31.860000610351562,183000,31.860000610351562
10/9/2018,32.849998474121094,33.27000045776367,32.58000183105469,32.70000076293945,185600,32.70000076293945
10/8/2018,33.08000183105469,33.84000015258789,32.970001220703125,33.029998779296875,121900,33.029998779296875
10/5/2018,33.52000045776367,33.9900016784668,32.7400016784668,33.13999938964844,181000,33.13999938964844
10/4/2018,33.27000045776367,33.69200134277344,33.22999954223633,33.52000045776367,106000,33.52000045776367
10/3/2018,33.33000183105469,33.880001068115234,33.099998474121094,33.56999969482422,144800,33.56999969482422
10/2/2018,33.2599983215332,33.5,33.150001525878906,33.279998779296875,105400,33.279998779296875
10/1/2018,34.119998931884766,34.439998626708984,32.97100067138672,33.189998626708984,189600,33.189998626708984
9/28/2018,33.86000061035156,34.439998626708984,33.86000061035156,33.95000076293945,261300,33.95000076293945
9/27/2018,34.189998626708984,34.349998474121094,33.849998474121094,34.09000015258789,139100,34.09000015258789
9/26/2018,34.97999954223633,35.130001068115234,34.20000076293945,34.2400016784668,161100,34.2400016784668
9/25/2018,35.16999816894531,35.630001068115234,35.0099983215332,35.060001373291016,150800,35.060001373291016
9/24/2018,34.529998779296875,35.189998626708984,34.529998779296875,35.13999938964844,116600,35.13999938964844
9/21/2018,35.43000030517578,35.68000030517578,34.83000183105469,34.86000061035156,327700,34.86000061035156
9/20/2018,34.779998779296875,35.43000030517578,34.779998779296875,35.400001525878906,113700,35.400001525878906
9/19/2018,34.459999084472656,35.290000915527344,34.32500076293945,34.529998779296875,261900,34.529998779296875
9/18/2018,34.5,35.08000183105469,34.150001525878906,34.400001525878906,297600,34.400001525878906
9/17/2018,34.5099983215332,34.599998474121094,33.7599983215332,34.5099983215332,201700,34.5099983215332
9/14/2018,33.529998779296875,34.560001373291016,33,34.349998474121094,371200,34.349998474121094
9/13/2018,35.02000045776367,35.130001068115234,33.459999084472656,33.529998779296875,285200,33.529998779296875
9/12/2018,34.97999954223633,35.20000076293945,34.8650016784668,34.900001525878906,152700,34.900001525878906
9/11/2018,35.13999938964844,35.209999084472656,34.540000915527344,34.91999816894531,143900,34.91999816894531
9/10/2018,34.91999816894531,35.18000030517578,34.79999923706055,35.0099983215332,169300,35.0099983215332
9/7/2018,35.16999816894531,35.16999816894531,34.4900016784668,34.709999084472656,177700,34.709999084472656
9/6/2018,34.41999816894531,35.900001525878906,34.41999816894531,35.34000015258789,679000,35.34000015258789
9/5/2018,33.88999938964844,34.709999084472656,33.810001373291016,34.4900016784668,375600,34.4900016784668
9/4/2018,33.86000061035156,34.060001373291016,33.369998931884766,34,269500,34
8/31/2018,33.400001525878906,34.040000915527344,33.2400016784668,33.84000015258789,376800,33.84000015258789
8/30/2018,33.61000061035156,33.88999938964844,33.112998962402344,33.59000015258789,160400,33.59000015258789
8/29/2018,33.88999938964844,34.099998474121094,33.54999923706055,33.7400016784668,120300,33.7400016784668
8/28/2018,34.099998474121094,34.29999923706055,33.810001373291016,33.95000076293945,101600,33.95000076293945
8/27/2018,33.75,34.439998626708984,33.55699920654297,34.099998474121094,185700,34.099998474121094
8/24/2018,33.060001373291016,33.709999084472656,33.060001373291016,33.619998931884766,124300,33.619998931884766
8/23/2018,33.29999923706055,33.380001068115234,32.650001525878906,33.060001373291016,134500,33.060001373291016
8/22/2018,33.310001373291016,33.58000183105469,33.04999923706055,33.220001220703125,111700,33.220001220703125
8/21/2018,33.150001525878906,33.810001373291016,33.150001525878906,33.36000061035156,145000,33.36000061035156
8/20/2018,32.29999923706055,33.540000915527344,32.29999923706055,33.11000061035156,172800,33.11000061035156
8/17/2018,33.04999923706055,33.207000732421875,32.290000915527344,32.31999969482422,248500,32.31999969482422
8/16/2018,33.369998931884766,33.47999954223633,32.900001525878906,33.150001525878906,267700,33.150001525878906
8/15/2018,33.88999938964844,33.9900016784668,32.95000076293945,33.11000061035156,225300,33.11000061035156
8/14/2018,33.95000076293945,34.349998474121094,33.790000915527344,34.20000076293945,153000,34.20000076293945
8/13/2018,33.939998626708984,34.290000915527344,33.689998626708984,33.90999984741211,200100,33.90999984741211
8/10/2018,34.52000045776367,35.0099983215332,33.939998626708984,34,209300,34
8/9/2018,34.52000045776367,35.3849983215332,34.52000045776367,35.34000015258789,169300,35.34000015258789
8/8/2018,34.349998474121094,34.56999969482422,33.599998474121094,34.439998626708984,281800,34.439998626708984
8/7/2018,34.56999969482422,34.900001525878906,34.09000015258789,34.40999984741211,298900,34.40999984741211
8/6/2018,36,36,33.54999923706055,34.560001373291016,429100,34.560001373291016
8/3/2018,40.9900016784668,41.45000076293945,36.25,36.38999938964844,322200,36.38999938964844
8/2/2018,39.310001373291016,40.20000076293945,39.220001220703125,39.810001373291016,269400,39.810001373291016
8/1/2018,40.5099983215332,40.689998626708984,39.060001373291016,39.70000076293945,273000,39.70000076293945
7/31/2018,39.38999938964844,40.540000915527344,39.29499816894531,40.470001220703125,231200,40.470001220703125
7/30/2018,39.400001525878906,40.380001068115234,39.20000076293945,39.29999923706055,86600,39.29999923706055
7/27/2018,40.5,40.5,39.290000915527344,39.45000076293945,85900,39.45000076293945
7/26/2018,39.099998474121094,40.310001373291016,38.814998626708984,40.22999954223633,123000,40.22999954223633
7/25/2018,38.95000076293945,39.220001220703125,38.290000915527344,39.18000030517578,108600,39.18000030517578
7/24/2018,39.02000045776367,39.5099983215332,38.77000045776367,38.9900016784668,128600,38.9900016784668
7/23/2018,38.9900016784668,39.04999923706055,38.54999923706055,38.689998626708984,72500,38.689998626708984
7/20/2018,39.9900016784668,39.9900016784668,39.029998779296875,39.119998931884766,111600,39.119998931884766
7/19/2018,39.060001373291016,40.11000061035156,38.7400016784668,40.08000183105469,247500,40.08000183105469
7/18/2018,38.279998779296875,39.209999084472656,38.279998779296875,39.209999084472656,204700,39.209999084472656
7/17/2018,37.880001068115234,38.63999938964844,37.880001068115234,38.31999969482422,115000,38.31999969482422
7/16/2018,38.380001068115234,38.380001068115234,37.529998779296875,37.9900016784668,104500,37.9900016784668
7/13/2018,38.5099983215332,38.97999954223633,38.35200119018555,38.40999984741211,255700,38.40999984741211
7/12/2018,38.47999954223633,38.790000915527344,37.83000183105469,38.4900016784668,248700,38.4900016784668
7/11/2018,38.119998931884766,38.34000015258789,37.66999816894531,38.25,149000,38.25
7/10/2018,38.529998779296875,39.220001220703125,38.29999923706055,38.56999969482422,102900,38.56999969482422
7/9/2018,37.72999954223633,38.47999954223633,37.400001525878906,38.40999984741211,120800,38.40999984741211
7/6/2018,37.36000061035156,37.90999984741211,37.1349983215332,37.58000183105469,108800,37.58000183105469
7/5/2018,38.11000061035156,38.40700149536133,37.290000915527344,37.5099983215332,138700,37.5099983215332
7/3/2018,37.900001525878906,38.310001373291016,37.650001525878906,37.779998779296875,54200,37.779998779296875
7/2/2018,36.33000183105469,37.77000045776367,36.20000076293945,37.77000045776367,132700,37.77000045776367
6/29/2018,36.77000045776367,37.52399826049805,36.61000061035156,36.630001068115234,198400,36.630001068115234
6/28/2018,36.65999984741211,36.93899917602539,36.220001220703125,36.650001525878906,139900,36.650001525878906
6/27/2018,37.93000030517578,38.52000045776367,36.58000183105469,36.619998931884766,144700,36.619998931884766
6/26/2018,37.349998474121094,38.09000015258789,37.22999954223633,37.900001525878906,102200,37.900001525878906
6/25/2018,38.16999816894531,38.16999816894531,37.18000030517578,37.33000183105469,107300,37.33000183105469
6/22/2018,38.369998931884766,38.59000015258789,37.90999984741211,38.33000183105469,325100,38.33000183105469
6/21/2018,38.900001525878906,38.979000091552734,37.91999816894531,38.0099983215332,150500,38.0099983215332
6/20/2018,39.709999084472656,39.709999084472656,38.77000045776367,38.93000030517578,173500,38.93000030517578
6/19/2018,40.22999954223633,40.22999954223633,38.93000030517578,39.56999969482422,105200,39.56999969482422
6/18/2018,40.36000061035156,41.03499984741211,39.9900016784668,40.70000076293945,204500,40.70000076293945
6/15/2018,40.54999923706055,40.810001373291016,40.209999084472656,40.77000045776367,223000,40.77000045776367
6/14/2018,41.189998626708984,41.2400016784668,40.2400016784668,40.529998779296875,191100,40.529998779296875
6/13/2018,40.459999084472656,41.08000183105469,40.2599983215332,40.91999816894531,183900,40.91999816894531
6/12/2018,40.119998931884766,40.63999938964844,39.90800094604492,40.45000076293945,193500,40.45000076293945
6/11/2018,39.540000915527344,40.13999938964844,39.35200119018555,40,99800,40
6/8/2018,39.58000183105469,40.220001220703125,39.25,39.619998931884766,359400,39.619998931884766
6/7/2018,39.130001068115234,39.6150016784668,38.66999816894531,39.439998626708984,256200,39.439998626708984
6/6/2018,38.400001525878906,39.040000915527344,38.400001525878906,39,111600,39
6/5/2018,38.11000061035156,38.70000076293945,38.02000045776367,38.400001525878906,116100,38.400001525878906
6/4/2018,37.4900016784668,38.18000030517578,37.04999923706055,38.150001525878906,175000,38.150001525878906
6/1/2018,36.81999969482422,37.400001525878906,36.81999969482422,37.36000061035156,156400,37.36000061035156
5/31/2018,37.41999816894531,37.650001525878906,36.5099983215332,36.5099983215332,222800,36.5099983215332
5/30/2018,37.59000015258789,38.33000183105469,37.5099983215332,37.529998779296875,176100,37.529998779296875
5/29/2018,37.4900016784668,38.16999816894531,37.2400016784668,37.349998474121094,232500,37.349998474121094
5/25/2018,38.099998474121094,38.18000030517578,37.69499969482422,37.95000076293945,89400,37.95000076293945
5/24/2018,38.59000015258789,38.7599983215332,38.20000076293945,38.25,114500,38.25
5/23/2018,38.869998931884766,38.8849983215332,38.2599983215332,38.7599983215332,118500,38.7599983215332
5/22/2018,39.59000015258789,39.59000015258789,38.880001068115234,38.900001525878906,147700,38.900001525878906
5/21/2018,39.279998779296875,39.810001373291016,38.96500015258789,39.43000030517578,169300,39.43000030517578
5/18/2018,38.2400016784668,39.439998626708984,37.88999938964844,39.0099983215332,294200,39.0099983215332
5/17/2018,37.720001220703125,38.34000015258789,37.38999938964844,38.09000015258789,230400,38.09000015258789
5/16/2018,37.54999923706055,38.060001373291016,37.45000076293945,37.7599983215332,216400,37.7599983215332
5/15/2018,37.43000030517578,37.880001068115234,37.099998474121094,37.52000045776367,267600,37.52000045776367
5/14/2018,36.93000030517578,37.84000015258789,36.93000030517578,37.70000076293945,249700,37.70000076293945
5/11/2018,37.27000045776367,37.553001403808594,37.040000915527344,37.11000061035156,167400,37.11000061035156
5/10/2018,36.959999084472656,37.66999816894531,36.959999084472656,37.40999984741211,282700,37.40999984741211
5/9/2018,35.529998779296875,37.06999969482422,35.43000030517578,37.02000045776367,268900,37.02000045776367
5/8/2018,34.150001525878906,35.29999923706055,34.12900161743164,35.119998931884766,286600,35.119998931884766
5/7/2018,36.56999969482422,36.56999969482422,33.81999969482422,34.29999923706055,407100,34.29999923706055
5/4/2018,36.47999954223633,36.97999954223633,35.22999954223633,36.310001373291016,266000,36.310001373291016
5/3/2018,36.720001220703125,36.939998626708984,35.650001525878906,36.29999923706055,164300,36.29999923706055
5/2/2018,36.45000076293945,37.4900016784668,36.29999923706055,36.790000915527344,236800,36.790000915527344
5/1/2018,35.68000030517578,36.5099983215332,35.04999923706055,36.439998626708984,214400,36.439998626708984
4/30/2018,36.79999923706055,37.459999084472656,35.79999923706055,35.81999969482422,161500,35.81999969482422
4/27/2018,38.13999938964844,38.41999816894531,36.66999816894531,36.72999954223633,124700,36.72999954223633
4/26/2018,37.540000915527344,38.61000061035156,36.970001220703125,38.13999938964844,550100,38.13999938964844
4/25/2018,36.54999923706055,37.38999938964844,36.2400016784668,37.34000015258789,125600,37.34000015258789
4/24/2018,38.099998474121094,38.15999984741211,36.08000183105469,36.54999923706055,110400,36.54999923706055
4/23/2018,37.5,38.029998779296875,37.060001373291016,37.90999984741211,535000,37.90999984741211
4/20/2018,37.290000915527344,37.66999816894531,36.95000076293945,37.5099983215332,115200,37.5099983215332
4/19/2018,37.86000061035156,37.86000061035156,37.060001373291016,37.43000030517578,108800,37.43000030517578
4/18/2018,37.56999969482422,38.380001068115234,37.2599983215332,37.959999084472656,537200,37.959999084472656
4/17/2018,36.72999954223633,37.650001525878906,36.34000015258789,37.31999969482422,476700,37.31999969482422
4/16/2018,35.52000045776367,36.79999923706055,35.099998474121094,36.540000915527344,277100,36.540000915527344
4/13/2018,35.68000030517578,35.70500183105469,34.88999938964844,35.08000183105469,139500,35.08000183105469
4/12/2018,35.459999084472656,35.900001525878906,34.560001373291016,35.540000915527344,633800,35.540000915527344
4/11/2018,36.08000183105469,36.08000183105469,35.040000915527344,35.599998474121094,364000,35.599998474121094
4/10/2018,35.7599983215332,36.369998931884766,35.439998626708984,36.119998931884766,315600,36.119998931884766
4/9/2018,36,36.31999969482422,35.220001220703125,35.2400016784668,349700,35.2400016784668
4/6/2018,36.06999969482422,36.599998474121094,35.099998474121094,35.65999984741211,261400,35.65999984741211
4/5/2018,35.06999969482422,36.7599983215332,34.790000915527344,36.45000076293945,271400,36.45000076293945
4/4/2018,34.0099983215332,34.959999084472656,33.75,34.7400016784668,235400,34.7400016784668
4/3/2018,33.880001068115234,34.900001525878906,33.65999984741211,34.72999954223633,289600,34.72999954223633
4/2/2018,34.689998626708984,34.790000915527344,33.2599983215332,33.709999084472656,191300,33.709999084472656
3/29/2018,33.68000030517578,34.95000076293945,33.68000030517578,34.779998779296875,338600,34.779998779296875
3/28/2018,33.880001068115234,34.04999923706055,33.150001525878906,33.599998474121094,335900,33.599998474121094
3/27/2018,35,35.08000183105469,33.685001373291016,33.939998626708984,167900,33.939998626708984
3/26/2018,34.72999954223633,34.92499923706055,34.29999923706055,34.7599983215332,265100,34.7599983215332
3/23/2018,35.369998931884766,35.779998779296875,34.060001373291016,34.06999969482422,279000,34.06999969482422
3/22/2018,36.310001373291016,36.72999954223633,35.130001068115234,35.2599983215332,248100,35.2599983215332
3/21/2018,36.52000045776367,37.349998474121094,36.04100036621094,36.720001220703125,139500,36.720001220703125
3/20/2018,36.279998779296875,36.849998474121094,35.79999923706055,36.58000183105469,450500,36.58000183105469
3/19/2018,36.970001220703125,37.439998626708984,35.86000061035156,36.209999084472656,268600,36.209999084472656
3/16/2018,36.470001220703125,37.0099983215332,36.15999984741211,36.970001220703125,497300,36.970001220703125
3/15/2018,36.13999938964844,36.970001220703125,35.5099983215332,36.4900016784668,450800,36.4900016784668
3/14/2018,41.880001068115234,42.189998626708984,35.279998779296875,36.06999969482422,985700,36.06999969482422
3/13/2018,43.9900016784668,44.099998474121094,42.13999938964844,42.189998626708984,453600,42.189998626708984
3/12/2018,44.0099983215332,44.42900085449219,43.369998931884766,43.900001525878906,334600,43.900001525878906
3/9/2018,42.810001373291016,43.86000061035156,42.11000061035156,43.810001373291016,287200,43.810001373291016
3/8/2018,43.66999816894531,43.66999816894531,42.220001220703125,42.45000076293945,97900,42.45000076293945
3/7/2018,42.81999969482422,43.83000183105469,42.02000045776367,43.59000015258789,383900,43.59000015258789
3/6/2018,42.209999084472656,43.849998474121094,41.630001068115234,43.09000015258789,414600,43.09000015258789
3/5/2018,41.970001220703125,42.47999954223633,41.349998474121094,42.02000045776367,252200,42.02000045776367
3/2/2018,41.68000030517578,42.709999084472656,41.22999954223633,42.36000061035156,191700,42.36000061035156
3/1/2018,41.4900016784668,42.25,40.86000061035156,42.04999923706055,231700,42.04999923706055
2/28/2018,42,42.810001373291016,41.33000183105469,41.349998474121094,235200,41.349998474121094
2/27/2018,40.77000045776367,42.90999984741211,40.77000045776367,41.97999954223633,378400,41.97999954223633
2/26/2018,43,43.04999923706055,39.189998626708984,40.54999923706055,341500,40.54999923706055
2/23/2018,40.5,43.290000915527344,39.5,42.81999969482422,326200,42.81999969482422
2/22/2018,38.779998779296875,39.66999816894531,38.630001068115234,38.79999923706055,196800,38.79999923706055
2/21/2018,39.029998779296875,39.47999954223633,38.540000915527344,38.54999923706055,120800,38.54999923706055
2/20/2018,38.060001373291016,39.439998626708984,38.060001373291016,38.88999938964844,225600,38.88999938964844
2/16/2018,38.29999923706055,38.88999938964844,38.2400016784668,38.349998474121094,343300,38.349998474121094
2/15/2018,37.970001220703125,38.439998626708984,36.8120002746582,38.400001525878906,453700,38.400001525878906
2/14/2018,36.34000015258789,37.75299835205078,36.34000015258789,37.54999923706055,180400,37.54999923706055
2/13/2018,36.25,36.97999954223633,36.099998474121094,36.65999984741211,150200,36.65999984741211
2/12/2018,35.099998474121094,36.709999084472656,34.93000030517578,36.5099983215332,230500,36.5099983215332
2/9/2018,35.58000183105469,35.970001220703125,33.709999084472656,34.93000030517578,387200,34.93000030517578
2/8/2018,37.150001525878906,37.41999816894531,35.18000030517578,35.18000030517578,193100,35.18000030517578
2/7/2018,37.290000915527344,37.81999969482422,36.65999984741211,37.18000030517578,347500,37.18000030517578
2/6/2018,36.11000061035156,38.029998779296875,35.529998779296875,37.31999969482422,466700,37.31999969482422
2/5/2018,37.84000015258789,38.869998931884766,37.0099983215332,37.040000915527344,252000,37.040000915527344
2/2/2018,40.13999938964844,40.2400016784668,38.14500045776367,38.29999923706055,651800,38.29999923706055
2/1/2018,39.220001220703125,40.36000061035156,39.16999816894531,40.279998779296875,322900,40.279998779296875
1/31/2018,40.689998626708984,40.715999603271484,38.81999969482422,39.459999084472656,343900,39.459999084472656
1/30/2018,40.290000915527344,40.63999938964844,40.000999450683594,40.41999816894531,248600,40.41999816894531
1/29/2018,40.5,41.18000030517578,40.130001068115234,40.88999938964844,219900,40.88999938964844
1/26/2018,39.86000061035156,40.81999969482422,39.529998779296875,40.529998779296875,574000,40.529998779296875
1/25/2018,39.5,39.970001220703125,39,39.619998931884766,397400,39.619998931884766
1/24/2018,39.09000015258789,39.39500045776367,38.27000045776367,39.119998931884766,312500,39.119998931884766
1/23/2018,38.189998626708984,39.29999923706055,38.0099983215332,39.060001373291016,247100,39.060001373291016
1/22/2018,38.79999923706055,38.79999923706055,37.81999969482422,38.380001068115234,228400,38.380001068115234
1/19/2018,38.599998474121094,39.369998931884766,38.4900016784668,38.86000061035156,294100,38.86000061035156
1/18/2018,39.5,39.95000076293945,38.029998779296875,38.7599983215332,477400,38.7599983215332
1/17/2018,42.790000915527344,43.34000015258789,39.63999938964844,39.97999954223633,798100,39.97999954223633
1/16/2018,43.939998626708984,44.439998626708984,42.91999816894531,43.459999084472656,247500,43.459999084472656
1/12/2018,43.189998626708984,43.959999084472656,42.95000076293945,43.810001373291016,180700,43.810001373291016
1/11/2018,41.40999984741211,43.15999984741211,41.020999908447266,43.150001525878906,252500,43.150001525878906
1/10/2018,41.16999816894531,41.4900016784668,40.599998474121094,41.25,283300,41.25
1/9/2018,42.43000030517578,42.63999938964844,41.31999969482422,41.31999969482422,172200,41.31999969482422
1/8/2018,42.91999816894531,42.91999816894531,42.04999923706055,42.310001373291016,346800,42.310001373291016
1/5/2018,43.29999923706055,43.630001068115234,42.68000030517578,43.08000183105469,159800,43.08000183105469
1/4/2018,43.56999969482422,43.91999816894531,43.130001068115234,43.27000045776367,124300,43.27000045776367
1/3/2018,42.52000045776367,43.54999923706055,42.34299850463867,43.25,215400,43.25
1/2/2018,42.5099983215332,42.85499954223633,41.91999816894531,42.599998474121094,190900,42.599998474121094
12/29/2017,42.810001373291016,42.810001373291016,42,42.06999969482422,248600,42.06999969482422
12/28/2017,43.08000183105469,43.21500015258789,42.5099983215332,42.63999938964844,110000,42.63999938964844
12/27/2017,42.75,43.56999969482422,42.52000045776367,43.09000015258789,267700,43.09000015258789
12/26/2017,42.86000061035156,42.86000061035156,42.5,42.72999954223633,112600,42.72999954223633
12/22/2017,42.81999969482422,43.04499816894531,42.369998931884766,42.810001373291016,111000,42.810001373291016
12/21/2017,42.66999816894531,42.90999984741211,41.763999938964844,42.68000030517578,146200,42.68000030517578
12/20/2017,42.310001373291016,42.875,42.08000183105469,42.56999969482422,281800,42.56999969482422
12/19/2017,42.869998931884766,43.15999984741211,41.79999923706055,42.15999984741211,243300,42.15999984741211
12/18/2017,41.529998779296875,43.88999938964844,41.279998779296875,43.11000061035156,359300,43.11000061035156
12/15/2017,39.93000030517578,41.27000045776367,39.900001525878906,41.08000183105469,613200,41.08000183105469
12/14/2017,40.880001068115234,41.06999969482422,39.279998779296875,39.63999938964844,216700,39.63999938964844
12/13/2017,40.41999816894531,41.630001068115234,40.2400016784668,41.04999923706055,221900,41.04999923706055
12/12/2017,39.959999084472656,41.099998474121094,39.959999084472656,40.63999938964844,334000,40.63999938964844
12/11/2017,40.15999984741211,40.709999084472656,39.720001220703125,39.970001220703125,164200,39.970001220703125
12/8/2017,40.5099983215332,40.849998474121094,40.09000015258789,40.209999084472656,123900,40.209999084472656
12/7/2017,39.95000076293945,40.79499816894531,39.95000076293945,40.34000015258789,284600,40.34000015258789
12/6/2017,40.040000915527344,40.18000030517578,39.33100128173828,39.95000076293945,334400,39.95000076293945
12/5/2017,39.91999816894531,41.16999816894531,39.43000030517578,40.290000915527344,206900,40.290000915527344
12/4/2017,41.7599983215332,42.83000183105469,39.849998474121094,39.959999084472656,369200,39.959999084472656
12/1/2017,43.27000045776367,43.66999816894531,40.439998626708984,41.040000915527344,479400,41.040000915527344
11/30/2017,42.86000061035156,43.220001220703125,42.375,43.04999923706055,248900,43.04999923706055
11/29/2017,43.779998779296875,44.06999969482422,42.52000045776367,42.81999969482422,164200,42.81999969482422
11/28/2017,42.29999923706055,43.79999923706055,42.24100112915039,43.709999084472656,186200,43.709999084472656
11/27/2017,42.7599983215332,42.81999969482422,42.15999984741211,42.36000061035156,151200,42.36000061035156
11/24/2017,43.02000045776367,43.17599868774414,42.599998474121094,42.9900016784668,50600,42.9900016784668
11/22/2017,43.310001373291016,43.5,42.7599983215332,42.810001373291016,114800,42.810001373291016
11/21/2017,41.97999954223633,43.7599983215332,41.97999954223633,43.40999984741211,241400,43.40999984741211
11/20/2017,42.880001068115234,43.16999816894531,42.119998931884766,42.349998474121094,206500,42.349998474121094
11/17/2017,42.40999984741211,43.130001068115234,42.11000061035156,42.790000915527344,150700,42.790000915527344
11/16/2017,41.599998474121094,43,41.59000015258789,42.68000030517578,230800,42.68000030517578
11/15/2017,42.400001525878906,42.56999969482422,41.43000030517578,41.59000015258789,430800,41.59000015258789
11/14/2017,43.08000183105469,43.880001068115234,42.2599983215332,42.77000045776367,236100,42.77000045776367
11/13/2017,42.310001373291016,43.77000045776367,42.189998626708984,43.150001525878906,411700,43.150001525878906
11/10/2017,41.18000030517578,42.77000045776367,41.18000030517578,42.22999954223633,293500,42.22999954223633
11/9/2017,41.88999938964844,42,40.90999984741211,41.380001068115234,253300,41.380001068115234
11/8/2017,42.79999923706055,42.79999923706055,41.4900016784668,42.459999084472656,336800,42.459999084472656
11/7/2017,45.5,45.891998291015625,39.52000045776367,42.779998779296875,769400,42.779998779296875
11/6/2017,44.22999954223633,45.880001068115234,44.22999954223633,45.52000045776367,259200,45.52000045776367
11/3/2017,44.349998474121094,44.54100036621094,43.27000045776367,44.2400016784668,263400,44.2400016784668
11/2/2017,44.41999816894531,44.9900016784668,43.72800064086914,44.650001525878906,292200,44.650001525878906
11/1/2017,46.38999938964844,46.5,43.68000030517578,44.18000030517578,392700,44.18000030517578
10/31/2017,44.2599983215332,46.5099983215332,44.1150016784668,46.27000045776367,793100,46.27000045776367
10/30/2017,44.619998931884766,44.849998474121094,44.04999923706055,44.29999923706055,406900,44.29999923706055
10/27/2017,44.77000045776367,45.209999084472656,44.459999084472656,44.86000061035156,122800,44.86000061035156
10/26/2017,45.279998779296875,45.529998779296875,44.439998626708984,44.869998931884766,201400,44.869998931884766
10/25/2017,44.349998474121094,45.2599983215332,43.939998626708984,45.16999816894531,220800,45.16999816894531
10/24/2017,43.93000030517578,44.619998931884766,43.91999816894531,44.209999084472656,216000,44.209999084472656
10/23/2017,43.65999984741211,44.20000076293945,43.53099822998047,43.93000030517578,319500,43.93000030517578
10/20/2017,44.54999923706055,44.90999984741211,43.689998626708984,44.04999923706055,295600,44.04999923706055
10/19/2017,44.0099983215332,44.15999984741211,42.779998779296875,44.09000015258789,204200,44.09000015258789
10/18/2017,44.33000183105469,44.599998474121094,43.869998931884766,44.54999923706055,267400,44.54999923706055
10/17/2017,44.5,44.56999969482422,43.86000061035156,44.34000015258789,245800,44.34000015258789
10/16/2017,44,44.7599983215332,43.75,44.720001220703125,250400,44.720001220703125
10/13/2017,44.43000030517578,44.560001373291016,43.31999969482422,43.58000183105469,610400,43.58000183105469
10/12/2017,44.18000030517578,44.65999984741211,43.93000030517578,44.20000076293945,310700,44.20000076293945
10/11/2017,44.33000183105469,44.650001525878906,44.0099983215332,44.279998779296875,236600,44.279998779296875
10/10/2017,45.25,45.25,43.02000045776367,44.09000015258789,348700,44.09000015258789
10/9/2017,43.25,45.540000915527344,43.25,44.86000061035156,441400,44.86000061035156
10/6/2017,42.79999923706055,43.310001373291016,41.810001373291016,43.15999984741211,331500,43.15999984741211
10/5/2017,41.939998626708984,42.11000061035156,41.43000030517578,41.79999923706055,230300,41.79999923706055
10/4/2017,41.650001525878906,42.20500183105469,41.31999969482422,41.70000076293945,464500,41.70000076293945
10/3/2017,40.93000030517578,41.22999954223633,40.349998474121094,41.22999954223633,353000,41.22999954223633
10/2/2017,40.150001525878906,41.459999084472656,39.91999816894531,40.869998931884766,456100,40.869998931884766
9/29/2017,39.79999923706055,40.13999938964844,39.439998626708984,39.75,346000,39.75
9/28/2017,39.560001373291016,40,39.525001525878906,39.650001525878906,221800,39.650001525878906
9/27/2017,39.95000076293945,40.20000076293945,39.029998779296875,39.560001373291016,467000,39.560001373291016
9/26/2017,39.11000061035156,40.34000015258789,39.11000061035156,39.790000915527344,263000,39.790000915527344
9/25/2017,39.040000915527344,39.7599983215332,38.68000030517578,38.939998626708984,219400,38.939998626708984
9/22/2017,38.13999938964844,38.97999954223633,38.08000183105469,38.91999816894531,164300,38.91999816894531
9/21/2017,37.720001220703125,38.880001068115234,37.58000183105469,38.150001525878906,182100,38.150001525878906
9/20/2017,37.880001068115234,38.04999923706055,37.349998474121094,37.72999954223633,213800,37.72999954223633
9/19/2017,37.77000045776367,37.939998626708984,37.13999938964844,37.66999816894531,221700,37.66999816894531
9/18/2017,36.86000061035156,37.74599838256836,36.599998474121094,37.5,185500,37.5
9/15/2017,36.2400016784668,36.75,36.029998779296875,36.54999923706055,370100,36.54999923706055
9/14/2017,34.5,36.25,34.5,36.189998626708984,238700,36.189998626708984
9/13/2017,34.45000076293945,34.78099822998047,34.34000015258789,34.63999938964844,126300,34.63999938964844
9/12/2017,34.27000045776367,34.64799880981445,34.099998474121094,34.40999984741211,79200,34.40999984741211
9/11/2017,34.70000076293945,34.790000915527344,33.95000076293945,34.16999816894531,150300,34.16999816894531
9/8/2017,34.20000076293945,34.63999938964844,33.900001525878906,34.43000030517578,129400,34.43000030517578
9/7/2017,33.02000045776367,34.41999816894531,32.970001220703125,34.38999938964844,248300,34.38999938964844
9/6/2017,32.90999984741211,33.25,32.59000015258789,32.959999084472656,182000,32.959999084472656
9/5/2017,32.84000015258789,33.459999084472656,32.08000183105469,32.380001068115234,191500,32.380001068115234
9/1/2017,32,32.79999923706055,31.780000686645508,32.79999923706055,123600,32.79999923706055
8/31/2017,31.530000686645508,32.20000076293945,31.40999984741211,31.93000030517578,176600,31.93000030517578
8/30/2017,31.020000457763672,31.65999984741211,30.950000762939453,31.420000076293945,85600,31.420000076293945
8/29/2017,30.610000610351562,31.440000534057617,30.559999465942383,31.170000076293945,155500,31.170000076293945
8/28/2017,30.979999542236328,31.139999389648438,30.649999618530273,31.010000228881836,108400,31.010000228881836
8/25/2017,30.8700008392334,31.079999923706055,30.450000762939453,30.920000076293945,91500,30.920000076293945
8/24/2017,30.93000030517578,31.1200008392334,30.360000610351562,30.670000076293945,125400,30.670000076293945
8/23/2017,31.079999923706055,31.350000381469727,30.520000457763672,30.770000457763672,202700,30.770000457763672
8/22/2017,31,31.56999969482422,30.729999542236328,31.299999237060547,161000,31.299999237060547
8/21/2017,31.010000228881836,31.190000534057617,30.6299991607666,30.780000686645508,108000,30.780000686645508
8/18/2017,30.59000015258789,31.309999465942383,30.325000762939453,31.110000610351562,205400,31.110000610351562
8/17/2017,31.6200008392334,32.11199951171875,30.93000030517578,30.969999313354492,141000,30.969999313354492
8/16/2017,32.060001373291016,32.558998107910156,31.540000915527344,31.8700008392334,141500,31.8700008392334
8/15/2017,32.290000915527344,32.369998931884766,31.3700008392334,32.040000915527344,169600,32.040000915527344
8/14/2017,32.099998474121094,32.3489990234375,31.6299991607666,32.220001220703125,161800,32.220001220703125
8/11/2017,30.530000686645508,32.06999969482422,29.549999237060547,31.809999465942383,223500,31.809999465942383
8/10/2017,34.290000915527344,34.400001525878906,30.5,30.780000686645508,577200,30.780000686645508
8/9/2017,33.34000015258789,33.58000183105469,33.099998474121094,33.36000061035156,184200,33.36000061035156
8/8/2017,33.29999923706055,33.84000015258789,33.13999938964844,33.38999938964844,169800,33.38999938964844
8/7/2017,33.20000076293945,33.97999954223633,33.11000061035156,33.5,385200,33.5
8/4/2017,33.81999969482422,33.900001525878906,33.189998626708984,33.33000183105469,240900,33.33000183105469
8/3/2017,34.099998474121094,34.262001037597656,33.34000015258789,33.790000915527344,156700,33.790000915527344
8/2/2017,33.9900016784668,34.33000183105469,33.5,34.13999938964844,172200,34.13999938964844
8/1/2017,33.54999923706055,33.900001525878906,33.040000915527344,33.84000015258789,142400,33.84000015258789
7/31/2017,34.22999954223633,34.22999954223633,33.310001373291016,33.47999954223633,155800,33.47999954223633
7/28/2017,33.97999954223633,34.290000915527344,33.7400016784668,34.27000045776367,90200,34.27000045776367
7/27/2017,34.27000045776367,34.470001220703125,33.650001525878906,34,124600,34
7/26/2017,34.59000015258789,34.689998626708984,33.68000030517578,34.130001068115234,149400,34.130001068115234
7/25/2017,34.61000061035156,34.86000061035156,34.29999923706055,34.5,161700,34.5
7/24/2017,33.880001068115234,34.36000061035156,33.560001373291016,34.11000061035156,191600,34.11000061035156
7/21/2017,34.27000045776367,34.34000015258789,33.56999969482422,33.91999816894531,202500,33.91999816894531
7/20/2017,34.61000061035156,34.61000061035156,33.8120002746582,33.97999954223633,246900,33.97999954223633
7/19/2017,34.27000045776367,34.869998931884766,34.06999969482422,34.7400016784668,271200,34.7400016784668
7/18/2017,34.220001220703125,34.34000015258789,33.45000076293945,34.040000915527344,265800,34.040000915527344
7/17/2017,33.47999954223633,34.38999938964844,33.125,34.290000915527344,245300,34.290000915527344
7/14/2017,33.41999816894531,33.79100036621094,33.27000045776367,33.439998626708984,179500,33.439998626708984
7/13/2017,32.970001220703125,33.45000076293945,32.4900016784668,33.45000076293945,149100,33.45000076293945
7/12/2017,33.2599983215332,33.56999969482422,32.790000915527344,33.130001068115234,210600,33.130001068115234
7/11/2017,32.849998474121094,33.244998931884766,32.09000015258789,33.22999954223633,233700,33.22999954223633
7/10/2017,33.09000015258789,33.349998474121094,32.38199996948242,33.040000915527344,339000,33.040000915527344
7/7/2017,32.560001373291016,33.25,32.290000915527344,33.18000030517578,235500,33.18000030517578
7/6/2017,32.09000015258789,32.880001068115234,31.950000762939453,32.349998474121094,293500,32.349998474121094
7/5/2017,31.479999542236328,32.20000076293945,30.850000381469727,32.08000183105469,310100,32.08000183105469
7/3/2017,31.100000381469727,31.700000762939453,30.920000076293945,31.450000762939453,133500,31.450000762939453
6/30/2017,31.920000076293945,32.2599983215332,30.899999618530273,31.239999771118164,342100,31.239999771118164
6/29/2017,32.56999969482422,33.20000076293945,31.84000015258789,31.920000076293945,269600,31.920000076293945
6/28/2017,31.440000534057617,32.95000076293945,31.399999618530273,32.36000061035156,362300,32.36000061035156
6/27/2017,32.849998474121094,33.369998931884766,30.979999542236328,31.209999084472656,597500,31.209999084472656
6/26/2017,33.31999969482422,33.66999816894531,32.560001373291016,32.7599983215332,389000,32.7599983215332
6/23/2017,30.530000686645508,33.54999923706055,30.466999053955078,32.849998474121094,2904700,32.849998474121094
6/22/2017,29.549999237060547,30.219999313354492,29.239999771118164,30.020000457763672,217200,30.020000457763672
6/21/2017,30.1200008392334,30.674999237060547,29.510000228881836,29.700000762939453,194700,29.700000762939453
6/20/2017,30.06999969482422,30.4950008392334,29.639999389648438,30.06999969482422,213300,30.06999969482422
6/19/2017,29.479999542236328,30.329999923706055,29.479999542236328,30.110000610351562,171800,30.110000610351562
6/16/2017,29.15999984741211,29.540000915527344,28.8700008392334,29.440000534057617,256800,29.440000534057617
6/15/2017,29.350000381469727,30.040000915527344,29.110000610351562,29.34000015258789,212500,29.34000015258789
6/14/2017,30.200000762939453,30.295000076293945,28.829999923706055,29.709999084472656,324000,29.709999084472656
6/13/2017,29.309999465942383,30.5,29.309999465942383,30.209999084472656,290400,30.209999084472656
6/12/2017,30.209999084472656,30.209999084472656,29.31999969482422,29.31999969482422,391200,29.31999969482422
6/9/2017,28.989999771118164,30.8700008392334,28.964000701904297,29.979999542236328,331600,29.979999542236328
6/8/2017,28.75,29.139999389648438,28.600000381469727,29.049999237060547,166400,29.049999237060547
6/7/2017,29.3700008392334,29.46500015258789,28.700000762939453,28.75,103200,28.75
6/6/2017,28.940000534057617,29.520000457763672,28.64699935913086,29.420000076293945,179200,29.420000076293945
6/5/2017,28.649999618530273,29.149999618530273,28.600000381469727,29.06999969482422,361300,29.06999969482422
6/2/2017,28.729999542236328,29.13599967956543,28.479999542236328,28.559999465942383,188200,28.559999465942383
6/1/2017,28.860000610351562,29.75,28.75,28.790000915527344,177900,28.790000915527344
5/31/2017,28.850000381469727,28.950000762939453,27.93000030517578,28.770000457763672,304900,28.770000457763672
5/30/2017,29.469999313354492,29.56999969482422,28.520000457763672,28.950000762939453,306800,28.950000762939453
5/26/2017,29.860000610351562,30.09000015258789,29.1200008392334,29.420000076293945,185300,29.420000076293945
5/25/2017,30.219999313354492,30.3799991607666,30.030000686645508,30.1200008392334,178700,30.1200008392334
5/24/2017,30.34000015258789,30.889999389648438,30.06100082397461,30.209999084472656,237900,30.209999084472656
5/23/2017,29.860000610351562,30.579999923706055,29.420000076293945,30.299999237060547,226500,30.299999237060547
5/22/2017,30.399999618530273,30.670000076293945,29.670000076293945,29.739999771118164,642400,29.739999771118164
5/19/2017,29.850000381469727,30.65999984741211,29.559999465942383,30.270000457763672,506900,30.270000457763672
5/18/2017,30.8799991607666,31.1299991607666,29.459999084472656,29.65999984741211,403300,29.65999984741211
5/17/2017,30.6200008392334,31.209999084472656,30.459999084472656,30.729999542236328,384900,30.729999542236328
5/16/2017,31.200000762939453,31.3799991607666,30.440000534057617,30.6200008392334,550300,30.6200008392334
5/15/2017,31.43000030517578,32.849998474121094,31.25,31.43000030517578,480600,31.43000030517578
5/12/2017,28.950000762939453,31.8700008392334,28.81999969482422,31.139999389648438,688100,31.139999389648438
5/11/2017,27.610000610351562,29.65999984741211,27.610000610351562,28.969999313354492,948900,28.969999313354492
5/10/2017,26.81999969482422,27.56100082397461,26.809999465942383,26.940000534057617,207100,26.940000534057617
5/9/2017,26.579999923706055,27.145000457763672,26.540000915527344,26.899999618530273,164300,26.899999618530273
5/8/2017,27.280000686645508,27.469999313354492,26.450000762939453,26.579999923706055,198700,26.579999923706055
5/5/2017,26.899999618530273,27.540000915527344,26.75,27.469999313354492,212200,27.469999313354492
5/4/2017,27.190000534057617,27.200000762939453,26.6200008392334,26.799999237060547,175400,26.799999237060547
5/3/2017,27.170000076293945,27.479999542236328,26.764999389648438,27.190000534057617,195500,27.190000534057617
5/2/2017,27.389999389648438,27.577999114990234,26.979999542236328,27.3700008392334,197000,27.3700008392334
5/1/2017,27.34000015258789,27.809999465942383,27.049999237060547,27.440000534057617,296600,27.440000534057617
4/28/2017,25.889999389648438,27.290000915527344,25.889999389648438,27.260000228881836,334500,27.260000228881836
4/27/2017,26.56999969482422,26.56999969482422,26,26.049999237060547,135300,26.049999237060547
4/26/2017,26.020000457763672,26.780000686645508,25.989999771118164,26.700000762939453,216300,26.700000762939453
4/25/2017,25.6299991607666,26.40999984741211,25.450000762939453,26.149999618530273,248900,26.149999618530273
4/24/2017,25.389999389648438,25.784000396728516,25.010000228881836,25.360000610351562,156100,25.360000610351562
4/21/2017,25.1299991607666,25.43000030517578,25.030000686645508,25.15999984741211,122200,25.15999984741211
4/20/2017,24.850000381469727,25.530000686645508,24.850000381469727,25.1299991607666,132800,25.1299991607666
4/19/2017,25.229999542236328,25.59000015258789,24.850000381469727,24.90999984741211,140300,24.90999984741211
4/18/2017,25.190000534057617,25.420000076293945,24.719999313354492,25.18000030517578,187600,25.18000030517578
4/17/2017,25.25,25.6200008392334,25.200000762939453,25.290000915527344,93600,25.290000915527344
4/13/2017,25.799999237060547,26.25,25.200000762939453,25.239999771118164,141900,25.239999771118164
4/12/2017,27.040000915527344,27.049999237060547,25.8700008392334,25.950000762939453,246800,25.950000762939453
4/11/2017,26.899999618530273,27.389999389648438,26.56999969482422,27.329999923706055,126600,27.329999923706055
4/10/2017,26.770000457763672,27.316999435424805,26.670000076293945,26.969999313354492,124200,26.969999313354492
4/7/2017,26.06999969482422,27.549999237060547,25.945999145507812,26.8799991607666,226400,26.8799991607666
4/6/2017,25.639999389648438,26.15999984741211,25.200000762939453,26.059999465942383,198200,26.059999465942383
4/5/2017,26.110000610351562,26.450000762939453,25.280000686645508,25.59000015258789,136500,25.59000015258789
4/4/2017,25.8799991607666,26,25.344999313354492,25.940000534057617,214000,25.940000534057617
4/3/2017,27.030000686645508,27.100000381469727,25.6299991607666,26.110000610351562,286600,26.110000610351562
3/31/2017,27.530000686645508,27.770000457763672,27.110000610351562,27.31999969482422,158500,27.31999969482422
3/30/2017,26.459999084472656,27.540000915527344,26.389999389648438,27.420000076293945,177400,27.420000076293945
3/29/2017,26.56999969482422,26.670000076293945,26.18000030517578,26.540000915527344,129800,26.540000915527344
3/28/2017,26.100000381469727,26.649999618530273,25.979999542236328,26.56999969482422,142100,26.56999969482422
3/27/2017,26.09000015258789,26.299999237060547,25.761999130249023,26.049999237060547,181600,26.049999237060547
3/24/2017,26.81999969482422,27.100000381469727,26.399999618530273,26.530000686645508,131200,26.530000686645508
3/23/2017,25.950000762939453,27.020000457763672,25.780000686645508,26.729999542236328,190800,26.729999542236328
3/22/2017,26.290000915527344,26.350000381469727,25.43400001525879,25.979999542236328,217000,25.979999542236328
3/21/2017,27.5,27.5,26.170000076293945,26.520000457763672,202800,26.520000457763672
3/20/2017,26.510000228881836,27.530000686645508,26.27400016784668,27.420000076293945,167000,27.420000076293945
3/17/2017,26.520000457763672,26.690000534057617,26.059999465942383,26.459999084472656,496200,26.459999084472656
3/16/2017,26.700000762939453,26.799999237060547,26.270000457763672,26.34000015258789,99300,26.34000015258789
3/15/2017,26.3700008392334,26.770000457763672,26,26.5,323400,26.5
3/14/2017,26.739999771118164,26.739999771118164,26.149999618530273,26.309999465942383,114800,26.309999465942383
3/13/2017,26.110000610351562,27.1299991607666,26.110000610351562,26.90999984741211,127900,26.90999984741211
3/10/2017,25.93000030517578,26.263999938964844,25.760000228881836,26.100000381469727,153200,26.100000381469727
3/9/2017,26.25,26.780000686645508,25.53499984741211,25.81999969482422,205700,25.81999969482422
3/8/2017,26.899999618530273,27.030000686645508,26.280000686645508,26.3799991607666,166200,26.3799991607666
3/7/2017,27.139999389648438,27.65999984741211,26.5,26.90999984741211,274500,26.90999984741211
3/6/2017,29.25,29.25,27.219999313354492,27.31999969482422,381000,27.31999969482422
3/3/2017,26.799999237060547,30.100000381469727,26.700000762939453,28.969999313354492,442100,28.969999313354492
3/2/2017,28.309999465942383,28.325000762939453,26.93000030517578,26.969999313354492,418500,26.969999313354492
3/1/2017,27.709999084472656,28.989999771118164,27.40999984741211,28.40999984741211,243500,28.40999984741211
2/28/2017,27.8799991607666,28.059999465942383,27.229999542236328,27.280000686645508,184300,27.280000686645508
2/27/2017,27.5,28.61400032043457,27.4950008392334,27.8700008392334,250400,27.8700008392334
2/24/2017,26.5,27.690000534057617,26.209999084472656,27.479999542236328,272200,27.479999542236328
2/23/2017,28.270000457763672,28.329999923706055,26.639999389648438,26.719999313354492,260200,26.719999313354492
2/22/2017,29.559999465942383,29.700000762939453,28.030000686645508,28.079999923706055,392500,28.079999923706055
2/21/2017,29.25,30.209999084472656,29.25,29.6200008392334,287500,29.6200008392334
2/17/2017,28.579999923706055,29.34000015258789,28.051000595092773,29.229999542236328,241200,29.229999542236328
2/16/2017,28,28.5,27.549999237060547,28.450000762939453,151400,28.450000762939453
2/15/2017,26.479999542236328,28.549999237060547,26.360000610351562,27.84000015258789,309300,27.84000015258789
2/14/2017,26.5,26.757999420166016,26.09000015258789,26.549999237060547,121500,26.549999237060547
2/13/2017,26.520000457763672,26.715999603271484,26.079999923706055,26.360000610351562,147100,26.360000610351562
2/10/2017,25.8799991607666,26.860000610351562,25.09000015258789,26.079999923706055,342600,26.079999923706055
2/9/2017,24.600000381469727,26.3799991607666,24.600000381469727,25.690000534057617,251400,25.690000534057617
2/8/2017,24.950000762939453,24.950000762939453,24.06999969482422,24.600000381469727,593000,24.600000381469727
2/7/2017,26.010000228881836,26.299999237060547,24.860000610351562,24.969999313354492,651500,24.969999313354492
2/6/2017,26.440000534057617,26.440000534057617,25.770000457763672,26.079999923706055,218100,26.079999923706055
2/3/2017,26.610000610351562,26.610000610351562,26.360000610351562,26.450000762939453,111100,26.450000762939453
2/2/2017,26.1200008392334,26.770000457763672,25.989999771118164,26.5,259300,26.5
2/1/2017,25.829999923706055,26.139999389648438,25.67300033569336,25.989999771118164,242300,25.989999771118164
1/31/2017,25.989999771118164,26.649999618530273,25.420000076293945,25.690000534057617,157000,25.690000534057617
1/30/2017,25.329999923706055,26.020000457763672,25.25,25.989999771118164,294200,25.989999771118164
1/27/2017,25.84000015258789,25.940000534057617,25.350000381469727,25.549999237060547,151700,25.549999237060547
1/26/2017,26.219999313354492,26.25,25.329999923706055,25.729999542236328,323700,25.729999542236328
1/25/2017,27.389999389648438,27.780000686645508,26.149999618530273,26.149999618530273,412000,26.149999618530273
1/24/2017,26.010000228881836,27.399999618530273,25.760000228881836,27.040000915527344,385900,27.040000915527344
1/23/2017,25.40999984741211,25.829999923706055,25.25,25.809999465942383,223600,25.809999465942383
1/20/2017,24.670000076293945,25.25,24.670000076293945,25.239999771118164,263000,25.239999771118164
1/19/2017,24.31999969482422,24.600000381469727,23.8799991607666,24.479999542236328,280600,24.479999542236328
1/18/2017,23.25,24.260000228881836,23.209999084472656,24.25,439800,24.25
1/17/2017,22.5,23.110000610351562,22.219999313354492,23.079999923706055,347800,23.079999923706055
1/13/2017,21.489999771118164,22.5,21.489999771118164,22.43000030517578,294600,22.43000030517578
1/12/2017,21.959999084472656,21.969999313354492,20.881999969482422,21.399999618530273,326600,21.399999618530273
1/11/2017,21.790000915527344,21.954999923706055,21.530000686645508,21.56999969482422,162100,21.56999969482422
1/10/2017,21.520000457763672,21.93000030517578,21.25,21.760000228881836,220200,21.760000228881836
1/9/2017,22.3700008392334,22.3700008392334,21.479999542236328,21.479999542236328,213700,21.479999542236328
1/6/2017,22.600000381469727,22.680999755859375,22,22.31999969482422,201900,22.31999969482422
1/5/2017,23.059999465942383,23.059999465942383,22.40999984741211,22.510000228881836,147200,22.510000228881836
1/4/2017,22.15999984741211,23,22.100000381469727,23,297500,23
1/3/2017,22,22,21.489999771118164,22,407200,22
12/30/2016,22.459999084472656,22.459999084472656,21.75,22.139999389648438,206700,22.139999389648438
12/29/2016,22.3799991607666,22.559999465942383,22.18000030517578,22.43000030517578,279900,22.43000030517578
12/28/2016,22.979999542236328,23.350000381469727,22.16900062561035,22.489999771118164,197700,22.489999771118164
12/27/2016,22.56999969482422,23.25,22.56999969482422,22.940000534057617,181500,22.940000534057617
12/23/2016,22.540000915527344,23.34000015258789,22.440000534057617,22.68000030517578,136100,22.68000030517578
12/22/2016,22.8799991607666,22.989999771118164,22.5,22.6299991607666,117700,22.6299991607666
12/21/2016,21.34000015258789,23.239999771118164,21.149999618530273,22.969999313354492,328600,22.969999313354492
12/20/2016,21.579999923706055,21.6200008392334,21.000999450683594,21.40999984741211,193600,21.40999984741211
12/19/2016,22.959999084472656,22.959999084472656,21.079999923706055,21.6200008392334,313100,21.6200008392334
12/16/2016,21.100000381469727,22.540000915527344,20.540000915527344,22.229999542236328,790800,22.229999542236328
12/15/2016,20.350000381469727,21.15999984741211,20.020000457763672,21.139999389648438,312200,21.139999389648438
12/14/2016,20.079999923706055,20.399999618530273,19.770000457763672,20.3799991607666,242000,20.3799991607666
12/13/2016,19.739999771118164,20.360000610351562,19.739999771118164,20.260000228881836,325700,20.260000228881836
12/12/2016,19.950000762939453,20.540000915527344,19.6200008392334,19.68000030517578,220700,19.68000030517578
12/9/2016,20.34000015258789,20.399999618530273,19.6299991607666,19.989999771118164,548300,19.989999771118164
12/8/2016,20.739999771118164,21,20.21500015258789,20.360000610351562,340000,20.360000610351562
12/7/2016,20.479999542236328,21.069000244140625,20,20.719999313354492,423100,20.719999313354492
12/6/2016,19.799999237060547,20.670000076293945,19.399999618530273,20.469999313354492,270400,20.469999313354492
12/5/2016,19.299999237060547,19.860000610351562,19,19.65999984741211,247700,19.65999984741211
12/2/2016,19.049999237060547,19.309999465942383,18.860000610351562,19.110000610351562,143900,19.110000610351562
12/1/2016,18.8799991607666,19.559999465942383,18.801000595092773,19,334100,19
11/30/2016,19.25,19.93000030517578,18.6299991607666,18.700000762939453,708500,18.700000762939453
11/29/2016,19.899999618530273,19.969999313354492,19.110000610351562,19.280000686645508,297600,19.280000686645508
11/28/2016,20.239999771118164,20.239999771118164,19.510000228881836,19.829999923706055,298700,19.829999923706055
11/25/2016,19.93000030517578,20.360000610351562,19.690000534057617,20.1200008392334,112700,20.1200008392334
11/23/2016,19.489999771118164,19.8700008392334,18.889999389648438,19.770000457763672,230200,19.770000457763672
11/22/2016,19.68000030517578,20.280000686645508,19.350000381469727,19.540000915527344,776600,19.540000915527344
11/21/2016,18.200000762939453,19.549999237060547,18.020000457763672,19.5,652600,19.5
11/18/2016,16.700000762939453,18.170000076293945,16.5,18.020000457763672,567900,18.020000457763672
11/17/2016,16.100000381469727,16.690000534057617,16.100000381469727,16.530000686645508,291100,16.530000686645508
11/16/2016,16.40999984741211,16.40999984741211,15.65999984741211,16.200000762939453,304300,16.200000762939453
11/15/2016,15.829999923706055,16.450000762939453,15.180000305175781,16.389999389648438,533700,16.389999389648438
11/14/2016,16.610000610351562,16.639999389648438,15.960000038146973,15.970000267028809,268100,15.970000267028809
11/11/2016,16,16.75,15.579999923706055,16.639999389648438,408600,16.639999389648438
11/10/2016,15.220000267028809,16.139999389648438,15.210000038146973,16.059999465942383,954900,16.059999465942383
11/9/2016,15.069999694824219,15.875,14.899999618530273,15.329999923706055,1385500,15.329999923706055
11/8/2016,14.84000015258789,15.050000190734863,14.720000267028809,15.039999961853027,789000,15.039999961853027
11/7/2016,14.979999542236328,15.15999984741211,14.75,14.970000267028809,488500,14.970000267028809
11/4/2016,14.920000076293945,15.3100004196167,14.800000190734863,14.920000076293945,333200,14.920000076293945
11/3/2016,14.989999771118164,15.390000343322754,14.649999618530273,14.899999618530273,339600,14.899999618530273
11/2/2016,14.8100004196167,15.039999961853027,14.649999618530273,14.850000381469727,674500,14.850000381469727
11/1/2016,16,16.125,14.829999923706055,14.9399995803833,496400,14.9399995803833
10/31/2016,15.649999618530273,16.030000686645508,14.920000076293945,15.960000038146973,665900,15.960000038146973
10/28/2016,15.829999923706055,16.260000228881836,15.600000381469727,15.65999984741211,392400,15.65999984741211
10/27/2016,16.329999923706055,16.440000534057617,15.550000190734863,15.930000305175781,403500,15.930000305175781
10/26/2016,16.40999984741211,16.8700008392334,16.139999389648438,16.450000762939453,694400,16.450000762939453
10/25/2016,16.549999237060547,16.969999313354492,16.385000228881836,16.559999465942383,649200,16.559999465942383
10/24/2016,16.479999542236328,16.959999084472656,16.049999237060547,16.719999313354492,529100,16.719999313354492
10/21/2016,16.18000030517578,16.920000076293945,16,16.329999923706055,710600,16.329999923706055
10/20/2016,16.049999237060547,16.510000228881836,15.760000228881836,16.3700008392334,575000,16.3700008392334
10/19/2016,16.06999969482422,16.549999237060547,15.960000038146973,16.209999084472656,607100,16.209999084472656
10/18/2016,16.299999237060547,16.309999465942383,16,16.100000381469727,669200,16.100000381469727
10/17/2016,15.430000305175781,16.339000701904297,15.3100004196167,16.020000457763672,881100,16.020000457763672
10/14/2016,15.039999961853027,16.100000381469727,14.90999984741211,15.619999885559082,1118800,15.619999885559082
10/13/2016,15.149999618530273,15.319999694824219,14.920000076293945,15.130000114440918,1147800,15.130000114440918
10/12/2016,15.020000457763672,15.680000305175781,14.220000267028809,14.979999542236328,2114700,14.979999542236328
10/11/2016,15.069999694824219,16.02899932861328,15,15.640000343322754,1859000,15.640000343322754
10/10/2016,15.199999809265137,16.31999969482422,15.180000305175781,15.619999885559082,1873100,15.619999885559082
10/7/2016,14,15.529999732971191,13.699999809265137,15.100000381469727,4259900,15.100000381469727
10/6/2016,13.859999656677246,14.444999694824219,13.75,14.010000228881836,2430000,14.010000228881836
10/5/2016,14.899999618530273,14.9399995803833,14,14.15999984741211,3722300,14.15999984741211
10/4/2016,16.450000762939453,16.450000762939453,14.899999618530273,15,2288100,15
10/3/2016,16.5,16.59000015258789,14.449999809265137,16.40999984741211,6622200,16.40999984741211
9/30/2016,15.960000038146973,16.889999389648438,15.5,16.59000015258789,66000,16.59000015258789
9/29/2016,17.1299991607666,17.1299991607666,15.5,15.609999656677246,43100,15.609999656677246
9/28/2016,18.049999237060547,18.100000381469727,17.049999237060547,17.15999984741211,46400,17.15999984741211
9/27/2016,18.719999313354492,19.1200008392334,18.049999237060547,18.25,16500,18.25
9/26/2016,19.5,19.5,18.290000915527344,18.700000762939453,26900,18.700000762939453
9/22/2016,19.450000762939453,19.5,19.389999389648438,19.5,7200,19.5
9/21/2016,19.399999618530273,19.399999618530273,19.399999618530273,19.399999618530273,100,19.399999618530273
9/20/2016,20.25,20.5,19.399999618530273,19.510000228881836,6200,19.510000228881836
9/19/2016,19.200000762939453,20.25,19.200000762939453,20.149999618530273,2500,20.149999618530273
9/16/2016,17.260000228881836,19.200000762939453,17.260000228881836,19.200000762939453,3400,19.200000762939453
9/15/2016,12,17.809999465942383,12,16.639999389648438,4000,16.639999389648438
