4/22/2019,80.79000091552734,84.0999984741211,80.33999633789062,83.6500015258789,525700,83.6500015258789
4/18/2019,81.8499984741211,82.55999755859375,79.16000366210938,80.87000274658203,726000,80.87000274658203
4/17/2019,83.5,83.5,80.41999816894531,82.20999908447266,572400,82.20999908447266
4/16/2019,84.94999694824219,85.25,82.18000030517578,82.87000274658203,550100,82.87000274658203
4/15/2019,83.0999984741211,85.55999755859375,83.04900360107422,84.44000244140625,627800,84.44000244140625
4/12/2019,82.98999786376953,84,80.5,83.37999725341797,772400,83.37999725341797
4/11/2019,81.8499984741211,82.30000305175781,80.8270034790039,81.79000091552734,422700,81.79000091552734
4/10/2019,80.87000274658203,83.08999633789062,80.66000366210938,81.54000091552734,544600,81.54000091552734
4/9/2019,80.77999877929688,82.27899932861328,80.44000244140625,80.66000366210938,704400,80.66000366210938
4/8/2019,80.7300033569336,81.41999816894531,78.28199768066406,81.20999908447266,738000,81.20999908447266
4/5/2019,82.2300033569336,83,81.04000091552734,81.19999694824219,908400,81.19999694824219
4/4/2019,84.86000061035156,85.45999908447266,78.11000061035156,81.80999755859375,1673800,81.80999755859375
4/3/2019,85.66000366210938,86.19000244140625,84.48999786376953,85.0199966430664,762500,85.0199966430664
4/2/2019,84.41999816894531,85,83.19999694824219,84.76000213623047,773700,84.76000213623047
4/1/2019,84.77999877929688,85.33000183105469,82,84.41999816894531,863900,84.41999816894531
3/29/2019,84.4800033569336,85.04900360107422,83.27999877929688,83.87000274658203,787800,83.87000274658203
3/28/2019,82.66000366210938,84.23999786376953,80.69999694824219,83.8499984741211,1048700,83.8499984741211
3/27/2019,81.88999938964844,82.51000213623047,78.88999938964844,82.08000183105469,1338900,82.08000183105469
3/26/2019,84.30000305175781,84.77999877929688,79.79000091552734,81.4800033569336,1827500,81.4800033569336
3/25/2019,80.91000366210938,83.4800033569336,78.2699966430664,83.08999633789062,1452700,83.08999633789062
3/22/2019,84.69999694824219,85.27999877929688,81.2699966430664,81.97000122070312,1928900,81.97000122070312
3/21/2019,80.83000183105469,85.68000030517578,80.7699966430664,85.66999816894531,1429500,85.66999816894531
3/20/2019,77.86000061035156,81.76499938964844,77.69999694824219,81,1657700,81
3/19/2019,76.98999786376953,77.95999908447266,75.37999725341797,77.87000274658203,1033500,77.87000274658203
3/18/2019,74.58999633789062,76.72000122070312,74.4530029296875,76.0199966430664,1079200,76.0199966430664
3/15/2019,74.94999694824219,75.58000183105469,74.19999694824219,74.37000274658203,1157600,74.37000274658203
3/14/2019,75,76.31999969482422,72.70500183105469,75.37000274658203,1041900,75.37000274658203
3/13/2019,76.5,77.62999725341797,74.87000274658203,75.5,1130900,75.5
3/12/2019,75.11000061035156,76.72000122070312,74.2300033569336,76.05999755859375,739300,76.05999755859375
3/11/2019,72.68000030517578,75.4990005493164,72,75.16999816894531,1102900,75.16999816894531
3/8/2019,70,73.44000244140625,68.5,72,1146200,72
3/7/2019,67.58999633789062,72.8499984741211,67.31999969482422,71.79000091552734,1967200,71.79000091552734
3/6/2019,67.18000030517578,68.55000305175781,65.91000366210938,67.5999984741211,1198300,67.5999984741211
3/5/2019,68.43000030517578,68.80000305175781,64.5199966430664,67.0199966430664,2193400,67.0199966430664
3/4/2019,74,74,66.91000366210938,68.26000213623047,2199200,68.26000213623047
3/1/2019,78.13999938964844,79.66999816894531,73.37000274658203,74,1897200,74
2/28/2019,75,79.97000122070312,70.91000366210938,76.30999755859375,1885400,76.30999755859375
2/27/2019,77,79.95999908447266,76.77999877929688,79.36000061035156,1820600,79.36000061035156
2/26/2019,78.01000213623047,78.80999755859375,74.77999877929688,77,1664300,77
2/25/2019,74.55000305175781,75.06999969482422,73.5199966430664,74.12000274658203,686000,74.12000274658203
2/22/2019,72.25,73.9000015258789,72.1500015258789,73.63999938964844,638400,73.63999938964844
2/21/2019,72.33999633789062,72.95500183105469,71.04499816894531,71.94000244140625,583500,71.94000244140625
2/20/2019,71.5,73.26100158691406,70.81999969482422,72.69999694824219,904700,72.69999694824219
2/19/2019,71.97000122070312,73,71.2699966430664,71.33999633789062,1070500,71.33999633789062
2/15/2019,71.36000061035156,71.9800033569336,70.61000061035156,71.91000366210938,860300,71.91000366210938
2/14/2019,69.16000366210938,71.63999938964844,68.7699966430664,70.95999908447266,483500,70.95999908447266
2/13/2019,71,71.51000213623047,69.45999908447266,70.20999908447266,838000,70.20999908447266
2/12/2019,69.08000183105469,70.87999725341797,68.94999694824219,70.55999755859375,693100,70.55999755859375
2/11/2019,68.16000366210938,70,66.19999694824219,68.30000305175781,1325300,68.30000305175781
2/8/2019,67.02999877929688,69.95999908447266,66.55999755859375,69.88999938964844,714900,69.88999938964844
2/7/2019,67.27999877929688,67.98899841308594,65.33999633789062,67.68000030517578,926500,67.68000030517578
2/6/2019,69.9000015258789,70.4000015258789,66.7699966430664,68.23999786376953,992000,68.23999786376953
2/5/2019,70.1500015258789,71.81999969482422,69.7699966430664,70.06999969482422,637200,70.06999969482422
2/4/2019,71.20999908447266,73.0999984741211,69.22000122070312,69.55999755859375,999900,69.55999755859375
2/1/2019,71.12999725341797,71.74099731445312,69.55000305175781,70.4800033569336,1077600,70.4800033569336
1/31/2019,70.75,74.23999786376953,70.69999694824219,71.1500015258789,1108500,71.1500015258789
1/30/2019,69.05000305175781,71.88999938964844,68.80500030517578,70.62999725341797,910500,70.62999725341797
1/29/2019,67.70999908447266,68.68000030517578,67.47000122070312,68.26000213623047,1318600,68.26000213623047
1/28/2019,69,70.73999786376953,67.44000244140625,70.02999877929688,796300,70.02999877929688
1/25/2019,69.37000274658203,71,67.45999908447266,69.9000015258789,1986900,69.9000015258789
1/24/2019,71.19999694824219,71.5,70.29000091552734,70.48999786376953,875500,70.48999786376953
1/23/2019,72,72.5999984741211,69.02999877929688,71.20999908447266,787100,71.20999908447266
1/22/2019,72.5199966430664,72.89900207519531,71.0999984741211,71.9800033569336,910400,71.9800033569336
1/18/2019,71.80999755859375,73.66999816894531,70.01100158691406,73.5199966430664,1264100,73.5199966430664
1/17/2019,67.88999938964844,72.04000091552734,67.58999633789062,70.80999755859375,821600,70.80999755859375
1/16/2019,69.19999694824219,70.02999877929688,66.8949966430664,68.31999969482422,591400,68.31999969482422
1/15/2019,65.41999816894531,69.44999694824219,65.41999816894531,69.0199966430664,829400,69.0199966430664
1/14/2019,67.80000305175781,68.07499694824219,64.29000091552734,64.9800033569336,1125800,64.9800033569336
1/11/2019,68.04000091552734,70.11000061035156,67.56400299072266,69.08000183105469,1041700,69.08000183105469
1/10/2019,64.83000183105469,68.69000244140625,64.18000030517578,68.48999786376953,979000,68.48999786376953
1/9/2019,66.25,66.83999633789062,64.36000061035156,65.55999755859375,699300,65.55999755859375
1/8/2019,68.44999694824219,70.47000122070312,64,65.9800033569336,1261000,65.9800033569336
1/7/2019,62.560001373291016,67.70999908447266,61.790000915527344,67.63999938964844,1466500,67.63999938964844
1/4/2019,58.81999969482422,63.20000076293945,58,62.380001068115234,1036700,62.380001068115234
1/3/2019,57,58.91999816894531,56.2400016784668,57.33000183105469,742000,57.33000183105469
1/2/2019,58.119998931884766,59.47800064086914,57.18000030517578,58.52000045776367,748400,58.52000045776367
12/31/2018,59.4900016784668,60.040000915527344,58.11000061035156,59.470001220703125,768000,59.470001220703125
12/28/2018,60.18000030517578,60.60900115966797,56.56999969482422,58.400001525878906,706100,58.400001525878906
12/27/2018,56,59.790000915527344,54.720001220703125,59.599998474121094,1094000,59.599998474121094
12/26/2018,52.20000076293945,57.47999954223633,51.25,57.47999954223633,1143600,57.47999954223633
12/24/2018,48.75,52,48.34000015258789,50.9900016784668,697600,50.9900016784668
12/21/2018,54.36000061035156,54.59000015258789,49.15999984741211,49.880001068115234,1598300,49.880001068115234
12/20/2018,60.099998474121094,61.560001373291016,52.0099983215332,53.650001525878906,1852700,53.650001525878906
12/19/2018,61,63.66999816894531,59.75,61.0099983215332,880400,61.0099983215332
12/18/2018,58.91999816894531,61.869998931884766,58.125,60.869998931884766,853500,60.869998931884766
12/17/2018,64.0999984741211,64.31999969482422,57.36000061035156,57.790000915527344,1267600,57.790000915527344
12/14/2018,61.47999954223633,64.69000244140625,61.04999923706055,64.41999816894531,786800,64.41999816894531
12/13/2018,62.86000061035156,64.18000030517578,62.02000045776367,62.7400016784668,417500,62.7400016784668
12/12/2018,62.959999084472656,64.88999938964844,62.15999984741211,62.2400016784668,1130600,62.2400016784668
12/11/2018,62.790000915527344,63.70000076293945,60.72999954223633,61.59000015258789,841400,61.59000015258789
12/10/2018,58.9900016784668,62.63999938964844,58.63999938964844,61.41999816894531,1023900,61.41999816894531
12/7/2018,61.849998474121094,62.810001373291016,57.83000183105469,59.38999938964844,1212900,59.38999938964844
12/6/2018,56.279998779296875,60.83000183105469,55,59.849998474121094,1311600,59.849998474121094
12/4/2018,60.349998474121094,61.72999954223633,57.86000061035156,58.56999969482422,1059200,58.56999969482422
12/3/2018,62.540000915527344,63.33000183105469,59.40999984741211,61,959800,61
11/30/2018,58.15999984741211,60.33000183105469,58.099998474121094,60.18000030517578,828900,60.18000030517578
11/29/2018,56.25,59.52000045776367,56.25,58.36000061035156,629400,58.36000061035156
11/28/2018,55.279998779296875,56.810001373291016,53.439998626708984,56.650001525878906,1034300,56.650001525878906
11/27/2018,56,57.39500045776367,54.0099983215332,54.20000076293945,1160100,54.20000076293945
11/26/2018,54.880001068115234,57.27000045776367,53.349998474121094,56.5,687800,56.5
11/23/2018,51.439998626708984,54.439998626708984,51.439998626708984,53.849998474121094,198100,53.849998474121094
11/21/2018,51.91999816894531,53.36000061035156,50.540000915527344,52.40999984741211,683000,52.40999984741211
11/20/2018,50,51.880001068115234,47.06999969482422,50.689998626708984,1804400,50.689998626708984
11/19/2018,59.709999084472656,60.369998931884766,52.380001068115234,52.43000030517578,1234700,52.43000030517578
11/16/2018,59.619998931884766,61.79999923706055,59.040000915527344,60.34000015258789,768500,60.34000015258789
11/15/2018,57.59000015258789,60.75,57.529998779296875,60.61000061035156,1041200,60.61000061035156
11/14/2018,57.25,58.77000045776367,56.06999969482422,57.7599983215332,998300,57.7599983215332
11/13/2018,55.720001220703125,56.6879997253418,53.22999954223633,56.06999969482422,816800,56.06999969482422
11/12/2018,56.900001525878906,57,52.75,55.59000015258789,1167200,55.59000015258789
11/9/2018,57.95000076293945,59.91999816894531,56.5,57.880001068115234,936500,57.880001068115234
11/8/2018,67.19999694824219,67.4000015258789,56.85499954223633,58.290000915527344,2844900,58.290000915527344
11/7/2018,54.5,59.2400016784668,54.34000015258789,58.63999938964844,2221800,58.63999938964844
11/6/2018,53.59000015258789,54.38999938964844,51.709999084472656,53.15999984741211,890400,53.15999984741211
11/5/2018,52.650001525878906,53.189998626708984,50.54999923706055,52.970001220703125,943100,52.970001220703125
11/2/2018,54.4900016784668,55.7400016784668,51.95000076293945,52.61000061035156,1053700,52.61000061035156
11/1/2018,53.02000045776367,54.54999923706055,51.25,54.310001373291016,1238800,54.310001373291016
10/31/2018,50.06999969482422,53.16999816894531,49.2599983215332,52.9900016784668,1700100,52.9900016784668
10/30/2018,44.099998474121094,48.56999969482422,43.689998626708984,48.47999954223633,1427900,48.47999954223633
10/29/2018,46.0099983215332,46.527000427246094,43.25,44.22999954223633,836100,44.22999954223633
10/26/2018,45.529998779296875,46.560001373291016,43.06800079345703,44.880001068115234,1030500,44.880001068115234
10/25/2018,43.540000915527344,47,43.4900016784668,46.5099983215332,1165200,46.5099983215332
10/24/2018,44.90999984741211,45.66999816894531,42.75,42.810001373291016,994100,42.810001373291016
10/23/2018,42.43000030517578,45.04999923706055,42.22999954223633,44.790000915527344,964900,44.790000915527344
10/22/2018,43.63999938964844,44.85200119018555,42.40999984741211,44.36000061035156,824200,44.36000061035156
10/19/2018,47.79999923706055,48.14500045776367,43.060001373291016,43.16999816894531,1347400,43.16999816894531
10/18/2018,49.560001373291016,50,46.505001068115234,47.349998474121094,594900,47.349998474121094
10/17/2018,50.709999084472656,51.2400016784668,49.27000045776367,49.93000030517578,695000,49.93000030517578
10/16/2018,47.34000015258789,50.27000045776367,46.75,50.220001220703125,945000,50.220001220703125
10/15/2018,46.599998474121094,47.90999984741211,44.84000015258789,46.54999923706055,694400,46.54999923706055
10/12/2018,48.33000183105469,48.9900016784668,46.0099983215332,46.93000030517578,1124700,46.93000030517578
10/11/2018,48.2400016784668,49.2599983215332,45.209999084472656,45.34000015258789,2254100,45.34000015258789
10/10/2018,52,52,48.709999084472656,49.04999923706055,2959400,49.04999923706055
10/9/2018,50.459999084472656,52.849998474121094,50.310001373291016,51.86000061035156,816500,51.86000061035156
10/8/2018,52.529998779296875,53.61000061035156,50.72999954223633,52.08000183105469,1229200,52.08000183105469
10/5/2018,54.5099983215332,55.58000183105469,52.39500045776367,53.400001525878906,2029400,53.400001525878906
10/4/2018,55.34000015258789,55.58000183105469,53.15999984741211,55,1206000,55
10/3/2018,55.119998931884766,55.83000183105469,54.5099983215332,55.619998931884766,551600,55.619998931884766
10/2/2018,56.58000183105469,56.58000183105469,53.619998931884766,54.939998626708984,990900,54.939998626708984
10/1/2018,57.209999084472656,57.900001525878906,56.22999954223633,56.77000045776367,669000,56.77000045776367
9/28/2018,59.11000061035156,59.189998626708984,56.29999923706055,57.209999084472656,1265100,57.209999084472656
9/27/2018,60.7400016784668,61.25,58.04999923706055,59.310001373291016,720100,59.310001373291016
9/26/2018,61.83000183105469,62.70000076293945,60.55500030517578,60.650001525878906,1163100,60.650001525878906
9/25/2018,60.720001220703125,61.79999923706055,60.119998931884766,61.7599983215332,856500,61.7599983215332
9/24/2018,58.97999954223633,61.529998779296875,57.81999969482422,60.52000045776367,1008500,60.52000045776367
9/21/2018,58.900001525878906,59.9900016784668,58.52000045776367,58.97999954223633,1071100,58.97999954223633
9/20/2018,57.7400016784668,58.52000045776367,55.88999938964844,58.209999084472656,861500,58.209999084472656
9/19/2018,58.75,58.93199920654297,56.119998931884766,57.43000030517578,723000,57.43000030517578
9/18/2018,57.59000015258789,59.4900016784668,57.06999969482422,58.75,1108200,58.75
9/17/2018,60.310001373291016,60.349998474121094,56.65999984741211,56.79999923706055,1310700,56.79999923706055
9/14/2018,60.70000076293945,61.58000183105469,59.7400016784668,60.54999923706055,768300,60.54999923706055
9/13/2018,62.47999954223633,63.18000030517578,60.130001068115234,60.650001525878906,477400,60.650001525878906
9/12/2018,62,62.939998626708984,60.40999984741211,61.7400016784668,933600,61.7400016784668
9/11/2018,60.75,62.099998474121094,60.290000915527344,61.970001220703125,1188100,61.970001220703125
9/10/2018,60.7400016784668,61.709999084472656,59.900001525878906,61.33000183105469,1102400,61.33000183105469
9/7/2018,57.93000030517578,61.196998596191406,57.02000045776367,60,1053900,60
9/6/2018,57.779998779296875,59.79999923706055,57.04999923706055,59.220001220703125,673700,59.220001220703125
9/5/2018,59.290000915527344,59.5,55.7400016784668,57.58000183105469,1200500,57.58000183105469
9/4/2018,58,59.91999816894531,58,59.56999969482422,600300,59.56999969482422
8/31/2018,56.34000015258789,58.099998474121094,56.255001068115234,58.04999923706055,574300,58.04999923706055
8/30/2018,56.099998474121094,58.599998474121094,55.619998931884766,56.650001525878906,1106700,56.650001525878906
8/29/2018,56.90999984741211,57.33000183105469,55.5099983215332,56.63999938964844,487700,56.63999938964844
8/28/2018,56.099998474121094,56.68000030517578,54.529998779296875,56.2599983215332,507100,56.2599983215332
8/27/2018,56.959999084472656,57.39899826049805,54.77000045776367,56.029998779296875,666900,56.029998779296875
8/24/2018,55.5,56.90999984741211,55.11000061035156,56.41999816894531,1265500,56.41999816894531
8/23/2018,54.41999816894531,55.4900016784668,53.880001068115234,54.93000030517578,721200,54.93000030517578
8/22/2018,54,54.79999923706055,53.2400016784668,54.2599983215332,393400,54.2599983215332
8/21/2018,55.189998626708984,55.47999954223633,53.75,54.529998779296875,703700,54.529998779296875
8/20/2018,54.86000061035156,55.310001373291016,53.79999923706055,54.81999969482422,657600,54.81999969482422
8/17/2018,54.119998931884766,54.83000183105469,53.34000015258789,54.63999938964844,278500,54.63999938964844
8/16/2018,53.72999954223633,55.13999938964844,53.22999954223633,54.439998626708984,721400,54.439998626708984
8/15/2018,54.470001220703125,55.45000076293945,51.95000076293945,53.16999816894531,932800,53.16999816894531
8/14/2018,55.5,56.209999084472656,54.400001525878906,55.09000015258789,1384500,55.09000015258789
8/13/2018,54.5099983215332,56.380001068115234,53.869998931884766,54.86000061035156,1815900,54.86000061035156
8/10/2018,55.2400016784668,56.20000076293945,52.63999938964844,55.029998779296875,1599400,55.029998779296875
8/9/2018,52.880001068115234,57.43000030517578,51.29999923706055,55.33000183105469,4248800,55.33000183105469
8/8/2018,46.36000061035156,47.81999969482422,45.625,47.79999923706055,2537000,47.79999923706055
8/7/2018,44.720001220703125,46.13999938964844,43.880001068115234,46.04999923706055,1512400,46.04999923706055
8/6/2018,43.400001525878906,44.88999938964844,43.10499954223633,44.720001220703125,1289000,44.720001220703125
8/3/2018,43.279998779296875,43.279998779296875,41.65999984741211,42.869998931884766,658800,42.869998931884766
8/2/2018,40.81999969482422,43.4900016784668,40.63999938964844,43.22999954223633,943300,43.22999954223633
8/1/2018,39.7400016784668,41.560001373291016,39.5260009765625,41.22999954223633,687400,41.22999954223633
7/31/2018,39.20000076293945,40.349998474121094,38.63999938964844,38.9900016784668,627700,38.9900016784668
7/30/2018,41.81999969482422,41.95000076293945,38.58000183105469,39.310001373291016,942900,39.310001373291016
7/27/2018,44.310001373291016,44.38999938964844,41.66999816894531,41.95000076293945,1845900,41.95000076293945
7/26/2018,43.2400016784668,44.130001068115234,42.849998474121094,44.02000045776367,651900,44.02000045776367
7/25/2018,42.31999969482422,44.29800033569336,42.31999969482422,43.75,612300,43.75
7/24/2018,43.91999816894531,44.099998474121094,41.36800003051758,42.52000045776367,1175800,42.52000045776367
7/23/2018,42.9900016784668,44.24700164794922,42.5099983215332,43.91999816894531,852800,43.91999816894531
7/20/2018,43.09000015258789,44,42.47999954223633,43.150001525878906,859600,43.150001525878906
7/19/2018,42.77000045776367,43.189998626708984,41.2599983215332,41.880001068115234,553900,41.880001068115234
7/18/2018,42.5,43.479000091552734,42.124000549316406,42.849998474121094,531300,42.849998474121094
7/17/2018,41.97999954223633,43.18000030517578,41.93000030517578,42.56999969482422,375800,42.56999969482422
7/16/2018,42.0099983215332,42.380001068115234,41.88600158691406,42.33000183105469,506100,42.33000183105469
7/13/2018,41.119998931884766,42.220001220703125,40.72999954223633,42.11000061035156,813900,42.11000061035156
7/12/2018,40.279998779296875,41.209999084472656,39.459999084472656,40.93000030517578,366900,40.93000030517578
7/11/2018,38.439998626708984,40.279998779296875,38.439998626708984,39.79999923706055,455600,39.79999923706055
7/10/2018,40.720001220703125,41.130001068115234,39.5099983215332,39.83000183105469,397600,39.83000183105469
7/9/2018,40.41999816894531,40.66999816894531,39.630001068115234,40.66999816894531,486500,40.66999816894531
7/6/2018,39.36000061035156,39.849998474121094,38.66999816894531,39.81999969482422,383100,39.81999969482422
7/5/2018,39.689998626708984,40.400001525878906,38.95500183105469,39.849998474121094,377100,39.849998474121094
7/3/2018,39.29999923706055,39.650001525878906,38.41999816894531,39.29999923706055,257200,39.29999923706055
7/2/2018,37.70000076293945,39.51499938964844,37.26100158691406,39.36000061035156,709500,39.36000061035156
6/29/2018,37.29999923706055,38.59000015258789,37.09000015258789,38.15999984741211,739700,38.15999984741211
6/28/2018,35.099998474121094,37.66999816894531,35.020999908447266,37.13999938964844,953200,37.13999938964844
6/27/2018,36.95000076293945,37.69499969482422,34.79999923706055,35,564100,35
6/26/2018,36,37.4900016784668,35.58000183105469,36.93000030517578,874400,36.93000030517578
6/25/2018,36.54999923706055,37.150001525878906,35.279998779296875,35.66999816894531,713700,35.66999816894531
6/22/2018,39.75,39.75,36.689998626708984,36.970001220703125,1656700,36.970001220703125
6/21/2018,39.869998931884766,40.12900161743164,38.029998779296875,38.63999938964844,1108600,38.63999938964844
6/20/2018,40,41.43000030517578,39.4900016784668,39.84000015258789,891700,39.84000015258789
6/19/2018,39.65999984741211,40.38999938964844,38.38999938964844,39.54999923706055,1102600,39.54999923706055
6/18/2018,39.59000015258789,40.779998779296875,38.54999923706055,40.599998474121094,800600,40.599998474121094
6/15/2018,39.54999923706055,40.349998474121094,38.779998779296875,39.91999816894531,713700,39.91999816894531
6/14/2018,39.369998931884766,40.15700149536133,38.869998931884766,39.84000015258789,667300,39.84000015258789
6/13/2018,39.88999938964844,39.88999938964844,38.33000183105469,39.040000915527344,896400,39.040000915527344
6/12/2018,39.790000915527344,41.470001220703125,39.31999969482422,39.63999938964844,1416100,39.63999938964844
6/11/2018,37.66999816894531,40,37.66999816894531,39.43000030517578,1241700,39.43000030517578
6/8/2018,36.47999954223633,37.435001373291016,36.15999984741211,37.40999984741211,657200,37.40999984741211
6/7/2018,38.75,38.75,36.38999938964844,36.849998474121094,1057500,36.849998474121094
6/6/2018,36.279998779296875,39.060001373291016,36.279998779296875,38.77000045776367,2096500,38.77000045776367
6/5/2018,35.349998474121094,36.349998474121094,35.21500015258789,36.25,779500,36.25
6/4/2018,35.220001220703125,35.474998474121094,34.400001525878906,35.2400016784668,537000,35.2400016784668
6/1/2018,34.52000045776367,35.29999923706055,34.04999923706055,35.130001068115234,882200,35.130001068115234
5/31/2018,33.540000915527344,34.20000076293945,33.16999816894531,34.02000045776367,793400,34.02000045776367
5/30/2018,32.900001525878906,33.62900161743164,32.57500076293945,33.54999923706055,610300,33.54999923706055
5/29/2018,32.310001373291016,32.95000076293945,32.060001373291016,32.689998626708984,411200,32.689998626708984
5/25/2018,32.400001525878906,32.52000045776367,32.084999084472656,32.4900016784668,273000,32.4900016784668
5/24/2018,31.90999984741211,32.70000076293945,31.790000915527344,32.470001220703125,670800,32.470001220703125
5/23/2018,31.030000686645508,32.150001525878906,30.920000076293945,31.860000610351562,893200,31.860000610351562
5/22/2018,32.81999969482422,33.16999816894531,31.43000030517578,31.520000457763672,966500,31.520000457763672
5/21/2018,32.4900016784668,33.7400016784668,32.09000015258789,32.65999984741211,1153600,32.65999984741211
5/18/2018,32.470001220703125,32.470001220703125,30.709999084472656,30.850000381469727,1808100,30.850000381469727
5/17/2018,32.41999816894531,32.810001373291016,31.93000030517578,32.41999816894531,954000,32.41999816894531
5/16/2018,31.709999084472656,32.59000015258789,31.649999618530273,31.93000030517578,2893900,31.93000030517578
5/15/2018,33.5,33.650001525878906,30.780000686645508,31.110000610351562,2628000,31.110000610351562
5/14/2018,33.290000915527344,34.56999969482422,33.290000915527344,34.20000076293945,814700,34.20000076293945
5/11/2018,32.849998474121094,34.25,32.79999923706055,33,889700,33
5/10/2018,35.06999969482422,36.61000061035156,32.52000045776367,32.709999084472656,2272800,32.709999084472656
5/9/2018,34.45000076293945,35.790000915527344,34.11000061035156,34.97999954223633,1224300,34.97999954223633
5/8/2018,33.900001525878906,34.43000030517578,33.310001373291016,34.279998779296875,415100,34.279998779296875
5/7/2018,32.9900016784668,34.18000030517578,32.630001068115234,33.880001068115234,959300,33.880001068115234
5/4/2018,33.7400016784668,34.10900115966797,32.38999938964844,32.689998626708984,1162800,32.689998626708984
5/3/2018,33.5,34.119998931884766,32.52000045776367,33.779998779296875,504000,33.779998779296875
5/2/2018,33.09000015258789,34.20000076293945,32.54999923706055,33,502100,33
5/1/2018,31.049999237060547,33.04899978637695,30.959999084472656,32.9900016784668,962000,32.9900016784668
4/30/2018,31,31.81999969482422,30.579999923706055,31.25,987800,31.25
4/27/2018,32.189998626708984,32.4900016784668,30.450000762939453,30.6200008392334,1225300,30.6200008392334
4/26/2018,32.86000061035156,33.619998931884766,31.799999237060547,31.989999771118164,1402900,31.989999771118164
4/25/2018,33.7400016784668,33.770999908447266,32.04999923706055,32.349998474121094,653700,32.349998474121094
4/24/2018,35.689998626708984,35.709999084472656,33.43000030517578,33.869998931884766,785900,33.869998931884766
4/23/2018,36.34000015258789,36.56999969482422,35.20000076293945,35.400001525878906,295100,35.400001525878906
4/20/2018,37.279998779296875,37.34400177001953,35.8849983215332,35.97999954223633,384200,35.97999954223633
4/19/2018,38.13999938964844,39.209999084472656,37.43000030517578,37.52000045776367,688500,37.52000045776367
4/18/2018,37.36000061035156,38.19900131225586,36.47999954223633,38.11000061035156,582100,38.11000061035156
4/17/2018,35.34000015258789,37.36000061035156,35.209999084472656,37.349998474121094,709900,37.349998474121094
4/16/2018,34.779998779296875,35.13999938964844,33.33000183105469,35,753200,35
4/13/2018,34.630001068115234,35.11000061035156,33.70000076293945,34.66999816894531,755000,34.66999816894531
4/12/2018,34,34.7400016784668,33.75,34.5,740300,34.5
4/11/2018,33.2599983215332,34.400001525878906,32.95000076293945,33.70000076293945,316700,33.70000076293945
4/10/2018,32.810001373291016,33.54999923706055,31.600000381469727,33.209999084472656,698500,33.209999084472656
4/9/2018,32.810001373291016,33.43000030517578,31.920000076293945,32.02000045776367,353400,32.02000045776367
4/6/2018,33.880001068115234,34.29999923706055,32.5099983215332,32.560001373291016,346300,32.560001373291016
4/5/2018,34.119998931884766,34.709999084472656,33.529998779296875,34.29999923706055,488500,34.29999923706055
4/4/2018,33,34.06999969482422,32.604000091552734,33.7599983215332,511400,33.7599983215332
4/3/2018,32.88999938964844,33.79999923706055,32.59000015258789,33.72999954223633,379800,33.72999954223633
4/2/2018,34.16999816894531,34.4900016784668,32.41999816894531,32.619998931884766,584600,32.619998931884766
3/29/2018,33.560001373291016,34.470001220703125,33.209999084472656,34.13999938964844,499700,34.13999938964844
3/28/2018,34.93000030517578,35.000999450683594,33.17300033569336,33.310001373291016,532800,33.310001373291016
3/27/2018,37.33000183105469,37.70000076293945,34.75,34.97999954223633,451900,34.97999954223633
3/26/2018,36.029998779296875,37.15999984741211,35.91899871826172,37.029998779296875,309100,37.029998779296875
3/23/2018,36.75,37.03499984741211,35.27000045776367,35.31999969482422,365600,35.31999969482422
3/22/2018,37.36000061035156,38.025001525878906,36.43000030517578,36.54999923706055,287900,36.54999923706055
3/21/2018,36.45000076293945,38,36.25899887084961,37.7599983215332,551300,37.7599983215332
3/20/2018,35.060001373291016,37,34.939998626708984,36.540000915527344,516800,36.540000915527344
3/19/2018,36.279998779296875,36.93000030517578,34.70000076293945,35.029998779296875,606700,35.029998779296875
3/16/2018,36.38999938964844,37.290000915527344,36.060001373291016,36.369998931884766,533900,36.369998931884766
3/15/2018,37.04999923706055,37.125999450683594,35.709999084472656,36.2400016784668,487500,36.2400016784668
3/14/2018,36.4900016784668,37.470001220703125,36.220001220703125,36.810001373291016,479700,36.810001373291016
3/13/2018,37.56999969482422,38.209999084472656,35.880001068115234,36.22999954223633,589000,36.22999954223633
3/12/2018,38.25,38.41999816894531,37.25,38.130001068115234,376500,38.130001068115234
3/9/2018,38.099998474121094,38.494998931884766,37.77000045776367,38.41999816894531,228300,38.41999816894531
3/8/2018,38.540000915527344,38.880001068115234,37.540000915527344,37.70000076293945,314600,37.70000076293945
3/7/2018,37.7400016784668,38.41999816894531,37.52000045776367,38.16999816894531,364000,38.16999816894531
3/6/2018,38,38.15999984741211,37.33000183105469,38.060001373291016,605300,38.060001373291016
3/5/2018,36.5,38.0099983215332,36.349998474121094,37.84000015258789,919200,37.84000015258789
3/2/2018,34.45000076293945,36.70000076293945,33.83000183105469,36.630001068115234,1094200,36.630001068115234
3/1/2018,34.25,35.11000061035156,33.02000045776367,34.79999923706055,864800,34.79999923706055
2/28/2018,33.06999969482422,34.66999816894531,33.06999969482422,34.189998626708984,883800,34.189998626708984
2/27/2018,33.7400016784668,34,32.150001525878906,32.75,526000,32.75
2/26/2018,33.5,34.790000915527344,33.209999084472656,33.5,885400,33.5
2/23/2018,34.16999816894531,34.4900016784668,32.4010009765625,33.380001068115234,774900,33.380001068115234
2/22/2018,30.969999313354492,35.8129997253418,30.969999313354492,33.75,2020600,33.75
2/21/2018,29.559999465942383,30.219999313354492,29.290000915527344,29.520000457763672,675300,29.520000457763672
2/20/2018,29.139999389648438,29.719999313354492,28.610000610351562,29.299999237060547,497400,29.299999237060547
2/16/2018,28.959999084472656,29.860000610351562,28.680999755859375,29.40999984741211,923700,29.40999984741211
2/15/2018,27.770000457763672,29.020000457763672,27.739999771118164,28.989999771118164,539900,28.989999771118164
2/14/2018,26.290000915527344,28.59000015258789,26.290000915527344,27.639999389648438,647800,27.639999389648438
2/13/2018,25.959999084472656,26.549999237060547,25.8799991607666,26.40999984741211,351800,26.40999984741211
2/12/2018,25.809999465942383,26.18000030517578,25,26.010000228881836,632200,26.010000228881836
2/9/2018,26.420000076293945,26.809999465942383,24.459999084472656,25.540000915527344,906500,25.540000915527344
2/8/2018,27.40999984741211,27.600000381469727,26.040000915527344,26.270000457763672,579300,26.270000457763672
2/7/2018,27.3700008392334,27.610000610351562,26.760000228881836,27.239999771118164,346200,27.239999771118164
2/6/2018,26,27.5,25.530000686645508,27.18000030517578,659000,27.18000030517578
2/5/2018,26.90999984741211,27.78499984741211,26.5,26.530000686645508,491700,26.530000686645508
2/2/2018,27.959999084472656,28.040000915527344,27.079999923706055,27.200000762939453,293400,27.200000762939453
2/1/2018,27.5,28.549999237060547,27.22100067138672,28.219999313354492,456200,28.219999313354492
1/31/2018,28.5,28.600000381469727,26.649999618530273,27.399999618530273,1192300,27.399999618530273
1/30/2018,29.450000762939453,29.950000762939453,29.010000228881836,29.309999465942383,323200,29.309999465942383
1/29/2018,30.84000015258789,30.84000015258789,29.510000228881836,29.610000610351562,459700,29.610000610351562
1/26/2018,30.510000228881836,31.3700008392334,29.937000274658203,30.479999542236328,731800,30.479999542236328
1/25/2018,29.850000381469727,31.600000381469727,28.549999237060547,30,1619700,30
1/24/2018,28.59000015258789,28.96500015258789,27.100000381469727,27.829999923706055,975100,27.829999923706055
1/23/2018,28.200000762939453,28.624000549316406,28.111000061035156,28.559999465942383,251700,28.559999465942383
1/22/2018,28.31999969482422,28.479999542236328,28.010000228881836,28.31999969482422,208800,28.31999969482422
1/19/2018,28.079999923706055,28.420000076293945,27.344999313354492,28.270000457763672,686700,28.270000457763672
1/18/2018,26.829999923706055,28.520000457763672,26.30500030517578,28.09000015258789,873900,28.09000015258789
1/17/2018,26.420000076293945,26.920000076293945,26.06999969482422,26.709999084472656,250200,26.709999084472656
1/16/2018,27.09000015258789,27.59000015258789,25.889999389648438,26.260000228881836,633900,26.260000228881836
1/12/2018,26.110000610351562,27.420000076293945,26.030000686645508,26.969999313354492,622400,26.969999313354492
1/11/2018,26.510000228881836,26.849000930786133,25.809999465942383,26.100000381469727,552400,26.100000381469727
1/10/2018,26.469999313354492,26.729999542236328,26,26.440000534057617,466100,26.440000534057617
1/9/2018,27,27.889999389648438,26.360000610351562,26.579999923706055,392700,26.579999923706055
1/8/2018,27.209999084472656,27.209999084472656,26.280000686645508,26.969999313354492,378400,26.969999313354492
1/5/2018,26.739999771118164,27.290000915527344,26.5,27.09000015258789,330100,27.09000015258789
1/4/2018,27.229999542236328,27.309999465942383,26.389999389648438,26.6299991607666,264600,26.6299991607666
1/3/2018,26.34000015258789,27.649999618530273,26.110000610351562,27.06999969482422,419200,27.06999969482422
1/2/2018,25.510000228881836,26.43000030517578,25.360000610351562,26.170000076293945,471100,26.170000076293945
12/29/2017,25.8799991607666,25.889999389648438,25.1200008392334,25.270000457763672,267900,25.270000457763672
12/28/2017,26.010000228881836,26.149999618530273,25.440000534057617,25.950000762939453,322100,25.950000762939453
12/27/2017,26.15999984741211,26.533000946044922,25.81999969482422,25.93000030517578,202100,25.93000030517578
12/26/2017,25.5,26.5,25.5,26.209999084472656,369400,26.209999084472656
12/22/2017,25.579999923706055,25.8799991607666,25.110000610351562,25.6200008392334,292400,25.6200008392334
12/21/2017,25.139999389648438,26.709999084472656,25.139999389648438,25.770000457763672,984600,25.770000457763672
12/20/2017,26.770000457763672,27.19499969482422,23.950000762939453,25.010000228881836,2372700,25.010000228881836
12/19/2017,27.190000534057617,27.299999237060547,26.280000686645508,26.709999084472656,867800,26.709999084472656
12/18/2017,27.940000534057617,28.26300048828125,27.1299991607666,27.229999542236328,680800,27.229999542236328
12/15/2017,27.850000381469727,28.049999237060547,27.108999252319336,27.760000228881836,1934600,27.760000228881836
12/14/2017,28.75,29.15999984741211,27.829999923706055,27.829999923706055,637400,27.829999923706055
12/13/2017,28.399999618530273,29.09000015258789,28.040000915527344,28.600000381469727,937100,28.600000381469727
12/12/2017,27.860000610351562,28.690000534057617,27.600000381469727,27.639999389648438,629600,27.639999389648438
12/11/2017,27.809999465942383,28.25,27.3700008392334,28.020000457763672,809100,28.020000457763672
12/8/2017,27.5,27.864999771118164,26.65999984741211,27.299999237060547,590000,27.299999237060547
12/7/2017,28,28.040000915527344,26.709999084472656,26.829999923706055,984300,26.829999923706055
12/6/2017,27.049999237060547,28.415000915527344,26.530000686645508,27.84000015258789,1172000,27.84000015258789
12/5/2017,24.43000030517578,25.760000228881836,24.43000030517578,25.6299991607666,559300,25.6299991607666
12/4/2017,25.31999969482422,25.700000762939453,24.3799991607666,24.56999969482422,504000,24.56999969482422
12/1/2017,24.90999984741211,25.469999313354492,24.51300048828125,24.889999389648438,475900,24.889999389648438
11/30/2017,25,26.099000930786133,24.28700065612793,24.959999084472656,836500,24.959999084472656
11/29/2017,26.719999313354492,27.149999618530273,24.639999389648438,24.790000915527344,816600,24.790000915527344
11/28/2017,27.350000381469727,27.43000030517578,26.639999389648438,26.649999618530273,431900,26.649999618530273
11/27/2017,27.31999969482422,27.565000534057617,26.790000915527344,27.31999969482422,441800,27.31999969482422
11/24/2017,27.190000534057617,27.540000915527344,27.1200008392334,27.219999313354492,177100,27.219999313354492
11/22/2017,27.010000228881836,27.450000762939453,26.350000381469727,27.170000076293945,439400,27.170000076293945
11/21/2017,27.25,27.549999237060547,26.459999084472656,27.1200008392334,479900,27.1200008392334
11/20/2017,25.8799991607666,27.584999084472656,25.84000015258789,27.450000762939453,860400,27.450000762939453
11/17/2017,25.8700008392334,26.43000030517578,25.549999237060547,25.690000534057617,462900,25.690000534057617
11/16/2017,25.299999237060547,27.023000717163086,24.975000381469727,26,1139200,26
11/15/2017,24.5,25.489999771118164,24.309999465942383,25.229999542236328,484200,25.229999542236328
11/14/2017,25,25.736000061035156,24.260000228881836,25.020000457763672,518500,25.020000457763672
11/13/2017,25.049999237060547,26.8700008392334,24.90999984741211,25.25,584800,25.25
11/10/2017,23.479999542236328,26.889999389648438,23,25.299999237060547,2014600,25.299999237060547
11/9/2017,21.530000686645508,22,21.149999618530273,21.84000015258789,375100,21.84000015258789
11/8/2017,21.540000915527344,21.8700008392334,21.309999465942383,21.760000228881836,251900,21.760000228881836
11/7/2017,22.1200008392334,22.135000228881836,21.450000762939453,21.600000381469727,257800,21.600000381469727
11/6/2017,21.969999313354492,22.579999923706055,21.969999313354492,22.049999237060547,131100,22.049999237060547
11/3/2017,22.520000457763672,22.53499984741211,21.950000762939453,22,141500,22
11/2/2017,22.3799991607666,22.84000015258789,22.260000228881836,22.530000686645508,102800,22.530000686645508
11/1/2017,22.600000381469727,22.600000381469727,22.159000396728516,22.469999313354492,143000,22.469999313354492
10/31/2017,22.010000228881836,22.600000381469727,22.010000228881836,22.59000015258789,143900,22.59000015258789
10/30/2017,22.110000610351562,22.190000534057617,21.590999603271484,22.06999969482422,174000,22.06999969482422
10/27/2017,22.200000762939453,22.273000717163086,21.84000015258789,22.219999313354492,103300,22.219999313354492
10/26/2017,22.049999237060547,22.049999237060547,21.690000534057617,21.979999542236328,123600,21.979999542236328
10/25/2017,22.360000610351562,22.440000534057617,21.600000381469727,22.030000686645508,203100,22.030000686645508
10/24/2017,22.100000381469727,22.459999084472656,22.100000381469727,22.299999237060547,303400,22.299999237060547
10/23/2017,22,22.299999237060547,21.940000534057617,22.059999465942383,322800,22.059999465942383
10/20/2017,21.5,22.100000381469727,21.389999389648438,22.049999237060547,306600,22.049999237060547
10/19/2017,21.209999084472656,21.440000534057617,21,21.389999389648438,121100,21.389999389648438
10/18/2017,21.25,21.489999771118164,21.049999237060547,21.329999923706055,375200,21.329999923706055
10/17/2017,21.290000915527344,21.549999237060547,20.8700008392334,21.1299991607666,132200,21.1299991607666
10/16/2017,21.229999542236328,21.829999923706055,21.049999237060547,21.25,424300,21.25
10/13/2017,21.030000686645508,21.06999969482422,20.69099998474121,20.940000534057617,181500,20.940000534057617
10/12/2017,21.06999969482422,21.440000534057617,20.809999465942383,20.90999984741211,264500,20.90999984741211
10/11/2017,20.950000762939453,21.290000915527344,20.81999969482422,21.1299991607666,418700,21.1299991607666
10/10/2017,21.1200008392334,21.389999389648438,20.3700008392334,20.950000762939453,351300,20.950000762939453
10/9/2017,20.610000610351562,21.420000076293945,20.579999923706055,20.989999771118164,444600,20.989999771118164
10/6/2017,20.360000610351562,21,20.25,20.690000534057617,429100,20.690000534057617
10/5/2017,20.479999542236328,20.6299991607666,20.104999542236328,20.549999237060547,236100,20.549999237060547
10/4/2017,20.399999618530273,20.690000534057617,20.329999923706055,20.559999465942383,436900,20.559999465942383
10/3/2017,19.979999542236328,20.639999389648438,19.979999542236328,20.399999618530273,362700,20.399999618530273
10/2/2017,20.5,20.56999969482422,20,20.389999389648438,416500,20.389999389648438
9/29/2017,20.5,20.649999618530273,20,20.3700008392334,533500,20.3700008392334
9/28/2017,20,20.600000381469727,19.899999618530273,20.43000030517578,546700,20.43000030517578
9/27/2017,19.43000030517578,19.950000762939453,19.31999969482422,19.90999984741211,955800,19.90999984741211
9/26/2017,19.309999465942383,19.75,19.079999923706055,19.290000915527344,604100,19.290000915527344
9/25/2017,19.200000762939453,19.290000915527344,18.959999084472656,19.049999237060547,668800,19.049999237060547
9/22/2017,19,19.540000915527344,18.799999237060547,19.229999542236328,788600,19.229999542236328
9/21/2017,19.329999923706055,19.56999969482422,19,19.010000228881836,549900,19.010000228881836
9/20/2017,19.610000610351562,19.75,19.010000228881836,19.280000686645508,576000,19.280000686645508
9/19/2017,19.639999389648438,19.950000762939453,19.350000381469727,19.649999618530273,529100,19.649999618530273
9/18/2017,18.860000610351562,19.75,18.799999237060547,19.520000457763672,584400,19.520000457763672
9/15/2017,19.09000015258789,19.260000228881836,18.635000228881836,18.790000915527344,1262300,18.790000915527344
9/14/2017,19.639999389648438,19.84000015258789,18.979999542236328,19.010000228881836,694200,19.010000228881836
9/13/2017,19.6299991607666,19.84000015258789,19.385000228881836,19.68000030517578,459000,19.68000030517578
9/12/2017,20,20.1200008392334,19.34000015258789,19.3700008392334,777800,19.3700008392334
9/11/2017,19.889999389648438,20.190000534057617,19.760000228881836,19.940000534057617,821800,19.940000534057617
9/8/2017,20.799999237060547,21.040000915527344,19.40999984741211,19.530000686645508,5888800,19.530000686645508
9/7/2017,21.860000610351562,22.170000076293945,21.350000381469727,21.479999542236328,373900,21.479999542236328
9/6/2017,22.1299991607666,22.59000015258789,21.270000457763672,22.079999923706055,552300,22.079999923706055
9/5/2017,22.700000762939453,22.959999084472656,22.239999771118164,22.799999237060547,117900,22.799999237060547
9/1/2017,23.600000381469727,23.770000457763672,22.6299991607666,22.809999465942383,154600,22.809999465942383
8/31/2017,23.649999618530273,23.78499984741211,23.229999542236328,23.59000015258789,100900,23.59000015258789
8/30/2017,23.020000457763672,24.06999969482422,22.989999771118164,23.43000030517578,254900,23.43000030517578
8/29/2017,22.34000015258789,22.920000076293945,22.18000030517578,22.860000610351562,142200,22.860000610351562
8/28/2017,22.770000457763672,22.770000457763672,22.190000534057617,22.540000915527344,62800,22.540000915527344
8/25/2017,22.479999542236328,22.920000076293945,22.190000534057617,22.739999771118164,115700,22.739999771118164
8/24/2017,22.520000457763672,22.697999954223633,22.20800018310547,22.40999984741211,96200,22.40999984741211
8/23/2017,22.40999984741211,22.790000915527344,22.34000015258789,22.520000457763672,118500,22.520000457763672
8/22/2017,22.56999969482422,22.90999984741211,22.420000076293945,22.59000015258789,138100,22.59000015258789
8/21/2017,22.540000915527344,22.72100067138672,22.200000762939453,22.520000457763672,71700,22.520000457763672
8/18/2017,22.200000762939453,22.93000030517578,22.010000228881836,22.6299991607666,128800,22.6299991607666
8/17/2017,22.8700008392334,23.200000762939453,22.059999465942383,22.1299991607666,226500,22.1299991607666
8/16/2017,22.260000228881836,22.959999084472656,21.950000762939453,22.93000030517578,140000,22.93000030517578
8/15/2017,23.489999771118164,23.489999771118164,21.8700008392334,22.049999237060547,171100,22.049999237060547
8/14/2017,22.799999237060547,23.84000015258789,22.54800033569336,23.440000534057617,226100,23.440000534057617
8/11/2017,20.860000610351562,22.850000381469727,20.489999771118164,22.5,278100,22.5
8/10/2017,22.149999618530273,22.149999618530273,20.908000946044922,21.149999618530273,172700,21.149999618530273
8/9/2017,22.770000457763672,22.81999969482422,21.969999313354492,22.149999618530273,81000,22.149999618530273
8/8/2017,22.969999313354492,23.25,22.399999618530273,22.770000457763672,302200,22.770000457763672
8/7/2017,22.899999618530273,22.986000061035156,22.270999908447266,22.790000915527344,214700,22.790000915527344
8/4/2017,21.959999084472656,23.549999237060547,21.47800064086914,22.979999542236328,333300,22.979999542236328
8/3/2017,21.989999771118164,22.670000076293945,20.22100067138672,21.969999313354492,978900,21.969999313354492
8/2/2017,19.770000457763672,20.15999984741211,19,19.059999465942383,320300,19.059999465942383
8/1/2017,20.239999771118164,20.239999771118164,19.59000015258789,19.760000228881836,153200,19.760000228881836
7/31/2017,20.329999923706055,21.143999099731445,19.969999313354492,20.1200008392334,159000,20.1200008392334
7/28/2017,21.040000915527344,21.489999771118164,20.31999969482422,20.350000381469727,158500,20.350000381469727
7/27/2017,21.1299991607666,21.55500030517578,20.290000915527344,20.940000534057617,165500,20.940000534057617
7/26/2017,21.649999618530273,21.649999618530273,20.889999389648438,21.239999771118164,174300,21.239999771118164
7/25/2017,21.690000534057617,22.1200008392334,21.31999969482422,21.469999313354492,92800,21.469999313354492
7/24/2017,21.56999969482422,21.760000228881836,21.139999389648438,21.719999313354492,77400,21.719999313354492
7/21/2017,22.329999923706055,22.329999923706055,20.68000030517578,21.489999771118164,187400,21.489999771118164
7/20/2017,22.43000030517578,22.68000030517578,21.920000076293945,22.229999542236328,136000,22.229999542236328
7/19/2017,22.75,23.143999099731445,22.09000015258789,22.450000762939453,232700,22.450000762939453
7/18/2017,22.049999237060547,22.780000686645508,21.639999389648438,22.670000076293945,184100,22.670000076293945
7/17/2017,22.18000030517578,22.670000076293945,22,22.170000076293945,114000,22.170000076293945
7/14/2017,21.690000534057617,22.219999313354492,21.530000686645508,22.18000030517578,182700,22.18000030517578
7/13/2017,21.809999465942383,21.950000762939453,21.2450008392334,21.540000915527344,114800,21.540000915527344
7/12/2017,20.25,22.200000762939453,20.229999542236328,21.690000534057617,444600,21.690000534057617
7/11/2017,19.829999923706055,20.200000762939453,19.68000030517578,20.190000534057617,196800,20.190000534057617
7/10/2017,19.75,20.389999389648438,19.530000686645508,19.959999084472656,196200,19.959999084472656
7/7/2017,19.299999237060547,19.889999389648438,19.299999237060547,19.700000762939453,181900,19.700000762939453
7/6/2017,19.540000915527344,19.760000228881836,18.860000610351562,19.280000686645508,174000,19.280000686645508
7/5/2017,19.440000534057617,19.850000381469727,18.899999618530273,19.770000457763672,122100,19.770000457763672
7/3/2017,19.739999771118164,19.829999923706055,19.290000915527344,19.469999313354492,136700,19.469999313354492
6/30/2017,19.489999771118164,19.860000610351562,19.360000610351562,19.520000457763672,82000,19.520000457763672
6/29/2017,19.739999771118164,19.739999771118164,19.350000381469727,19.510000228881836,266700,19.510000228881836
6/28/2017,19.68000030517578,19.940000534057617,19.540000915527344,19.729999542236328,127300,19.729999542236328
6/27/2017,20.25,20.34000015258789,19.280000686645508,19.489999771118164,294500,19.489999771118164
6/26/2017,19.56999969482422,20.489999771118164,19.450000762939453,20.239999771118164,584200,20.239999771118164
6/23/2017,19.239999771118164,19.700000762939453,19.114999771118164,19.56999969482422,1041800,19.56999969482422
6/22/2017,19.280000686645508,19.489999771118164,18.979999542236328,19.1200008392334,246800,19.1200008392334
6/21/2017,19.040000915527344,19.59000015258789,18.860000610351562,19.270000457763672,329000,19.270000457763672
6/20/2017,18.65999984741211,19.079999923706055,18.3799991607666,18.940000534057617,316000,18.940000534057617
6/19/2017,18.860000610351562,19.18000030517578,18.3700008392334,18.690000534057617,383900,18.690000534057617
6/16/2017,18.739999771118164,19.114999771118164,18.200000762939453,18.690000534057617,1058500,18.690000534057617
6/15/2017,19.25,19.399999618530273,18.299999237060547,18.799999237060547,402900,18.799999237060547
6/14/2017,19.350000381469727,19.75,19.030000686645508,19.260000228881836,243400,19.260000228881836
6/13/2017,18.799999237060547,19.614999771118164,18.520000457763672,19.3799991607666,319700,19.3799991607666
6/12/2017,19.25,19.45800018310547,18,18.799999237060547,552000,18.799999237060547
6/9/2017,19.350000381469727,19.899999618530273,19.010000228881836,19.420000076293945,229900,19.420000076293945
6/8/2017,18.200000762939453,19.631999969482422,18.200000762939453,19.350000381469727,363100,19.350000381469727
6/7/2017,19.829999923706055,19.829999923706055,17.899999618530273,18.049999237060547,287400,18.049999237060547
6/6/2017,20.3799991607666,20.43000030517578,19.149999618530273,19.399999618530273,150700,19.399999618530273
6/5/2017,20.260000228881836,20.5,19.729999542236328,20.34000015258789,185900,20.34000015258789
6/2/2017,19.600000381469727,20.5,19.389999389648438,20.469999313354492,303400,20.469999313354492
6/1/2017,19.010000228881836,19.75,18.770000457763672,19.440000534057617,238600,19.440000534057617
5/31/2017,18.579999923706055,19.1299991607666,18.100000381469727,18.860000610351562,94400,18.860000610351562
5/30/2017,19.899999618530273,19.899999618530273,18.489999771118164,18.6200008392334,220300,18.6200008392334
5/26/2017,19.239999771118164,20.43000030517578,19.059999465942383,19.829999923706055,328300,19.829999923706055
5/25/2017,18.709999084472656,19.489999771118164,18.639999389648438,19.200000762939453,120600,19.200000762939453
5/24/2017,19.229999542236328,19.229999542236328,18.520000457763672,18.8700008392334,96000,18.8700008392334
5/23/2017,18.90999984741211,19.31800079345703,18.829999923706055,19.149999618530273,159900,19.149999618530273
5/22/2017,17.790000915527344,18.929000854492188,17.739999771118164,18.8700008392334,194300,18.8700008392334
5/19/2017,17.450000762939453,17.97599983215332,17.371000289916992,17.809999465942383,99000,17.809999465942383
5/18/2017,16.899999618530273,17.5,16.65999984741211,17.469999313354492,100400,17.469999313354492
5/17/2017,17.459999084472656,17.503000259399414,16.709999084472656,16.889999389648438,288600,16.889999389648438
5/16/2017,18.1299991607666,18.368999481201172,17.489999771118164,17.520000457763672,271500,17.520000457763672
5/15/2017,18.600000381469727,18.760000228881836,18.100000381469727,18.200000762939453,294300,18.200000762939453
5/12/2017,19.059999465942383,19.07900047302246,18.510000228881836,18.549999237060547,155800,18.549999237060547
5/11/2017,18.75,20.149999618530273,18.040000915527344,18.989999771118164,599800,18.989999771118164
5/10/2017,18.329999923706055,18.6299991607666,18.010000228881836,18.479999542236328,238100,18.479999542236328
5/9/2017,18.5,18.68000030517578,17.65399932861328,18.479999542236328,126800,18.479999542236328
5/8/2017,18.940000534057617,19.229999542236328,18.510000228881836,18.56999969482422,189800,18.56999969482422
5/5/2017,18.100000381469727,19.389999389648438,18.020000457763672,18.899999618530273,438100,18.899999618530273
5/4/2017,17.010000228881836,18.200000762939453,17.010000228881836,18.09000015258789,304700,18.09000015258789
5/3/2017,16.6200008392334,17.100000381469727,16.347000122070312,17.049999237060547,163700,17.049999237060547
5/2/2017,15.960000038146973,16.90999984741211,15.710000038146973,16.729999542236328,405700,16.729999542236328
5/1/2017,16.040000915527344,16.040000915527344,15.699999809265137,15.949999809265137,114300,15.949999809265137
4/28/2017,15.279999732971191,15.989999771118164,15.279999732971191,15.989999771118164,176400,15.989999771118164
4/27/2017,15.109999656677246,15.737000465393066,15.109999656677246,15.210000038146973,138100,15.210000038146973
4/26/2017,15.350000381469727,15.850000381469727,15.149999618530273,15.170000076293945,197500,15.170000076293945
4/25/2017,14.859999656677246,15.479999542236328,14.789999961853027,15.359999656677246,342700,15.359999656677246
4/24/2017,15.40999984741211,15.40999984741211,14.800000190734863,14.800000190734863,537900,14.800000190734863
4/21/2017,15.520000457763672,15.90999984741211,15.420000076293945,15.430000305175781,302300,15.430000305175781
4/20/2017,16.579999923706055,16.600000381469727,15.34000015258789,15.5,427600,15.5
4/19/2017,16.5,16.920000076293945,16.149999618530273,16.520000457763672,362700,16.520000457763672
4/18/2017,16.389999389648438,16.56999969482422,16.030000686645508,16.34000015258789,292600,16.34000015258789
4/17/2017,17.09000015258789,17.09000015258789,15.817999839782715,16.280000686645508,343400,16.280000686645508
4/13/2017,17.010000228881836,17.239999771118164,16.850000381469727,17,259900,17
4/12/2017,16.799999237060547,17.18000030517578,16.649999618530273,17,285500,17
4/11/2017,16.899999618530273,16.899999618530273,16.559999465942383,16.850000381469727,407100,16.850000381469727
4/10/2017,16.700000762939453,16.850000381469727,16.350000381469727,16.84000015258789,171800,16.84000015258789
4/7/2017,16.68000030517578,16.799999237060547,16.204999923706055,16.690000534057617,205600,16.690000534057617
4/6/2017,15.9399995803833,16.799999237060547,15.779999732971191,16.6299991607666,525900,16.6299991607666
4/5/2017,15.970000267028809,16.299999237060547,15.758000373840332,16.1200008392334,305000,16.1200008392334
4/4/2017,16.059999465942383,16.239999771118164,15.65999984741211,15.930000305175781,185800,15.930000305175781
4/3/2017,16.15999984741211,16.3700008392334,15.569999694824219,16.049999237060547,486500,16.049999237060547
3/31/2017,15.130000114440918,15.720000267028809,14.949999809265137,15.630000114440918,366600,15.630000114440918
3/30/2017,15.09000015258789,15.739999771118164,14.885000228881836,15.029999732971191,424700,15.029999732971191
3/29/2017,14.989999771118164,15.199999809265137,14.75,15.010000228881836,282400,15.010000228881836
3/28/2017,15.350000381469727,15.350000381469727,14.609999656677246,14.930000305175781,822000,14.930000305175781
3/27/2017,15.6899995803833,15.6899995803833,15,15.229999542236328,594200,15.229999542236328
3/24/2017,17.25,17.5,15.029999732971191,15.5,8660500,15.5
