4/22/2019,0.0729999989271164,0.07400000095367432,0.0729999989271164,0.0729999989271164,13960000,0.0729999989271164
4/17/2019,0.0729999989271164,0.07500000298023224,0.0729999989271164,0.0729999989271164,26200000,0.0729999989271164
4/16/2019,0.07400000095367432,0.07500000298023224,0.07199999690055847,0.0729999989271164,28990000,0.0729999989271164
4/15/2019,0.07199999690055847,0.07599999755620956,0.07199999690055847,0.07400000095367432,100860000,0.07400000095367432
4/12/2019,0.07199999690055847,0.07199999690055847,0.07100000232458115,0.07199999690055847,11340000,0.07199999690055847
4/11/2019,0.07000000029802322,0.07199999690055847,0.07000000029802322,0.07100000232458115,30470000,0.07100000232458115
4/10/2019,0.07199999690055847,0.07199999690055847,0.07000000029802322,0.07100000232458115,30390000,0.07100000232458115
4/8/2019,0.07100000232458115,0.0729999989271164,0.07100000232458115,0.07199999690055847,13380000,0.07199999690055847
4/5/2019,0.07100000232458115,0.07199999690055847,0.07000000029802322,0.07100000232458115,19760000,0.07100000232458115
4/4/2019,0.07100000232458115,0.07400000095367432,0.07100000232458115,0.07199999690055847,42260000,0.07199999690055847
4/3/2019,0.07100000232458115,0.0729999989271164,0.0689999982714653,0.07199999690055847,64060000,0.07199999690055847
4/2/2019,0.0689999982714653,0.07100000232458115,0.0689999982714653,0.0689999982714653,52330000,0.0689999982714653
4/1/2019,0.06700000166893005,0.0689999982714653,0.06700000166893005,0.06800000369548798,34760000,0.06800000369548798
3/29/2019,0.07000000029802322,0.07000000029802322,0.06599999964237213,0.06800000369548798,166180000,0.06800000369548798
3/28/2019,0.0729999989271164,0.07400000095367432,0.07199999690055847,0.0729999989271164,14720000,0.0729999989271164
3/27/2019,0.07400000095367432,0.07400000095367432,0.07199999690055847,0.0729999989271164,35110000,0.0729999989271164
3/26/2019,0.0729999989271164,0.07400000095367432,0.07199999690055847,0.0729999989271164,50190000,0.0729999989271164
3/25/2019,0.07400000095367432,0.07500000298023224,0.07199999690055847,0.0729999989271164,50240000,0.0729999989271164
3/22/2019,0.0729999989271164,0.07500000298023224,0.0729999989271164,0.0729999989271164,42260000,0.0729999989271164
3/21/2019,0.07400000095367432,0.07500000298023224,0.07199999690055847,0.0729999989271164,60760000,0.0729999989271164
3/20/2019,0.07599999755620956,0.07599999755620956,0.0729999989271164,0.07500000298023224,24110000,0.07500000298023224
3/19/2019,0.07400000095367432,0.07599999755620956,0.0729999989271164,0.07599999755620956,85260000,0.07599999755620956
3/18/2019,0.07699999958276749,0.07699999958276749,0.0729999989271164,0.07400000095367432,149400000,0.07400000095367432
3/15/2019,0.07500000298023224,0.07800000160932541,0.07400000095367432,0.07599999755620956,61940000,0.07599999755620956
3/14/2019,0.07900000363588333,0.07999999821186066,0.07400000095367432,0.07500000298023224,222500000,0.07500000298023224
3/13/2019,0.07699999958276749,0.08100000023841858,0.07699999958276749,0.07900000363588333,338850000,0.07900000363588333
3/12/2019,0.0729999989271164,0.07400000095367432,0.07199999690055847,0.07400000095367432,100620000,0.07400000095367432
3/11/2019,0.07100000232458115,0.0729999989271164,0.07100000232458115,0.07199999690055847,39610000,0.07199999690055847
3/8/2019,0.07599999755620956,0.07800000160932541,0.07100000232458115,0.07100000232458115,532300000,0.07100000232458115
3/7/2019,0.06700000166893005,0.07500000298023224,0.06700000166893005,0.07400000095367432,329850000,0.07400000095367432
3/6/2019,0.06800000369548798,0.0689999982714653,0.06499999761581421,0.06599999964237213,49760000,0.06599999964237213
3/5/2019,0.06800000369548798,0.07100000232458115,0.06800000369548798,0.0689999982714653,169090000,0.0689999982714653
3/4/2019,0.06499999761581421,0.06800000369548798,0.06499999761581421,0.06700000166893005,22820000,0.06700000166893005
3/1/2019,0.06499999761581421,0.06599999964237213,0.06400000303983688,0.06499999761581421,54900000,0.06499999761581421
2/28/2019,0.06700000166893005,0.06700000166893005,0.06400000303983688,0.06499999761581421,49300000,0.06499999761581421
2/27/2019,0.06800000369548798,0.0689999982714653,0.06599999964237213,0.06700000166893005,52520000,0.06700000166893005
2/26/2019,0.07199999690055847,0.07199999690055847,0.06800000369548798,0.06800000369548798,118640000,0.06800000369548798
2/22/2019,0.06800000369548798,0.07199999690055847,0.06800000369548798,0.07100000232458115,299340000,0.07100000232458115
2/21/2019,0.06599999964237213,0.06800000369548798,0.06599999964237213,0.06800000369548798,22670000,0.06800000369548798
2/20/2019,0.06599999964237213,0.06700000166893005,0.06499999761581421,0.06499999761581421,9370000,0.06499999761581421
2/19/2019,0.06700000166893005,0.06800000369548798,0.06599999964237213,0.06800000369548798,18540000,0.06800000369548798
2/15/2019,0.06700000166893005,0.0689999982714653,0.06700000166893005,0.06800000369548798,71280000,0.06800000369548798
2/14/2019,0.06700000166893005,0.07000000029802322,0.06599999964237213,0.06800000369548798,88800000,0.06800000369548798
2/13/2019,0.06800000369548798,0.06800000369548798,0.06599999964237213,0.06700000166893005,65120000,0.06700000166893005
2/12/2019,0.06499999761581421,0.0689999982714653,0.06499999761581421,0.06700000166893005,78200000,0.06700000166893005
2/11/2019,0.06499999761581421,0.06800000369548798,0.06499999761581421,0.06499999761581421,51020000,0.06499999761581421
2/8/2019,0.06499999761581421,0.07000000029802322,0.06499999761581421,0.06599999964237213,287960000,0.06599999964237213
2/7/2019,0.06599999964237213,0.06599999964237213,0.06300000101327896,0.06599999964237213,41770000,0.06599999964237213
2/6/2019,0.061000000685453415,0.06700000166893005,0.05999999865889549,0.06599999964237213,157320000,0.06599999964237213
2/4/2019,0.06300000101327896,0.06300000101327896,0.05999999865889549,0.05999999865889549,41250000,0.05999999865889549
2/1/2019,0.061000000685453415,0.06300000101327896,0.05999999865889549,0.06199999898672104,124270000,0.06199999898672104
1/31/2019,0.05900000035762787,0.061000000685453415,0.057999998331069946,0.061000000685453415,46410000,0.061000000685453415
1/30/2019,0.057999998331069946,0.05999999865889549,0.057999998331069946,0.057999998331069946,12240000,0.057999998331069946
1/29/2019,0.05900000035762787,0.061000000685453415,0.057999998331069946,0.057999998331069946,27320000,0.057999998331069946
1/28/2019,0.05400000140070915,0.05999999865889549,0.05299999937415123,0.057999998331069946,81940000,0.057999998331069946
1/25/2019,0.05299999937415123,0.054999999701976776,0.052000001072883606,0.05299999937415123,22040000,0.05299999937415123
1/24/2019,0.054999999701976776,0.054999999701976776,0.052000001072883606,0.05299999937415123,56170000,0.05299999937415123
1/23/2019,0.05299999937415123,0.0560000017285347,0.05299999937415123,0.054999999701976776,27450000,0.054999999701976776
1/22/2019,0.05400000140070915,0.05400000140070915,0.052000001072883606,0.05299999937415123,45520000,0.05299999937415123
1/18/2019,0.061000000685453415,0.06499999761581421,0.0560000017285347,0.05700000002980232,246570000,0.05700000002980232
10/15/2018,0.05700000002980232,0.05700000002980232,0.054999999701976776,0.0560000017285347,4920000,0.0560000017285347
10/12/2018,0.0560000017285347,0.05700000002980232,0.054999999701976776,0.05700000002980232,19030000,0.05700000002980232
10/11/2018,0.057999998331069946,0.057999998331069946,0.0560000017285347,0.0560000017285347,19170000,0.0560000017285347
10/10/2018,0.057999998331069946,0.05900000035762787,0.05700000002980232,0.05700000002980232,11620000,0.05700000002980232
10/9/2018,0.05900000035762787,0.061000000685453415,0.057999998331069946,0.057999998331069946,7730000,0.057999998331069946
10/8/2018,0.06199999898672104,0.06199999898672104,0.057999998331069946,0.05900000035762787,11910000,0.05900000035762787
10/5/2018,0.05999999865889549,0.061000000685453415,0.05900000035762787,0.061000000685453415,8320000,0.061000000685453415
10/4/2018,0.061000000685453415,0.06300000101327896,0.05999999865889549,0.05999999865889549,17810000,0.05999999865889549
10/3/2018,0.06300000101327896,0.06400000303983688,0.061000000685453415,0.061000000685453415,22040000,0.061000000685453415
10/2/2018,0.06300000101327896,0.06400000303983688,0.061000000685453415,0.06300000101327896,21360000,0.06300000101327896
10/1/2018,0.06199999898672104,0.06300000101327896,0.061000000685453415,0.06300000101327896,11730000,0.06300000101327896
9/28/2018,0.061000000685453415,0.06199999898672104,0.05999999865889549,0.05999999865889549,10430000,0.05999999865889549
9/27/2018,0.06199999898672104,0.06199999898672104,0.05999999865889549,0.061000000685453415,4810000,0.061000000685453415
9/26/2018,0.05999999865889549,0.061000000685453415,0.05999999865889549,0.061000000685453415,9830000,0.061000000685453415
9/25/2018,0.061000000685453415,0.06300000101327896,0.05999999865889549,0.05999999865889549,13750000,0.05999999865889549
9/24/2018,0.05999999865889549,0.06300000101327896,0.05999999865889549,0.05999999865889549,5750000,0.05999999865889549
9/21/2018,0.05999999865889549,0.061000000685453415,0.05900000035762787,0.05999999865889549,11750000,0.05999999865889549
9/20/2018,0.061000000685453415,0.061000000685453415,0.05999999865889549,0.05999999865889549,12310000,0.05999999865889549
9/19/2018,0.061000000685453415,0.06199999898672104,0.05999999865889549,0.061000000685453415,19600000,0.061000000685453415
9/18/2018,0.061000000685453415,0.06199999898672104,0.061000000685453415,0.061000000685453415,13000000,0.061000000685453415
9/17/2018,0.061000000685453415,0.06199999898672104,0.061000000685453415,0.061000000685453415,18200000,0.061000000685453415
9/14/2018,0.06199999898672104,0.06300000101327896,0.061000000685453415,0.061000000685453415,27320000,0.061000000685453415
9/13/2018,0.06199999898672104,0.06199999898672104,0.06199999898672104,0.06199999898672104,18650000,0.06199999898672104
9/12/2018,0.06400000303983688,0.06400000303983688,0.06199999898672104,0.06199999898672104,39020000,0.06199999898672104
9/11/2018,0.06199999898672104,0.06499999761581421,0.06199999898672104,0.06400000303983688,45930000,0.06400000303983688
9/10/2018,0.06300000101327896,0.06300000101327896,0.06199999898672104,0.06199999898672104,16030000,0.06199999898672104
9/7/2018,0.06199999898672104,0.06300000101327896,0.06199999898672104,0.06300000101327896,6100000,0.06300000101327896
9/6/2018,0.06300000101327896,0.06300000101327896,0.06199999898672104,0.06300000101327896,23030000,0.06300000101327896
9/5/2018,0.06199999898672104,0.06300000101327896,0.06199999898672104,0.06300000101327896,2580000,0.06300000101327896
9/4/2018,0.06300000101327896,0.06300000101327896,0.05999999865889549,0.06199999898672104,15010000,0.06199999898672104
8/31/2018,0.06199999898672104,0.06199999898672104,0.06199999898672104,0.06199999898672104,2400000,0.06199999898672104
8/30/2018,0.06400000303983688,0.06400000303983688,0.06199999898672104,0.06199999898672104,22510000,0.06199999898672104
8/29/2018,0.06400000303983688,0.06400000303983688,0.06199999898672104,0.06199999898672104,10920000,0.06199999898672104
8/28/2018,0.061000000685453415,0.06400000303983688,0.061000000685453415,0.06300000101327896,40400000,0.06300000101327896
