4/22/2019,17,17.75,17,17.719999313354492,2791600,17.719999313354492
4/18/2019,17,17.540000915527344,16.959999084472656,17.450000762939453,3426600,17.450000762939453
4/17/2019,17.260000228881836,17.299999237060547,16.709999084472656,16.93000030517578,5296400,16.93000030517578
4/16/2019,17.489999771118164,17.549999237060547,17,17.100000381469727,4515100,17.100000381469727
4/15/2019,18.079999923706055,18.149999618530273,16.8799991607666,17.18000030517578,8859100,17.18000030517578
4/12/2019,17.81999969482422,18.520000457763672,17.68000030517578,18.31999969482422,7307200,18.31999969482422
4/11/2019,17.5,17.770000457763672,17.3799991607666,17.469999313354492,3652900,17.469999313354492
4/10/2019,17.989999771118164,17.989999771118164,17.420000076293945,17.6299991607666,2902900,17.6299991607666
4/9/2019,17.920000076293945,17.959999084472656,17.770000457763672,17.84000015258789,2435300,17.84000015258789
4/8/2019,17.940000534057617,18.135000228881836,17.690000534057617,17.90999984741211,5201500,17.90999984741211
4/5/2019,17.389999389648438,18.25,17.239999771118164,18.020000457763672,7908800,18.020000457763672
4/4/2019,18.030000686645508,18.190000534057617,16.92099952697754,17.229999542236328,11660000,17.229999542236328
4/3/2019,18.270000457763672,18.600000381469727,17.979999542236328,18.079999923706055,21655900,18.079999923706055
4/2/2019,18.389999389648438,18.59000015258789,17.989999771118164,18.049999237060547,9102700,18.049999237060547
4/1/2019,19.239999771118164,19.299999237060547,18.15999984741211,18.799999237060547,5938400,18.799999237060547
3/29/2019,18.40999984741211,18.969999313354492,17.829999923706055,18.950000762939453,6273500,18.950000762939453
3/28/2019,17.75,18.200000762939453,17.670000076293945,18.100000381469727,3835200,18.100000381469727
3/27/2019,17.709999084472656,17.979999542236328,17.5,17.709999084472656,5441800,17.709999084472656
3/26/2019,17.649999618530273,17.899999618530273,17.610000610351562,17.700000762939453,2688100,17.700000762939453
3/25/2019,17.110000610351562,17.809999465942383,17.049999237060547,17.59000015258789,1901400,17.59000015258789
3/22/2019,17.600000381469727,17.690000534057617,17.200000762939453,17.209999084472656,4250900,17.209999084472656
3/21/2019,17.770000457763672,18.05699920654297,17.549999237060547,17.709999084472656,4727100,17.709999084472656
3/20/2019,18.6200008392334,18.649999618530273,17.719999313354492,17.75,5205700,17.75
3/19/2019,18.56999969482422,19,18.450000762939453,18.649999618530273,3482500,18.649999618530273
3/18/2019,18.90999984741211,18.950000762939453,18.3700008392334,18.5,2295800,18.5
3/15/2019,18.59000015258789,18.829999923706055,18.5,18.709999084472656,2184100,18.709999084472656
3/14/2019,18.299999237060547,18.600000381469727,18.18000030517578,18.5,1640100,18.5
3/13/2019,18.899999618530273,19.100000381469727,18.174999237060547,18.200000762939453,3825900,18.200000762939453
3/12/2019,18.709999084472656,19.260000228881836,18.6299991607666,18.899999618530273,3295500,18.899999618530273
3/11/2019,18.1200008392334,18.6200008392334,17.969999313354492,18.600000381469727,4642200,18.600000381469727
3/8/2019,17.209999084472656,18.200000762939453,17.149999618530273,17.940000534057617,3441200,17.940000534057617
3/7/2019,18.399999618530273,18.600000381469727,17.670000076293945,17.799999237060547,3946600,17.799999237060547
3/6/2019,19,19.1299991607666,18.514999389648438,18.65999984741211,4299400,18.65999984741211
3/5/2019,18.65999984741211,19.31999969482422,18.268999099731445,19.139999389648438,4526000,19.139999389648438
3/4/2019,17.6299991607666,19,17.56999969482422,18.81999969482422,10394200,18.81999969482422
3/1/2019,19.110000610351562,19.200000762939453,17.920000076293945,17.979999542236328,9815700,17.979999542236328
2/28/2019,20.899999618530273,21.5,18.540000915527344,18.979999542236328,17474500,18.979999542236328
2/27/2019,19.989999771118164,20.049999237060547,19.43000030517578,19.860000610351562,5961000,19.860000610351562
2/26/2019,19.670000076293945,19.979999542236328,19.049999237060547,19.729999542236328,4507000,19.729999542236328
2/25/2019,20.5,21,19.559999465942383,20.260000228881836,8690200,20.260000228881836
2/22/2019,18.450000762939453,19.549999237060547,18.424999237060547,19.479999542236328,7639100,19.479999542236328
2/21/2019,18.459999084472656,18.68000030517578,17.93000030517578,18.139999389648438,3018500,18.139999389648438
2/20/2019,18.030000686645508,18.75,18.020000457763672,18.309999465942383,5234800,18.309999465942383
2/19/2019,17.809999465942383,18.219999313354492,17.770000457763672,17.799999237060547,3313400,17.799999237060547
2/15/2019,18.5,18.510000228881836,17.719999313354492,17.739999771118164,6522000,17.739999771118164
2/14/2019,18.81999969482422,19.200000762939453,18.3799991607666,18.920000076293945,6906900,18.920000076293945
2/13/2019,18.110000610351562,18.5,17.964000701904297,18.200000762939453,2499700,18.200000762939453
2/12/2019,17.510000228881836,18.209999084472656,17.510000228881836,17.860000610351562,3905300,17.860000610351562
2/11/2019,17.825000762939453,17.950000762939453,17.149999618530273,17.290000915527344,2375000,17.290000915527344
2/8/2019,16.989999771118164,17.649999618530273,16.43000030517578,17.459999084472656,1702700,17.459999084472656
2/7/2019,17.989999771118164,18.065000534057617,16.989999771118164,17.18000030517578,4054700,17.18000030517578
2/6/2019,18.190000534057617,18.479999542236328,18.06999969482422,18.209999084472656,2865400,18.209999084472656
2/5/2019,17.760000228881836,18.434999465942383,17.65999984741211,18.209999084472656,2056400,18.209999084472656
2/4/2019,17.889999389648438,18.049999237060547,17.469999313354492,17.700000762939453,2415500,17.700000762939453
2/1/2019,18.299999237060547,18.610000610351562,17.75,17.829999923706055,3082300,17.829999923706055
1/31/2019,18.280000686645508,18.459999084472656,17.959999084472656,18.40999984741211,5100000,18.40999984741211
1/30/2019,18.190000534057617,18.299999237060547,17.68000030517578,17.760000228881836,2807300,17.760000228881836
1/29/2019,17.989999771118164,18.3799991607666,17.670000076293945,17.84000015258789,6344300,17.84000015258789
1/28/2019,17.139999389648438,18.15999984741211,16.799999237060547,17.979999542236328,4097100,17.979999542236328
1/25/2019,17.219999313354492,17.5,16.969999313354492,17.440000534057617,3764300,17.440000534057617
1/24/2019,16.09000015258789,17.18000030517578,16,16.889999389648438,4376000,16.889999389648438
1/23/2019,16.190000534057617,16.3700008392334,15.84000015258789,15.949999809265137,3083100,15.949999809265137
1/22/2019,16.15999984741211,16.190000534057617,15.75,15.930000305175781,4492900,15.930000305175781
1/18/2019,16.860000610351562,17.09000015258789,16.600000381469727,16.709999084472656,3635100,16.709999084472656
1/17/2019,15.899999618530273,16.81999969482422,15.75,16.530000686645508,3893900,16.530000686645508
1/16/2019,15.770000457763672,16.149999618530273,15.5600004196167,16.030000686645508,4317900,16.030000686645508
1/15/2019,15.329999923706055,15.800000190734863,15.229999542236328,15.510000228881836,3143300,15.510000228881836
1/14/2019,15.199999809265137,15.369999885559082,14.710000038146973,15.0600004196167,2387300,15.0600004196167
1/11/2019,16.020000457763672,16.09000015258789,15.289999961853027,15.359999656677246,4050200,15.359999656677246
1/10/2019,15.399999618530273,16.600000381469727,15.300000190734863,16.260000228881836,5974600,16.260000228881836
1/9/2019,14.039999961853027,16.3700008392334,14.010000228881836,15.75,7953100,15.75
1/8/2019,14.515000343322754,15.100000381469727,14.399999618530273,14.779999732971191,4795200,14.779999732971191
1/7/2019,13.9399995803833,14.369999885559082,13.739999771118164,14.270000457763672,2358000,14.270000457763672
1/4/2019,13.449999809265137,13.890000343322754,13.399999618530273,13.699999809265137,2971900,13.699999809265137
1/3/2019,14.1899995803833,14.199999809265137,12.850000381469727,12.949999809265137,5032900,12.949999809265137
1/2/2019,14,14.630000114440918,13.979999542236328,14.279999732971191,1902100,14.279999732971191
12/31/2018,14.569999694824219,15,14.399999618530273,14.59000015258789,2914100,14.59000015258789
12/28/2018,14.039999961853027,14.420000076293945,13.8100004196167,14.369999885559082,2762100,14.369999885559082
12/27/2018,13.40999984741211,14.199999809265137,13.329999923706055,14.079999923706055,2181400,14.079999923706055
12/26/2018,13.779999732971191,13.960000038146973,13.270000457763672,13.850000381469727,3562200,13.850000381469727
12/24/2018,13.039999961853027,13.829999923706055,12.65999984741211,13.710000038146973,4584300,13.710000038146973
12/21/2018,15.180000305175781,15.5,13.15999984741211,13.300000190734863,13876800,13.300000190734863
12/20/2018,15.180000305175781,15.229999542236328,14.050000190734863,14.630000114440918,7514500,14.630000114440918
12/19/2018,14.800000190734863,15.170000076293945,14.5,14.550000190734863,3241400,14.550000190734863
12/18/2018,14.479999542236328,14.800000190734863,14.300000190734863,14.720000267028809,3046800,14.720000267028809
12/17/2018,14.930000305175781,14.940999984741211,14.220000267028809,14.279999732971191,3110000,14.279999732971191
12/14/2018,14.800000190734863,15.430000305175781,14.300000190734863,15.220000267028809,4102300,15.220000267028809
12/13/2018,15.4399995803833,15.569999694824219,14.90999984741211,14.949999809265137,2628500,14.949999809265137
12/12/2018,15.300000190734863,15.640000343322754,15.170000076293945,15.289999961853027,3441400,15.289999961853027
12/11/2018,15.020000457763672,15.329999923706055,14.8100004196167,15.050000190734863,2029900,15.050000190734863
12/10/2018,14.59000015258789,15.08899974822998,14.59000015258789,14.710000038146973,3151300,14.710000038146973
12/7/2018,14.65999984741211,15.399999618530273,14.520000457763672,14.6899995803833,3614300,14.6899995803833
12/6/2018,14.029999732971191,14.729999542236328,13.899999618530273,14.680000305175781,4840400,14.680000305175781
12/4/2018,15.520000457763672,15.699999809265137,14.109999656677246,14.329999923706055,4901300,14.329999923706055
12/3/2018,16.290000915527344,16.739999771118164,15.319999694824219,15.420000076293945,5354700,15.420000076293945
11/30/2018,15.149999618530273,15.739999771118164,14.899999618530273,15.609999656677246,5782600,15.609999656677246
11/29/2018,15.930000305175781,15.949999809265137,14.640000343322754,14.930000305175781,6587000,14.930000305175781
11/28/2018,15.199999809265137,16.170000076293945,15.029999732971191,16.139999389648438,5337900,16.139999389648438
11/27/2018,14.699999809265137,15.1899995803833,14.5,14.970000267028809,3099600,14.970000267028809
11/26/2018,15.149999618530273,15.359999656677246,14.640000343322754,14.9399995803833,2888400,14.9399995803833
11/23/2018,14.529999732971191,15.0600004196167,14.199999809265137,14.979999542236328,2797700,14.979999542236328
11/21/2018,13.789999961853027,16.1299991607666,13.75,15.140000343322754,19460700,15.140000343322754
11/20/2018,13.050000190734863,13.899999618530273,12.850000381469727,13.600000381469727,5870700,13.600000381469727
11/19/2018,14.399999618530273,14.420000076293945,13.020000457763672,13.024999618530273,5016800,13.024999618530273
11/16/2018,14.199999809265137,14.9399995803833,13.960000038146973,14.5,3597400,14.5
11/15/2018,13.859999656677246,14.789999961853027,13.791999816894531,14.470000267028809,3435800,14.470000267028809
11/14/2018,13.869999885559082,14.140000343322754,13.539999961853027,13.5600004196167,1710900,13.5600004196167
11/13/2018,13.329999923706055,13.930000305175781,13.100000381469727,13.770000457763672,2395300,13.770000457763672
11/12/2018,13.510000228881836,13.710000038146973,12.779999732971191,12.899999618530273,3235700,12.899999618530273
11/9/2018,14.0600004196167,14.0600004196167,13.319999694824219,13.399999618530273,2689400,13.399999618530273
11/8/2018,15.0600004196167,15.079999923706055,14.350000381469727,14.489999771118164,2149400,14.489999771118164
11/7/2018,15.390000343322754,15.4399995803833,14.8100004196167,15.149999618530273,2010600,15.149999618530273
11/6/2018,14.359999656677246,15.479999542236328,14.350000381469727,14.90999984741211,4477600,14.90999984741211
11/5/2018,14.399999618530273,14.779999732971191,14.25,14.359999656677246,1709300,14.359999656677246
11/2/2018,14.960000038146973,15.180000305175781,14.15999984741211,14.430000305175781,5443900,14.430000305175781
11/1/2018,13.850000381469727,15.15999984741211,13.029999732971191,14.1899995803833,12344900,14.1899995803833
10/31/2018,13.630000114440918,14.5,13.279999732971191,13.5,8966500,13.5
10/30/2018,12.579999923706055,13.399999618530273,12.3100004196167,13.100000381469727,2481200,13.100000381469727
10/29/2018,13.449999809265137,13.550000190734863,12.258000373840332,12.470000267028809,2044300,12.470000267028809
10/26/2018,12.25,13.260000228881836,12.149999618530273,13.170000076293945,2576700,13.170000076293945
10/25/2018,12.239999771118164,12.630000114440918,12.210000038146973,12.569999694824219,2778000,12.569999694824219
10/24/2018,12.890000343322754,12.9399995803833,11.869999885559082,11.989999771118164,3620900,11.989999771118164
10/23/2018,12.670000076293945,13.170000076293945,12.569999694824219,12.970000267028809,1836300,12.970000267028809
10/22/2018,13,13.069999694824219,12.75,13.050000190734863,3448800,13.050000190734863
10/19/2018,12.9399995803833,13.069999694824219,12.369999885559082,12.489999771118164,1924100,12.489999771118164
10/18/2018,12.90999984741211,13.100000381469727,12.489999771118164,12.609999656677246,3147800,12.609999656677246
10/17/2018,13.670000076293945,13.720000267028809,12.90999984741211,13.25,2130200,13.25
10/16/2018,14,14.289999961853027,13.258000373840332,13.460000038146973,4059800,13.460000038146973
10/15/2018,13.279999732971191,14.180000305175781,13.260000228881836,13.949999809265137,3159600,13.949999809265137
10/12/2018,13.369999885559082,13.850000381469727,13.279999732971191,13.710000038146973,4143800,13.710000038146973
10/11/2018,12.029999732971191,12.899999618530273,12.020000457763672,12.6899995803833,3187200,12.6899995803833
10/10/2018,13.260000228881836,13.260000228881836,12.100000381469727,12.420000076293945,3842200,12.420000076293945
10/9/2018,13.3100004196167,13.53499984741211,13,13.170000076293945,2463100,13.170000076293945
10/8/2018,12.720000267028809,13.739999771118164,12.649999618530273,13.630000114440918,3539400,13.630000114440918
10/5/2018,13.369999885559082,13.880000114440918,12.899999618530273,13.350000381469727,4572100,13.350000381469727
10/4/2018,14.140000343322754,14.4399995803833,12.885000228881836,13.550000190734863,6889500,13.550000190734863
10/3/2018,15.149999618530273,15.5,14.029999732971191,14.369999885559082,18033500,14.369999885559082
10/2/2018,13.399999618530273,13.699999809265137,12.84000015258789,13.3100004196167,4114300,13.3100004196167
10/1/2018,13.699999809265137,14.085000038146973,13.569999694824219,13.949999809265137,3226400,13.949999809265137
9/28/2018,12.899999618530273,13.6899995803833,12.890000343322754,13.479999542236328,4170800,13.479999542236328
9/27/2018,12.869999885559082,13.100000381469727,12.729999542236328,13.020000457763672,2278900,13.020000457763672
9/26/2018,12.489999771118164,13.420000076293945,12.449999809265137,12.869999885559082,4916700,12.869999885559082
9/25/2018,12,12.659000396728516,11.699999809265137,12.550000190734863,3393300,12.550000190734863
9/24/2018,11.699999809265137,12.230999946594238,11.279999732971191,12,5842200,12
9/21/2018,13.449999809265137,13.670000076293945,12.359999656677246,12.430000305175781,5074600,12.430000305175781
9/20/2018,13.489999771118164,13.6899995803833,12.970000267028809,13.4399995803833,2197100,13.4399995803833
9/19/2018,13.6899995803833,14,13.199999809265137,13.220000267028809,2756300,13.220000267028809
9/18/2018,13.399999618530273,14.069999694824219,13.130000114440918,13.760000228881836,3956200,13.760000228881836
9/17/2018,13.289999961853027,13.5,12.774999618530273,13.229999542236328,3328900,13.229999542236328
9/14/2018,13.289999961853027,13.65999984741211,12.90999984741211,13.520000457763672,3904800,13.520000457763672
9/13/2018,13.460000038146973,14.119999885559082,13.16100025177002,13.350000381469727,6425300,13.350000381469727
9/12/2018,12,13.680000305175781,11.890000343322754,13.029999732971191,9417300,13.029999732971191
9/11/2018,11.109999656677246,11.989999771118164,11.109999656677246,11.84000015258789,3510300,11.84000015258789
9/10/2018,11.729999542236328,11.9399995803833,11.3100004196167,11.3100004196167,2528300,11.3100004196167
9/7/2018,11.260000228881836,11.880000114440918,11,11.710000038146973,2973200,11.710000038146973
9/6/2018,11.59000015258789,11.65999984741211,11.109999656677246,11.399999618530273,2416400,11.399999618530273
9/5/2018,12.25,12.3100004196167,11.350000381469727,11.390000343322754,5320200,11.390000343322754
9/4/2018,12.75,12.859999656677246,12.039999961853027,12.5,3758800,12.5
8/31/2018,12.699999809265137,13.399999618530273,12.699999809265137,12.829999923706055,3801300,12.829999923706055
8/30/2018,13.399999618530273,13.699999809265137,12.25,13.140000343322754,8767700,13.140000343322754
8/29/2018,13,14.229999542236328,12.180000305175781,13.760000228881836,9428200,13.760000228881836
8/28/2018,12.850000381469727,13.75,12.640000343322754,13.079999923706055,19444300,13.079999923706055
8/27/2018,11.449999809265137,11.770000457763672,10.960000038146973,11.529999732971191,9487100,11.529999732971191
8/24/2018,10.579999923706055,10.989999771118164,10.40999984741211,10.90999984741211,3993900,10.90999984741211
8/23/2018,11.210000038146973,11.350000381469727,10.432999610900879,10.529999732971191,4609900,10.529999732971191
8/22/2018,11.75,11.819999694824219,10.960000038146973,11.010000228881836,4486300,11.010000228881836
8/21/2018,11.550000190734863,12.430000305175781,11.5,11.850000381469727,5490500,11.850000381469727
8/20/2018,11.25,11.4399995803833,10.5,11.300000190734863,5316300,11.300000190734863
8/17/2018,10.550000190734863,10.869999885559082,9.9399995803833,10.699999809265137,2922700,10.699999809265137
8/16/2018,10.510000228881836,10.9399995803833,10.5,10.5600004196167,5202100,10.5600004196167
8/15/2018,9.899999618530273,10.300000190734863,9.09000015258789,10.265000343322754,10742700,10.265000343322754
8/14/2018,10.569999694824219,10.6899995803833,10.260000228881836,10.65999984741211,5840400,10.65999984741211
8/13/2018,11.1899995803833,11.270000457763672,10.699999809265137,10.8100004196167,2261600,10.8100004196167
8/10/2018,11.25,11.369999885559082,11.020000457763672,11.140000343322754,2683600,11.140000343322754
8/9/2018,11.399999618530273,11.579000473022461,11.220000267028809,11.25,1838200,11.25
8/8/2018,11.489999771118164,11.678999900817871,11.239999771118164,11.390000343322754,1809400,11.390000343322754
8/7/2018,11.380000114440918,11.670000076293945,11.300000190734863,11.399999618530273,2804300,11.399999618530273
8/6/2018,11.119999885559082,11.739999771118164,11.11299991607666,11.270000457763672,3413000,11.270000457763672
8/3/2018,11.510000228881836,11.600000381469727,11,11.0600004196167,2901600,11.0600004196167
8/2/2018,11,11.520000457763672,10.699999809265137,11.510000228881836,6487900,11.510000228881836
8/1/2018,11.65999984741211,11.729999542236328,11.15999984741211,11.329999923706055,3789400,11.329999923706055
7/31/2018,11.5,12.25,11.350000381469727,11.710000038146973,3235500,11.710000038146973
7/30/2018,11.300000190734863,12,11.050000190734863,11.59000015258789,6687400,11.59000015258789
7/27/2018,13.100000381469727,13.100000381469727,12,12.130000114440918,6568300,12.130000114440918
7/26/2018,12.800000190734863,13.149999618530273,12.65999984741211,12.770000457763672,6985700,12.770000457763672
7/25/2018,13.770000457763672,13.949999809265137,13.130000114440918,13.359999656677246,9249400,13.359999656677246
7/24/2018,14.399999618530273,14.770000457763672,13.649999618530273,13.920000076293945,6209200,13.920000076293945
7/23/2018,14.40999984741211,14.699999809265137,13.63599967956543,14.180000305175781,4917200,14.180000305175781
7/20/2018,13.960000038146973,14.710000038146973,13.819999694824219,14.40999984741211,6371200,14.40999984741211
7/19/2018,14.430000305175781,15.079999923706055,13.800000190734863,13.920000076293945,10799300,13.920000076293945
7/18/2018,13.949999809265137,14.989999771118164,13.899999618530273,14.430000305175781,10267600,14.430000305175781
7/17/2018,13.420000076293945,14.149999618530273,13.100000381469727,13.6899995803833,6857100,13.6899995803833
7/16/2018,13.720000267028809,14.25,13.279999732971191,13.800000190734863,8538200,13.800000190734863
7/13/2018,14.5,14.6899995803833,13.5,13.800000190734863,9513200,13.800000190734863
7/12/2018,13.199999809265137,14.399999618530273,12.949999809265137,14.260000228881836,11804400,14.260000228881836
7/11/2018,12.960000038146973,13.529999732971191,12.760000228881836,12.779999732971191,7441200,12.779999732971191
7/10/2018,13.470000267028809,13.970000267028809,13.130000114440918,13.260000228881836,6777500,13.260000228881836
7/9/2018,13.65999984741211,14.079999923706055,13.28499984741211,13.850000381469727,9256500,13.850000381469727
7/6/2018,12.510000228881836,13.369999885559082,12.5,13.300000190734863,6019300,13.300000190734863
7/5/2018,14,14.100000381469727,12.880000114440918,12.899999618530273,6617300,12.899999618530273
7/3/2018,13.539999961853027,14.09000015258789,13.119999885559082,13.800000190734863,3656400,13.800000190734863
7/2/2018,13.239999771118164,13.640000343322754,12.970000267028809,13.359999656677246,7243900,13.359999656677246
6/29/2018,14.899999618530273,14.899999618530273,13.819999694824219,13.989999771118164,6025800,13.989999771118164
6/28/2018,13.5,14.899999618530273,13.3100004196167,14.5,7180500,14.5
6/27/2018,16.209999084472656,16.299999237060547,13.890000343322754,13.899999618530273,9576000,13.899999618530273
6/26/2018,15.949999809265137,16.530000686645508,15.510000228881836,15.850000381469727,7155400,15.850000381469727
6/25/2018,15.670000076293945,16.190000534057617,14.800000190734863,15.359999656677246,8813300,15.359999656677246
6/22/2018,16.520000457763672,16.8799991607666,15.380000114440918,16.649999618530273,8722300,16.649999618530273
6/21/2018,18.5,18.540000915527344,16,16.440000534057617,13195500,16.440000534057617
6/20/2018,20.040000915527344,20.290000915527344,18.5,18.540000915527344,8227700,18.540000915527344
6/19/2018,20.799999237060547,21.25,19.079999923706055,19.18000030517578,10723700,19.18000030517578
6/18/2018,19.350000381469727,21.65999984741211,18.950000762939453,21.280000686645508,10162500,21.280000686645508
6/15/2018,20.575000762939453,21.350000381469727,18.81999969482422,19.649999618530273,14056800,19.649999618530273
6/14/2018,20.690000534057617,22.700000762939453,19.600000381469727,20.5,19542000,20.5
6/13/2018,18.780000686645508,20.239999771118164,18.5,20.06999969482422,10175900,20.06999969482422
6/12/2018,18.6200008392334,19.100000381469727,17.600000381469727,18.65999984741211,7313900,18.65999984741211
6/11/2018,19.010000228881836,19.350000381469727,17.360000610351562,18.420000076293945,11994900,18.420000076293945
6/8/2018,16.100000381469727,19.350000381469727,15.850000381469727,18.950000762939453,10538300,18.950000762939453
6/7/2018,16.559999465942383,16.790000915527344,16.049999237060547,16.219999313354492,1983600,16.219999313354492
6/6/2018,16.940000534057617,16.959999084472656,16.141000747680664,16.56999969482422,2725700,16.56999969482422
6/5/2018,16.479999542236328,16.739999771118164,15.600000381469727,16.709999084472656,4193100,16.709999084472656
6/4/2018,17.399999618530273,18.155000686645508,16.25,16.43000030517578,5657600,16.43000030517578
6/1/2018,16.510000228881836,17.200000762939453,15.869999885559082,16.90999984741211,4287600,16.90999984741211
5/31/2018,17.1299991607666,17.709999084472656,15,16.229999542236328,10142000,16.229999542236328
5/30/2018,15.199999809265137,16.884000778198242,15.1899995803833,16.670000076293945,6639700,16.670000076293945
5/29/2018,14.300000190734863,15.189000129699707,14.220000267028809,15.029999732971191,4145300,15.029999732971191
5/25/2018,13.859999656677246,14.4399995803833,13.850000381469727,14.239999771118164,3624500,14.239999771118164
5/24/2018,14.350000381469727,15.489999771118164,13.449999809265137,13.850000381469727,16603700,13.850000381469727
5/23/2018,13.069999694824219,13.380000114440918,12.300000190734863,12.4399995803833,6178500,12.4399995803833
5/22/2018,13,13.260000228881836,12.609999656677246,13.140000343322754,2364300,13.140000343322754
5/21/2018,12.9399995803833,13.180000305175781,12.670000076293945,12.75,3480100,12.75
5/18/2018,13.5,13.5,12.800000190734863,12.84000015258789,2469000,12.84000015258789
5/17/2018,13.829999923706055,14.869999885559082,13.029999732971191,13.550000190734863,4410200,13.550000190734863
5/16/2018,12.239999771118164,14.350000381469727,12.15999984741211,14.109999656677246,3113400,14.109999656677246
5/15/2018,12.069999694824219,12.420000076293945,11.520000457763672,12.15999984741211,1529300,12.15999984741211
5/14/2018,11.550000190734863,12.199999809265137,11.5,12.069999694824219,1946800,12.069999694824219
5/11/2018,11.0600004196167,12.1899995803833,11.0600004196167,11.460000038146973,3152500,11.460000038146973
5/10/2018,10.729999542236328,11.678999900817871,10.510000228881836,11,1653000,11
5/9/2018,10.40999984741211,10.729999542236328,10.279999732971191,10.649999618530273,1043500,10.649999618530273
5/8/2018,10.050000190734863,10.489999771118164,9.949999809265137,10.270000457763672,733800,10.270000457763672
5/7/2018,10.010000228881836,10.140000343322754,9.859999656677246,10,877800,10
5/4/2018,10.180000305175781,10.279999732971191,9.859999656677246,9.989999771118164,954500,9.989999771118164
5/3/2018,10.1899995803833,10.458999633789062,10,10.079999923706055,844000,10.079999923706055
5/2/2018,10.520000457763672,10.63599967956543,10.210000038146973,10.260000228881836,558700,10.260000228881836
5/1/2018,10.84000015258789,11.039999961853027,10.40999984741211,10.579999923706055,581000,10.579999923706055
4/30/2018,10.699999809265137,11.079999923706055,10.100000381469727,10.920000076293945,1090900,10.920000076293945
4/27/2018,11,11.100000381469727,10.609999656677246,10.609999656677246,495000,10.609999656677246
4/26/2018,11.0600004196167,11.1899995803833,10.850000381469727,11,343100,11
4/25/2018,11.1899995803833,11.289999961853027,10.819999694824219,10.899999618530273,1530200,10.899999618530273
4/24/2018,11.25,11.520000457763672,11.210000038146973,11.289999961853027,1223300,11.289999961853027
4/23/2018,11.289999961853027,11.460000038146973,11.050999641418457,11.1899995803833,867800,11.1899995803833
4/20/2018,11.25,11.3100004196167,11.0600004196167,11.1899995803833,625700,11.1899995803833
4/19/2018,11.399999618530273,11.489999771118164,11.279999732971191,11.350000381469727,433000,11.350000381469727
4/18/2018,11.4399995803833,11.5,11.289999961853027,11.350000381469727,582400,11.350000381469727
4/17/2018,11.350000381469727,11.399999618530273,11.15999984741211,11.319999694824219,635100,11.319999694824219
4/16/2018,11.40999984741211,11.5,11.329999923706055,11.329999923706055,562000,11.329999923706055
4/13/2018,11.600000381469727,11.6899995803833,11.319999694824219,11.399999618530273,803800,11.399999618530273
4/12/2018,11.529999732971191,11.760000228881836,11.350000381469727,11.619999885559082,2075200,11.619999885559082
4/11/2018,11.579999923706055,11.59000015258789,11.029999732971191,11.479999542236328,1497800,11.479999542236328
4/10/2018,11.449999809265137,11.59000015258789,11.25,11.5,2198200,11.5
4/9/2018,11,11.6899995803833,10.960000038146973,11.100000381469727,2648400,11.100000381469727
4/6/2018,10.949999809265137,11.029999732971191,10.850000381469727,10.9399995803833,684700,10.9399995803833
4/5/2018,11,11.048999786376953,10.75,10.979999542236328,893300,10.979999542236328
4/4/2018,10.75,11.079999923706055,10.550000190734863,10.970000267028809,1498200,10.970000267028809
4/3/2018,11.5,11.5,10.791000366210938,10.90999984741211,2509600,10.90999984741211
4/2/2018,11.050000190734863,11.5,10.90999984741211,11,2771000,11
3/29/2018,11.5,11.800000190734863,10.649999618530273,11,5863900,11
3/28/2018,9.800000190734863,11.260000228881836,9.619999885559082,11.239999771118164,23929600,11.239999771118164
