4/22/2019,41.31999969482422,43.59000015258789,41.0099983215332,43.47999954223633,2345400,43.47999954223633
4/18/2019,41.599998474121094,43.08000183105469,41.29999923706055,41.77000045776367,2752000,41.77000045776367
4/17/2019,41.349998474121094,41.95000076293945,41.20000076293945,41.65999984741211,2715600,41.65999984741211
4/16/2019,40.540000915527344,41.28499984741211,39.52000045776367,40.959999084472656,2172900,40.959999084472656
4/15/2019,41.369998931884766,41.5,39.630001068115234,40.400001525878906,1972700,40.400001525878906
4/12/2019,42.34000015258789,42.849998474121094,40.790000915527344,41.75,2143200,41.75
4/11/2019,42.5,42.91999816894531,41.209999084472656,41.86000061035156,1419900,41.86000061035156
4/10/2019,42.7400016784668,43.150001525878906,42.2400016784668,42.869998931884766,1461900,42.869998931884766
4/9/2019,42.209999084472656,42.959999084472656,41.834999084472656,42.86000061035156,1613100,42.86000061035156
4/8/2019,42.689998626708984,43.25,42.08000183105469,42.47999954223633,1480500,42.47999954223633
4/5/2019,40.650001525878906,42.91999816894531,40.349998474121094,42.849998474121094,3480900,42.849998474121094
4/4/2019,42.70000076293945,42.93000030517578,40.720001220703125,41.04999923706055,2882000,41.04999923706055
4/3/2019,42.68000030517578,44.4900016784668,42.400001525878906,44.25,2269200,44.25
4/2/2019,41.93000030517578,42.40999984741211,41.57600021362305,42,693800,42
4/1/2019,42.689998626708984,43.47999954223633,41.34000015258789,42,2171200,42
3/29/2019,39.709999084472656,41.970001220703125,39.65999984741211,41.540000915527344,2617800,41.540000915527344
3/28/2019,38,39.15999984741211,37.81999969482422,39.130001068115234,1443100,39.130001068115234
3/27/2019,37.91999816894531,39.099998474121094,37.41999816894531,37.81999969482422,4570100,37.81999969482422
3/26/2019,37.150001525878906,37.9900016784668,36.84000015258789,37.83000183105469,1001800,37.83000183105469
3/25/2019,35.9900016784668,37.130001068115234,35.779998779296875,36.91999816894531,1231100,36.91999816894531
3/22/2019,37.79999923706055,37.880001068115234,36.61800003051758,36.650001525878906,1262100,36.650001525878906
3/21/2019,36.4900016784668,38.18000030517578,36.4900016784668,37.9900016784668,1610100,37.9900016784668
3/20/2019,38.810001373291016,38.810001373291016,36.5,36.810001373291016,1855300,36.810001373291016
3/19/2019,38.630001068115234,39.22999954223633,38.33000183105469,38.97999954223633,1353800,38.97999954223633
3/18/2019,37.77000045776367,39,37.58000183105469,38.290000915527344,1797700,38.290000915527344
3/15/2019,36.209999084472656,37.459999084472656,36.08000183105469,37.27000045776367,1723500,37.27000045776367
3/14/2019,35.75,36.45000076293945,35.25,35.95000076293945,1670900,35.95000076293945
3/13/2019,35,36.25,34.790000915527344,35.93000030517578,1604000,35.93000030517578
3/12/2019,35.689998626708984,35.689998626708984,34.869998931884766,35.22999954223633,1826300,35.22999954223633
3/11/2019,34.73500061035156,35.310001373291016,34.54999923706055,35.029998779296875,1969100,35.029998779296875
3/8/2019,33.029998779296875,35.56999969482422,32.45000076293945,34.40999984741211,3012500,34.40999984741211
3/7/2019,38.380001068115234,38.380001068115234,34.71699905395508,34.939998626708984,5078300,34.939998626708984
3/6/2019,42,43.88999938964844,37.119998931884766,38.88999938964844,8060800,38.88999938964844
3/5/2019,38.58000183105469,39.95000076293945,37.87699890136719,39.439998626708984,5021400,39.439998626708984
3/4/2019,37.779998779296875,38.630001068115234,37.16999816894531,38.599998474121094,2454300,38.599998474121094
3/1/2019,38.5,38.59000015258789,36.5,37.060001373291016,2489600,37.060001373291016
2/28/2019,38.150001525878906,38.275001525878906,37.20000076293945,37.45000076293945,1347400,37.45000076293945
2/27/2019,38.2400016784668,38.88999938964844,37.63999938964844,37.790000915527344,1494300,37.790000915527344
2/26/2019,38.18000030517578,38.849998474121094,37.35900115966797,38.52000045776367,1646900,38.52000045776367
2/25/2019,39.5,39.66999816894531,37.61000061035156,38.5099983215332,3142600,38.5099983215332
2/22/2019,35.08000183105469,37.029998779296875,35.08000183105469,36.97999954223633,1785900,36.97999954223633
2/21/2019,35.560001373291016,35.970001220703125,34,34.58000183105469,1172100,34.58000183105469
2/20/2019,34.13999938964844,36.06999969482422,34.060001373291016,35.63999938964844,2524100,35.63999938964844
2/19/2019,32.79999923706055,34.13999938964844,32.5,33.959999084472656,2087300,33.959999084472656
2/15/2019,35.06999969482422,35.150001525878906,33.0099983215332,33.13999938964844,2048800,33.13999938964844
2/14/2019,34.880001068115234,35.150001525878906,34.400001525878906,34.84000015258789,668700,34.84000015258789
2/13/2019,35.029998779296875,35.20000076293945,34.34000015258789,34.970001220703125,1570100,34.970001220703125
2/12/2019,34.560001373291016,34.689998626708984,33.900001525878906,34.58000183105469,1286900,34.58000183105469
2/11/2019,34.61000061035156,35.349998474121094,33.68000030517578,34.130001068115234,1552100,34.130001068115234
2/8/2019,33.59000015258789,34.599998474121094,33.310001373291016,34.040000915527344,925300,34.040000915527344
2/7/2019,35.880001068115234,36.09000015258789,33.54999923706055,34.11000061035156,1780400,34.11000061035156
2/6/2019,36.27000045776367,36.869998931884766,35.7599983215332,36.369998931884766,827100,36.369998931884766
2/5/2019,36.0099983215332,37.41999816894531,36.0099983215332,36.20000076293945,1127500,36.20000076293945
2/4/2019,35.13999938964844,36.27000045776367,34.720001220703125,35.900001525878906,1342000,35.900001525878906
2/1/2019,35.79999923706055,35.970001220703125,34.91999816894531,35.20000076293945,2344800,35.20000076293945
1/31/2019,34.66999816894531,36.279998779296875,34.66999816894531,35.79999923706055,2180500,35.79999923706055
1/30/2019,34.52000045776367,35,33.810001373291016,34.40999984741211,1050000,34.40999984741211
1/29/2019,34.029998779296875,34.65999984741211,33.68000030517578,33.7400016784668,1418000,33.7400016784668
1/28/2019,33.709999084472656,34.41999816894531,33.2400016784668,34.29999923706055,1053900,34.29999923706055
1/25/2019,33.72999954223633,35,33.61000061035156,34.439998626708984,1638200,34.439998626708984
1/24/2019,32.25,33.20000076293945,32.05400085449219,32.88999938964844,1129700,32.88999938964844
1/23/2019,32.84000015258789,33.7400016784668,31.610000610351562,32.41999816894531,1741100,32.41999816894531
1/22/2019,32.75,32.959999084472656,31.709999084472656,32.40999984741211,1789400,32.40999984741211
1/18/2019,31.799999237060547,34.45000076293945,31.75,33.290000915527344,3254000,33.290000915527344
1/17/2019,30.690000534057617,32.119998931884766,30.43000030517578,31.329999923706055,1102700,31.329999923706055
1/16/2019,30.600000381469727,31.524999618530273,30.600000381469727,30.81999969482422,1436600,30.81999969482422
1/15/2019,29.950000762939453,31.049999237060547,29.940000534057617,30.299999237060547,1744200,30.299999237060547
1/14/2019,30.6299991607666,30.6299991607666,29.389999389648438,29.709999084472656,1994400,29.709999084472656
1/11/2019,31.649999618530273,31.8799991607666,30.784000396728516,31.520000457763672,1161500,31.520000457763672
1/10/2019,32.630001068115234,32.900001525878906,31.270000457763672,31.809999465942383,2111300,31.809999465942383
1/9/2019,32.54999923706055,33.720001220703125,32.40999984741211,33,1484600,33
1/8/2019,32.20000076293945,32.61000061035156,31.360000610351562,32.029998779296875,1623800,32.029998779296875
1/7/2019,30.829999923706055,31.649999618530273,30.06999969482422,31.530000686645508,1499900,31.530000686645508
1/4/2019,29,30.6200008392334,28.790000915527344,30.31999969482422,1334800,30.31999969482422
1/3/2019,29.229999542236328,29.679000854492188,28.200000762939453,28.3700008392334,1092900,28.3700008392334
1/2/2019,28.229999542236328,30.34000015258789,27.809999465942383,29.790000915527344,1650300,29.790000915527344
12/31/2018,30.920000076293945,31.18000030517578,28.795000076293945,29.209999084472656,1329800,29.209999084472656
12/28/2018,30.6299991607666,31.280000686645508,29.559999465942383,30.530000686645508,1217000,30.530000686645508
12/27/2018,29.389999389648438,30.34000015258789,28.940000534057617,30.329999923706055,1243300,30.329999923706055
12/26/2018,29.280000686645508,30.06999969482422,28.469999313354492,30.030000686645508,1316300,30.030000686645508
12/24/2018,28.290000915527344,29.459999084472656,27.84000015258789,29.229999542236328,879400,29.229999542236328
12/21/2018,29.780000686645508,29.899999618530273,27.93000030517578,28.229999542236328,1869700,28.229999542236328
12/20/2018,29.959999084472656,30.479999542236328,28.6200008392334,29.40999984741211,2667000,29.40999984741211
12/19/2018,32.29999923706055,32.36000061035156,29.80500030517578,30.239999771118164,2426100,30.239999771118164
12/18/2018,33.4900016784668,33.630001068115234,31.799999237060547,32.470001220703125,2026300,32.470001220703125
12/17/2018,36.040000915527344,36.040000915527344,32.52000045776367,33.099998474121094,2369800,33.099998474121094
12/14/2018,36.060001373291016,38.29999923706055,35.79999923706055,36.150001525878906,1509800,36.150001525878906
12/13/2018,37.93000030517578,38.689998626708984,36.75,36.869998931884766,1894800,36.869998931884766
12/12/2018,35.650001525878906,37.849998474121094,35.650001525878906,36.560001373291016,2549600,36.560001373291016
12/11/2018,34.599998474121094,35.290000915527344,34.15999984741211,34.900001525878906,1196700,34.900001525878906
12/10/2018,33.25,34.349998474121094,32.41999816894531,33.939998626708984,1532600,33.939998626708984
12/7/2018,34.95000076293945,35.9900016784668,33.40700149536133,33.540000915527344,1291800,33.540000915527344
12/6/2018,34.060001373291016,35.459999084472656,33,35.22999954223633,2392600,35.22999954223633
12/4/2018,36.2400016784668,37.63999938964844,35.79999923706055,36.400001525878906,2464900,36.400001525878906
12/3/2018,38.0099983215332,38.779998779296875,35.599998474121094,36.45000076293945,3902300,36.45000076293945
11/30/2018,33.869998931884766,35.47999954223633,33.22999954223633,35.27000045776367,2246200,35.27000045776367
11/29/2018,34.22999954223633,34.22999954223633,32.65999984741211,33.91999816894531,1578000,33.91999816894531
11/28/2018,35,35.599998474121094,32.869998931884766,34.22999954223633,1754300,34.22999954223633
11/27/2018,33.22999954223633,34.34000015258789,32.91899871826172,34.029998779296875,1761700,34.029998779296875
11/26/2018,33.70000076293945,34.7400016784668,33.439998626708984,33.529998779296875,2075800,33.529998779296875
11/23/2018,31.540000915527344,33.52000045776367,30.559999465942383,32.56999969482422,3077800,32.56999969482422
11/21/2018,33.880001068115234,37.099998474121094,32.25,32.439998626708984,11128800,32.439998626708984
11/20/2018,29.850000381469727,30.649999618530273,29.309999465942383,30.1299991607666,2821700,30.1299991607666
11/19/2018,32.400001525878906,32.77000045776367,30.850000381469727,31.079999923706055,2297300,31.079999923706055
11/16/2018,32.22999954223633,32.939998626708984,31.006999969482422,32.75,1648800,32.75
11/15/2018,32.630001068115234,33.61000061035156,31.899999618530273,32.709999084472656,2244500,32.709999084472656
11/14/2018,34,34.17300033569336,31.510000228881836,32.4900016784668,3157600,32.4900016784668
11/13/2018,32.22999954223633,33.84000015258789,31.799999237060547,33.459999084472656,3665900,33.459999084472656
11/12/2018,34,34.400001525878906,31.100000381469727,31.8799991607666,12170200,31.8799991607666
11/9/2018,41.70000076293945,41.709999084472656,38.61000061035156,40.189998626708984,2309100,40.189998626708984
11/8/2018,45.68000030517578,45.790000915527344,42.560001373291016,43.09000015258789,1197100,43.09000015258789
11/7/2018,45.900001525878906,46.19499969482422,44.68000030517578,46.15999984741211,892100,46.15999984741211
11/6/2018,44.2400016784668,45.97999954223633,44.220001220703125,44.58000183105469,734400,44.58000183105469
11/5/2018,44.81999969482422,44.83000183105469,43.20000076293945,44.08000183105469,898200,44.08000183105469
11/2/2018,45.7400016784668,46.02000045776367,43.5,45.279998779296875,2255300,45.279998779296875
11/1/2018,41,45.40999984741211,39.810001373291016,44.91999816894531,2522400,44.91999816894531
10/31/2018,39.459999084472656,40.4900016784668,39.060001373291016,39.810001373291016,1493500,39.810001373291016
10/30/2018,37.630001068115234,38.400001525878906,35.959999084472656,38.150001525878906,1790700,38.150001525878906
10/29/2018,40.06999969482422,41.2400016784668,37.29999923706055,38.099998474121094,1432500,38.099998474121094
10/26/2018,39.310001373291016,40.68000030517578,38.15999984741211,39.790000915527344,1338900,39.790000915527344
10/25/2018,40.400001525878906,40.959999084472656,39.209999084472656,40.880001068115234,1368300,40.880001068115234
10/24/2018,41.060001373291016,41.11600112915039,39.119998931884766,39.2599983215332,1487200,39.2599983215332
10/23/2018,39.41999816894531,41.5,39.2599983215332,41.25,1722000,41.25
10/22/2018,42.209999084472656,43.470001220703125,41.04999923706055,41.61000061035156,1519100,41.61000061035156
10/19/2018,40.54999923706055,41.130001068115234,39.529998779296875,39.66999816894531,1412000,39.66999816894531
10/18/2018,40,40.43000030517578,38.900001525878906,39.470001220703125,1385500,39.470001220703125
10/17/2018,41.63999938964844,42,40.029998779296875,40.86000061035156,882600,40.86000061035156
10/16/2018,40.63999938964844,41.88999938964844,40.5099983215332,41.439998626708984,1067400,41.439998626708984
10/15/2018,38.84000015258789,40.29999923706055,38.25,40,1067000,40
10/12/2018,39.04999923706055,40.9900016784668,39,40.18000030517578,3100000,40.18000030517578
10/11/2018,35.47999954223633,38.220001220703125,35.130001068115234,36.880001068115234,2565100,36.880001068115234
10/10/2018,38.650001525878906,39.099998474121094,35.63999938964844,36.310001373291016,2796600,36.310001373291016
10/9/2018,38.779998779296875,40.22999954223633,38.70000076293945,39.20000076293945,1545200,39.20000076293945
10/8/2018,40,40.970001220703125,38.27000045776367,39.529998779296875,2388700,39.529998779296875
10/5/2018,42.20000076293945,42.66999816894531,40.22200012207031,41.25,1688900,41.25
10/4/2018,44,44,41.0099983215332,42.31999969482422,2292900,42.31999969482422
10/3/2018,45.5,45.869998931884766,44.31999969482422,44.529998779296875,1127300,44.529998779296875
10/2/2018,46.15999984741211,46.380001068115234,43.83000183105469,44.880001068115234,1548600,44.880001068115234
10/1/2018,49.29999923706055,49.61199951171875,46.66999816894531,47.0099983215332,1178200,47.0099983215332
9/28/2018,47.20000076293945,48.83000183105469,47.08000183105469,48.58000183105469,1281800,48.58000183105469
9/27/2018,48.25,48.310001373291016,46.79499816894531,47.540000915527344,980800,47.540000915527344
9/26/2018,47.36000061035156,48.45000076293945,47.18000030517578,47.9900016784668,1085900,47.9900016784668
9/25/2018,46.959999084472656,48.189998626708984,46.75,47.33000183105469,867000,47.33000183105469
9/24/2018,47.5,47.63199996948242,46.15999984741211,46.709999084472656,1022100,46.709999084472656
9/21/2018,49.5,49.88999938964844,48.529998779296875,48.59000015258789,1520500,48.59000015258789
9/20/2018,47.5,48.459999084472656,46.81999969482422,48.220001220703125,1788700,48.220001220703125
9/19/2018,45.43000030517578,46.77000045776367,45.2140007019043,46.5,1473700,46.5
9/18/2018,44.529998779296875,46.41999816894531,44.060001373291016,44.40999984741211,1264400,44.40999984741211
9/17/2018,44.70000076293945,45.45000076293945,43.65999984741211,44.59000015258789,1992100,44.59000015258789
9/14/2018,48.33000183105469,49.15999984741211,45.880001068115234,45.970001220703125,1962700,45.970001220703125
9/13/2018,47.790000915527344,48.869998931884766,47.02000045776367,47.849998474121094,2514900,47.849998474121094
9/12/2018,45,46.040000915527344,43.22999954223633,45.709999084472656,3013800,45.709999084472656
9/11/2018,45.2599983215332,46.43000030517578,43.08000183105469,45.33000183105469,2447200,45.33000183105469
9/10/2018,49.310001373291016,50.18000030517578,45.849998474121094,46.34000015258789,3175000,46.34000015258789
9/7/2018,48.2599983215332,51.119998931884766,48.2599983215332,49.27000045776367,1103600,49.27000045776367
9/6/2018,50.619998931884766,50.869998931884766,48.5,49.150001525878906,1802900,49.150001525878906
9/5/2018,51.18000030517578,51.38999938964844,49.220001220703125,50.290000915527344,1749800,50.290000915527344
9/4/2018,53.130001068115234,53.29999923706055,51.61000061035156,52.310001373291016,1633600,52.310001373291016
8/31/2018,53.13999938964844,54.72999954223633,52.599998474121094,53.38999938964844,4753200,53.38999938964844
8/30/2018,56.5,57.20000076293945,53.77000045776367,53.86000061035156,2243500,53.86000061035156
8/29/2018,57.09000015258789,58.0099983215332,56.51599884033203,56.959999084472656,1243300,56.959999084472656
8/28/2018,57.220001220703125,57.47999954223633,55.40999984741211,57.029998779296875,1495300,57.029998779296875
8/27/2018,54.38999938964844,57.2400016784668,54.310001373291016,56.900001525878906,2362100,56.900001525878906
8/24/2018,54.220001220703125,55.150001525878906,53.13999938964844,53.65999984741211,1786000,53.65999984741211
8/23/2018,56.099998474121094,57.5099983215332,53.61000061035156,54.040000915527344,2139100,54.040000915527344
8/22/2018,54.540000915527344,56.42100143432617,54.540000915527344,55.40999984741211,1230800,55.40999984741211
8/21/2018,52.25,55.15999984741211,52.029998779296875,54.709999084472656,2066300,54.709999084472656
8/20/2018,51.630001068115234,53.5,51.220001220703125,51.68000030517578,2208600,51.68000030517578
8/17/2018,49.5,51.189998626708984,49.0359992980957,50.70000076293945,2677400,50.70000076293945
8/16/2018,49.84000015258789,50.90999984741211,48.900001525878906,49.68000030517578,3560600,49.68000030517578
8/15/2018,47.06999969482422,48.779998779296875,45.75,48.15999984741211,4188800,48.15999984741211
8/14/2018,55.599998474121094,58.470001220703125,48.58000183105469,49.63999938964844,8274800,49.63999938964844
8/13/2018,54.599998474121094,55.15999984741211,50.68000030517578,52.720001220703125,4821600,52.720001220703125
8/10/2018,55.65999984741211,56.25,54.810001373291016,55.310001373291016,1591800,55.310001373291016
8/9/2018,57.08000183105469,58.4900016784668,56.279998779296875,56.529998779296875,1038600,56.529998779296875
8/8/2018,58.04999923706055,58.25,54.86000061035156,56.869998931884766,1540700,56.869998931884766
8/7/2018,56.900001525878906,58.65999984741211,56.060001373291016,58.040000915527344,1323400,58.040000915527344
8/6/2018,54.61000061035156,56.4900016784668,54.3129997253418,56.150001525878906,1012000,56.150001525878906
8/3/2018,57.310001373291016,58.189998626708984,54.45000076293945,54.810001373291016,1904200,54.810001373291016
8/2/2018,56.68000030517578,57.72999954223633,55.81999969482422,57.060001373291016,1251800,57.060001373291016
8/1/2018,58.459999084472656,60.16999816894531,57.560001373291016,57.72999954223633,1451300,57.72999954223633
7/31/2018,58.0099983215332,59.25,55.7599983215332,57.849998474121094,1663100,57.849998474121094
7/30/2018,61.95000076293945,61.95000076293945,56.29999923706055,57.709999084472656,2452100,57.709999084472656
7/27/2018,64.69000244140625,64.80000305175781,61.0099983215332,61.95000076293945,1219600,61.95000076293945
7/26/2018,62.16999816894531,65.02999877929688,62.16999816894531,64.22000122070312,1108000,64.22000122070312
7/25/2018,61,63.63999938964844,60.81999969482422,63.56999969482422,1174900,63.56999969482422
7/24/2018,64.88999938964844,65.93000030517578,59.630001068115234,61.0099983215332,2172100,61.0099983215332
7/23/2018,61.9900016784668,64.30000305175781,61.93000030517578,63.59000015258789,1171700,63.59000015258789
7/20/2018,62.33000183105469,63.54999923706055,61.38999938964844,61.939998626708984,1242900,61.939998626708984
7/19/2018,61.77000045776367,62.619998931884766,60.72999954223633,61.790000915527344,1145100,61.790000915527344
7/18/2018,61.790000915527344,62.904998779296875,61.459999084472656,62.18000030517578,1108600,62.18000030517578
7/17/2018,61.189998626708984,62.47999954223633,60.54999923706055,62.029998779296875,1518300,62.029998779296875
7/16/2018,60.68000030517578,62.810001373291016,60.459999084472656,62.119998931884766,1368300,62.119998931884766
7/13/2018,61.63999938964844,62.29899978637695,59.79999923706055,60.68000030517578,1119500,60.68000030517578
7/12/2018,58.22999954223633,61.97999954223633,58.22999954223633,61.15999984741211,2037800,61.15999984741211
7/11/2018,56,58.77000045776367,55.04999923706055,57.61000061035156,1129400,57.61000061035156
7/10/2018,57.97999954223633,59.68000030517578,57.01100158691406,57.88999938964844,1497300,57.88999938964844
7/9/2018,56.689998626708984,57.91999816894531,56.04999923706055,57.810001373291016,2180000,57.810001373291016
7/6/2018,54.5099983215332,55.9900016784668,53.709999084472656,55.439998626708984,1287300,55.439998626708984
7/5/2018,56.029998779296875,56.77000045776367,53.63999938964844,55.099998474121094,1407400,55.099998474121094
7/3/2018,56.70000076293945,57.099998474121094,54.87099838256836,55.869998931884766,1025700,55.869998931884766
7/2/2018,53.29999923706055,55.97999954223633,52.95000076293945,55.75,1733600,55.75
6/29/2018,56.13999938964844,57.369998931884766,53.56999969482422,54.70000076293945,2637900,54.70000076293945
6/28/2018,51.68000030517578,55.650001525878906,51.529998779296875,54.54999923706055,2691100,54.54999923706055
6/27/2018,55.58000183105469,56.34000015258789,51.5,52.099998474121094,3712900,52.099998474121094
6/26/2018,56.0099983215332,57.900001525878906,55.2400016784668,56.369998931884766,2328800,56.369998931884766
6/25/2018,58.66999816894531,58.66999816894531,53.400001525878906,54.7599983215332,4632100,54.7599983215332
6/22/2018,62.459999084472656,62.72600173950195,58.540000915527344,60.81999969482422,1733300,60.81999969482422
6/21/2018,64.68000030517578,64.8499984741211,61.720001220703125,61.95000076293945,1951400,61.95000076293945
6/20/2018,61.72999954223633,65.19999694824219,61.13999938964844,64.2300033569336,2551900,64.2300033569336
6/19/2018,60.810001373291016,61.689998626708984,56.75,60.959999084472656,2996400,60.959999084472656
6/18/2018,61.75,63.29999923706055,60.849998474121094,63.060001373291016,1835700,63.060001373291016
6/15/2018,63.400001525878906,64.02100372314453,62.090999603271484,62.83000183105469,2185200,62.83000183105469
6/14/2018,65.20999908447266,65.20999908447266,63.130001068115234,64.37999725341797,2224700,64.37999725341797
6/13/2018,66.5,66.58000183105469,63.900001525878906,64.76000213623047,1688800,64.76000213623047
6/12/2018,65.4000015258789,67.41000366210938,64.58100128173828,66.33000183105469,2035900,66.33000183105469
6/11/2018,62.34000015258789,65.6500015258789,61.86000061035156,64.4000015258789,2101100,64.4000015258789
6/8/2018,60.7599983215332,62.22999954223633,60.400001525878906,62.040000915527344,1683300,62.040000915527344
6/7/2018,63.06999969482422,63.79999923706055,60.20000076293945,61.9900016784668,1812200,61.9900016784668
6/6/2018,63.56999969482422,64.06999969482422,61.0099983215332,62.849998474121094,1904200,62.849998474121094
6/5/2018,62.5,63.45000076293945,62.04499816894531,63.25,1478300,63.25
6/4/2018,62.9900016784668,63.630001068115234,61.119998931884766,62.4900016784668,1685600,62.4900016784668
6/1/2018,61.88999938964844,63.1879997253418,61.61000061035156,61.77000045776367,2527200,61.77000045776367
5/31/2018,59.970001220703125,62.060001373291016,59.810001373291016,61.310001373291016,2458100,61.310001373291016
5/30/2018,57.81999969482422,60,57.72999954223633,59.86000061035156,2162600,59.86000061035156
5/29/2018,57.869998931884766,59.119998931884766,57.13999938964844,57.619998931884766,1701400,57.619998931884766
5/25/2018,58.560001373291016,59.79999923706055,57.70000076293945,58.04999923706055,2580600,58.04999923706055
5/24/2018,56.709999084472656,59.279998779296875,56.650001525878906,58.5,3777300,58.5
5/23/2018,52.709999084472656,56.75,52.56999969482422,56.66999816894531,4020700,56.66999816894531
5/22/2018,52.90999984741211,53.83000183105469,52.099998474121094,53.119998931884766,1739500,53.119998931884766
5/21/2018,55.189998626708984,55.25,51.709999084472656,52.72999954223633,4128500,52.72999954223633
5/18/2018,53.369998931884766,55.290000915527344,52.599998474121094,54.849998474121094,5074400,54.849998474121094
5/17/2018,47.5,53.900001525878906,47.33000183105469,53.5099983215332,14538400,53.5099983215332
5/16/2018,45.5,45.92100143432617,44.439998626708984,45.060001373291016,3733800,45.060001373291016
5/15/2018,47.29999923706055,47.29999923706055,44.54999923706055,45.18000030517578,3969800,45.18000030517578
5/14/2018,50.650001525878906,50.9900016784668,47.81999969482422,48.040000915527344,2688300,48.040000915527344
5/11/2018,50.95000076293945,51,48.72999954223633,49.779998779296875,2043400,49.779998779296875
5/10/2018,49.40999984741211,51.21699905395508,49.084999084472656,50.619998931884766,2499500,50.619998931884766
5/9/2018,49.529998779296875,50,48.58700180053711,48.939998626708984,1934100,48.939998626708984
5/8/2018,48.56999969482422,49.56999969482422,48.125,49.5,1254100,49.5
5/7/2018,46.7400016784668,49.369998931884766,46.7400016784668,48.56999969482422,2207100,48.56999969482422
5/4/2018,46.70000076293945,47.349998474121094,45.61000061035156,46.25,1761500,46.25
5/3/2018,46.189998626708984,47.099998474121094,44.29999923706055,46.7400016784668,1740100,46.7400016784668
5/2/2018,47.0099983215332,47.689998626708984,46.347999572753906,46.529998779296875,1162000,46.529998779296875
5/1/2018,45.810001373291016,46.849998474121094,45.310001373291016,46.75,932700,46.75
4/30/2018,44.04999923706055,47.349998474121094,43.41999816894531,45.9900016784668,2109600,45.9900016784668
4/27/2018,44.720001220703125,44.939998626708984,43.40999984741211,43.7599983215332,1183500,43.7599983215332
4/26/2018,44.18000030517578,44.939998626708984,43.56999969482422,43.689998626708984,1347000,43.689998626708984
4/25/2018,45,45.2400016784668,41.75,43.540000915527344,2008000,43.540000915527344
4/24/2018,46.18000030517578,47,44.09000015258789,44.880001068115234,2281000,44.880001068115234
4/23/2018,46.81999969482422,47.599998474121094,45.380001068115234,45.52000045776367,1508900,45.52000045776367
4/20/2018,47.209999084472656,47.939998626708984,46.13999938964844,46.97999954223633,1417400,46.97999954223633
4/19/2018,47.66999816894531,49.7599983215332,47.209999084472656,47.75,2853000,47.75
4/18/2018,48.7599983215332,49.2400016784668,46.970001220703125,47.91999816894531,1752000,47.91999816894531
4/17/2018,46.34000015258789,49.38999938964844,46.34000015258789,48.779998779296875,2006500,48.779998779296875
4/16/2018,46.150001525878906,47.099998474121094,45.34000015258789,46.060001373291016,1948200,46.060001373291016
4/13/2018,49.77000045776367,49.900001525878906,44.65999984741211,46.040000915527344,3562100,46.040000915527344
4/12/2018,48.52000045776367,49.95000076293945,47.470001220703125,49.290000915527344,1945600,49.290000915527344
4/11/2018,48.029998779296875,49.959999084472656,47.720001220703125,48,1805200,48
4/10/2018,50.970001220703125,51.68000030517578,47.220001220703125,48.150001525878906,3976400,48.150001525878906
4/9/2018,46.79999923706055,50.790000915527344,46.720001220703125,48.970001220703125,3421500,48.970001220703125
4/6/2018,44.119998931884766,47.33000183105469,44.090999603271484,46.279998779296875,2455600,46.279998779296875
4/5/2018,45.150001525878906,45.91999816894531,44.33000183105469,45.130001068115234,1619400,45.130001068115234
4/4/2018,42.130001068115234,44.880001068115234,41.709999084472656,44.689998626708984,2581200,44.689998626708984
4/3/2018,45.0099983215332,45.709999084472656,43.33000183105469,44.13999938964844,1323400,44.13999938964844
4/2/2018,45.16999816894531,45.790000915527344,44.0099983215332,44.54999923706055,1711800,44.54999923706055
3/29/2018,44,45.959999084472656,43.5099983215332,45.880001068115234,2283600,45.880001068115234
3/28/2018,44.47999954223633,45.720001220703125,42.790000915527344,43.72999954223633,2824500,43.72999954223633
3/27/2018,48.900001525878906,48.90999984741211,44.130001068115234,44.790000915527344,2252300,44.790000915527344
3/26/2018,46.68000030517578,48.70000076293945,46.310001373291016,48.08000183105469,3435500,48.08000183105469
3/23/2018,46,47.369998931884766,44.650001525878906,44.77000045776367,2701800,44.77000045776367
3/22/2018,48.959999084472656,49.65599822998047,45.279998779296875,45.45000076293945,4756900,45.45000076293945
3/21/2018,51.25,52.33000183105469,50.08000183105469,50.47999954223633,2259500,50.47999954223633
3/20/2018,47.939998626708984,51.68000030517578,47.529998779296875,51.29999923706055,3589800,51.29999923706055
3/19/2018,48.15999984741211,49.81999969482422,46.90999984741211,48.02000045776367,3090000,48.02000045776367
3/16/2018,48.209999084472656,48.93000030517578,47.310001373291016,48.59000015258789,2067200,48.59000015258789
3/15/2018,46.880001068115234,48.630001068115234,46.58399963378906,48.11000061035156,2478700,48.11000061035156
3/14/2018,45.900001525878906,47.439998626708984,45.0099983215332,46.18000030517578,2578500,46.18000030517578
3/13/2018,48.5,48.900001525878906,46.189998626708984,46.459999084472656,2082600,46.459999084472656
3/12/2018,48.33000183105469,51.029998779296875,47.54999923706055,47.97999954223633,5251500,47.97999954223633
3/9/2018,48.5,48.62900161743164,47.06999969482422,47.880001068115234,2743600,47.880001068115234
3/8/2018,44.439998626708984,48.939998626708984,44.02000045776367,47.779998779296875,6268700,47.779998779296875
3/7/2018,45.310001373291016,45.779998779296875,43.9900016784668,44.13999938964844,7068400,44.13999938964844
3/6/2018,40.83000183105469,48.75,40.75,48.209999084472656,20001100,48.209999084472656
3/5/2018,35.33000183105469,36.79999923706055,35.04999923706055,36.77000045776367,1922500,36.77000045776367
3/2/2018,32.86000061035156,35.939998626708984,32.79999923706055,35.68000030517578,1518900,35.68000030517578
3/1/2018,35.16999816894531,35.25,33.560001373291016,33.75,1358400,33.75
2/28/2018,35.70000076293945,35.70000076293945,34.78799819946289,35.15999984741211,1168600,35.15999984741211
2/27/2018,35.86000061035156,35.86000061035156,34.70000076293945,35.40999984741211,1398300,35.40999984741211
2/26/2018,37,37.03900146484375,35.91999816894531,36.369998931884766,1284500,36.369998931884766
2/23/2018,35.79999923706055,36.63999938964844,35.21799850463867,36.54999923706055,888800,36.54999923706055
2/22/2018,36.9900016784668,37.25,34.900001525878906,35.650001525878906,1497500,35.650001525878906
2/21/2018,36.529998779296875,38,36.20000076293945,36.61000061035156,1436100,36.61000061035156
2/20/2018,35.22999954223633,36.75,35.10100173950195,35.93000030517578,1457200,35.93000030517578
2/16/2018,37.40999984741211,37.40999984741211,35.41999816894531,35.459999084472656,1769900,35.459999084472656
2/15/2018,37.779998779296875,38.15999984741211,36.119998931884766,37.61000061035156,1319800,37.61000061035156
2/14/2018,34.27000045776367,37.75,34.20000076293945,37.18000030517578,2337600,37.18000030517578
2/13/2018,34.84000015258789,35.36800003051758,34.400001525878906,34.4900016784668,841100,34.4900016784668
2/12/2018,34.279998779296875,34.90999984741211,34.150001525878906,34.59000015258789,935600,34.59000015258789
2/9/2018,32.97999954223633,34.43000030517578,31.801000595092773,34.150001525878906,2450200,34.150001525878906
2/8/2018,34.040000915527344,34.689998626708984,32.380001068115234,32.43000030517578,1924400,32.43000030517578
2/7/2018,34.279998779296875,34.88999938964844,33.709999084472656,33.7599983215332,1053600,33.7599983215332
2/6/2018,34.09000015258789,34.86000061035156,33.099998474121094,34.470001220703125,2607400,34.470001220703125
2/5/2018,34.099998474121094,37.279998779296875,33.25,34.790000915527344,2433700,34.790000915527344
2/2/2018,37.630001068115234,38.4900016784668,35.189998626708984,35.27000045776367,2528000,35.27000045776367
2/1/2018,37.34000015258789,38.79999923706055,36.79999923706055,38.310001373291016,1648800,38.310001373291016
1/31/2018,39.0099983215332,39.400001525878906,38.310001373291016,38.95000076293945,934500,38.95000076293945
1/30/2018,38.06999969482422,38.75,36.540000915527344,38.16999816894531,1600600,38.16999816894531
1/29/2018,39.709999084472656,39.709999084472656,38.577999114990234,39.220001220703125,1226700,39.220001220703125
1/26/2018,38.779998779296875,39.97999954223633,38.45000076293945,39.63999938964844,1982800,39.63999938964844
1/25/2018,36.91999816894531,38.95000076293945,36.650001525878906,38.33000183105469,3062600,38.33000183105469
1/24/2018,36.900001525878906,37.04999923706055,35.79999923706055,36.939998626708984,1085900,36.939998626708984
1/23/2018,36.38999938964844,36.93000030517578,35.790000915527344,36.79999923706055,1040700,36.79999923706055
1/22/2018,36.810001373291016,36.810001373291016,35.099998474121094,36.20000076293945,1675100,36.20000076293945
1/19/2018,37,37.84000015258789,36.5,36.54999923706055,1057900,36.54999923706055
1/18/2018,37.119998931884766,37.150001525878906,36.04999923706055,36.75,1353500,36.75
1/17/2018,35.90999984741211,37.349998474121094,35.810001373291016,36.93000030517578,1654000,36.93000030517578
1/16/2018,37.5,38.47999954223633,35.630001068115234,35.66999816894531,1983200,35.66999816894531
1/12/2018,35.84000015258789,37.29999923706055,35.83000183105469,36.869998931884766,1701700,36.869998931884766
1/11/2018,35.34000015258789,36.20000076293945,35.04999923706055,35.79999923706055,1016700,35.79999923706055
1/10/2018,34.099998474121094,35.4900016784668,33.68000030517578,35.290000915527344,1458300,35.290000915527344
1/9/2018,37.38999938964844,37.45000076293945,34,34.86000061035156,3493400,34.86000061035156
1/8/2018,36.220001220703125,37.65999984741211,36.04999923706055,36.93000030517578,2246900,36.93000030517578
1/5/2018,35.11000061035156,36.189998626708984,34.915000915527344,36.029998779296875,1444600,36.029998779296875
1/4/2018,34.619998931884766,35.95000076293945,34.619998931884766,35.11000061035156,2058200,35.11000061035156
1/3/2018,33.849998474121094,34.86000061035156,33.53099822998047,34.369998931884766,1622600,34.369998931884766
1/2/2018,32.029998779296875,33.849998474121094,32.0099983215332,33.65999984741211,1575900,33.65999984741211
12/29/2017,32.29999923706055,32.29999923706055,31.1200008392334,31.559999465942383,950100,31.559999465942383
12/28/2017,33.099998474121094,33.29999923706055,32,32.290000915527344,862800,32.290000915527344
12/27/2017,31.68000030517578,33.060001373291016,31.639999389648438,32.83000183105469,1284200,32.83000183105469
12/26/2017,30.469999313354492,32.275001525878906,30.25,31.760000228881836,1303200,31.760000228881836
12/22/2017,31.3700008392334,31.479999542236328,30.399999618530273,30.559999465942383,1309400,30.559999465942383
12/21/2017,31.889999389648438,32.111000061035156,31.299999237060547,31.68000030517578,1227200,31.68000030517578
12/20/2017,32.54999923706055,32.68000030517578,30.85099983215332,31.84000015258789,1822000,31.84000015258789
12/19/2017,32.279998779296875,32.810001373291016,31.649999618530273,32.54999923706055,1338700,32.54999923706055
12/18/2017,32.43000030517578,32.97999954223633,31.860000610351562,32.2599983215332,2332100,32.2599983215332
12/15/2017,31.700000762939453,32.2400016784668,31.540000915527344,32.15999984741211,2061800,32.15999984741211
12/14/2017,31.600000381469727,32.119998931884766,31.100000381469727,31.670000076293945,1027100,31.670000076293945
12/13/2017,30.770000457763672,32.13999938964844,30.770000457763672,31.8799991607666,2043900,31.8799991607666
12/12/2017,31.790000915527344,31.850000381469727,30.25,30.5,1598400,30.5
12/11/2017,30.270000457763672,32.189998626708984,30.200000762939453,32.029998779296875,3366300,32.029998779296875
12/8/2017,28.93000030517578,30.639999389648438,28.93000030517578,29.760000228881836,3469500,29.760000228881836
12/7/2017,28.06999969482422,28.420000076293945,27.729999542236328,28.219999313354492,1869200,28.219999313354492
12/6/2017,27.979999542236328,29.049999237060547,27.75,28.270000457763672,3092100,28.270000457763672
12/5/2017,27.299999237060547,28.899999618530273,26.969999313354492,28.280000686645508,2134300,28.280000686645508
12/4/2017,28.399999618530273,28.420000076293945,26.770000457763672,27.579999923706055,2100900,27.579999923706055
12/1/2017,28.200000762939453,29,27.299999237060547,27.440000534057617,2001500,27.440000534057617
11/30/2017,28.079999923706055,28.670000076293945,27.31999969482422,28.350000381469727,2036000,28.350000381469727
11/29/2017,29.110000610351562,29.309999465942383,26.8700008392334,28,4031500,28
11/28/2017,29.520000457763672,29.639999389648438,28.57900047302246,29,3099800,29
11/27/2017,30.93000030517578,30.989999771118164,29.350000381469727,29.520000457763672,4064600,29.520000457763672
11/24/2017,30.389999389648438,31.200000762939453,29.739999771118164,30.6299991607666,4974800,30.6299991607666
11/22/2017,33.83000183105469,34.400001525878906,28.6200008392334,29.510000228881836,16581600,29.510000228881836
11/21/2017,36.43000030517578,36.970001220703125,35.310001373291016,35.540000915527344,3467200,35.540000915527344
11/20/2017,35.95000076293945,36.79999923706055,35.70000076293945,36.15999984741211,2352200,36.15999984741211
11/17/2017,36.290000915527344,36.689998626708984,35.2400016784668,35.5,1992300,35.5
11/16/2017,34.66999816894531,36.380001068115234,34.650001525878906,35.79999923706055,3288800,35.79999923706055
11/15/2017,34.04999923706055,34.939998626708984,32.994998931884766,34.130001068115234,2574900,34.130001068115234
11/14/2017,34.880001068115234,35.13999938964844,33.70000076293945,34.38999938964844,1767400,34.38999938964844
11/13/2017,33.04999923706055,35.97999954223633,33,34.630001068115234,4405400,34.630001068115234
11/10/2017,32.5,32.970001220703125,31.579999923706055,32.86000061035156,1459000,32.86000061035156
11/9/2017,32.349998474121094,32.790000915527344,31.719999313354492,32.33000183105469,989000,32.33000183105469
11/8/2017,32.45000076293945,33.25,32.02000045776367,32.849998474121094,1492300,32.849998474121094
11/7/2017,32.599998474121094,33.7400016784668,32.130001068115234,32.494998931884766,1584300,32.494998931884766
11/6/2017,31.25,32.619998931884766,31.229999542236328,32.40999984741211,1192300,32.40999984741211
11/3/2017,32.04999923706055,32.52000045776367,31.030000686645508,31.219999313354492,922400,31.219999313354492
11/2/2017,32.150001525878906,32.68000030517578,31.350000381469727,31.969999313354492,1913000,31.969999313354492
11/1/2017,31.59000015258789,32.15999984741211,30.85099983215332,31.549999237060547,970000,31.549999237060547
10/31/2017,31.209999084472656,31.600000381469727,30.479999542236328,31.389999389648438,2091100,31.389999389648438
10/30/2017,31.979999542236328,32.97999954223633,30.860000610351562,31.260000228881836,2503100,31.260000228881836
10/27/2017,30.530000686645508,31.59000015258789,30.200000762939453,31.520000457763672,2894800,31.520000457763672
10/26/2017,30.15999984741211,30.600000381469727,29.899999618530273,30.15999984741211,1872600,30.15999984741211
10/25/2017,31.420000076293945,32.15999984741211,29.149999618530273,30.450000762939453,5109000,30.450000762939453
10/24/2017,33.2599983215332,33.375999450683594,31.700000762939453,31.729999542236328,3966900,31.729999542236328
10/23/2017,33.72999954223633,34.29999923706055,33.130001068115234,33.25,2242700,33.25
10/20/2017,34.119998931884766,34.900001525878906,33.22999954223633,33.869998931884766,2232100,33.869998931884766
10/19/2017,34,34.189998626708984,32.79999923706055,33.689998626708984,2353100,33.689998626708984
10/18/2017,35.41999816894531,35.72999954223633,34.029998779296875,34.86000061035156,1435700,34.86000061035156
10/17/2017,36.75,36.900001525878906,34.75,35.220001220703125,3061400,35.220001220703125
10/16/2017,36.810001373291016,37.849998474121094,36.30099868774414,36.689998626708984,2822000,36.689998626708984
10/13/2017,34.31999969482422,36.59000015258789,34.29999923706055,36.189998626708984,3544800,36.189998626708984
10/12/2017,34.08000183105469,34.724998474121094,33.560001373291016,34.22999954223633,2622300,34.22999954223633
10/11/2017,33.65999984741211,34.560001373291016,33.52000045776367,33.900001525878906,1432000,33.900001525878906
10/10/2017,33.650001525878906,34.880001068115234,33.650001525878906,33.959999084472656,2464200,33.959999084472656
10/9/2017,34.220001220703125,34.5,33.5,33.630001068115234,2048300,33.630001068115234
10/6/2017,34.0099983215332,35.220001220703125,33.61000061035156,34.16999816894531,1564400,34.16999816894531
10/5/2017,34.5,34.92300033569336,34.119998931884766,34.36000061035156,1741700,34.36000061035156
10/4/2017,35.7400016784668,35.79999923706055,34,34.099998474121094,3037500,34.099998474121094
10/3/2017,36.86000061035156,36.95000076293945,35.150001525878906,36.040000915527344,3603000,36.040000915527344
10/2/2017,33.09000015258789,36.279998779296875,33.029998779296875,35.970001220703125,4154200,35.970001220703125
9/29/2017,33.5,34.900001525878906,32.43000030517578,32.7599983215332,4261800,32.7599983215332
9/28/2017,34.47999954223633,34.630001068115234,33.02000045776367,33.43000030517578,3023000,33.43000030517578
9/27/2017,35.790000915527344,36.63999938964844,34.459999084472656,34.86000061035156,3084900,34.86000061035156
9/26/2017,36.459999084472656,37.29999923706055,34.96099853515625,35.209999084472656,2792200,35.209999084472656
9/25/2017,37.25,37.33300018310547,33.71099853515625,36.05500030517578,6171300,36.05500030517578
9/22/2017,37.5,37.869998931884766,36.29999923706055,37.72999954223633,2321800,37.72999954223633
9/21/2017,38.459999084472656,38.459999084472656,37.2599983215332,37.81999969482422,1719500,37.81999969482422
9/20/2017,38.25,38.540000915527344,36.630001068115234,38.27000045776367,2405600,38.27000045776367
9/19/2017,40.2400016784668,40.650001525878906,37.5099983215332,38.13999938964844,5298100,38.13999938964844
9/18/2017,38.29999923706055,40.290000915527344,38.15999984741211,40.09000015258789,5118500,40.09000015258789
9/15/2017,36.83000183105469,39.61000061035156,36.36000061035156,37.70000076293945,5588100,37.70000076293945
9/14/2017,36.86000061035156,37.237998962402344,35.45000076293945,36.459999084472656,3299100,36.459999084472656
9/13/2017,35.25,38,34.92100143432617,37.349998474121094,7149300,37.349998474121094
9/12/2017,32.38999938964844,35.66999816894531,32.310001373291016,34.900001525878906,4835300,34.900001525878906
9/11/2017,32.02000045776367,32.59000015258789,31.50200080871582,32.150001525878906,2123200,32.150001525878906
9/8/2017,31.5,32.650001525878906,31,31.559999465942383,2872200,31.559999465942383
9/7/2017,29.110000610351562,31.799999237060547,29.110000610351562,31.1200008392334,4037100,31.1200008392334
9/6/2017,29.770000457763672,29.8799991607666,28.75,28.920000076293945,2160700,28.920000076293945
9/5/2017,29.520000457763672,30.09000015258789,28.219999313354492,29.520000457763672,3304700,29.520000457763672
9/1/2017,27.649999618530273,29.3700008392334,27.440000534057617,28.8700008392334,3545900,28.8700008392334
8/31/2017,26.93000030517578,27.399999618530273,26.75,27.190000534057617,2319000,27.190000534057617
8/30/2017,26.850000381469727,27.450000762939453,26.149999618530273,26.799999237060547,2420700,26.799999237060547
8/29/2017,26.049999237060547,27.100000381469727,26.030000686645508,26.559999465942383,1745800,26.559999465942383
8/28/2017,26.940000534057617,27.290000915527344,26.1299991607666,26.920000076293945,2343200,26.920000076293945
8/25/2017,28.899999618530273,29,26.5,26.579999923706055,4392100,26.579999923706055
8/24/2017,29.309999465942383,30.299999237060547,28.150999069213867,28.809999465942383,5208000,28.809999465942383
8/23/2017,26.15999984741211,29.1200008392334,26.100000381469727,28.899999618530273,9815800,28.899999618530273
8/22/2017,32.400001525878906,32.52000045776367,25.739999771118164,26.229999542236328,19540200,26.229999542236328
8/21/2017,35.150001525878906,35.150001525878906,32.650001525878906,34.599998474121094,5195700,34.599998474121094
8/18/2017,33.900001525878906,34.630001068115234,33.37799835205078,33.97999954223633,2366400,33.97999954223633
8/17/2017,35.349998474121094,35.47999954223633,32.849998474121094,33.5,4064900,33.5
8/16/2017,31.920000076293945,35.90999984741211,31.75,35.47999954223633,4347700,35.47999954223633
8/15/2017,32.529998779296875,32.599998474121094,31.030000686645508,31.229999542236328,1801800,31.229999542236328
8/14/2017,32.86000061035156,33.04899978637695,31.350000381469727,32.45000076293945,2072900,32.45000076293945
8/11/2017,31.43000030517578,32.93000030517578,30.600000381469727,32.75,2143300,32.75
8/10/2017,33.619998931884766,34.09000015258789,31.25,32.5,2485900,32.5
8/9/2017,32.70000076293945,34.09000015258789,32.32099914550781,33.970001220703125,2010900,33.970001220703125
8/8/2017,33.59000015258789,34.099998474121094,33.029998779296875,33.130001068115234,1798800,33.130001068115234
8/7/2017,32.2599983215332,33.939998626708984,31.860000610351562,33.029998779296875,1922400,33.029998779296875
8/4/2017,31.600000381469727,32.130001068115234,30.709999084472656,32.02000045776367,1828400,32.02000045776367
8/3/2017,30.610000610351562,31.850000381469727,30.389999389648438,31.56999969482422,1567700,31.56999969482422
8/2/2017,32.380001068115234,32.97999954223633,29.09000015258789,30.600000381469727,3359900,30.600000381469727
8/1/2017,33.209999084472656,33.220001220703125,31.8799991607666,32.4900016784668,1825100,32.4900016784668
7/31/2017,34.20000076293945,34.290000915527344,32,32.459999084472656,2339300,32.459999084472656
7/28/2017,33.84000015258789,34.619998931884766,33.130001068115234,33.689998626708984,2547900,33.689998626708984
7/27/2017,33.439998626708984,34.97999954223633,31.309999465942383,34.88999938964844,5507200,34.88999938964844
7/26/2017,32.5,32.970001220703125,31.649999618530273,32.849998474121094,1809400,32.849998474121094
7/25/2017,34.189998626708984,34.349998474121094,31.600000381469727,32.209999084472656,4395800,32.209999084472656
7/24/2017,33.5099983215332,34.91999816894531,33,34.18000030517578,4822900,34.18000030517578
7/21/2017,30.700000762939453,32.459999084472656,30.450000762939453,32.380001068115234,3551000,32.380001068115234
7/20/2017,29.729999542236328,31.049999237060547,29.309999465942383,29.889999389648438,2393900,29.889999389648438
7/19/2017,29.469999313354492,29.899999618530273,29.100000381469727,29.510000228881836,1102600,29.510000228881836
7/18/2017,29.170000076293945,29.520000457763672,28.979999542236328,29.260000228881836,1338800,29.260000228881836
7/17/2017,29.809999465942383,29.90999984741211,28.350000381469727,29.200000762939453,1736500,29.200000762939453
7/14/2017,29.329999923706055,30.299999237060547,29.079999923706055,29.5,2394800,29.5
7/13/2017,28,29.639999389648438,27.719999313354492,29.020000457763672,2266300,29.020000457763672
7/12/2017,27.5,27.979999542236328,26.600000381469727,27.93000030517578,1645500,27.93000030517578
7/11/2017,26.989999771118164,27.979999542236328,25.760000228881836,27.200000762939453,2165700,27.200000762939453
7/10/2017,25.3799991607666,26.94099998474121,25,26.690000534057617,1540200,26.690000534057617
7/7/2017,25,25.704999923706055,24.760000228881836,25.1200008392334,1542800,25.1200008392334
7/6/2017,24.06999969482422,25.420000076293945,23.34000015258789,24.780000686645508,2279500,24.780000686645508
7/5/2017,22.690000534057617,24.670000076293945,22.34000015258789,24.559999465942383,3061700,24.559999465942383
7/3/2017,22.229999542236328,23.25,22.1200008392334,22.530000686645508,770000,22.530000686645508
6/30/2017,21.84000015258789,22.670000076293945,21.59000015258789,22.170000076293945,1306000,22.170000076293945
6/29/2017,22.309999465942383,22.540000915527344,21.389999389648438,21.899999618530273,1147700,21.899999618530273
6/28/2017,22.309999465942383,22.399999618530273,21.290000915527344,22.3799991607666,1490900,22.3799991607666
6/27/2017,22.579999923706055,22.59000015258789,22.100000381469727,22.18000030517578,1037200,22.18000030517578
6/26/2017,23.200000762939453,23.649999618530273,22.309999465942383,22.670000076293945,1417200,22.670000076293945
6/23/2017,21.920000076293945,23.31999969482422,21.920000076293945,23.049999237060547,1890000,23.049999237060547
6/22/2017,21.309999465942383,22.219999313354492,21.010000228881836,21.940000534057617,1444800,21.940000534057617
6/21/2017,20.75,21.6200008392334,20.729999542236328,21.559999465942383,1259600,21.559999465942383
6/20/2017,21.239999771118164,21.68000030517578,20.65999984741211,20.709999084472656,980700,20.709999084472656
6/19/2017,20.6200008392334,21.25,20.6200008392334,21.239999771118164,1278300,21.239999771118164
6/16/2017,20.06999969482422,20.670000076293945,19.930999755859375,20.489999771118164,1544100,20.489999771118164
6/15/2017,19.8799991607666,19.881000518798828,19.010000228881836,19.81999969482422,1764100,19.81999969482422
6/14/2017,20.469999313354492,20.93000030517578,19.739999771118164,20.229999542236328,3049300,20.229999542236328
6/13/2017,21.110000610351562,21.799999237060547,20.100000381469727,20.260000228881836,1609800,20.260000228881836
6/12/2017,20.969999313354492,21.600000381469727,20.200000762939453,20.899999618530273,2233800,20.899999618530273
6/9/2017,23.520000457763672,23.950000762939453,20.5,21.459999084472656,3982000,21.459999084472656
6/8/2017,24.850000381469727,25.040000915527344,22.709999084472656,23.43000030517578,5375700,23.43000030517578
6/7/2017,21.020000457763672,22.950000762939453,20.600000381469727,22.780000686645508,3309500,22.780000686645508
6/6/2017,20.399999618530273,21.149999618530273,20.299999237060547,20.959999084472656,1193300,20.959999084472656
6/5/2017,21.149999618530273,21.68000030517578,20.229999542236328,20.530000686645508,2267300,20.530000686645508
6/2/2017,20.739999771118164,21.540000915527344,20.709999084472656,20.889999389648438,1906100,20.889999389648438
6/1/2017,20.34000015258789,20.91200065612793,20.049999237060547,20.6200008392334,926000,20.6200008392334
5/31/2017,20.809999465942383,21.020000457763672,20.229999542236328,20.549999237060547,1020100,20.549999237060547
5/30/2017,21.010000228881836,21.100000381469727,20.760000228881836,21.059999465942383,1252600,21.059999465942383
5/26/2017,20.860000610351562,21.18000030517578,20.510000228881836,21.1200008392334,696100,21.1200008392334
5/25/2017,21.579999923706055,21.6200008392334,19.809999465942383,20.959999084472656,2205800,20.959999084472656
5/24/2017,21,21.709999084472656,20.549999237060547,21.139999389648438,2221100,21.139999389648438
5/23/2017,21.329999923706055,21.489999771118164,20.43000030517578,20.780000686645508,1521300,20.780000686645508
5/22/2017,21.75,21.825000762939453,20.799999237060547,21.200000762939453,1588500,21.200000762939453
5/19/2017,22.260000228881836,22.5,21.200000762939453,21.690000534057617,1490600,21.690000534057617
5/18/2017,19.610000610351562,22,19.020000457763672,21.8799991607666,2941600,21.8799991607666
5/17/2017,19.530000686645508,20.950000762939453,18.850000381469727,20.010000228881836,4663300,20.010000228881836
5/16/2017,20.5,23.559999465942383,20.170000076293945,22.780000686645508,4657700,22.780000686645508
5/15/2017,19.8700008392334,20.28700065612793,19.309999465942383,19.860000610351562,1581900,19.860000610351562
5/12/2017,21.079999923706055,21.170000076293945,19.579999923706055,19.979999542236328,2639700,19.979999542236328
5/11/2017,19.510000228881836,21.719999313354492,19.010000228881836,21,1995000,21
5/10/2017,20.030000686645508,20.18000030517578,19.290000915527344,19.6299991607666,2043900,19.6299991607666
5/9/2017,17.809999465942383,19.8799991607666,17.691999435424805,19.290000915527344,2918400,19.290000915527344
5/8/2017,17.719999313354492,18.26799964904785,17.555999755859375,17.639999389648438,658500,17.639999389648438
5/5/2017,15.760000228881836,17.979999542236328,15.760000228881836,17.65999984741211,1651900,17.65999984741211
5/4/2017,15.819999694824219,15.869999885559082,15.40999984741211,15.699999809265137,382900,15.699999809265137
5/3/2017,16.219999313354492,16.290000915527344,15.550000190734863,15.779999732971191,700200,15.779999732971191
5/2/2017,16.350000381469727,17.549999237060547,16.1200008392334,16.229999542236328,2081100,16.229999542236328
5/1/2017,15.359999656677246,16.3700008392334,15.22700023651123,16.34000015258789,1147100,16.34000015258789
4/28/2017,15.09000015258789,15.329999923706055,15.020000457763672,15.270000457763672,814600,15.270000457763672
4/27/2017,15.1899995803833,15.25,14.960000038146973,15.039999961853027,687100,15.039999961853027
4/26/2017,15.25,15.289999961853027,14.970000267028809,14.989999771118164,555300,14.989999771118164
4/25/2017,15.119999885559082,15.319999694824219,15,15.210000038146973,759700,15.210000038146973
4/24/2017,15.199999809265137,15.5600004196167,14.949999809265137,14.949999809265137,449300,14.949999809265137
4/21/2017,14.850000381469727,15,14.675000190734863,14.960000038146973,362300,14.960000038146973
4/20/2017,15.130000114440918,15.175000190734863,14.739999771118164,14.859999656677246,452700,14.859999656677246
4/19/2017,14.729999542236328,15.319999694824219,14.619999885559082,15,678100,15
4/18/2017,14.5600004196167,14.989999771118164,14.510000228881836,14.739999771118164,644400,14.739999771118164
4/17/2017,15.020000457763672,15.170000076293945,14.210000038146973,14.600000381469727,900600,14.600000381469727
4/13/2017,15.729999542236328,15.84000015258789,14.904999732971191,14.979999542236328,1425700,14.979999542236328
4/12/2017,16.799999237060547,17.23900032043457,15.800000190734863,15.8100004196167,1051300,15.8100004196167
4/11/2017,16.860000610351562,17.579999923706055,16.450000762939453,16.709999084472656,1718600,16.709999084472656
4/10/2017,15.720000267028809,16.899999618530273,15.720000267028809,16.860000610351562,2457000,16.860000610351562
4/7/2017,15.039999961853027,16.155000686645508,14.925999641418457,15.5600004196167,1975000,15.5600004196167
4/6/2017,15.229999542236328,15.364999771118164,14.819999694824219,14.979999542236328,389700,14.979999542236328
4/5/2017,14.960000038146973,15.600000381469727,14.960000038146973,15.199999809265137,1218700,15.199999809265137
4/4/2017,15.380000114440918,15.760000228881836,14.5,14.90999984741211,751100,14.90999984741211
4/3/2017,15.050000190734863,15.84000015258789,14.9399995803833,15.390000343322754,824900,15.390000343322754
3/31/2017,14.649999618530273,15.149999618530273,14.5600004196167,14.9399995803833,400400,14.9399995803833
3/30/2017,14.9399995803833,14.9399995803833,14.479999542236328,14.680000305175781,460300,14.680000305175781
3/29/2017,14.920000076293945,14.996999740600586,14.5,14.890000343322754,400800,14.890000343322754
3/28/2017,14.979999542236328,15.170000076293945,14.779999732971191,15,248300,15
3/27/2017,14.720000267028809,15,14.479999542236328,14.930000305175781,133000,14.930000305175781
3/24/2017,14.850000381469727,15.09000015258789,14.767999649047852,14.970000267028809,230600,14.970000267028809
3/23/2017,14.199999809265137,15.25,14.199999809265137,14.829999923706055,591600,14.829999923706055
3/22/2017,14.020000457763672,14.489999771118164,13.949999809265137,14.329999923706055,445400,14.329999923706055
3/21/2017,15.100000381469727,15.229999542236328,14.039999961853027,14.100000381469727,530700,14.100000381469727
3/20/2017,15.270000457763672,15.484999656677246,14.920000076293945,15.130000114440918,479600,15.130000114440918
3/17/2017,15.699999809265137,15.75,15.029999732971191,15.1899995803833,622400,15.1899995803833
3/16/2017,15.529999732971191,15.729999542236328,15.399999618530273,15.5,289300,15.5
3/15/2017,15.1899995803833,15.880000114440918,15.020000457763672,15.609999656677246,376900,15.609999656677246
3/14/2017,15.260000228881836,15.579999923706055,14.890000343322754,15.25,310500,15.25
3/13/2017,15.40999984741211,15.84000015258789,15.0649995803833,15.40999984741211,353600,15.40999984741211
3/10/2017,15.399999618530273,15.640000343322754,15.020000457763672,15.229999542236328,307300,15.229999542236328
3/9/2017,15.289999961853027,15.9399995803833,15.199999809265137,15.470000267028809,681700,15.470000267028809
3/8/2017,14.630000114440918,15.550000190734863,14.630000114440918,15.489999771118164,872100,15.489999771118164
3/7/2017,13.970000267028809,14.869999885559082,13.970000267028809,14.75,270200,14.75
3/6/2017,13.989999771118164,14.28499984741211,13.920000076293945,14.079999923706055,200600,14.079999923706055
3/3/2017,14.369999885559082,14.489999771118164,13.970000267028809,14.039999961853027,232400,14.039999961853027
3/2/2017,14.3100004196167,14.649999618530273,14.260000228881836,14.369999885559082,200800,14.369999885559082
3/1/2017,14.390000343322754,14.779999732971191,14.260000228881836,14.539999961853027,350100,14.539999961853027
2/28/2017,14.180000305175781,14.710000038146973,14.180000305175781,14.380000114440918,240200,14.380000114440918
2/27/2017,14.479999542236328,14.520000457763672,14.149999618530273,14.350000381469727,131600,14.350000381469727
2/24/2017,14.079999923706055,14.850000381469727,13.869999885559082,14.479999542236328,448900,14.479999542236328
2/23/2017,15.40999984741211,15.40999984741211,13.930000305175781,14.180000305175781,843700,14.180000305175781
2/22/2017,16,16.190000534057617,14.67300033569336,15.420000076293945,2050600,15.420000076293945
2/21/2017,14.979999542236328,16.200000762939453,14.979999542236328,15.890000343322754,1076400,15.890000343322754
2/17/2017,15.329999923706055,15.375,14.800000190734863,14.949999809265137,273300,14.949999809265137
2/16/2017,15.350000381469727,15.59000015258789,15.199999809265137,15.449999809265137,429400,15.449999809265137
2/15/2017,15.380000114440918,15.460000038146973,15.210000038146973,15.34000015258789,296500,15.34000015258789
2/14/2017,15.270000457763672,15.470000267028809,15.039999961853027,15.380000114440918,432000,15.380000114440918
2/13/2017,15.109999656677246,15.3100004196167,14.930000305175781,15.199999809265137,354400,15.199999809265137
2/10/2017,14.4399995803833,15.399999618530273,14.4399995803833,15.010000228881836,502400,15.010000228881836
2/9/2017,14.550000190734863,15,14.5,14.930000305175781,417400,14.930000305175781
2/8/2017,14.460000038146973,14.90999984741211,13.819999694824219,14.449999809265137,843600,14.449999809265137
2/7/2017,14.199999809265137,15,14.119999885559082,14.380000114440918,723700,14.380000114440918
2/6/2017,13.640000343322754,14.359999656677246,13.539999961853027,14.25,331800,14.25
2/3/2017,13.199999809265137,13.800000190734863,13.079999923706055,13.569999694824219,229500,13.569999694824219
2/2/2017,13.229999542236328,13.369999885559082,13.09000015258789,13.140000343322754,119100,13.140000343322754
2/1/2017,13.220000267028809,13.449999809265137,13.079999923706055,13.199999809265137,91700,13.199999809265137
1/31/2017,13.09000015258789,13.185999870300293,12.829999923706055,13.109999656677246,161600,13.109999656677246
1/30/2017,13.350000381469727,13.40999984741211,13.130000114440918,13.170000076293945,211600,13.170000076293945
1/27/2017,13.369999885559082,13.609999656677246,13.020000457763672,13.399999618530273,400900,13.399999618530273
1/26/2017,13.930000305175781,13.930000305175781,13.319999694824219,13.319999694824219,353400,13.319999694824219
1/25/2017,13.989999771118164,14.300000190734863,13.710000038146973,13.920000076293945,451400,13.920000076293945
1/24/2017,13.970000267028809,14.359999656677246,13.6899995803833,13.899999618530273,474400,13.899999618530273
1/23/2017,13.619999885559082,13.859999656677246,13.380000114440918,13.5600004196167,547900,13.5600004196167
1/20/2017,13.649999618530273,13.800000190734863,13.5,13.630000114440918,450300,13.630000114440918
1/19/2017,13.40999984741211,13.760000228881836,13.380000114440918,13.579999923706055,302100,13.579999923706055
1/18/2017,13.420000076293945,13.539999961853027,13.039999961853027,13.359999656677246,309700,13.359999656677246
1/17/2017,13.890000343322754,13.979999542236328,13.20300006866455,13.40999984741211,326500,13.40999984741211
1/13/2017,13.800000190734863,14.050000190734863,13.579999923706055,13.9399995803833,176300,13.9399995803833
1/12/2017,13.550000190734863,13.899999618530273,13.390000343322754,13.800000190734863,572400,13.800000190734863
1/11/2017,13.119999885559082,14.029999732971191,13.119999885559082,13.609999656677246,860300,13.609999656677246
1/10/2017,11.920000076293945,13.369999885559082,11.920000076293945,13.130000114440918,1233300,13.130000114440918
1/9/2017,11.710000038146973,11.949999809265137,11.430000305175781,11.680000305175781,321600,11.680000305175781
1/6/2017,11.5600004196167,11.729999542236328,11.170000076293945,11.680000305175781,270000,11.680000305175781
1/5/2017,11.319999694824219,11.800000190734863,11.069999694824219,11.600000381469727,645100,11.600000381469727
1/4/2017,11.529999732971191,11.609999656677246,11.09000015258789,11.300000190734863,778200,11.300000190734863
1/3/2017,12.050000190734863,12.100000381469727,11.220000267028809,11.399999618530273,500800,11.399999618530273
12/30/2016,11.300000190734863,12.130000114440918,11.180000305175781,12.069999694824219,537300,12.069999694824219
12/29/2016,11.399999618530273,11.510000228881836,10.869999885559082,11.170000076293945,797600,11.170000076293945
12/28/2016,11.539999961853027,11.75,11.300000190734863,11.420000076293945,310900,11.420000076293945
12/27/2016,11.890000343322754,11.890000343322754,11.5600004196167,11.600000381469727,191400,11.600000381469727
12/23/2016,11.989999771118164,12.100000381469727,11.84000015258789,11.930000305175781,219400,11.930000305175781
12/22/2016,12.25,12.399999618530273,11.979999542236328,12.069999694824219,806900,12.069999694824219
12/21/2016,12.260000228881836,12.428999900817871,12.140000343322754,12.25,269000,12.25
12/20/2016,12.5,12.680000305175781,12.069999694824219,12.350000381469727,313500,12.350000381469727
12/19/2016,12.920000076293945,12.970000267028809,12.3149995803833,12.390000343322754,492200,12.390000343322754
12/16/2016,12.4399995803833,12.84000015258789,12.239999771118164,12.760000228881836,847000,12.760000228881836
12/15/2016,12.220000267028809,12.5,12.180000305175781,12.359999656677246,539600,12.359999656677246
12/14/2016,12.050000190734863,12.260000228881836,11.760000228881836,12.25,481700,12.25
12/13/2016,11.869999885559082,12.220000267028809,11.859999656677246,12.020000457763672,569100,12.020000457763672
12/12/2016,12.180000305175781,12.270000457763672,11.449999809265137,11.829999923706055,589600,11.829999923706055
12/9/2016,12.529999732971191,12.649999618530273,12,12.229999542236328,867100,12.229999542236328
12/8/2016,12.289999961853027,12.649999618530273,11.899999618530273,12.520000457763672,2894200,12.520000457763672
12/7/2016,12.800000190734863,13.59000015258789,12.800000190734863,12.970000267028809,587300,12.970000267028809
12/6/2016,13.399999618530273,13.710000038146973,12.819999694824219,12.880000114440918,492700,12.880000114440918
12/5/2016,14.050000190734863,14.149999618530273,13.529999732971191,13.579999923706055,310100,13.579999923706055
12/2/2016,14.100000381469727,14.489999771118164,13.75,14.180000305175781,385800,14.180000305175781
12/1/2016,15.09000015258789,15.350000381469727,14.020000457763672,14.125,747200,14.125
11/30/2016,15.5,15.619999885559082,15.069999694824219,15.09000015258789,201700,15.09000015258789
11/29/2016,15.3100004196167,15.4399995803833,15.100000381469727,15.350000381469727,434600,15.350000381469727
11/28/2016,15.739999771118164,15.739999771118164,15.010000228881836,15.260000228881836,847500,15.260000228881836
11/25/2016,16.260000228881836,16.290000915527344,15.850000381469727,16.010000228881836,327200,16.010000228881836
11/23/2016,16.09000015258789,16.68000030517578,15.65999984741211,16.200000762939453,405700,16.200000762939453
11/22/2016,16,16.049999237060547,15.5600004196167,15.989999771118164,375000,15.989999771118164
11/21/2016,15.640000343322754,16.270000457763672,15.609999656677246,15.979999542236328,618000,15.979999542236328
11/18/2016,16,16.110000610351562,15.390000343322754,15.609999656677246,291500,15.609999656677246
11/17/2016,16,16.200000762939453,15.6899995803833,16.020000457763672,317000,16.020000457763672
11/16/2016,16.5,16.5,15.010000228881836,16.049999237060547,750500,16.049999237060547
11/15/2016,16.1200008392334,16.92099952697754,16.02400016784668,16.690000534057617,687300,16.690000534057617
11/14/2016,15.319999694824219,16.18000030517578,15.220000267028809,15.880000114440918,647200,15.880000114440918
11/11/2016,14.210000038146973,15.24899959564209,14.050000190734863,15.130000114440918,402200,15.130000114440918
11/10/2016,14.899999618530273,15.199999809265137,14.149999618530273,14.390000343322754,401100,14.390000343322754
11/9/2016,13.220000267028809,15.13599967956543,13.220000267028809,14.8100004196167,658800,14.8100004196167
11/8/2016,14.4399995803833,15.180000305175781,14.3100004196167,14.949999809265137,521800,14.949999809265137
11/7/2016,13.720000267028809,14.479999542236328,13.6899995803833,14.430000305175781,361900,14.430000305175781
11/4/2016,12.869999885559082,13.600000381469727,12.869999885559082,13.489999771118164,325900,13.489999771118164
11/3/2016,12.760000228881836,13.199999809265137,12.699999809265137,13,220300,13
11/2/2016,13.569999694824219,13.699999809265137,12.819999694824219,12.920000076293945,327200,12.920000076293945
11/1/2016,12.979999542236328,13.539999961853027,12.979999542236328,13.260000228881836,303500,13.260000228881836
10/31/2016,14.3100004196167,14.3100004196167,12.800000190734863,13.239999771118164,756000,13.239999771118164
10/28/2016,14.420000076293945,14.720000267028809,14.3100004196167,14.319999694824219,363300,14.319999694824219
10/27/2016,15.010000228881836,15.050000190734863,14.399999618530273,14.479999542236328,312100,14.479999542236328
10/26/2016,15.039999961853027,15.220000267028809,14.710000038146973,14.930000305175781,186600,14.930000305175781
10/25/2016,15.180000305175781,15.34000015258789,15,15.050000190734863,259300,15.050000190734863
10/24/2016,15.199999809265137,15.5,14.920000076293945,15.119999885559082,272500,15.119999885559082
10/21/2016,14.829999923706055,15.430000305175781,14.449999809265137,15.149999618530273,572000,15.149999618530273
10/20/2016,15.039999961853027,15.199999809265137,14.90999984741211,14.920000076293945,256000,14.920000076293945
10/19/2016,15.119999885559082,15.25,15,15.15999984741211,191200,15.15999984741211
10/18/2016,15.420000076293945,15.699999809265137,15.100000381469727,15.109999656677246,407000,15.109999656677246
10/17/2016,14.760000228881836,15.319999694824219,14.279999732971191,15.039999961853027,430400,15.039999961853027
10/14/2016,15.59000015258789,16.100000381469727,14.899999618530273,14.954999923706055,833700,14.954999923706055
10/13/2016,16.809999465942383,16.836000442504883,15.279999732971191,15.4350004196167,1158400,15.4350004196167
10/12/2016,17.200000762939453,17.43000030517578,16.90999984741211,17.110000610351562,318100,17.110000610351562
10/11/2016,18.43000030517578,18.440000534057617,16.850000381469727,17.1200008392334,935700,17.1200008392334
10/10/2016,17.030000686645508,18.610000610351562,17.030000686645508,18.5,630200,18.5
10/7/2016,17.280000686645508,17.329999923706055,16.8799991607666,17.079999923706055,310200,17.079999923706055
10/6/2016,17.219999313354492,17.5,16.8700008392334,17.200000762939453,381000,17.200000762939453
10/5/2016,16.43000030517578,17.760000228881836,16.420000076293945,17.190000534057617,1011000,17.190000534057617
10/4/2016,16.309999465942383,16.579999923706055,15.71500015258789,16.420000076293945,639600,16.420000076293945
10/3/2016,15.029999732971191,16.6200008392334,14.739999771118164,16.149999618530273,1073700,16.149999618530273
9/30/2016,15.300000190734863,15.520000457763672,15.010000228881836,15.09000015258789,337700,15.09000015258789
9/29/2016,15.210000038146973,15.579999923706055,15,15.3100004196167,405500,15.3100004196167
9/28/2016,15.229999542236328,15.657999992370605,14.75,15.364999771118164,612600,15.364999771118164
9/27/2016,15.010000228881836,15.289999961853027,14.649999618530273,15.229999542236328,405600,15.229999542236328
9/26/2016,15.199999809265137,15.279999732971191,14.550000190734863,14.989999771118164,244600,14.989999771118164
9/23/2016,15.539999961853027,15.539999961853027,15.25,15.40999984741211,252200,15.40999984741211
9/22/2016,15.539999961853027,15.649999618530273,15.220000267028809,15.489999771118164,416500,15.489999771118164
9/21/2016,15.40999984741211,15.739999771118164,15.1899995803833,15.399999618530273,549400,15.399999618530273
9/20/2016,15.25,15.25,14.90999984741211,14.979999542236328,504500,14.979999542236328
9/19/2016,15.75,15.960000038146973,14.850000381469727,15.210000038146973,984100,15.210000038146973
9/16/2016,14.479999542236328,15.680000305175781,14.020000457763672,15.630000114440918,2117800,15.630000114440918
9/15/2016,14.15999984741211,14.539999961853027,14.010000228881836,14.430000305175781,452600,14.430000305175781
9/14/2016,13.359999656677246,14.239999771118164,13.265000343322754,14.079999923706055,553000,14.079999923706055
9/13/2016,13.479999542236328,13.779999732971191,13.09000015258789,13.40999984741211,439200,13.40999984741211
9/12/2016,12.8100004196167,13.979999542236328,12.260000228881836,13.670000076293945,796700,13.670000076293945
9/9/2016,13.920000076293945,14.5,12.901000022888184,13.149999618530273,827200,13.149999618530273
9/8/2016,13.890000343322754,13.979999542236328,13.5,13.819999694824219,335600,13.819999694824219
9/7/2016,14.300000190734863,14.399999618530273,13.359999656677246,13.949999809265137,853500,13.949999809265137
9/6/2016,14.510000228881836,15.59000015258789,13.84000015258789,14.170000076293945,1465100,14.170000076293945
9/2/2016,13.5,14.800000190734863,13.4399995803833,14.609999656677246,1531200,14.609999656677246
9/1/2016,13.399999618530273,13.835000038146973,12.920000076293945,13.449999809265137,548800,13.449999809265137
8/31/2016,13.670000076293945,13.970000267028809,12,13.1899995803833,1285800,13.1899995803833
8/30/2016,12.899999618530273,13.970000267028809,12.895999908447266,13.430000305175781,1443300,13.430000305175781
8/29/2016,11.40999984741211,12.850000381469727,11.220000267028809,12.649999618530273,1655700,12.649999618530273
8/26/2016,11.550000190734863,11.65999984741211,11.104000091552734,11.220000267028809,484400,11.220000267028809
8/25/2016,10.25,11.779999732971191,10,11.579999923706055,1328700,11.579999923706055
8/24/2016,10.3100004196167,10.4399995803833,9.829999923706055,10.199999809265137,541300,10.199999809265137
8/23/2016,9.630000114440918,10.550000190734863,9.569999694824219,10.479999542236328,961800,10.479999542236328
8/22/2016,9.569999694824219,9.569999694824219,9.369999885559082,9.5,152300,9.5
8/19/2016,9.390000343322754,9.666999816894531,9.307000160217285,9.510000228881836,226800,9.510000228881836
8/18/2016,9.5,9.5,9.199999809265137,9.34000015258789,183700,9.34000015258789
8/17/2016,9.699999809265137,9.800000190734863,9.399999618530273,9.569999694824219,169400,9.569999694824219
8/16/2016,9.859999656677246,9.930000305175781,9.319999694824219,9.600000381469727,300400,9.600000381469727
8/15/2016,9.600000381469727,9.970000267028809,9.25,9.899999618530273,750100,9.899999618530273
8/12/2016,9.229999542236328,9.640000343322754,9.020000457763672,9.430000305175781,613400,9.430000305175781
8/11/2016,8.779999732971191,9.640000343322754,8.779999732971191,9.430000305175781,1587300,9.430000305175781
8/10/2016,8.199999809265137,8.65999984741211,8.133000373840332,8.609999656677246,477900,8.609999656677246
8/9/2016,7.800000190734863,8.210000038146973,7.800000190734863,8.149999618530273,284300,8.149999618530273
8/8/2016,8.149999618530273,8.210000038146973,7.769999980926514,7.820000171661377,306900,7.820000171661377
8/4/2016,8.5,8.789999961853027,7.650000095367432,7.880000114440918,458500,7.880000114440918
8/3/2016,8.760000228881836,8.760000228881836,8.010000228881836,8.369999885559082,484400,8.369999885559082
8/2/2016,7.699999809265137,8.609999656677246,7.630000114440918,8.59000015258789,894400,8.59000015258789
8/1/2016,7.119999885559082,7.739999771118164,7.110000133514404,7.420000076293945,626600,7.420000076293945
7/29/2016,7.300000190734863,7.320000171661377,6.849999904632568,7.070000171661377,188400,7.070000171661377
7/28/2016,7.369999885559082,7.480000019073486,7.210000038146973,7.289999961853027,61000,7.289999961853027
7/27/2016,7.25,7.440000057220459,7.25,7.340000152587891,95700,7.340000152587891
7/26/2016,7.190000057220459,7.429999828338623,7.170000076293945,7.28000020980835,110100,7.28000020980835
7/25/2016,7.239999771118164,7.349999904632568,7.079999923706055,7.139999866485596,81700,7.139999866485596
7/22/2016,7.079999923706055,7.28000020980835,7.050000190734863,7.199999809265137,77900,7.199999809265137
7/21/2016,7.53000020980835,7.554999828338623,7.019999980926514,7.090000152587891,179400,7.090000152587891
7/20/2016,7.579999923706055,7.769999980926514,7.360000133514404,7.489999771118164,181800,7.489999771118164
7/19/2016,7.239999771118164,7.559999942779541,7.21999979019165,7.489999771118164,271100,7.489999771118164
7/18/2016,6.849999904632568,7.46999979019165,6.849999904632568,7.260000228881836,596600,7.260000228881836
7/15/2016,7.050000190734863,7.050000190734863,6.889999866485596,6.929999828338623,43000,6.929999828338623
7/13/2016,7.039999961853027,7.090000152587891,6.860000133514404,6.900000095367432,111800,6.900000095367432
7/12/2016,7.050000190734863,7.110000133514404,6.940000057220459,6.989999771118164,116800,6.989999771118164
7/8/2016,6.809999942779541,6.920000076293945,6.710000038146973,6.769999980926514,83900,6.769999980926514
7/7/2016,6.389999866485596,6.880000114440918,6.389999866485596,6.75,112100,6.75
7/6/2016,6.535999774932861,6.535999774932861,6.050000190734863,6.400000095367432,143200,6.400000095367432
7/5/2016,6.539999961853027,6.539999961853027,6.170000076293945,6.320000171661377,149800,6.320000171661377
7/1/2016,6.510000228881836,6.829999923706055,6.510000228881836,6.650000095367432,94000,6.650000095367432
6/30/2016,6.300000190734863,6.5,6.214000225067139,6.489999771118164,49900,6.489999771118164
6/29/2016,6.409999847412109,6.5,6.360000133514404,6.409999847412109,38300,6.409999847412109
6/28/2016,6.170000076293945,6.414999961853027,6.170000076293945,6.329999923706055,88000,6.329999923706055
6/27/2016,6.400000095367432,6.46999979019165,6.019000053405762,6.159999847412109,158400,6.159999847412109
6/24/2016,6.630000114440918,6.769999980926514,6.320000171661377,6.389999866485596,198900,6.389999866485596
6/23/2016,6.920000076293945,7.090000152587891,6.909999847412109,6.980000019073486,95700,6.980000019073486
6/22/2016,6.848999977111816,7.079999923706055,6.829999923706055,6.889999866485596,107400,6.889999866485596
6/21/2016,6.96999979019165,7.090000152587891,6.800000190734863,6.929999828338623,194900,6.929999828338623
6/17/2016,6.900000095367432,7.010000228881836,6.820000171661377,6.829999923706055,190100,6.829999923706055
6/16/2016,6.960000038146973,7.179999828338623,6.75,6.949999809265137,156300,6.949999809265137
6/15/2016,6.989999771118164,7.28000020980835,6.940000057220459,7.019999980926514,324400,7.019999980926514
6/14/2016,7.070000171661377,7.28000020980835,6.769999980926514,6.889999866485596,170200,6.889999866485596
6/13/2016,6.539999961853027,7.179999828338623,6.5,7.170000076293945,364900,7.170000076293945
6/10/2016,6.730000019073486,7.050000190734863,6.5,6.590000152587891,209700,6.590000152587891
6/9/2016,7.150000095367432,7.28000020980835,6.760000228881836,6.829999923706055,343700,6.829999923706055
6/8/2016,6.800000190734863,7.179999828338623,6.75,7.150000095367432,420800,7.150000095367432
6/6/2016,6.21999979019165,6.699999809265137,6.210000038146973,6.679999828338623,322400,6.679999828338623
6/3/2016,6.25,6.380000114440918,6.090000152587891,6.159999847412109,82700,6.159999847412109
6/2/2016,6.179999828338623,6.300000190734863,6.070000171661377,6.300000190734863,176600,6.300000190734863
6/1/2016,6.329999923706055,6.349999904632568,6.099999904632568,6.150000095367432,74600,6.150000095367432
5/27/2016,5.949999809265137,6.099999904632568,5.940000057220459,6.039999961853027,118900,6.039999961853027
5/26/2016,5.78000020980835,5.949999809265137,5.78000020980835,5.940000057220459,107700,5.940000057220459
5/25/2016,5.960000038146973,5.960000038146973,5.739999771118164,5.75,63100,5.75
5/24/2016,5.900000095367432,5.980000019073486,5.75,5.909999847412109,153600,5.909999847412109
5/20/2016,5.639999866485596,5.800000190734863,5.53000020980835,5.730000019073486,280900,5.730000019073486
5/19/2016,5.590000152587891,5.730000019073486,5.429999828338623,5.570000171661377,172900,5.570000171661377
5/18/2016,5.420000076293945,5.659999847412109,5.192999839782715,5.659999847412109,215300,5.659999847412109
5/17/2016,5.460000038146973,5.670000076293945,5.420000076293945,5.420000076293945,38800,5.420000076293945
5/16/2016,5.590000152587891,5.690000057220459,5.489999771118164,5.489999771118164,38800,5.489999771118164
5/13/2016,5.480000019073486,5.659999847412109,5.480000019073486,5.550000190734863,50800,5.550000190734863
5/12/2016,5.630000114440918,5.730000019073486,5.440000057220459,5.46999979019165,74000,5.46999979019165
5/11/2016,5.739999771118164,5.760000228881836,5.456999778747559,5.590000152587891,48100,5.590000152587891
5/10/2016,5.489999771118164,5.88700008392334,5.489999771118164,5.78000020980835,63100,5.78000020980835
5/9/2016,5.630000114440918,5.650000095367432,5.369999885559082,5.440000057220459,88500,5.440000057220459
5/6/2016,5.679999828338623,5.920000076293945,5.610000133514404,5.690000057220459,46200,5.690000057220459
5/5/2016,5.860000133514404,5.869999885559082,5.619999885559082,5.679999828338623,107100,5.679999828338623
5/4/2016,5.679999828338623,5.840000152587891,5.550000190734863,5.760000228881836,77400,5.760000228881836
5/3/2016,5.679999828338623,5.78000020980835,5.625,5.690000057220459,66400,5.690000057220459
5/2/2016,5.760000228881836,5.920000076293945,5.679999828338623,5.71999979019165,48300,5.71999979019165
4/29/2016,5.929999828338623,5.929999828338623,5.715000152587891,5.78000020980835,42400,5.78000020980835
4/28/2016,5.920000076293945,6.03000020980835,5.860000133514404,5.980000019073486,46600,5.980000019073486
4/27/2016,5.855000019073486,5.949999809265137,5.840000152587891,5.900000095367432,21600,5.900000095367432
4/26/2016,5.829999923706055,6.090000152587891,5.809999942779541,6.079999923706055,93700,6.079999923706055
4/25/2016,6.210000038146973,6.210000038146973,5.809999942779541,5.829999923706055,101400,5.829999923706055
4/22/2016,6.329999923706055,6.349999904632568,6.099999904632568,6.199999809265137,197500,6.199999809265137
4/21/2016,6.349999904632568,6.349999904632568,6.2270002365112305,6.289999961853027,39500,6.289999961853027
4/20/2016,6.340000152587891,6.400000095367432,6.218999862670898,6.320000171661377,101100,6.320000171661377
4/19/2016,6.409999847412109,6.409999847412109,6.230000019073486,6.369999885559082,73100,6.369999885559082
4/18/2016,6.429999828338623,6.489999771118164,6.359000205993652,6.409999847412109,35000,6.409999847412109
4/15/2016,6.419000148773193,6.5,6.340000152587891,6.480000019073486,74300,6.480000019073486
4/14/2016,6.360000133514404,6.449999809265137,6.21999979019165,6.380000114440918,49200,6.380000114440918
4/13/2016,6.260000228881836,6.489999771118164,6.210000038146973,6.389999866485596,146900,6.389999866485596
4/12/2016,6.110000133514404,6.269999980926514,6.099999904632568,6.199999809265137,56700,6.199999809265137
4/11/2016,6.400000095367432,6.5,6.150000095367432,6.150000095367432,151900,6.150000095367432
4/8/2016,6.239999771118164,6.364999771118164,6.150000095367432,6.28000020980835,106700,6.28000020980835
4/6/2016,5.690000057220459,6.170000076293945,5.690000057220459,6.159999847412109,287300,6.159999847412109
4/5/2016,5.739999771118164,5.869999885559082,5.619999885559082,5.630000114440918,122300,5.630000114440918
4/4/2016,5.75,5.900000095367432,5.690000057220459,5.800000190734863,187800,5.800000190734863
4/1/2016,5.739999771118164,5.920000076293945,5.71999979019165,5.75,59300,5.75
3/29/2016,5.690000057220459,5.75,5.5,5.699999809265137,119100,5.699999809265137
3/28/2016,5.739999771118164,5.829999923706055,5.599999904632568,5.679999828338623,156800,5.679999828338623
3/24/2016,5.929999828338623,5.929999828338623,5.739999771118164,5.840000152587891,121300,5.840000152587891
3/23/2016,6.019999980926514,6.070000171661377,5.760000228881836,5.840000152587891,98200,5.840000152587891
3/22/2016,6.079999923706055,6.150000095367432,5.909999847412109,6.019999980926514,256400,6.019999980926514
3/21/2016,6.099999904632568,6.199999809265137,5.989999771118164,6.070000171661377,315900,6.070000171661377
3/18/2016,5.820000171661377,5.989999771118164,5.764999866485596,5.849999904632568,173900,5.849999904632568
3/17/2016,5.690000057220459,5.880000114440918,5.650000095367432,5.78000020980835,71200,5.78000020980835
3/16/2016,5.690000057220459,5.800000190734863,5.599999904632568,5.75,68200,5.75
3/15/2016,5.820000171661377,5.820000171661377,5.610000133514404,5.690000057220459,86000,5.690000057220459
3/14/2016,5.840000152587891,5.949999809265137,5.820000171661377,5.880000114440918,137800,5.880000114440918
3/11/2016,5.820000171661377,5.880000114440918,5.730000019073486,5.880000114440918,75700,5.880000114440918
3/10/2016,5.96999979019165,5.989999771118164,5.599999904632568,5.71999979019165,124300,5.71999979019165
3/9/2016,5.800000190734863,5.96999979019165,5.789999961853027,5.949999809265137,115500,5.949999809265137
3/8/2016,5.929999828338623,5.989999771118164,5.75,5.800000190734863,163800,5.800000190734863
3/7/2016,5.809999942779541,6.099999904632568,5.809999942779541,5.949999809265137,212400,5.949999809265137
3/4/2016,5.5,6.099999904632568,5.420000076293945,5.889999866485596,389000,5.889999866485596
3/3/2016,5.630000114440918,5.650000095367432,5.349999904632568,5.389999866485596,238900,5.389999866485596
3/2/2016,5.980000019073486,5.980000019073486,5.650000095367432,5.670000076293945,155700,5.670000076293945
3/1/2016,6.03000020980835,6.300000190734863,5.710000038146973,5.900000095367432,239100,5.900000095367432
2/29/2016,6.039999961853027,6.150000095367432,5.880000114440918,5.900000095367432,126600,5.900000095367432
2/26/2016,5.789999961853027,6.230000019073486,5.789999961853027,6.019999980926514,178200,6.019999980926514
2/25/2016,5.610000133514404,5.78000020980835,5.460000038146973,5.78000020980835,52300,5.78000020980835
2/24/2016,5.880000114440918,5.900000095367432,5.409999847412109,5.679999828338623,278600,5.679999828338623
2/22/2016,5.71999979019165,6.070000171661377,5.71999979019165,6.010000228881836,207200,6.010000228881836
2/19/2016,5.599999904632568,5.699999809265137,5.550000190734863,5.659999847412109,68700,5.659999847412109
2/18/2016,5.480000019073486,5.679999828338623,5.239999771118164,5.670000076293945,189600,5.670000076293945
2/17/2016,5.409999847412109,5.46999979019165,5.090000152587891,5.400000095367432,246000,5.400000095367432
2/16/2016,5.889999866485596,5.989999771118164,5.099999904632568,5.170000076293945,761100,5.170000076293945
2/12/2016,5.25,5.349999904632568,4.829999923706055,4.909999847412109,255800,4.909999847412109
2/10/2016,5.420000076293945,5.579999923706055,5.400000095367432,5.420000076293945,69200,5.420000076293945
2/9/2016,5.260000228881836,5.550000190734863,5.260000228881836,5.360000133514404,112700,5.360000133514404
2/8/2016,5.900000095367432,5.900000095367432,5.309999942779541,5.349999904632568,165000,5.349999904632568
2/4/2016,6.179999828338623,6.264999866485596,6.014999866485596,6.03000020980835,342000,6.03000020980835
2/3/2016,6.380000114440918,6.519999980926514,6.099999904632568,6.230000019073486,259400,6.230000019073486
2/2/2016,6.429999828338623,6.53000020980835,6.309999942779541,6.360000133514404,169000,6.360000133514404
2/1/2016,6.5,6.650000095367432,6.400000095367432,6.474999904632568,180600,6.474999904632568
1/29/2016,6.5,6.789999961853027,6.46999979019165,6.599999904632568,196100,6.599999904632568
1/28/2016,6.320000171661377,6.566999912261963,6.300000190734863,6.489999771118164,360700,6.489999771118164
1/27/2016,6.320000171661377,6.429999828338623,6.210000038146973,6.25,282200,6.25
1/26/2016,6.679999828338623,6.679999828338623,6.329999923706055,6.400000095367432,280900,6.400000095367432
1/25/2016,6.78000020980835,6.989999771118164,6.619999885559082,6.699999809265137,306900,6.699999809265137
1/22/2016,6.75,6.869999885559082,6.599999904632568,6.730000019073486,248300,6.730000019073486
1/21/2016,6.239999771118164,6.699999809265137,5.96999979019165,6.46999979019165,341300,6.46999979019165
1/20/2016,6.289999961853027,6.349999904632568,5.909999847412109,6.139999866485596,476900,6.139999866485596
1/19/2016,6.710000038146973,6.800000190734863,6.400000095367432,6.460000038146973,311400,6.460000038146973
1/15/2016,6.570000171661377,6.739999771118164,6.400000095367432,6.53000020980835,250000,6.53000020980835
1/14/2016,6.670000076293945,7.050000190734863,6.369999885559082,6.940000057220459,217200,6.940000057220459
1/12/2016,6.659999847412109,6.816999912261963,6.5,6.71999979019165,165300,6.71999979019165
1/11/2016,6.760000228881836,6.867000102996826,6.5,6.510000228881836,499200,6.510000228881836
1/7/2016,7.110000133514404,7.289999961853027,6.760000228881836,6.769999980926514,762900,6.769999980926514
1/6/2016,7.550000190734863,7.75,7.409999847412109,7.519999980926514,216200,7.519999980926514
1/5/2016,7.480000019073486,7.690000057220459,7.389999866485596,7.550000190734863,239600,7.550000190734863
1/4/2016,7.849999904632568,7.880000114440918,7.340000152587891,7.46999979019165,522500,7.46999979019165
12/31/2015,8.119999885559082,8.489999771118164,8.119999885559082,8.210000038146973,213200,8.210000038146973
12/30/2015,8.100000381469727,8.25,8.100000381469727,8.210000038146973,170100,8.210000038146973
12/29/2015,8.210000038146973,8.369999885559082,7.75,8.15999984741211,371200,8.15999984741211
12/28/2015,8.670000076293945,8.850000381469727,8.300000190734863,8.369999885559082,133900,8.369999885559082
12/24/2015,8.449999809265137,8.75,8.3100004196167,8.5600004196167,153000,8.5600004196167
12/23/2015,8.699999809265137,8.819999694824219,8.239999771118164,8.40999984741211,531700,8.40999984741211
12/22/2015,8.869999885559082,8.880000114440918,8.649999618530273,8.819999694824219,103400,8.819999694824219
12/18/2015,8.779999732971191,8.979999542236328,8.699999809265137,8.859999656677246,416600,8.859999656677246
12/17/2015,8.59000015258789,8.9399995803833,8.520000457763672,8.569999694824219,277500,8.569999694824219
12/16/2015,8.5,8.65999984741211,8.291999816894531,8.630000114440918,364300,8.630000114440918
12/15/2015,8.149999618530273,8.5,8.0600004196167,8.430000305175781,414100,8.430000305175781
12/11/2015,8.199999809265137,8.312000274658203,7.869999885559082,8.050000190734863,388200,8.050000190734863
12/10/2015,8.199999809265137,8.550000190734863,7.71999979019165,8.430000305175781,315900,8.430000305175781
12/9/2015,8.289999961853027,8.524999618530273,7.78000020980835,8.050000190734863,551600,8.050000190734863
12/8/2015,7.460000038146973,8.119999885559082,7.369999885559082,8.109999656677246,299400,8.109999656677246
12/7/2015,7.78000020980835,7.824999809265137,7.579999923706055,7.659999847412109,154000,7.659999847412109
12/4/2015,7.869999885559082,7.980000019073486,7.659999847412109,7.909999847412109,197900,7.909999847412109
12/3/2015,8.229999542236328,8.229999542236328,7.599999904632568,7.78000020980835,251400,7.78000020980835
12/1/2015,7.800000190734863,8.34000015258789,7.800000190734863,8.1899995803833,290300,8.1899995803833
11/30/2015,8.369999885559082,8.710000038146973,7.760000228881836,7.809999942779541,776100,7.809999942779541
11/23/2015,7.829999923706055,8.170000076293945,7.579999923706055,7.96999979019165,526800,7.96999979019165
11/20/2015,6.96999979019165,7.739999771118164,6.809999942779541,7.599999904632568,361800,7.599999904632568
11/19/2015,6.800000190734863,7.079999923706055,6.670000076293945,6.869999885559082,188400,6.869999885559082
11/18/2015,6.889999866485596,6.889999866485596,6.409999847412109,6.78000020980835,171600,6.78000020980835
11/17/2015,6.53000020980835,6.71999979019165,6.420000076293945,6.690000057220459,204000,6.690000057220459
11/16/2015,6.079999923706055,6.5,6.050000190734863,6.349999904632568,141800,6.349999904632568
11/13/2015,6.800000190734863,7.099999904632568,6.090000152587891,6.130000114440918,504500,6.130000114440918
11/11/2015,6.929999828338623,7.050000190734863,6.610000133514404,6.820000171661377,186100,6.820000171661377
11/10/2015,7.190000057220459,7.360000133514404,6.610000133514404,6.929999828338623,383600,6.929999828338623
11/9/2015,7.210000038146973,7.53000020980835,7.099999904632568,7.309999942779541,283900,7.309999942779541
11/5/2015,7.809999942779541,7.96999979019165,7.309999942779541,7.449999809265137,519700,7.449999809265137
11/4/2015,8.220000267028809,8.239999771118164,7.699999809265137,7.849999904632568,248800,7.849999904632568
11/2/2015,8.539999961853027,8.569999694824219,8.210000038146973,8.350000381469727,370700,8.350000381469727
10/30/2015,8.380000114440918,8.649999618530273,8.050000190734863,8.640000343322754,437500,8.640000343322754
10/29/2015,7.800000190734863,8.4399995803833,7.599999904632568,8.300000190734863,691600,8.300000190734863
10/28/2015,7.309999942779541,7.900000095367432,7.199999809265137,7.820000171661377,585500,7.820000171661377
10/26/2015,6.599999904632568,7.940000057220459,6.599999904632568,7.539999961853027,1261500,7.539999961853027
10/23/2015,6.199999809265137,6.659999847412109,6.139999866485596,6.53000020980835,351200,6.53000020980835
10/22/2015,5.960000038146973,6.739999771118164,5.960000038146973,6.130000114440918,250300,6.130000114440918
10/21/2015,6.059999942779541,6.21999979019165,5.849999904632568,5.940000057220459,175000,5.940000057220459
10/20/2015,5.869999885559082,6.369999885559082,5.869999885559082,6.099999904632568,189500,6.099999904632568
10/19/2015,5.929999828338623,5.940000057220459,5.710000038146973,5.820000171661377,170300,5.820000171661377
10/16/2015,5.840000152587891,6.039999961853027,5.670000076293945,5.940000057220459,221700,5.940000057220459
10/15/2015,5.489999771118164,5.949999809265137,5.360000133514404,5.800000190734863,281100,5.800000190734863
10/14/2015,5.679999828338623,5.681000232696533,5.320000171661377,5.420000076293945,128200,5.420000076293945
10/13/2015,5.519999980926514,5.78000020980835,5.320000171661377,5.659999847412109,139800,5.659999847412109
10/12/2015,5.579999923706055,5.659999847412109,5.320000171661377,5.510000228881836,98000,5.510000228881836
10/9/2015,5.78000020980835,5.78000020980835,5.321000099182129,5.489999771118164,166200,5.489999771118164
10/8/2015,5.860000133514404,5.860000133514404,5.420000076293945,5.71999979019165,264600,5.71999979019165
10/7/2015,5.349999904632568,5.880000114440918,5.269999980926514,5.820000171661377,459800,5.820000171661377
10/6/2015,5.25,5.340000152587891,5.159999847412109,5.289999961853027,84900,5.289999961853027
10/5/2015,5.309999942779541,5.360000133514404,5.150000095367432,5.21999979019165,202200,5.21999979019165
10/2/2015,4.579999923706055,5.289999961853027,4.5,5.25,626800,5.25
10/1/2015,4.760000228881836,4.921999931335449,4.550000190734863,4.639999866485596,118800,4.639999866485596
9/30/2015,4.849999904632568,5.119999885559082,4.71999979019165,4.820000171661377,122200,4.820000171661377
9/29/2015,4.800000190734863,4.900000095367432,4.699999809265137,4.800000190734863,104300,4.800000190734863
9/28/2015,4.960000038146973,5.159999847412109,4.75,4.800000190734863,183300,4.800000190734863
9/25/2015,5.159999847412109,5.170000076293945,4.920000076293945,5.03000020980835,103000,5.03000020980835
9/24/2015,4.900000095367432,5.110000133514404,4.849999904632568,5.110000133514404,121300,5.110000133514404
9/23/2015,5.199999809265137,5.244999885559082,4.920000076293945,4.960000038146973,128000,4.960000038146973
9/21/2015,5.460000038146973,5.460000038146973,5.099999904632568,5.150000095367432,110500,5.150000095367432
9/18/2015,5.260000228881836,5.449999809265137,5.260000228881836,5.429999828338623,110000,5.429999828338623
9/17/2015,5.340000152587891,5.449999809265137,5.199999809265137,5.349999904632568,145400,5.349999904632568
9/16/2015,5.130000114440918,5.300000190734863,5.079999923706055,5.289999961853027,172000,5.289999961853027
9/15/2015,4.989999771118164,5.099999904632568,4.96999979019165,5.079999923706055,293200,5.079999923706055
9/14/2015,5.079999923706055,5.210000038146973,4.949999809265137,4.989999771118164,54800,4.989999771118164
9/11/2015,5.050000190734863,5.119999885559082,5.03000020980835,5.090000152587891,86900,5.090000152587891
9/9/2015,5.460000038146973,5.489999771118164,5.03000020980835,5.099999904632568,252400,5.099999904632568
9/8/2015,5.300000190734863,5.380000114440918,5.300000190734863,5.340000152587891,143700,5.340000152587891
9/4/2015,5.179999828338623,5.369999885559082,5.019999980926514,5.150000095367432,245300,5.150000095367432
9/3/2015,4.989999771118164,5.610000133514404,4.900000095367432,5.28000020980835,613300,5.28000020980835
9/2/2015,4.940000057220459,4.989999771118164,4.840000152587891,4.940000057220459,104100,4.940000057220459
9/1/2015,4.949999809265137,5.130000114440918,4.800000190734863,4.889999866485596,202300,4.889999866485596
8/31/2015,5.210000038146973,5.296000003814697,5.059999942779541,5.119999885559082,203800,5.119999885559082
8/28/2015,5.110000133514404,5.559999942779541,5.059999942779541,5.28000020980835,441800,5.28000020980835
8/27/2015,4.789999961853027,5.179999828338623,4.789999961853027,5.179999828338623,599300,5.179999828338623
8/26/2015,4.699999809265137,4.800000190734863,4.400000095367432,4.690000057220459,369200,4.690000057220459
8/25/2015,5.099999904632568,5.179999828338623,4.510000228881836,4.659999847412109,942600,4.659999847412109
8/21/2015,5.960000038146973,5.960000038146973,5.545000076293945,5.650000095367432,636500,5.650000095367432
8/20/2015,6.880000114440918,6.880000114440918,6.010000228881836,6.019999980926514,925400,6.019999980926514
8/19/2015,8.489999771118164,8.489999771118164,6.880000114440918,6.900000095367432,1680600,6.900000095367432
8/18/2015,7.699999809265137,7.920000076293945,7.570000171661377,7.869999885559082,267200,7.869999885559082
8/17/2015,7.690000057220459,7.829999923706055,7.670000076293945,7.739999771118164,64300,7.739999771118164
8/13/2015,8.039999961853027,8.069999694824219,7.610000133514404,7.699999809265137,253300,7.699999809265137
8/12/2015,7.650000095367432,8.100000381469727,7.480000019073486,8.09000015258789,357200,8.09000015258789
8/11/2015,8.5,8.600000381469727,8.199999809265137,8.239999771118164,645600,8.239999771118164
8/10/2015,8.380000114440918,8.640000343322754,8.279999732971191,8.550000190734863,243300,8.550000190734863
8/7/2015,8.270000457763672,8.5,8.210000038146973,8.279999732971191,156600,8.279999732971191
8/6/2015,8.5,8.5,8.130000114440918,8.1899995803833,144900,8.1899995803833
8/5/2015,8.3100004196167,8.649999618530273,8.3100004196167,8.40999984741211,231800,8.40999984741211
8/4/2015,8.350000381469727,8.520000457763672,8.300000190734863,8.399999618530273,139000,8.399999618530273
8/3/2015,8.260000228881836,8.619999885559082,8.170000076293945,8.380000114440918,273700,8.380000114440918
7/31/2015,8.40999984741211,8.510000228881836,8.3100004196167,8.3100004196167,213000,8.3100004196167
7/30/2015,8.479999542236328,8.479999542236328,8.1899995803833,8.350000381469727,326300,8.350000381469727
7/29/2015,8.420000076293945,8.697999954223633,8.260000228881836,8.529999732971191,393700,8.529999732971191
7/28/2015,8.779999732971191,8.779999732971191,8.260000228881836,8.369999885559082,626100,8.369999885559082
7/27/2015,7.599999904632568,8.819000244140625,7.46999979019165,8.789999961853027,889700,8.789999961853027
7/24/2015,8.720000267028809,8.8100004196167,7.920000076293945,8.130000114440918,759000,8.130000114440918
7/21/2015,7.510000228881836,7.789999961853027,7.400000095367432,7.75,224900,7.75
7/20/2015,7.670000076293945,7.718999862670898,7.300000190734863,7.360000133514404,480500,7.360000133514404
7/17/2015,7.550000190734863,7.739999771118164,7.53000020980835,7.670000076293945,318200,7.670000076293945
7/16/2015,7.699999809265137,7.849999904632568,7.460000038146973,7.46999979019165,397600,7.46999979019165
7/15/2015,7.989999771118164,8.039999961853027,7.670000076293945,7.670000076293945,409800,7.670000076293945
7/14/2015,8.100000381469727,8.15999984741211,7.800000190734863,8.09000015258789,397200,8.09000015258789
7/13/2015,8.350000381469727,8.59000015258789,8.149999618530273,8.149999618530273,453900,8.149999618530273
7/10/2015,8.84000015258789,8.9399995803833,8.149999618530273,8.329999923706055,693000,8.329999923706055
7/9/2015,8.100000381469727,8.449999809265137,8.010000228881836,8.130000114440918,1115500,8.130000114440918
7/8/2015,6.659999847412109,7.565000057220459,6.650000095367432,7.159999847412109,1172000,7.159999847412109
7/7/2015,9.369999885559082,9.550000190734863,7.050000190734863,7.425000190734863,3467800,7.425000190734863
7/6/2015,9.989999771118164,10,9.539999961853027,9.550000190734863,553700,9.550000190734863
7/2/2015,10.270000457763672,10.5,10.050000190734863,10.229999542236328,374400,10.229999542236328
7/1/2015,10.600000381469727,10.600000381469727,10.298999786376953,10.3100004196167,393400,10.3100004196167
6/30/2015,10.479999542236328,10.800000190734863,10.399999618530273,10.770000457763672,464000,10.770000457763672
6/29/2015,10.520000457763672,10.800000190734863,9.949999809265137,10.119999885559082,1113000,10.119999885559082
6/26/2015,11.199999809265137,11.390000343322754,10.319999694824219,11.0600004196167,906700,11.0600004196167
6/25/2015,11.6899995803833,11.6899995803833,11.3100004196167,11.4399995803833,473900,11.4399995803833
6/24/2015,11.75,12.050000190734863,11.529999732971191,11.710000038146973,1070700,11.710000038146973
6/23/2015,11.5600004196167,11.819999694824219,11.399999618530273,11.75,567400,11.75
6/22/2015,11.819999694824219,11.84000015258789,11.5,11.619999885559082,568900,11.619999885559082
6/19/2015,11.989999771118164,12.050000190734863,11.649999618530273,11.770000457763672,601500,11.770000457763672
6/18/2015,12.399999618530273,12.5,11.859999656677246,12.09000015258789,1439000,12.09000015258789
6/17/2015,11.970000267028809,12.350000381469727,11.779999732971191,11.890000343322754,790600,11.890000343322754
6/16/2015,11.65999984741211,12,11.399999618530273,11.930000305175781,562300,11.930000305175781
6/15/2015,12.199999809265137,12.470000267028809,11.699999809265137,11.84000015258789,1092100,11.84000015258789
6/12/2015,11.699999809265137,12.699999809265137,11.510000228881836,12.479999542236328,1344600,12.479999542236328
6/11/2015,11.649999618530273,11.989999771118164,11.600000381469727,11.850000381469727,623400,11.850000381469727
6/10/2015,11.3100004196167,11.739999771118164,11.3100004196167,11.59000015258789,385900,11.59000015258789
6/9/2015,11.850000381469727,11.869999885559082,11.25,11.369999885559082,477400,11.369999885559082
6/8/2015,11.239999771118164,12.09000015258789,11.050000190734863,11.850000381469727,1392900,11.850000381469727
6/5/2015,10.779999732971191,11.199999809265137,10.708999633789062,10.960000038146973,791100,10.960000038146973
6/4/2015,10.649999618530273,11.34000015258789,10.609999656677246,10.760000228881836,1058400,10.760000228881836
6/3/2015,11.170000076293945,11.390000343322754,10.880000114440918,10.90999984741211,1128200,10.90999984741211
6/2/2015,11.819999694824219,11.890000343322754,11.119999885559082,11.34000015258789,814100,11.34000015258789
6/1/2015,12.390000343322754,13.09000015258789,11.369999885559082,11.489999771118164,1686600,11.489999771118164
5/29/2015,12.0600004196167,12.449999809265137,11.880000114440918,12.220000267028809,831000,12.220000267028809
5/28/2015,11.84000015258789,12.390000343322754,11.399999618530273,11.880000114440918,1768000,11.880000114440918
5/27/2015,13.579999923706055,14.770000457763672,12.050000190734863,12.239999771118164,4104300,12.239999771118164
5/26/2015,11.399999618530273,13.699999809265137,11.199999809265137,12.779999732971191,4898900,12.779999732971191
5/22/2015,10.800000190734863,11.220000267028809,10.5,11.079999923706055,2806600,11.079999923706055
5/21/2015,10.25,10.890000343322754,9.229999542236328,10.4399995803833,9553400,10.4399995803833
