4/22/2019,9.539999961853027,10.100000381469727,9.539999961853027,9.789999961853027,403000,9.789999961853027
4/18/2019,9.479999542236328,9.729999542236328,9.3100004196167,9.520000457763672,1188600,9.520000457763672
4/17/2019,9.260000228881836,9.59000015258789,9.220000267028809,9.510000228881836,573600,9.510000228881836
4/16/2019,9.15999984741211,9.345000267028809,9.041000366210938,9.220000267028809,318100,9.220000267028809
4/15/2019,8.850000381469727,8.899999618530273,8.642999649047852,8.829999923706055,150800,8.829999923706055
4/12/2019,8.949999809265137,9.0600004196167,8.819999694824219,8.850000381469727,160900,8.850000381469727
4/11/2019,8.899999618530273,8.975000381469727,8.767000198364258,8.890000343322754,233900,8.890000343322754
4/10/2019,8.920000076293945,9.149999618530273,8.869999885559082,8.899999618530273,233000,8.899999618530273
4/8/2019,8.770000457763672,9.045000076293945,8.739999771118164,9.029999732971191,201500,9.029999732971191
4/5/2019,8.779999732971191,8.869999885559082,8.6899995803833,8.84000015258789,296800,8.84000015258789
4/4/2019,8.6899995803833,8.819999694824219,8.640000343322754,8.739999771118164,159600,8.739999771118164
4/3/2019,8.710000038146973,8.833000183105469,8.619999885559082,8.640000343322754,304700,8.640000343322754
4/2/2019,8.489999771118164,8.640000343322754,8.430000305175781,8.619999885559082,241700,8.619999885559082
4/1/2019,8.359999656677246,8.65999984741211,8.359999656677246,8.489999771118164,227600,8.489999771118164
3/29/2019,8.34000015258789,8.520000457763672,8.180000305175781,8.300000190734863,334900,8.300000190734863
3/28/2019,8.34000015258789,8.539999961853027,8.109999656677246,8.270000457763672,627500,8.270000457763672
3/27/2019,8.550000190734863,8.779999732971191,8.149999618530273,8.359999656677246,559800,8.359999656677246
3/26/2019,8.649999618530273,8.75,8.40999984741211,8.539999961853027,279800,8.539999961853027
3/25/2019,8.760000228881836,8.819999694824219,8.539999961853027,8.630000114440918,250900,8.630000114440918
3/22/2019,9.079999923706055,9.260000228881836,8.779999732971191,8.779999732971191,259700,8.779999732971191
3/21/2019,8.949999809265137,9.34000015258789,8.949999809265137,9.140000343322754,313900,9.140000343322754
3/20/2019,9.119999885559082,9.220000267028809,8.899999618530273,9.010000228881836,421100,9.010000228881836
3/19/2019,9.100000381469727,9.359999656677246,8.9399995803833,9.100000381469727,668600,9.100000381469727
3/18/2019,8.970000267028809,9.149999618530273,8.850000381469727,8.899999618530273,298400,8.899999618530273
3/13/2019,9.4399995803833,9.479999542236328,9.3100004196167,9.319999694824219,290300,9.319999694824219
3/12/2019,9.609999656677246,9.829999923706055,9.420000076293945,9.420000076293945,245000,9.420000076293945
3/11/2019,9.470000267028809,9.609999656677246,9.40999984741211,9.5,306100,9.5
3/8/2019,9.380000114440918,9.5,9.319999694824219,9.4399995803833,258700,9.4399995803833
3/7/2019,9.649999618530273,9.760000228881836,9.359999656677246,9.420000076293945,303600,9.420000076293945
3/6/2019,9.90999984741211,9.913999557495117,9.59000015258789,9.649999618530273,380700,9.649999618530273
3/5/2019,10.050000190734863,10.170000076293945,9.859999656677246,9.869999885559082,301700,9.869999885559082
3/4/2019,10.350000381469727,10.5,10.008999824523926,10.039999961853027,693300,10.039999961853027
3/1/2019,10.270000457763672,10.449999809265137,10.220000267028809,10.319999694824219,395600,10.319999694824219
2/28/2019,10.579999923706055,10.649999618530273,10.149999618530273,10.1899995803833,235300,10.1899995803833
2/27/2019,10.399999618530273,10.6899995803833,10.279999732971191,10.550000190734863,388500,10.550000190734863
2/26/2019,10.300000190734863,10.609999656677246,10.300000190734863,10.399999618530273,480900,10.399999618530273
2/25/2019,10.390000343322754,10.819999694824219,10.25,10.270000457763672,724500,10.270000457763672
2/22/2019,10,10.5,9.0600004196167,10.350000381469727,5080000,10.350000381469727
2/21/2019,12.09000015258789,12.460000038146973,11.793000221252441,11.960000038146973,542300,11.960000038146973
2/20/2019,11.829999923706055,12.09000015258789,11.670000076293945,11.979999542236328,411100,11.979999542236328
2/19/2019,11.829999923706055,12.050000190734863,11.675000190734863,11.779999732971191,451100,11.779999732971191
2/15/2019,12.079999923706055,12.15999984741211,11.789999961853027,11.859999656677246,243400,11.859999656677246
2/14/2019,11.550000190734863,12.225000381469727,11.550000190734863,12.069999694824219,267800,12.069999694824219
2/13/2019,11.800000190734863,12.100000381469727,11.800000190734863,12.029999732971191,531900,12.029999732971191
2/12/2019,11.829999923706055,12.109999656677246,11.699999809265137,11.770000457763672,279600,11.770000457763672
2/11/2019,11.40999984741211,11.899999618530273,11.319999694824219,11.770000457763672,340800,11.770000457763672
2/8/2019,11.359999656677246,11.479999542236328,11.25,11.329999923706055,210400,11.329999923706055
2/7/2019,11.529999732971191,11.619999885559082,11.229999542236328,11.350000381469727,257800,11.350000381469727
2/6/2019,11.720000267028809,11.9399995803833,11.600000381469727,11.600000381469727,249600,11.600000381469727
2/5/2019,11.819999694824219,12.039999961853027,11.779999732971191,11.789999961853027,235400,11.789999961853027
2/4/2019,11.729999542236328,11.869999885559082,11.612000465393066,11.789999961853027,217500,11.789999961853027
2/1/2019,11.65999984741211,11.949999809265137,11.520000457763672,11.779999732971191,251500,11.779999732971191
1/31/2019,11.75,11.989999771118164,11.630000114440918,11.640000343322754,211300,11.640000343322754
1/30/2019,11.75,11.84000015258789,11.550000190734863,11.6899995803833,283600,11.6899995803833
1/29/2019,11.869999885559082,11.890000343322754,11.550000190734863,11.680000305175781,202000,11.680000305175781
1/28/2019,12.170000076293945,12.199000358581543,11.817999839782715,11.869999885559082,288400,11.869999885559082
1/25/2019,12.170000076293945,12.470000267028809,12.03499984741211,12.270000457763672,264300,12.270000457763672
1/24/2019,11.850000381469727,12.449999809265137,11.850000381469727,12.130000114440918,368800,12.130000114440918
1/23/2019,11.279999732971191,11.859999656677246,11.260000228881836,11.819999694824219,704900,11.819999694824219
1/22/2019,10.949999809265137,11.460000038146973,10.949999809265137,11.199999809265137,998600,11.199999809265137
1/18/2019,10.550000190734863,12.359999656677246,10.501999855041504,11.199999809265137,4308400,11.199999809265137
1/17/2019,14.119999885559082,14.475000381469727,13.949999809265137,14.390000343322754,271100,14.390000343322754
1/16/2019,13.729999542236328,14.210000038146973,13.5600004196167,14.1899995803833,265100,14.1899995803833
1/15/2019,13.600000381469727,13.699999809265137,13.489999771118164,13.630000114440918,140000,13.630000114440918
1/14/2019,13.640000343322754,13.789999961853027,13.380999565124512,13.600000381469727,177300,13.600000381469727
1/11/2019,13.600000381469727,13.859999656677246,13.529999732971191,13.760000228881836,122200,13.760000228881836
1/10/2019,13.449999809265137,13.800000190734863,13.449999809265137,13.65999984741211,126100,13.65999984741211
1/9/2019,13.5,13.59000015258789,13.270000457763672,13.539999961853027,146000,13.539999961853027
1/8/2019,13.40999984741211,13.489999771118164,13.039999961853027,13.399999618530273,384000,13.399999618530273
1/7/2019,13.069999694824219,13.59000015258789,12.979999542236328,13.329999923706055,362800,13.329999923706055
1/4/2019,12.65999984741211,13.210000038146973,12.550000190734863,13.069999694824219,263100,13.069999694824219
1/3/2019,13.050000190734863,13.0600004196167,12.225000381469727,12.279999732971191,246200,12.279999732971191
1/2/2019,12.850000381469727,13.454999923706055,12.670000076293945,13.050000190734863,182900,13.050000190734863
12/31/2018,12.989999771118164,13.149999618530273,12.699999809265137,13.130000114440918,280700,13.130000114440918
12/28/2018,12.600000381469727,13.180000305175781,12.550000190734863,12.899999618530273,313100,12.899999618530273
12/27/2018,12.170000076293945,12.710000038146973,12.039999961853027,12.6899995803833,186900,12.6899995803833
12/26/2018,11.869999885559082,12.460000038146973,11.770000457763672,12.4399995803833,203200,12.4399995803833
12/24/2018,11.760000228881836,12.199999809265137,11.651000022888184,11.890000343322754,156100,11.890000343322754
12/21/2018,12.640000343322754,12.710000038146973,11.8100004196167,11.9399995803833,853600,11.9399995803833
12/20/2018,13.010000228881836,13.229999542236328,12.550000190734863,12.65999984741211,364000,12.65999984741211
12/19/2018,13.039999961853027,13.390000343322754,12.760000228881836,13.020000457763672,480000,13.020000457763672
12/18/2018,13.5,13.736000061035156,12.819999694824219,13.0600004196167,368500,13.0600004196167
12/17/2018,13.5,14.079999923706055,13.260000228881836,13.380000114440918,529700,13.380000114440918
12/14/2018,14.569999694824219,14.604999542236328,13.800000190734863,13.850000381469727,360500,13.850000381469727
12/13/2018,15.149999618530273,15.279999732971191,14.529999732971191,14.8100004196167,248100,14.8100004196167
12/12/2018,15.34000015258789,15.390000343322754,14.880000114440918,14.960000038146973,274100,14.960000038146973
12/11/2018,15.420000076293945,15.460000038146973,14.84000015258789,15.100000381469727,175500,15.100000381469727
12/10/2018,15.25,15.359999656677246,14.369999885559082,15.0600004196167,359500,15.0600004196167
12/7/2018,15.609999656677246,15.850000381469727,15.050000190734863,15.180000305175781,337900,15.180000305175781
12/6/2018,15.100000381469727,15.670000076293945,14.779999732971191,15.670000076293945,357200,15.670000076293945
12/4/2018,15.609999656677246,15.739999771118164,15.199999809265137,15.350000381469727,335900,15.350000381469727
12/3/2018,15.640000343322754,15.760000228881836,15.399999618530273,15.680000305175781,366500,15.680000305175781
11/30/2018,14.880000114440918,15.550000190734863,14.510000228881836,15.550000190734863,812600,15.550000190734863
11/29/2018,15,15.289999961853027,14.789999961853027,15.079999923706055,234700,15.079999923706055
11/28/2018,14.850000381469727,15.119999885559082,14.8100004196167,15,393600,15
11/27/2018,15.479999542236328,15.654999732971191,14.760000228881836,14.8100004196167,377000,14.8100004196167
11/26/2018,15.289999961853027,15.65999984741211,14.779999732971191,15.579999923706055,321500,15.579999923706055
11/23/2018,14.640000343322754,15.425000190734863,14.640000343322754,15.09000015258789,172600,15.09000015258789
11/21/2018,14.729999542236328,15.100000381469727,14.600000381469727,14.880000114440918,211100,14.880000114440918
11/20/2018,14.65999984741211,15.0600004196167,14.329999923706055,14.579999923706055,304400,14.579999923706055
11/19/2018,15.960000038146973,16,14.850000381469727,14.989999771118164,460800,14.989999771118164
11/16/2018,15.75,16.09000015258789,15.380000114440918,15.880000114440918,367400,15.880000114440918
11/15/2018,15.420000076293945,16.020000457763672,15.229999542236328,15.880000114440918,431500,15.880000114440918
11/14/2018,15.239999771118164,15.640000343322754,15.199999809265137,15.460000038146973,387000,15.460000038146973
11/13/2018,15.25,15.4399995803833,14.9399995803833,15.09000015258789,389300,15.09000015258789
11/12/2018,15.699999809265137,15.819999694824219,15.050000190734863,15.140000343322754,413700,15.140000343322754
11/9/2018,15.930000305175781,16.420000076293945,15.739999771118164,15.760000228881836,491400,15.760000228881836
11/8/2018,16,16,14.800000190734863,16,820700,16
11/7/2018,15,15.779999732971191,14.84000015258789,15.770000457763672,715700,15.770000457763672
11/6/2018,14.630000114440918,15.109999656677246,14.539999961853027,14.869999885559082,561800,14.869999885559082
11/5/2018,14.579999923706055,14.779999732971191,14.239999771118164,14.720000267028809,371100,14.720000267028809
11/2/2018,14.6899995803833,15,14.380000114440918,14.640000343322754,402600,14.640000343322754
11/1/2018,14.5,15.010000228881836,14.40999984741211,14.619999885559082,702300,14.619999885559082
10/31/2018,14.260000228881836,14.479999542236328,14.020000457763672,14.399999618530273,531400,14.399999618530273
10/30/2018,13.369999885559082,13.989999771118164,13.369999885559082,13.800000190734863,563800,13.800000190734863
10/29/2018,13.899999618530273,14.050000190734863,13.25,13.399999618530273,285100,13.399999618530273
10/26/2018,13.739999771118164,14.140000343322754,13.430000305175781,13.84000015258789,282900,13.84000015258789
10/25/2018,13.5,14.079999923706055,13.5,13.989999771118164,263300,13.989999771118164
10/24/2018,14.069999694824219,14.130000114440918,13.255000114440918,13.5600004196167,434600,13.5600004196167
10/23/2018,14.229999542236328,14.420000076293945,13.619999885559082,13.989999771118164,678600,13.989999771118164
10/22/2018,14.029999732971191,14.399999618530273,13.869999885559082,14.1899995803833,220600,14.1899995803833
10/19/2018,14.039999961853027,14.291999816894531,13.869999885559082,13.989999771118164,412600,13.989999771118164
10/18/2018,14.279999732971191,14.460000038146973,14.069999694824219,14.069999694824219,374800,14.069999694824219
10/17/2018,14.0600004196167,14.479999542236328,13.57800006866455,14.34000015258789,332900,14.34000015258789
10/16/2018,13.569999694824219,14.069999694824219,13.350000381469727,14.029999732971191,518800,14.029999732971191
10/15/2018,13.649999618530273,13.84000015258789,13.460000038146973,13.470000267028809,687700,13.470000267028809
10/12/2018,13.779999732971191,13.789999961853027,13.359999656677246,13.6899995803833,547300,13.6899995803833
10/11/2018,13.399999618530273,13.859999656677246,13,13.479999542236328,510300,13.479999542236328
10/10/2018,14.010000228881836,14.229999542236328,13.279999732971191,13.510000228881836,693900,13.510000228881836
10/9/2018,14.100000381469727,14.40999984741211,14.029999732971191,14.09000015258789,530000,14.09000015258789
10/8/2018,13.920000076293945,14.300000190734863,13.640000343322754,14.180000305175781,400500,14.180000305175781
10/5/2018,14.210000038146973,14.4399995803833,13.59000015258789,14.010000228881836,607400,14.010000228881836
10/4/2018,14.40999984741211,14.40999984741211,14.100000381469727,14.25,295300,14.25
10/3/2018,14.350000381469727,14.649999618530273,14.15999984741211,14.399999618530273,411700,14.399999618530273
10/2/2018,15,15.260000228881836,14.170000076293945,14.260000228881836,749200,14.260000228881836
10/1/2018,14.739999771118164,15.279999732971191,14.736000061035156,15.069999694824219,427400,15.069999694824219
9/28/2018,14.739999771118164,14.850000381469727,14.520000457763672,14.75,331200,14.75
9/27/2018,15.399999618530273,15.430000305175781,14.460000038146973,14.84000015258789,651100,14.84000015258789
9/26/2018,15.399999618530273,15.680000305175781,15.369999885559082,15.399999618530273,547500,15.399999618530273
9/25/2018,15.460000038146973,15.789999961853027,15.319999694824219,15.369999885559082,1123700,15.369999885559082
9/24/2018,16.260000228881836,16.260000228881836,15.34000015258789,15.460000038146973,963700,15.460000038146973
9/21/2018,16.329999923706055,16.510000228881836,16.18000030517578,16.209999084472656,3088300,16.209999084472656
9/20/2018,16.350000381469727,16.75,16.15999984741211,16.329999923706055,778000,16.329999923706055
9/19/2018,15.920000076293945,16.40999984741211,15.8100004196167,16.299999237060547,717300,16.299999237060547
9/18/2018,15.699999809265137,16.020000457763672,15.5,15.920000076293945,852900,15.920000076293945
9/17/2018,15.829999923706055,15.9399995803833,15.487000465393066,15.670000076293945,733000,15.670000076293945
9/14/2018,16.15999984741211,16.34000015258789,15.800000190734863,15.8100004196167,674800,15.8100004196167
9/13/2018,15.6899995803833,16.15999984741211,15.6899995803833,16.06999969482422,477300,16.06999969482422
9/12/2018,15.270000457763672,15.75,15.239999771118164,15.630000114440918,802300,15.630000114440918
9/11/2018,14.989999771118164,15.369999885559082,14.989999771118164,15.34000015258789,679500,15.34000015258789
9/10/2018,14.869999885559082,15.449999809265137,14.859999656677246,15.09000015258789,711900,15.09000015258789
9/7/2018,14.739999771118164,14.970000267028809,14.619999885559082,14.930000305175781,547100,14.930000305175781
9/6/2018,15.09000015258789,15.307999610900879,14.640000343322754,14.84000015258789,580100,14.84000015258789
9/5/2018,14.630000114440918,15.3100004196167,14.279999732971191,15.050000190734863,973700,15.050000190734863
9/4/2018,14.579999923706055,14.880000114440918,14.270000457763672,14.649999618530273,1428300,14.649999618530273
8/31/2018,14.600000381469727,14.850000381469727,14.239999771118164,14.6899995803833,607500,14.6899995803833
8/30/2018,14.579999923706055,14.859999656677246,14.510000228881836,14.59000015258789,585200,14.59000015258789
8/29/2018,14.359999656677246,14.880000114440918,14.25,14.59000015258789,538500,14.59000015258789
8/28/2018,14.350000381469727,14.59000015258789,14.229999542236328,14.420000076293945,784700,14.420000076293945
8/27/2018,13.979999542236328,14.619999885559082,13.979999542236328,14.569999694824219,866500,14.569999694824219
8/24/2018,14.100000381469727,14.300000190734863,13.680000305175781,13.970000267028809,1038800,13.970000267028809
8/23/2018,13.350000381469727,13.649999618530273,13.220000267028809,13.359999656677246,504800,13.359999656677246
8/22/2018,13.149999618530273,13.444000244140625,12.90999984741211,13.369999885559082,696400,13.369999885559082
8/21/2018,13.149999618530273,13.550000190734863,13.079999923706055,13.100000381469727,693400,13.100000381469727
8/20/2018,12.4399995803833,13.369999885559082,12.4399995803833,13.109999656677246,1574100,13.109999656677246
8/17/2018,12.300000190734863,12.739999771118164,12.079999923706055,12.479999542236328,1263900,12.479999542236328
8/16/2018,12.180000305175781,12.777999877929688,11.59000015258789,12.460000038146973,2639800,12.460000038146973
8/15/2018,11.930000305175781,12.5600004196167,11.260000228881836,12.079999923706055,5346000,12.079999923706055
8/14/2018,15.8100004196167,15.899999618530273,15.095000267028809,15.600000381469727,1282400,15.600000381469727
8/13/2018,15.600000381469727,15.869999885559082,15.489999771118164,15.779999732971191,293000,15.779999732971191
8/10/2018,15.729999542236328,15.829999923706055,15.399999618530273,15.619999885559082,493000,15.619999885559082
8/9/2018,15.539999961853027,15.989999771118164,15.539999961853027,15.819999694824219,467800,15.819999694824219
8/8/2018,15.979999542236328,15.987000465393066,15.430000305175781,15.600000381469727,350800,15.600000381469727
8/7/2018,15.449999809265137,16.31999969482422,15.390000343322754,15.899999618530273,775400,15.899999618530273
8/6/2018,15.180000305175781,15.579999923706055,15,15.380000114440918,496600,15.380000114440918
8/3/2018,15.050000190734863,15.550000190734863,14.970000267028809,15.140000343322754,275100,15.140000343322754
8/2/2018,15.050000190734863,15.239999771118164,14.84000015258789,15.239999771118164,320700,15.239999771118164
8/1/2018,15.1899995803833,15.380000114440918,14.979999542236328,15.069999694824219,248700,15.069999694824219
7/31/2018,14.5,15.34000015258789,14.5,15.229999542236328,767900,15.229999542236328
7/30/2018,14.729999542236328,14.90999984741211,14.329999923706055,14.510000228881836,529200,14.510000228881836
7/27/2018,15.140000343322754,15.350000381469727,14.65999984741211,14.680000305175781,790900,14.680000305175781
7/26/2018,15.569999694824219,15.609999656677246,15.064000129699707,15.109999656677246,733800,15.109999656677246
7/25/2018,15.319999694824219,15.6899995803833,15.279000282287598,15.65999984741211,317400,15.65999984741211
7/24/2018,15.920000076293945,15.9399995803833,15.289999961853027,15.319999694824219,480100,15.319999694824219
7/23/2018,15.649999618530273,15.789999961853027,15.130000114440918,15.760000228881836,456500,15.760000228881836
7/20/2018,15.729999542236328,16.1200008392334,15.579999923706055,15.699999809265137,528100,15.699999809265137
7/19/2018,15.789999961853027,15.789999961853027,15.529999732971191,15.739999771118164,499100,15.739999771118164
7/18/2018,15.699999809265137,15.911999702453613,15.569999694824219,15.760000228881836,380800,15.760000228881836
7/17/2018,15.460000038146973,15.760000228881836,15.460000038146973,15.65999984741211,406600,15.65999984741211
7/16/2018,15.640000343322754,15.869999885559082,15.3100004196167,15.539999961853027,692100,15.539999961853027
7/13/2018,15.5,16.229999542236328,15.5,15.619999885559082,886500,15.619999885559082
7/12/2018,17.010000228881836,17.030000686645508,14.890000343322754,15.430000305175781,2124900,15.430000305175781
7/11/2018,17.549999237060547,17.989999771118164,17.21500015258789,17.299999237060547,507500,17.299999237060547
7/10/2018,17.790000915527344,18.825000762939453,17.56999969482422,17.770000457763672,1634200,17.770000457763672
7/9/2018,16.760000228881836,16.8799991607666,16.040000915527344,16.3799991607666,480300,16.3799991607666
7/6/2018,16.100000381469727,16.834999084472656,16.059999465942383,16.809999465942383,487500,16.809999465942383
7/5/2018,16.020000457763672,16.219999313354492,15.579999923706055,16.09000015258789,324400,16.09000015258789
7/3/2018,16.520000457763672,16.520000457763672,15.899999618530273,15.9399995803833,188500,15.9399995803833
7/2/2018,16.06999969482422,16.559999465942383,15.9350004196167,16.389999389648438,322900,16.389999389648438
6/29/2018,16.170000076293945,16.652000427246094,16.010000228881836,16.329999923706055,811200,16.329999923706055
6/28/2018,17.110000610351562,17.125,15.800000190734863,16.010000228881836,1753800,16.010000228881836
6/27/2018,17.34000015258789,17.604999542236328,17.059999465942383,17.06999969482422,544500,17.06999969482422
6/26/2018,17.68000030517578,17.68000030517578,17.25,17.329999923706055,684500,17.329999923706055
6/25/2018,17.540000915527344,17.764999389648438,17.309999465942383,17.68000030517578,502700,17.68000030517578
6/22/2018,17.760000228881836,17.959999084472656,17.219999313354492,17.700000762939453,1567700,17.700000762939453
6/21/2018,17.93000030517578,18.100000381469727,17.3799991607666,17.709999084472656,830900,17.709999084472656
6/20/2018,18.25,18.489999771118164,17.899999618530273,17.969999313354492,1314900,17.969999313354492
6/19/2018,18.3799991607666,18.59000015258789,17.59000015258789,17.920000076293945,1297000,17.920000076293945
6/18/2018,17.93000030517578,19.079999923706055,17.84000015258789,18.5,1851600,18.5
6/15/2018,18.469999313354492,18.479999542236328,17.719999313354492,17.81999969482422,5037700,17.81999969482422
6/14/2018,18.43000030517578,18.65999984741211,18,18.5,1483700,18.5
6/13/2018,17.950000762939453,19.010000228881836,17.459999084472656,18.3700008392334,5099500,18.3700008392334
6/12/2018,18.739999771118164,19.34000015258789,18.469999313354492,19.030000686645508,1273400,19.030000686645508
6/11/2018,20.280000686645508,20.341999053955078,18.209999084472656,18.3700008392334,1492300,18.3700008392334
6/8/2018,20.170000076293945,20.780000686645508,19.90999984741211,20.3700008392334,559600,20.3700008392334
6/7/2018,20.84000015258789,20.90999984741211,20.209999084472656,20.209999084472656,494100,20.209999084472656
6/6/2018,21.010000228881836,21.229999542236328,20.540000915527344,20.920000076293945,789000,20.920000076293945
6/5/2018,19.540000915527344,21.030000686645508,19.514999389648438,21.010000228881836,998000,21.010000228881836
6/4/2018,19.100000381469727,19.799999237060547,18.899999618530273,19.600000381469727,628000,19.600000381469727
6/1/2018,19.209999084472656,19.489999771118164,19,19.100000381469727,297900,19.100000381469727
5/31/2018,19,19.270000457763672,18.739999771118164,19.209999084472656,556600,19.209999084472656
5/30/2018,19.530000686645508,19.700000762939453,18.950000762939453,19,501800,19
5/29/2018,19.670000076293945,19.909000396728516,18.969999313354492,19.5,425600,19.5
5/25/2018,19.579999923706055,20,19.459999084472656,19.889999389648438,377300,19.889999389648438
5/24/2018,20.010000228881836,20.084999084472656,18.959999084472656,19.510000228881836,698300,19.510000228881836
5/23/2018,19.850000381469727,20.510000228881836,19.47100067138672,20.100000381469727,418800,20.100000381469727
5/22/2018,20.8700008392334,20.8700008392334,19.700000762939453,19.950000762939453,548400,19.950000762939453
5/21/2018,20.920000076293945,21.450000762939453,20.59000015258789,20.729999542236328,595600,20.729999542236328
5/18/2018,20.56999969482422,21,20.56999969482422,20.760000228881836,354500,20.760000228881836
5/17/2018,20.920000076293945,21.100000381469727,20.599000930786133,20.639999389648438,502100,20.639999389648438
5/16/2018,20.459999084472656,21.420000076293945,20.360000610351562,21.059999465942383,788600,21.059999465942383
5/15/2018,20.209999084472656,20.690000534057617,20.020000457763672,20.510000228881836,782100,20.510000228881836
5/14/2018,20,20.940000534057617,19.950000762939453,20.420000076293945,1094800,20.420000076293945
5/11/2018,21.56999969482422,22.420000076293945,19.549999237060547,20.020000457763672,2695400,20.020000457763672
5/10/2018,22.739999771118164,22.799999237060547,22.020000457763672,22.559999465942383,1118900,22.559999465942383
5/9/2018,22.700000762939453,23,22.030000686645508,22.6299991607666,919700,22.6299991607666
5/8/2018,22.780000686645508,23.25,22.510000228881836,22.700000762939453,602600,22.700000762939453
5/7/2018,22.719999313354492,23.34000015258789,22.110000610351562,22.950000762939453,810000,22.950000762939453
5/4/2018,22.75,23.5,22.290000915527344,22.75,895400,22.75
5/3/2018,23.8799991607666,23.8799991607666,22.709999084472656,22.739999771118164,936800,22.739999771118164
5/2/2018,23.68000030517578,24.809999465942383,23.6299991607666,23.969999313354492,1580100,23.969999313354492
5/1/2018,23.489999771118164,23.8700008392334,22.940000534057617,23.68000030517578,996700,23.68000030517578
4/30/2018,23.020000457763672,23.690000534057617,22.549999237060547,23.389999389648438,1107500,23.389999389648438
4/27/2018,24.260000228881836,24.450000762939453,22.600000381469727,22.809999465942383,2103000,22.809999465942383
4/26/2018,24.690000534057617,24.790000915527344,23.5,23.770000457763672,5804500,23.770000457763672
4/25/2018,26.360000610351562,26.389999389648438,24.829999923706055,25.75,946300,25.75
4/24/2018,27.350000381469727,27.36400032043457,25.18000030517578,26.280000686645508,1826100,26.280000686645508
4/23/2018,30.43000030517578,31.239999771118164,29.549999237060547,29.799999237060547,525700,29.799999237060547
4/20/2018,31.709999084472656,32.47999954223633,29.584999084472656,30.1200008392334,671400,30.1200008392334
4/19/2018,32.599998474121094,32.63399887084961,31.309999465942383,31.670000076293945,393000,31.670000076293945
4/18/2018,33.650001525878906,33.900001525878906,31.81999969482422,32.849998474121094,798700,32.849998474121094
4/17/2018,31.110000610351562,33.560001373291016,30.976999282836914,33.31999969482422,593800,33.31999969482422
4/16/2018,30.649999618530273,30.940000534057617,29.815000534057617,30.760000228881836,344800,30.760000228881836
4/13/2018,30.950000762939453,31.3700008392334,29.75,30.34000015258789,745700,30.34000015258789
4/12/2018,29.889999389648438,31.260000228881836,29.450000762939453,30.579999923706055,466400,30.579999923706055
4/11/2018,29.540000915527344,30.989999771118164,28.690000534057617,29.56999969482422,709200,29.56999969482422
4/10/2018,29.440000534057617,30,28.940000534057617,29.799999237060547,317700,29.799999237060547
4/9/2018,27.709999084472656,29.889999389648438,27.709999084472656,28.81999969482422,406300,28.81999969482422
4/6/2018,28.649999618530273,29.139999389648438,27.270000457763672,27.510000228881836,428200,27.510000228881836
4/5/2018,28.8799991607666,29.420000076293945,28.6299991607666,29.079999923706055,282600,29.079999923706055
4/4/2018,28.84000015258789,29.06999969482422,27.700000762939453,28.469999313354492,402400,28.469999313354492
4/3/2018,29.25,30.079999923706055,28.850000381469727,29.270000457763672,283700,29.270000457763672
4/2/2018,29.040000915527344,29.280000686645508,28.15999984741211,28.90999984741211,614000,28.90999984741211
3/29/2018,28.040000915527344,29.610000610351562,27.079999923706055,29.34000015258789,631600,29.34000015258789
3/28/2018,29.229999542236328,29.719999313354492,27.5,27.959999084472656,917800,27.959999084472656
3/27/2018,32.2599983215332,32.29999923706055,29.290000915527344,29.520000457763672,565400,29.520000457763672
3/26/2018,30.850000381469727,31.8799991607666,30.3700008392334,31.75,585300,31.75
3/23/2018,31.889999389648438,32.472999572753906,28.510000228881836,29.700000762939453,1060600,29.700000762939453
3/22/2018,31.049999237060547,32.650001525878906,30.950000762939453,31.989999771118164,654900,31.989999771118164
3/21/2018,31.600000381469727,31.700000762939453,31,31.420000076293945,456700,31.420000076293945
3/20/2018,32.66999816894531,32.900001525878906,30.81999969482422,31.510000228881836,652700,31.510000228881836
3/19/2018,30.809999465942383,32.540000915527344,30.450000762939453,32.099998474121094,1155200,32.099998474121094
3/16/2018,34.20000076293945,34.209999084472656,30.229999542236328,31.549999237060547,4348000,31.549999237060547
3/15/2018,31.40999984741211,34,31.25,33.59000015258789,1526300,33.59000015258789
3/14/2018,30,31.399999618530273,29.75,31.200000762939453,1338700,31.200000762939453
3/13/2018,30.030000686645508,30.610000610351562,28.110000610351562,30,1348800,30
3/12/2018,27.639999389648438,31.1299991607666,27.239999771118164,29.8799991607666,2312200,29.8799991607666
3/9/2018,25.209999084472656,27.049999237060547,25.190000534057617,26.899999618530273,1192600,26.899999618530273
3/8/2018,24.389999389648438,24.989999771118164,23.90999984741211,24.8700008392334,437100,24.8700008392334
3/7/2018,25,25.899999618530273,23.600000381469727,24.100000381469727,974000,24.100000381469727
3/6/2018,24,24.520000457763672,23.041000366210938,24.329999923706055,779800,24.329999923706055
3/5/2018,23.06999969482422,25.200000762939453,22.549999237060547,23.5,1149800,23.5
3/2/2018,22.440000534057617,23.434999465942383,21.167999267578125,21.950000762939453,854100,21.950000762939453
3/1/2018,22.799999237060547,23.5,22.170000076293945,22.670000076293945,316200,22.670000076293945
2/28/2018,22.899999618530273,24.239999771118164,22.520000457763672,22.760000228881836,730000,22.760000228881836
2/27/2018,20.100000381469727,23,20.100000381469727,22.579999923706055,781200,22.579999923706055
2/26/2018,20,20.833999633789062,19.899999618530273,20.25,312200,20.25
2/23/2018,19.530000686645508,20.44499969482422,19.18600082397461,19.639999389648438,209600,19.639999389648438
2/22/2018,20.049999237060547,20.260000228881836,19.020000457763672,19.40999984741211,213000,19.40999984741211
2/21/2018,20.709999084472656,21.360000610351562,19.950000762939453,20.100000381469727,275400,20.100000381469727
2/20/2018,19.739999771118164,20.790000915527344,19.350000381469727,20.670000076293945,207900,20.670000076293945
2/16/2018,18.709999084472656,19.3799991607666,18,19.270000457763672,252800,19.270000457763672
2/15/2018,18.1299991607666,18.899999618530273,17.81999969482422,18.709999084472656,194100,18.709999084472656
2/14/2018,18.030000686645508,18.639999389648438,17.780000686645508,17.969999313354492,181600,17.969999313354492
2/13/2018,17.889999389648438,18.5,17.540000915527344,17.979999542236328,82900,17.979999542236328
2/12/2018,18.100000381469727,18.229999542236328,17.639999389648438,18,207600,18
2/9/2018,18.829999923706055,19.014999389648438,16.59000015258789,18.040000915527344,607500,18.040000915527344
2/8/2018,20.139999389648438,20.405000686645508,18.56999969482422,18.639999389648438,290400,18.639999389648438
2/7/2018,20,20.5,19.670000076293945,20.239999771118164,231600,20.239999771118164
2/6/2018,19.829999923706055,20.798999786376953,18.600000381469727,19.979999542236328,345700,19.979999542236328
2/5/2018,20.579999923706055,22.5,19.079999923706055,20.040000915527344,1055400,20.040000915527344
2/2/2018,20.25,20.610000610351562,19.1299991607666,20.610000610351562,475200,20.610000610351562
2/1/2018,18.829999923706055,20.5,18.615999221801758,19.899999618530273,346800,19.899999618530273
1/31/2018,18,19.190000534057617,17.790000915527344,19.09000015258789,271400,19.09000015258789
1/30/2018,18.1200008392334,18.410999298095703,17.809999465942383,17.860000610351562,103600,17.860000610351562
1/29/2018,17.520000457763672,18.454999923706055,17.40999984741211,18.209999084472656,155700,18.209999084472656
1/26/2018,19.010000228881836,19.010000228881836,17.5,17.5,490200,17.5
1/25/2018,18.719999313354492,19.020000457763672,18.510000228881836,18.8700008392334,84500,18.8700008392334
1/24/2018,19.229999542236328,19.770000457763672,18.309999465942383,18.75,214500,18.75
1/23/2018,18.200000762939453,19.489999771118164,18.049999237060547,19.229999542236328,193500,19.229999542236328
1/22/2018,18.59000015258789,18.90999984741211,17.610000610351562,18.170000076293945,399300,18.170000076293945
1/19/2018,18.6299991607666,19,18.131000518798828,18.530000686645508,236400,18.530000686645508
1/18/2018,19.979999542236328,20.388999938964844,18.020000457763672,18.43000030517578,459400,18.43000030517578
1/17/2018,20.440000534057617,20.510000228881836,19.715999603271484,19.959999084472656,212900,19.959999084472656
1/16/2018,21.030000686645508,21.290000915527344,20.260000228881836,20.420000076293945,397200,20.420000076293945
1/12/2018,19.780000686645508,20.510000228881836,19.5,20.510000228881836,724200,20.510000228881836
1/11/2018,19.139999389648438,20,18.875999450683594,19.68000030517578,439700,19.68000030517578
1/10/2018,18.479999542236328,19.1200008392334,18.31100082397461,19.040000915527344,169500,19.040000915527344
1/9/2018,18.989999771118164,18.989999771118164,18.059999465942383,18.479999542236328,227800,18.479999542236328
1/8/2018,19.290000915527344,19.43000030517578,18.510000228881836,19.1200008392334,208600,19.1200008392334
1/5/2018,17.81999969482422,19.469999313354492,17.589000701904297,18.799999237060547,394500,18.799999237060547
1/4/2018,18.100000381469727,18.6299991607666,17.100000381469727,17.700000762939453,169800,17.700000762939453
1/3/2018,18.6299991607666,18.888999938964844,18.059999465942383,18.200000762939453,151800,18.200000762939453
1/2/2018,17.959999084472656,19.549999237060547,17.812000274658203,18.549999237060547,407500,18.549999237060547
12/29/2017,15.779999732971191,17.77899932861328,15.600000381469727,17.760000228881836,221800,17.760000228881836
12/28/2017,15.819999694824219,16,15.550999641418457,15.739999771118164,54900,15.739999771118164
12/27/2017,15.720000267028809,16.3799991607666,15.720000267028809,15.850000381469727,227600,15.850000381469727
12/26/2017,15.170000076293945,15.930000305175781,14.781000137329102,15.739999771118164,155400,15.739999771118164
12/22/2017,15.619999885559082,15.869999885559082,15.100000381469727,15.109999656677246,137400,15.109999656677246
12/21/2017,14.9399995803833,15.90999984741211,14.710000038146973,15.699999809265137,329700,15.699999809265137
12/20/2017,14.869999885559082,14.986000061035156,14.769000053405762,14.789999961853027,121600,14.789999961853027
12/19/2017,14.729999542236328,14.979999542236328,14,14.899999618530273,465800,14.899999618530273
12/18/2017,14.550000190734863,15,14.40999984741211,14.600000381469727,550900,14.600000381469727
12/15/2017,13.59000015258789,15.128999710083008,13.25,14.399999618530273,3320900,14.399999618530273
12/12/2017,0.09000000357627869,0.09000000357627869,0.09000000357627869,0.09000000357627869,10000,0.09000000357627869
11/14/2016,460,464,458,462,19068600,462
11/11/2016,468,470,458,462,71386800,462
11/10/2016,460,478,460,470,59023400,470
11/9/2016,468,468,458,460,75962000,460
11/8/2016,450,468,450,464,51541000,464
11/7/2016,448,456,448,450,80422600,450
11/4/2016,444,448,440,448,51995600,448
11/3/2016,442,446,440,444,68360000,444
11/2/2016,444,448,442,446,44203800,446
11/1/2016,444,450,442,448,92934000,448
10/31/2016,442,446,440,444,42836000,444
10/28/2016,444,446,442,444,67243800,444
10/27/2016,448,450,444,446,57975100,446
10/26/2016,448,452,444,450,63492200,450
10/25/2016,448,456,448,448,76284500,448
10/24/2016,446,448,444,448,69027700,448
10/21/2016,442,446,440,446,75009300,446
10/20/2016,442,444,438,444,75460200,444
10/19/2016,446,450,442,442,73344500,442
10/18/2016,446,450,442,446,58771900,446
10/17/2016,438,444,436,444,80538400,444
10/14/2016,426,440,426,436,47468900,436
10/13/2016,424,432,424,426,54469000,426
10/12/2016,416,426,414,424,64885300,424
10/11/2016,414,420,412,420,86096000,420
10/10/2016,420,424,400,414,76320800,414
10/7/2016,426,426,420,420,57881900,420
10/6/2016,426,438,426,426,58441100,426
10/5/2016,430,432,424,428,74547700,428
10/4/2016,432,438,426,432,90120300,432
10/3/2016,440,440,432,432,65737500,432
9/30/2016,446,446,438,438,67594000,438
9/29/2016,444,454,440,446,96266200,446
9/28/2016,444,456,442,444,52420600,444
9/27/2016,438,454,434,444,73308300,444
9/26/2016,444,444,436,438,69885200,438
9/23/2016,444,456,442,444,59121300,444
9/22/2016,430,442,426,442,91749000,442
9/21/2016,418,430,416,430,66358700,430
9/20/2016,424,428,418,418,60338400,418
9/19/2016,416,430,414,424,80221300,424
9/16/2016,426,436,418,418,87287200,418
9/15/2016,392,426,392,426,94307800,426
9/14/2016,380,392,376,392,83962600,392
9/13/2016,388,390,374,382,88759900,382
9/9/2016,396,398,386,388,87161000,388
9/8/2016,400,406,392,396,81228100,396
9/7/2016,404,408,396,400,78332700,400
9/6/2016,404,414,398,400,85687200,400
9/2/2016,378,396,378,394,89354300,394
9/1/2016,380,382,376,378,91975400,378
8/31/2016,366,380,366,380,81816900,380
8/30/2016,372,376,368,368,81483700,368
8/29/2016,384,384,372,372,77235500,372
8/26/2016,376,386,364,382,43484700,382
8/25/2016,370,378,368,374,33424900,374
8/24/2016,352,368,352,368,24865800,368
8/23/2016,354,354,346,352,25544400,352
8/22/2016,344,354,328,354,33495800,354
8/19/2016,348,354,336,340,28398700,340
8/18/2016,326,348,326,348,28149600,348
8/16/2016,290,326,290,324,38325200,324
8/15/2016,302,302,286,292,28568700,292
8/12/2016,308,312,302,302,33794600,302
8/11/2016,298,312,298,308,40441700,308
8/10/2016,302,306,286,298,39328300,298
8/9/2016,304,312,296,300,36949400,300
8/8/2016,280,304,278,302,59801600,302
8/5/2016,256,278,254,278,47938600,278
8/4/2016,258,270,236,258,67081500,258
8/3/2016,200,244,199,244,87615100,244
8/2/2016,198,208,196,200,41456700,200
8/1/2016,187,197,186,197,38674800,197
7/29/2016,188,191,186,187,36691500,187
7/28/2016,184,189,183,187,38555900,187
7/27/2016,176,185,175,184,41788000,184
7/26/2016,180,180,174,176,45849500,176
7/25/2016,191,191,179,180,54281500,180
7/22/2016,204,204,190,190,56404800,190
7/21/2016,224,224,202,204,83187900,204
7/20/2016,250,272,200,222,133148000,222
7/19/2016,160,220,160,220,128172000,220
