4/22/2019,45.900001525878906,48.70000076293945,45.06999969482422,48.25,11901800,48.25
4/18/2019,46.150001525878906,47.709999084472656,44.15999984741211,44.560001373291016,15488400,44.560001373291016
4/17/2019,43.16999816894531,43.279998779296875,41.959999084472656,42.849998474121094,7023600,42.849998474121094
4/16/2019,40.959999084472656,43.165000915527344,40.959999084472656,41.68000030517578,7617800,41.68000030517578
4/15/2019,41.93000030517578,42.08000183105469,40.33000183105469,40.72999954223633,3903600,40.72999954223633
4/12/2019,41.369998931884766,42.63999938964844,41.29999923706055,42.290000915527344,6650000,42.290000915527344
4/11/2019,41.939998626708984,42.16999816894531,39.65999984741211,40.08000183105469,7071300,40.08000183105469
4/10/2019,41.400001525878906,42.650001525878906,41.31999969482422,42.209999084472656,2201000,42.209999084472656
4/9/2019,42.290000915527344,42.70000076293945,41.189998626708984,41.75,3547900,41.75
4/8/2019,42.959999084472656,43.400001525878906,42.310001373291016,42.709999084472656,2993200,42.709999084472656
4/5/2019,43.66999816894531,43.720001220703125,43.14099884033203,43.2400016784668,2802000,43.2400016784668
4/4/2019,43.060001373291016,44.16999816894531,42.83000183105469,43.310001373291016,2619500,43.310001373291016
4/3/2019,43.150001525878906,44.04999923706055,42.810001373291016,43.380001068115234,3119800,43.380001068115234
4/2/2019,42.29999923706055,43.176998138427734,42.04999923706055,43.150001525878906,2872000,43.150001525878906
4/1/2019,43.689998626708984,43.689998626708984,42.29999923706055,42.47999954223633,4007600,42.47999954223633
3/29/2019,42.68000030517578,43.54899978637695,42.13999938964844,43.369998931884766,3526800,43.369998931884766
3/28/2019,42.26499938964844,43.04999923706055,40.560001373291016,42.369998931884766,6230700,42.369998931884766
3/27/2019,44.40999984741211,44.790000915527344,42.099998474121094,42.88999938964844,5498600,42.88999938964844
3/26/2019,44.59000015258789,44.720001220703125,43.68000030517578,44.70000076293945,3589000,44.70000076293945
3/25/2019,44.959999084472656,45.25,43.349998474121094,44.22999954223633,6016100,44.22999954223633
3/22/2019,45.79999923706055,46.13999938964844,44.303001403808594,44.380001068115234,6625100,44.380001068115234
3/21/2019,47.11000061035156,47.900001525878906,45.810001373291016,46.040000915527344,7249800,46.040000915527344
3/20/2019,45.93000030517578,48.599998474121094,45.66999816894531,46.869998931884766,14748700,46.869998931884766
3/19/2019,46.099998474121094,46.7599983215332,45.560001373291016,46.11000061035156,5073000,46.11000061035156
3/18/2019,45.880001068115234,46.630001068115234,45.06999969482422,45.689998626708984,4445100,45.689998626708984
3/15/2019,45.52000045776367,45.900001525878906,45.060001373291016,45.88999938964844,4110500,45.88999938964844
3/14/2019,45.95000076293945,46.459999084472656,44.970001220703125,45.52000045776367,4845800,45.52000045776367
3/13/2019,47.459999084472656,48.0099983215332,45.7599983215332,46.08000183105469,6541700,46.08000183105469
3/12/2019,45.81999969482422,47.97999954223633,45.68000030517578,46.7599983215332,7100200,46.7599983215332
3/11/2019,45.52000045776367,46.16999816894531,44.88999938964844,46.0099983215332,3428700,46.0099983215332
3/8/2019,43.970001220703125,45.5,43.709999084472656,45.400001525878906,3895300,45.400001525878906
3/7/2019,46.25,46.25,44.470001220703125,45.130001068115234,5566900,45.130001068115234
3/6/2019,47.5099983215332,48.900001525878906,45.959999084472656,46.13999938964844,6773600,46.13999938964844
3/5/2019,46.25,48.2599983215332,46.25,47.880001068115234,5901000,47.880001068115234
3/4/2019,47.52000045776367,47.779998779296875,45.650001525878906,46.79999923706055,5592900,46.79999923706055
3/1/2019,47.959999084472656,48.400001525878906,46.720001220703125,47.04999923706055,5146100,47.04999923706055
2/28/2019,47.02000045776367,47.9900016784668,46.7400016784668,47.40999984741211,8950100,47.40999984741211
2/27/2019,46.349998474121094,46.52000045776367,45.09000015258789,45.75,4843300,45.75
2/26/2019,43.40999984741211,46.310001373291016,43.31999969482422,46.2599983215332,6654300,46.2599983215332
2/25/2019,44.4900016784668,44.5,42.90999984741211,43.86000061035156,5329300,43.86000061035156
2/22/2019,45.5,45.7400016784668,44.02000045776367,44.540000915527344,7290000,44.540000915527344
2/21/2019,45.20000076293945,45.97999954223633,44.77000045776367,45.040000915527344,6096600,45.040000915527344
2/20/2019,46.290000915527344,47.220001220703125,45.86000061035156,46.27000045776367,6082200,46.27000045776367
2/19/2019,46.5,46.9900016784668,45.70000076293945,46.38999938964844,9948300,46.38999938964844
2/15/2019,48.75,49.86000061035156,46.5099983215332,47.560001373291016,20623000,47.560001373291016
2/14/2019,46.689998626708984,47.040000915527344,44.70000076293945,46.119998931884766,9447700,46.119998931884766
2/13/2019,44.86000061035156,46.7400016784668,44.56999969482422,46.04999923706055,8781600,46.04999923706055
2/12/2019,42.099998474121094,44.849998474121094,41.68000030517578,43.84000015258789,7666200,43.84000015258789
2/11/2019,45.7400016784668,45.7599983215332,42.08000183105469,42.939998626708984,12055600,42.939998626708984
2/8/2019,46.369998931884766,46.939998626708984,45.22999954223633,45.470001220703125,5561100,45.470001220703125
2/7/2019,44.939998626708984,47.88999938964844,44.900001525878906,46.93000030517578,8559600,46.93000030517578
2/6/2019,47.2599983215332,47.619998931884766,44.630001068115234,46.529998779296875,12778600,46.529998779296875
2/5/2019,49.27000045776367,49.86000061035156,47.57099914550781,48.63999938964844,10687700,48.63999938964844
2/4/2019,49.209999084472656,51.810001373291016,48.88199996948242,49.720001220703125,14565900,49.720001220703125
2/1/2019,49.65999984741211,50.4900016784668,48.77000045776367,48.880001068115234,11266000,48.880001068115234
1/31/2019,48.400001525878906,49.40999984741211,47.68000030517578,48.97999954223633,9757500,48.97999954223633
1/30/2019,47.5099983215332,49.459999084472656,46.7599983215332,48.02000045776367,12474400,48.02000045776367
1/29/2019,50.380001068115234,50.90999984741211,46.130001068115234,47.130001068115234,17105900,47.130001068115234
1/28/2019,47.83000183105469,50.9900016784668,47.560001373291016,50.77000045776367,17703300,50.77000045776367
1/25/2019,46.2400016784668,49,45.75,48.47999954223633,18842800,48.47999954223633
1/24/2019,43.029998779296875,44.25,43.0099983215332,44.209999084472656,6307500,44.209999084472656
1/23/2019,43.970001220703125,44.599998474121094,42.54399871826172,43.45000076293945,7283000,43.45000076293945
1/22/2019,43.54999923706055,44.619998931884766,42.790000915527344,43.65999984741211,8814600,43.65999984741211
1/18/2019,44.09000015258789,45.20000076293945,43.15999984741211,43.52000045776367,11627900,43.52000045776367
1/17/2019,41.25,44.400001525878906,40.79999923706055,42.77000045776367,11670400,42.77000045776367
1/16/2019,41.68000030517578,42.65999984741211,40.54999923706055,42.099998474121094,10469100,42.099998474121094
1/15/2019,43.29999923706055,44.880001068115234,40.810001373291016,41.29999923706055,27208500,41.29999923706055
1/14/2019,38.18000030517578,43.560001373291016,36.86000061035156,42.4900016784668,33634300,42.4900016784668
1/11/2019,37.43000030517578,40.08000183105469,36.619998931884766,38.25,19640900,38.25
1/10/2019,34.369998931884766,38.029998779296875,33.22999954223633,37.54999923706055,27684900,37.54999923706055
1/9/2019,30.420000076293945,33.83000183105469,29.959999084472656,33.599998474121094,17201000,33.599998474121094
1/8/2019,29.549999237060547,29.729999542236328,28.010000228881836,29.639999389648438,5572800,29.639999389648438
1/7/2019,28.549999237060547,29.690000534057617,28.25,28.899999618530273,5208400,28.899999618530273
1/4/2019,28.709999084472656,28.93000030517578,28.010000228881836,28.229999542236328,4566000,28.229999542236328
1/3/2019,29.06999969482422,29.270000457763672,28.100000381469727,28.110000610351562,4636100,28.110000610351562
1/2/2019,26.520000457763672,29.299999237060547,26.299999237060547,28.920000076293945,4978600,28.920000076293945
12/31/2018,27.690000534057617,27.75,26.5,26.8700008392334,3912300,26.8700008392334
12/28/2018,27.1200008392334,28.059999465942383,26.190000534057617,27.3700008392334,4353700,27.3700008392334
12/27/2018,27.100000381469727,27.549999237060547,25.6200008392334,26.809999465942383,3802400,26.809999465942383
12/26/2018,27.190000534057617,27.639999389648438,25.559999465942383,27.360000610351562,3969500,27.360000610351562
12/24/2018,25.360000610351562,27.549999237060547,25.263999938964844,26.809999465942383,3554000,26.809999465942383
12/21/2018,28.43000030517578,28.459999084472656,25.770000457763672,26.219999313354492,6328100,26.219999313354492
12/20/2018,27.93000030517578,28.799999237060547,26.780000686645508,27.600000381469727,5681600,27.600000381469727
12/19/2018,29.325000762939453,29.84000015258789,27.8700008392334,28.100000381469727,4117800,28.100000381469727
12/18/2018,29.739999771118164,30.09000015258789,28.309999465942383,29.229999542236328,5925100,29.229999542236328
12/17/2018,30.520000457763672,31.280000686645508,29.059999465942383,29.3700008392334,5273000,29.3700008392334
12/14/2018,30.399999618530273,32.09000015258789,29.709999084472656,30.920000076293945,4628100,30.920000076293945
12/13/2018,32.63999938964844,32.65999984741211,30.530000686645508,30.81999969482422,5493100,30.81999969482422
12/12/2018,33.650001525878906,33.650001525878906,32.0099983215332,32.029998779296875,5723700,32.029998779296875
12/11/2018,31.690000534057617,33.349998474121094,31.15999984741211,33.15999984741211,7954000,33.15999984741211
12/10/2018,31.459999084472656,32.16999816894531,30.209999084472656,31.020000457763672,4580200,31.020000457763672
12/7/2018,32.38999938964844,32.54999923706055,30.799999237060547,31.399999618530273,6149600,31.399999618530273
12/6/2018,28.790000915527344,30.649999618530273,28.100000381469727,30.34000015258789,10718200,30.34000015258789
12/4/2018,32.86000061035156,33.15999984741211,31.219999313354492,31.450000762939453,6717200,31.450000762939453
12/3/2018,34.5,35.18000030517578,32.36000061035156,33.33000183105469,10851200,33.33000183105469
11/30/2018,33.040000915527344,33.95000076293945,32.36000061035156,33.54999923706055,4012800,33.54999923706055
11/29/2018,33.95000076293945,34.119998931884766,32.349998474121094,33.18000030517578,6198000,33.18000030517578
11/28/2018,32.5,34,32.2599983215332,34,6815000,34
11/27/2018,31.649999618530273,32.529998779296875,30.950000762939453,31.700000762939453,5070700,31.700000762939453
11/26/2018,34.529998779296875,34.63999938964844,31.40999984741211,31.549999237060547,7322500,31.549999237060547
11/23/2018,33.400001525878906,34.849998474121094,33.08000183105469,33.560001373291016,3361600,33.560001373291016
11/21/2018,32.849998474121094,34.619998931884766,32.79999923706055,33.7400016784668,6338900,33.7400016784668
11/20/2018,30.579999923706055,33.56999969482422,30.260000228881836,32.15999984741211,9788100,32.15999984741211
11/19/2018,34.93000030517578,35.189998626708984,32.220001220703125,32.77000045776367,8584300,32.77000045776367
11/16/2018,35.25,36.2400016784668,34.58000183105469,35.209999084472656,6270000,35.209999084472656
11/15/2018,34.029998779296875,36.900001525878906,33.11000061035156,35.33000183105469,9990500,35.33000183105469
11/14/2018,35.52000045776367,37.119998931884766,32.08000183105469,34.29999923706055,20133300,34.29999923706055
11/13/2018,38.5,40.040000915527344,38.244998931884766,38.47999954223633,6641500,38.47999954223633
11/12/2018,39.790000915527344,40.54999923706055,37.349998474121094,39.18000030517578,9076900,39.18000030517578
11/9/2018,41.27000045776367,41.31999969482422,38.77000045776367,39.13999938964844,12105900,39.13999938964844
11/8/2018,44.59000015258789,45.16999816894531,42.08000183105469,42.45000076293945,13183800,42.45000076293945
11/7/2018,44.400001525878906,46.7400016784668,41.2400016784668,46.06999969482422,26948500,46.06999969482422
11/6/2018,40.38999938964844,43.939998626708984,39.189998626708984,42.59000015258789,19666500,42.59000015258789
11/5/2018,37.38999938964844,40.29999923706055,36.369998931884766,40.09000015258789,8095700,40.09000015258789
11/2/2018,37.43000030517578,38.17499923706055,35.869998931884766,37.13999938964844,6357400,37.13999938964844
11/1/2018,37.22999954223633,38.27799987792969,35.849998474121094,37.029998779296875,8829000,37.029998779296875
10/31/2018,35.31999969482422,37.369998931884766,34.619998931884766,36.88999938964844,11769900,36.88999938964844
10/30/2018,32.0099983215332,34.91999816894531,31.81999969482422,33.970001220703125,12123200,33.970001220703125
10/29/2018,39.310001373291016,39.70000076293945,32.310001373291016,33.06999969482422,16708800,33.06999969482422
10/26/2018,38.72999954223633,40.369998931884766,37.349998474121094,38.70000076293945,8200100,38.70000076293945
10/25/2018,37.47999954223633,41.058998107910156,37.45000076293945,39.470001220703125,9832800,39.470001220703125
10/24/2018,42.33000183105469,42.43000030517578,37.61000061035156,37.7599983215332,12447700,37.7599983215332
10/23/2018,37.13999938964844,42.380001068115234,36.619998931884766,41.0099983215332,26605000,41.0099983215332
10/22/2018,46.63999938964844,47.83000183105469,39.709999084472656,41.599998474121094,25842000,41.599998474121094
10/19/2018,49.84000015258789,51.209999084472656,45.43000030517578,46.849998474121094,17448700,46.849998474121094
10/18/2018,50.119998931884766,52.375,48.5,48.90999984741211,12430900,48.90999984741211
10/17/2018,50.25,52.869998931884766,48.29999923706055,50.689998626708984,21214600,50.689998626708984
10/16/2018,58.75,59.25,51.2599983215332,53.0099983215332,37614500,53.0099983215332
10/15/2018,50.31999969482422,57,50.31999969482422,56.88999938964844,23961000,56.88999938964844
10/12/2018,48.029998779296875,49.959999084472656,47.7400016784668,49.79999923706055,8054900,49.79999923706055
10/11/2018,46.689998626708984,48.34000015258789,46.52000045776367,47.13999938964844,5835000,47.13999938964844
10/10/2018,48.529998779296875,49.880001068115234,46.630001068115234,47.86000061035156,8910300,47.86000061035156
10/9/2018,50.060001373291016,50.2400016784668,48.349998474121094,48.720001220703125,7951600,48.720001220703125
10/8/2018,47.900001525878906,50.9900016784668,47.4900016784668,50.40999984741211,8203400,50.40999984741211
10/5/2018,48.56999969482422,49.290000915527344,46.41999816894531,47.4900016784668,5646300,47.4900016784668
10/4/2018,49.70000076293945,50.209999084472656,47.630001068115234,48.31999969482422,9950800,48.31999969482422
10/3/2018,46.7400016784668,49.2859992980957,45.93000030517578,49.279998779296875,8034200,49.279998779296875
10/2/2018,48.790000915527344,49.459999084472656,44.900001525878906,45.7400016784668,10450100,45.7400016784668
10/1/2018,50.119998931884766,51.14799880981445,48.49599838256836,48.849998474121094,9344200,48.849998474121094
9/28/2018,48.5,51.209999084472656,48.41999816894531,48.63999938964844,9779000,48.63999938964844
9/27/2018,50.970001220703125,51.0369987487793,48.900001525878906,49.41999816894531,14664400,49.41999816894531
9/26/2018,53.06999969482422,53.4900016784668,51.08599853515625,51.97999954223633,7548500,51.97999954223633
9/25/2018,54.02000045776367,55,52.590999603271484,52.7400016784668,12931000,52.7400016784668
9/24/2018,48.400001525878906,52.95000076293945,48.02000045776367,52.5,11709700,52.5
9/21/2018,50.5,51.59000015258789,49.400001525878906,49.779998779296875,11502900,49.779998779296875
9/20/2018,50.38999938964844,52.400001525878906,48.540000915527344,52.400001525878906,19037200,52.400001525878906
9/19/2018,54.68000030517578,55.689998626708984,46.20000076293945,49.349998474121094,36435600,49.349998474121094
9/18/2018,49.880001068115234,52.41999816894531,49.040000915527344,51.88999938964844,21025200,51.88999938964844
9/17/2018,49.189998626708984,50.209999084472656,46.560001373291016,48.599998474121094,15841700,48.599998474121094
9/14/2018,40.7400016784668,47.619998931884766,40.68000030517578,47.189998626708984,22429600,47.189998626708984
9/13/2018,50.939998626708984,51.47999954223633,43.77000045776367,44.06999969482422,20482500,44.06999969482422
9/12/2018,50.43000030517578,52,48.720001220703125,51.04999923706055,11715600,51.04999923706055
9/11/2018,52.02000045776367,52.130001068115234,49.779998779296875,51.209999084472656,10584700,51.209999084472656
9/10/2018,52.2400016784668,53.290000915527344,51.2400016784668,52.25,10659200,52.25
9/7/2018,49.650001525878906,52.7400016784668,48.79999923706055,51.529998779296875,13101600,51.529998779296875
9/6/2018,50.060001373291016,51.220001220703125,47.849998474121094,50.66999816894531,17103800,50.66999816894531
9/5/2018,55.689998626708984,56.599998474121094,48.630001068115234,52,37709200,52
9/4/2018,47.04999923706055,52.487998962402344,46.40999984741211,52.400001525878906,23303900,52.400001525878906
8/31/2018,44.459999084472656,46.380001068115234,44.25,45.720001220703125,14127400,45.720001220703125
8/30/2018,44.75,46.119998931884766,43.119998931884766,44.47999954223633,15195300,44.47999954223633
8/29/2018,44.599998474121094,46.400001525878906,43.36000061035156,46.400001525878906,14113200,46.400001525878906
8/28/2018,43.63999938964844,44.849998474121094,41.150001525878906,43.20000076293945,21790400,43.20000076293945
8/27/2018,47.63999938964844,48.189998626708984,45.08000183105469,46.31999969482422,22460800,46.31999969482422
8/24/2018,42.650001525878906,45.91999816894531,42.13999938964844,45,24268700,45
8/23/2018,40.349998474121094,42.7400016784668,39.09199905395508,41.52000045776367,17519900,41.52000045776367
8/22/2018,38.11000061035156,40.400001525878906,36.650001525878906,40.08000183105469,15860600,40.08000183105469
8/21/2018,38.83000183105469,40.2599983215332,37.279998779296875,38.66999816894531,21045900,38.66999816894531
8/20/2018,34.400001525878906,37.650001525878906,34.15999984741211,37.540000915527344,20413600,37.540000915527344
8/17/2018,30.510000228881836,33.880001068115234,30.200000762939453,33.75,11503600,33.75
8/16/2018,32.22999954223633,33,30.75,30.920000076293945,10900900,30.920000076293945
8/15/2018,32.619998931884766,33,29.049999237060547,32.11000061035156,35500000,32.11000061035156
8/14/2018,25.959999084472656,26.3700008392334,24.459999084472656,24.6200008392334,5271300,24.6200008392334
8/13/2018,28.350000381469727,28.3700008392334,26.360000610351562,26.729999542236328,3065900,26.729999542236328
8/10/2018,28.399999618530273,28.760000228881836,27.889999389648438,28.25,1615700,28.25
8/9/2018,27.959999084472656,28.68000030517578,27.56999969482422,28.579999923706055,2741500,28.579999923706055
8/8/2018,26.3799991607666,27.959999084472656,26.299999237060547,27.549999237060547,2852200,27.549999237060547
8/7/2018,26.3799991607666,26.649999618530273,26.079999923706055,26.209999084472656,1159200,26.209999084472656
8/6/2018,26.1299991607666,26.5,26,26.3799991607666,656900,26.3799991607666
8/3/2018,26.459999084472656,26.479999542236328,25.809999465942383,26.09000015258789,884300,26.09000015258789
8/2/2018,25.549999237060547,26.549999237060547,25.270000457763672,26.459999084472656,1613800,26.459999084472656
8/1/2018,26.600000381469727,26.760000228881836,25.799999237060547,25.8700008392334,1969300,25.8700008392334
7/31/2018,26.040000915527344,26.448999404907227,25.579999923706055,26.329999923706055,1640700,26.329999923706055
7/30/2018,26.18000030517578,26.729999542236328,25.75,26.09000015258789,2260600,26.09000015258789
7/27/2018,26.15999984741211,26.399999618530273,25.459999084472656,25.65999984741211,1549500,25.65999984741211
7/26/2018,25.290000915527344,25.5,24.8799991607666,25.139999389648438,1160800,25.139999389648438
7/25/2018,24.75,25.860000610351562,24.75,25.68000030517578,1823300,25.68000030517578
7/24/2018,26.290000915527344,26.290000915527344,24.360000610351562,25.200000762939453,3700000,25.200000762939453
7/23/2018,24.43000030517578,26.299999237060547,24.399999618530273,25.649999618530273,4113500,25.649999618530273
7/20/2018,25.18000030517578,26,24.209999084472656,24.309999465942383,4745900,24.309999465942383
7/19/2018,26.170000076293945,26.670000076293945,25.350000381469727,25.420000076293945,2942200,25.420000076293945
7/18/2018,26.239999771118164,27.170000076293945,25.170000076293945,26.610000610351562,3682500,26.610000610351562
7/17/2018,27.280000686645508,27.350000381469727,26.299999237060547,26.459999084472656,3608500,26.459999084472656
7/16/2018,28.690000534057617,28.700000762939453,27.010000228881836,27.610000610351562,3550500,27.610000610351562
7/13/2018,29.450000762939453,29.5,28.5,28.829999923706055,2641300,28.829999923706055
7/12/2018,30.40999984741211,30.440000534057617,29.5,29.59000015258789,3521400,29.59000015258789
7/11/2018,28.764999389648438,29.8700008392334,28.270000457763672,29.59000015258789,3562800,29.59000015258789
7/10/2018,29.610000610351562,29.610000610351562,28.860000610351562,29.059999465942383,1862000,29.059999465942383
7/9/2018,30.229999542236328,30.229999542236328,29.450000762939453,29.610000610351562,1378500,29.610000610351562
7/6/2018,29.959999084472656,30.299999237060547,29.709999084472656,30.040000915527344,1547100,30.040000915527344
7/5/2018,30.18000030517578,30.6299991607666,29.670000076293945,30.25,2601500,30.25
7/3/2018,30.170000076293945,30.350000381469727,29.290000915527344,29.56999969482422,2166400,29.56999969482422
7/2/2018,29.100000381469727,31,28.631000518798828,30.809999465942383,2556900,30.809999465942383
6/29/2018,30.940000534057617,31.139999389648438,28.68000030517578,29.290000915527344,4439500,29.290000915527344
6/28/2018,27.440000534057617,30.639999389648438,27.25,30.639999389648438,7307100,30.639999389648438
6/27/2018,29.729999542236328,30.479999542236328,27.309999465942383,27.610000610351562,6755200,27.610000610351562
6/26/2018,30.969999313354492,31.649999618530273,30,30.950000762939453,3999800,30.950000762939453
6/25/2018,32.38999938964844,33.70000076293945,30.809999465942383,31.110000610351562,5149200,31.110000610351562
6/22/2018,35.9900016784668,36.54999923706055,32.70000076293945,32.77000045776367,7543900,32.77000045776367
6/21/2018,34.36000061035156,36.400001525878906,33.599998474121094,35.959999084472656,7546900,35.959999084472656
6/20/2018,33.709999084472656,34.13999938964844,31.420000076293945,34.099998474121094,7147600,34.099998474121094
6/19/2018,30.399999618530273,32.880001068115234,30.299999237060547,32.04999923706055,4519000,32.04999923706055
6/18/2018,29.770000457763672,30.941999435424805,29.549999237060547,30.829999923706055,1468100,30.829999923706055
6/15/2018,29.59000015258789,29.950000762939453,29.190000534057617,29.8700008392334,1314100,29.8700008392334
6/14/2018,30.030000686645508,30.559999465942383,29.399999618530273,29.489999771118164,2417900,29.489999771118164
6/13/2018,29.899999618530273,30.739999771118164,29.600000381469727,30.739999771118164,2210100,30.739999771118164
6/12/2018,29.209999084472656,30.15999984741211,28.899999618530273,29.600000381469727,2166000,29.600000381469727
6/11/2018,30.1299991607666,30.139999389648438,29.389999389648438,29.549999237060547,2653000,29.549999237060547
6/8/2018,29.440000534057617,30.5,28.5,30.489999771118164,4170400,30.489999771118164
6/7/2018,31.670000076293945,31.899999618530273,29.610000610351562,30.270000457763672,4803200,30.270000457763672
6/6/2018,31.40999984741211,31.68000030517578,30.610000610351562,31.43000030517578,3942800,31.43000030517578
6/5/2018,30.559999465942383,31.860000610351562,29.149999618530273,30.59000015258789,3822400,30.59000015258789
6/4/2018,29.459999084472656,30.75,29.299999237060547,30.649999618530273,2825900,30.649999618530273
6/1/2018,28.5,29.299999237060547,28.309999465942383,29.1200008392334,1363400,29.1200008392334
5/31/2018,29.010000228881836,29.190000534057617,28.139999389648438,28.3700008392334,1359300,28.3700008392334
5/30/2018,28.40999984741211,28.899999618530273,28.049999237060547,28.8799991607666,2971400,28.8799991607666
5/29/2018,27.639999389648438,29,27.25,28.1200008392334,2603500,28.1200008392334
5/25/2018,28.25,28.739999771118164,26.700000762939453,26.899999618530273,2787100,26.899999618530273
5/23/2018,30.309999465942383,30.6200008392334,29.31999969482422,30.214000701904297,1300900,30.214000701904297
5/22/2018,29.799999237060547,30.819000244140625,28.809999465942383,30.81100082397461,1880900,30.81100082397461
5/21/2018,29.010000228881836,31.149999618530273,28,30.350000381469727,2263000,30.350000381469727
5/18/2018,25.780000686645508,28.003999710083008,25.635000228881836,28,1916800,28
5/17/2018,24.989999771118164,26.299999237060547,24.510000228881836,25.856000900268555,1127000,25.856000900268555
5/16/2018,25.43000030517578,25.860000610351562,25.020000457763672,25.02199935913086,516400,25.02199935913086
5/15/2018,25.125,25.368000030517578,24.75,25.309999465942383,690000,25.309999465942383
5/14/2018,24.729999542236328,26.10300064086914,24.459999084472656,25.25,1655600,25.25
5/11/2018,23.260000228881836,23.889999389648438,23.224000930786133,23.711000442504883,424900,23.711000442504883
5/10/2018,23.610000610351562,23.700000762939453,23.15999984741211,23.299999237060547,277700,23.299999237060547
5/9/2018,22.875,23.510000228881836,22.875,23.231000900268555,299300,23.231000900268555
5/8/2018,23.559999465942383,23.8700008392334,22.770000457763672,22.84000015258789,393600,22.84000015258789
5/7/2018,23.530000686645508,24.048999786376953,23.299999237060547,23.5,650400,23.5
5/4/2018,23.3700008392334,23.719999313354492,22.940000534057617,23.34000015258789,287100,23.34000015258789
5/3/2018,22.530000686645508,23.604000091552734,22.530000686645508,23.260000228881836,414700,23.260000228881836
5/2/2018,22.989999771118164,23.899999618530273,22.374000549316406,23.040000915527344,609900,23.040000915527344
5/1/2018,23.125,23.520000457763672,22.549999237060547,22.95800018310547,441500,22.95800018310547
4/30/2018,21.584999084472656,23.450000762939453,21.399999618530273,23.440000534057617,783100,23.440000534057617
4/27/2018,21.40999984741211,21.739999771118164,21,21.700000762939453,299500,21.700000762939453
4/26/2018,21.451000213623047,21.639999389648438,20.992000579833984,21.111000061035156,353600,21.111000061035156
4/25/2018,21.937000274658203,22.25,21.04400062561035,21.15999984741211,574300,21.15999984741211
4/24/2018,21.850000381469727,22.5,21.440000534057617,21.9689998626709,441700,21.9689998626709
4/23/2018,23.459999084472656,23.709999084472656,21.770000457763672,21.8799991607666,869200,21.8799991607666
4/20/2018,23.655000686645508,24.239999771118164,23.5,23.538000106811523,426300,23.538000106811523
4/19/2018,24.299999237060547,24.450000762939453,23.479999542236328,23.905000686645508,522800,23.905000686645508
4/18/2018,23.850000381469727,24.489999771118164,23.579999923706055,24.226999282836914,526600,24.226999282836914
4/17/2018,24.520000457763672,24.950000762939453,23.565000534057617,23.799999237060547,722900,23.799999237060547
4/16/2018,24.614999771118164,25.100000381469727,24.18899917602539,24.584999084472656,903400,24.584999084472656
4/13/2018,22.173999786376953,24.299999237060547,21.799999237060547,23.639999389648438,1306800,23.639999389648438
4/12/2018,22.299999237060547,22.600000381469727,21.844999313354492,22.03499984741211,448900,22.03499984741211
4/11/2018,21.889999389648438,22.549999237060547,21.299999237060547,21.996000289916992,741600,21.996000289916992
4/10/2018,20.1299991607666,22.20400047302246,18.93000030517578,21.802000045776367,1913900,21.802000045776367
4/9/2018,21.940000534057617,22.3799991607666,20.163000106811523,20.25,995300,20.25
4/6/2018,22.30500030517578,22.364999771118164,20.959999084472656,21.639999389648438,839800,21.639999389648438
4/5/2018,22.155000686645508,22.725000381469727,21.350000381469727,22.299999237060547,885200,22.299999237060547
4/4/2018,21.204999923706055,22.40999984741211,19.781999588012695,21.628999710083008,2106900,21.628999710083008
4/3/2018,24.735000610351562,25.711999893188477,21.5,21.847999572753906,1796800,21.847999572753906
4/2/2018,25.44499969482422,32.779998779296875,24.3799991607666,24.81999969482422,880800,24.81999969482422
3/29/2018,25.110000610351562,26.55299949645996,24.75,26.12299919128418,690100,26.12299919128418
3/28/2018,25.459999084472656,25.780000686645508,24.298999786376953,24.989999771118164,801300,24.989999771118164
3/27/2018,26.545000076293945,27,25.496000289916992,25.780000686645508,611200,25.780000686645508
3/26/2018,26.344999313354492,26.84000015258789,25.899999618530273,26.6200008392334,706600,26.6200008392334
3/23/2018,26.264999389648438,26.68000030517578,25.579999923706055,25.899999618530273,1291000,25.899999618530273
3/22/2018,25.399999618530273,25.899999618530273,24.239999771118164,24.5,833600,24.5
3/21/2018,25.309999465942383,25.940000534057617,25.048999786376953,25.65999984741211,516300,25.65999984741211
3/20/2018,25.905000686645508,26.204999923706055,25.08300018310547,25.236000061035156,624100,25.236000061035156
3/19/2018,25.014999389648438,25.89900016784668,24.489999771118164,25.799999237060547,947500,25.799999237060547
3/16/2018,23.940000534057617,25.25,23.610000610351562,24.48900032043457,604500,24.48900032043457
3/15/2018,23.948999404907227,24.510000228881836,23.611000061035156,23.913999557495117,465300,23.913999557495117
3/14/2018,24.655000686645508,24.760000228881836,23.8700008392334,24,365100,24
3/13/2018,25.030000686645508,25.459999084472656,24.381999969482422,24.54400062561035,524200,24.54400062561035
3/12/2018,24.5,25.326000213623047,23.496000289916992,25.280000686645508,705700,25.280000686645508
3/9/2018,24.854999542236328,25.229999542236328,24.01300048828125,24.18000030517578,564900,24.18000030517578
3/8/2018,24.635000228881836,25.170000076293945,23.700000762939453,24.659000396728516,595700,24.659000396728516
3/7/2018,24.934999465942383,26.049999237060547,24.197999954223633,24.35099983215332,981600,24.35099983215332
3/6/2018,26.225000381469727,26.774999618530273,25.270000457763672,25.600000381469727,1873600,25.600000381469727
3/5/2018,22.71500015258789,25.100000381469727,22.48200035095215,24.91699981689453,1714700,24.91699981689453
3/2/2018,23.030000686645508,23.209999084472656,22.219999313354492,22.52199935913086,1046100,22.52199935913086
3/1/2018,21.309999465942383,23.3799991607666,21.016000747680664,23.350000381469727,1300700,23.350000381469727
2/28/2018,20.440000534057617,21.68000030517578,20.097000122070312,21.31999969482422,733600,21.31999969482422
2/27/2018,21.274999618530273,21.37700080871582,20.06999969482422,20.63599967956543,1382600,20.63599967956543
2/26/2018,22.385000228881836,22.395000457763672,21.34000015258789,21.549999237060547,913000,21.549999237060547
2/23/2018,22.670000076293945,23.1200008392334,21.895000457763672,22.040000915527344,773700,22.040000915527344
2/22/2018,22.65999984741211,23.34000015258789,22.229999542236328,22.34000015258789,615900,22.34000015258789
2/21/2018,23.459999084472656,23.600000381469727,22.20400047302246,22.5939998626709,845400,22.5939998626709
2/20/2018,21.760000228881836,23.75,21.360000610351562,23.420000076293945,1472400,23.420000076293945
2/16/2018,21.299999237060547,22.309999465942383,21.055999755859375,21.149999618530273,980100,21.149999618530273
2/15/2018,22.165000915527344,22.5,21.743000030517578,22.489999771118164,550700,22.489999771118164
2/14/2018,22.344999313354492,22.579999923706055,21.691999435424805,21.75,828000,21.75
2/13/2018,21.450000762939453,21.773000717163086,20.739999771118164,21.204999923706055,740300,21.204999923706055
2/12/2018,22.235000610351562,23.386999130249023,21.09600067138672,21.392000198364258,940100,21.392000198364258
2/9/2018,21.299999237060547,25.309999465942383,19.990999221801758,22.350000381469727,1589500,22.350000381469727
2/8/2018,22.479999542236328,23.000999450683594,20.89900016784668,21.440000534057617,910700,21.440000534057617
2/7/2018,24.924999237060547,25.007999420166016,21.242000579833984,22,2035700,22
2/6/2018,19.825000762939453,23.017000198364258,19.75,23,1818900,23
2/5/2018,18,22.149999618530273,16.73699951171875,19.347000122070312,3190100,19.347000122070312
2/2/2018,21.729999542236328,22.18000030517578,18.829999923706055,19.399999618530273,3883000,19.399999618530273
2/1/2018,24.94499969482422,25.781999588012695,22,22.450000762939453,2587100,22.450000762939453
1/31/2018,23.850000381469727,26.256999969482422,23.84000015258789,25.202999114990234,1131600,25.202999114990234
1/30/2018,25.674999237060547,26.5310001373291,22.719999313354492,24.73699951171875,1636100,24.73699951171875
1/29/2018,28.2549991607666,28.889999389648438,25.5,26.84000015258789,1529900,26.84000015258789
1/26/2018,25.334999084472656,28.488000869750977,24.89699935913086,28.488000869750977,1747300,28.488000869750977
1/25/2018,27.96500015258789,28.329999923706055,25.142000198364258,25.672000885009766,2154000,25.672000885009766
1/24/2018,29.165000915527344,29.799999237060547,27.989999771118164,28.329999923706055,1175300,28.329999923706055
1/23/2018,29.575000762939453,30.25,28.75,29.489999771118164,974700,29.489999771118164
1/22/2018,30.03499984741211,30.549999237060547,29.309999465942383,30.049999237060547,849600,30.049999237060547
1/19/2018,30.43000030517578,31,29.809999465942383,29.951000213623047,624300,29.951000213623047
1/18/2018,29.645000457763672,30.049999237060547,28.597000122070312,29.75,1235100,29.75
1/17/2018,30.950000762939453,31.084999084472656,29.315000534057617,30.242000579833984,1368700,30.242000579833984
1/16/2018,28.049999237060547,31.47599983215332,27.989999771118164,29.259000778198242,2840200,29.259000778198242
1/12/2018,30.459999084472656,30.459999084472656,24.41900062561035,25.908000946044922,5493400,25.908000946044922
11/6/2017,13.4350004196167,15.27400016784668,13.430000305175781,15.25,2308100,15.25
11/3/2017,12.505000114440918,13.289999961853027,12.477999687194824,13.270999908447266,929700,13.270999908447266
11/2/2017,12.920000076293945,12.940999984741211,12.399999618530273,12.607000350952148,797600,12.607000350952148
