4/22/2019,3.0199999809265137,3.119999885559082,2.9800000190734863,3.0999999046325684,33209600,3.0999999046325684
4/18/2019,3.0799999237060547,3.0799999237060547,2.9000000953674316,2.9100000858306885,42521500,2.9100000858306885
4/17/2019,3.130000114440918,3.1500000953674316,3.059999942779541,3.059999942779541,27986300,3.059999942779541
4/16/2019,3.0899999141693115,3.119999885559082,3.049999952316284,3.0899999141693115,29187000,3.0899999141693115
4/15/2019,3.140000104904175,3.1500000953674316,3.059999942779541,3.069999933242798,37482700,3.069999933242798
4/12/2019,3.380000114440918,3.4000000953674316,3.1500000953674316,3.1700000762939453,74987700,3.1700000762939453
4/11/2019,3.359999895095825,3.430000066757202,3.2699999809265137,3.3299999237060547,40177800,3.3299999237060547
4/10/2019,3.359999895095825,3.440000057220459,3.3299999237060547,3.4000000953674316,36078400,3.4000000953674316
4/9/2019,3.430000066757202,3.430000066757202,3.309999942779541,3.3399999141693115,47275100,3.3399999141693115
4/8/2019,3.4600000381469727,3.569999933242798,3.380000114440918,3.440000057220459,52563100,3.440000057220459
4/5/2019,3.2100000381469727,3.4600000381469727,3.200000047683716,3.4100000858306885,64682500,3.4100000858306885
4/4/2019,3.140000104904175,3.2100000381469727,3.119999885559082,3.2100000381469727,29763000,3.2100000381469727
4/3/2019,3.2100000381469727,3.2300000190734863,3.0999999046325684,3.140000104904175,45774300,3.140000104904175
4/2/2019,3.1600000858306885,3.2300000190734863,3.1500000953674316,3.200000047683716,42974400,3.200000047683716
4/1/2019,3.1500000953674316,3.2100000381469727,3.119999885559082,3.1500000953674316,39268800,3.1500000953674316
3/29/2019,3.190000057220459,3.2100000381469727,3.0899999141693115,3.0999999046325684,40531900,3.0999999046325684
3/28/2019,3.119999885559082,3.190000057220459,3.0899999141693115,3.140000104904175,33186800,3.140000104904175
3/27/2019,3.190000057220459,3.240000009536743,3.069999933242798,3.190000057220459,36326400,3.190000057220459
3/26/2019,3.200000047683716,3.259999990463257,3.1600000858306885,3.190000057220459,39421500,3.190000057220459
3/25/2019,3.0999999046325684,3.140000104904175,2.990000009536743,3.0999999046325684,35505600,3.0999999046325684
3/22/2019,3.190000057220459,3.2100000381469727,3.0299999713897705,3.119999885559082,50533800,3.119999885559082
3/21/2019,3.25,3.319999933242798,3.200000047683716,3.25,44582000,3.25
3/20/2019,3.119999885559082,3.3499999046325684,3.0999999046325684,3.259999990463257,61831000,3.259999990463257
3/19/2019,3.2300000190734863,3.380000114440918,3.130000114440918,3.1600000858306885,58846300,3.1600000858306885
3/18/2019,3.0199999809265137,3.1700000762939453,3.009999990463257,3.1500000953674316,35845500,3.1500000953674316
3/15/2019,3.069999933242798,3.0999999046325684,2.9600000381469727,2.9700000286102295,47727900,2.9700000286102295
3/14/2019,3.0199999809265137,3.119999885559082,3.0199999809265137,3.0999999046325684,40196400,3.0999999046325684
3/13/2019,2.940000057220459,3.0299999713897705,2.9200000762939453,3.0199999809265137,33252300,3.0199999809265137
3/12/2019,2.7799999713897705,2.930000066757202,2.7699999809265137,2.880000114440918,35649000,2.880000114440918
3/11/2019,2.75,2.7899999618530273,2.6700000762939453,2.75,39492800,2.75
3/8/2019,2.880000114440918,2.880000114440918,2.7100000381469727,2.7300000190734863,54199200,2.7300000190734863
3/6/2019,3.0799999237060547,3.0999999046325684,2.9700000286102295,2.9800000190734863,47466000,2.9800000190734863
3/5/2019,3.2100000381469727,3.2200000286102295,3.0899999141693115,3.140000104904175,44347800,3.140000104904175
3/4/2019,3.2200000286102295,3.319999933242798,3.049999952316284,3.190000057220459,76008600,3.190000057220459
2/28/2019,2.950000047683716,2.9700000286102295,2.8299999237060547,2.9600000381469727,57474600,2.9600000381469727
2/27/2019,2.869999885559082,2.990000009536743,2.7300000190734863,2.9000000953674316,121021000,2.9000000953674316
2/26/2019,2.640000104904175,2.6700000762939453,2.559999942779541,2.630000114440918,42569700,2.630000114440918
2/25/2019,2.5799999237060547,2.640000104904175,2.549999952316284,2.640000104904175,38611700,2.640000104904175
2/22/2019,2.630000114440918,2.690000057220459,2.569999933242798,2.5999999046325684,33612500,2.5999999046325684
2/21/2019,2.7300000190734863,2.75,2.5799999237060547,2.5999999046325684,50411600,2.5999999046325684
2/20/2019,2.6600000858306885,2.75,2.6500000953674316,2.75,35203600,2.75
2/19/2019,2.640000104904175,2.690000057220459,2.619999885559082,2.680000066757202,30270300,2.680000066757202
2/15/2019,2.549999952316284,2.619999885559082,2.5399999618530273,2.619999885559082,27288300,2.619999885559082
2/14/2019,2.490000009536743,2.559999942779541,2.440000057220459,2.509999990463257,36724600,2.509999990463257
2/13/2019,2.440000057220459,2.5199999809265137,2.4200000762939453,2.490000009536743,40531600,2.490000009536743
2/12/2019,2.490000009536743,2.5199999809265137,2.4100000858306885,2.4100000858306885,52898000,2.4100000858306885
2/11/2019,2.4100000858306885,2.4700000286102295,2.3499999046325684,2.4000000953674316,41724700,2.4000000953674316
2/8/2019,2.4800000190734863,2.5199999809265137,2.2899999618530273,2.390000104904175,53309900,2.390000104904175
2/7/2019,2.549999952316284,2.569999933242798,2.4000000953674316,2.4700000286102295,58508500,2.4700000286102295
2/6/2019,2.700000047683716,2.7300000190734863,2.5799999237060547,2.5999999046325684,45281800,2.5999999046325684
2/5/2019,2.7799999713897705,2.809999942779541,2.700000047683716,2.700000047683716,59839200,2.700000047683716
2/4/2019,2.7899999618530273,2.819999933242798,2.740000009536743,2.7899999618530273,43488200,2.7899999618530273
2/1/2019,2.8499999046325684,2.869999885559082,2.740000009536743,2.8399999141693115,61593300,2.8399999141693115
1/31/2019,2.9200000762939453,2.9600000381469727,2.7699999809265137,2.8499999046325684,69300600,2.8499999046325684
1/30/2019,2.8499999046325684,2.950000047683716,2.809999942779541,2.9000000953674316,35563100,2.9000000953674316
1/29/2019,2.8299999237060547,2.880000114440918,2.7899999618530273,2.799999952316284,27296700,2.799999952316284
1/28/2019,2.7200000286102295,2.8299999237060547,2.630000114440918,2.819999933242798,41110900,2.819999933242798
1/25/2019,2.7799999713897705,2.9000000953674316,2.7200000286102295,2.7799999713897705,47326100,2.7799999713897705
1/24/2019,2.680000066757202,2.759999990463257,2.619999885559082,2.75,31748600,2.75
1/23/2019,2.7899999618530273,2.8299999237060547,2.6500000953674316,2.690000057220459,39686000,2.690000057220459
1/22/2019,2.9000000953674316,2.9000000953674316,2.7100000381469727,2.740000009536743,53042900,2.740000009536743
1/17/2019,2.8299999237060547,2.9100000858306885,2.7300000190734863,2.890000104904175,37322400,2.890000104904175
1/16/2019,2.859999895095825,2.9600000381469727,2.819999933242798,2.8499999046325684,35279500,2.8499999046325684
1/15/2019,2.7699999809265137,2.869999885559082,2.759999990463257,2.8499999046325684,34309800,2.8499999046325684
1/14/2019,2.680000066757202,2.809999942779541,2.6700000762939453,2.7300000190734863,39237400,2.7300000190734863
1/11/2019,2.690000057220459,2.7699999809265137,2.6600000858306885,2.7200000286102295,40348500,2.7200000286102295
1/10/2019,2.700000047683716,2.7899999618530273,2.559999942779541,2.7300000190734863,49321800,2.7300000190734863
1/9/2019,2.619999885559082,2.869999885559082,2.569999933242798,2.759999990463257,94204800,2.759999990463257
1/8/2019,2.450000047683716,2.5399999618530273,2.369999885559082,2.450000047683716,43385700,2.450000047683716
1/7/2019,2.309999942779541,2.440000057220459,2.25,2.369999885559082,37903300,2.369999885559082
1/4/2019,2.2100000381469727,2.3399999141693115,2.190000057220459,2.25,49379600,2.25
1/3/2019,2.1700000762939453,2.190000057220459,2.059999942779541,2.130000114440918,39852000,2.130000114440918
12/31/2018,2.200000047683716,2.2200000286102295,2.0299999713897705,2.0999999046325684,42115100,2.0999999046325684
12/28/2018,2.2200000286102295,2.2899999618530273,2.0899999141693115,2.1500000953674316,41818500,2.1500000953674316
12/27/2018,2.119999885559082,2.2100000381469727,2.059999942779541,2.2100000381469727,55462700,2.2100000381469727
12/26/2018,1.9500000476837158,2.190000057220459,1.850000023841858,2.190000057220459,80610300,2.190000057220459
12/24/2018,1.899999976158142,1.9199999570846558,1.7100000381469727,1.7300000190734863,42029100,1.7300000190734863
12/21/2018,1.850000023841858,2.0299999713897705,1.840000033378601,1.899999976158142,61751600,1.899999976158142
12/20/2018,2.0199999809265137,2.0399999618530273,1.809999942779541,1.840000033378601,77142700,1.840000033378601
12/18/2018,2.2799999713897705,2.2899999618530273,2.0999999046325684,2.119999885559082,53209000,2.119999885559082
12/17/2018,2.309999942779541,2.430000066757202,2.2300000190734863,2.25,40978900,2.25
12/14/2018,2.5199999809265137,2.549999952316284,2.3299999237060547,2.3299999237060547,48005600,2.3299999237060547
12/13/2018,2.5799999237060547,2.5999999046325684,2.509999990463257,2.5799999237060547,43881000,2.5799999237060547
12/12/2018,2.6500000953674316,2.690000057220459,2.559999942779541,2.569999933242798,29359500,2.569999933242798
12/11/2018,2.7100000381469727,2.7300000190734863,2.569999933242798,2.569999933242798,51908000,2.569999933242798
12/10/2018,2.690000057220459,2.759999990463257,2.569999933242798,2.6500000953674316,40915100,2.6500000953674316
12/7/2018,2.809999942779541,2.859999895095825,2.7100000381469727,2.7200000286102295,37670300,2.7200000286102295
12/6/2018,2.819999933242798,2.819999933242798,2.609999895095825,2.7200000286102295,56227900,2.7200000286102295
12/4/2018,3.0999999046325684,3.119999885559082,2.890000104904175,2.890000104904175,36886200,2.890000104904175
12/3/2018,3.049999952316284,3.0999999046325684,2.950000047683716,3.0899999141693115,29325300,3.0899999141693115
11/29/2018,3.0299999713897705,3.0899999141693115,2.9700000286102295,3.0299999713897705,23643800,3.0299999713897705
11/27/2018,3.1500000953674316,3.1500000953674316,2.950000047683716,2.990000009536743,33630700,2.990000009536743
11/26/2018,3.2300000190734863,3.2799999713897705,3.119999885559082,3.1500000953674316,28299800,3.1500000953674316
11/23/2018,3.1600000858306885,3.2100000381469727,3.0899999141693115,3.1500000953674316,17592800,3.1500000953674316
11/21/2018,3.299999952316284,3.3499999046325684,3.2300000190734863,3.259999990463257,25493500,3.259999990463257
11/20/2018,3.390000104904175,3.4000000953674316,3.140000104904175,3.200000047683716,43636100,3.200000047683716
11/19/2018,3.549999952316284,3.569999933242798,3.4200000762939453,3.4800000190734863,28470600,3.4800000190734863
11/16/2018,3.7300000190734863,3.759999990463257,3.5399999618530273,3.5799999237060547,33107200,3.5799999237060547
11/15/2018,3.609999895095825,3.759999990463257,3.5999999046325684,3.7300000190734863,27922600,3.7300000190734863
11/14/2018,3.740000009536743,3.7799999713897705,3.630000114440918,3.6700000762939453,46532300,3.6700000762939453
11/13/2018,3.5299999713897705,3.6600000858306885,3.4600000381469727,3.559999942779541,42218500,3.559999942779541
11/12/2018,3.7200000286102295,3.7300000190734863,3.4600000381469727,3.4600000381469727,30084600,3.4600000381469727
11/9/2018,3.5,3.690000057220459,3.4600000381469727,3.630000114440918,37003000,3.630000114440918
11/8/2018,3.700000047683716,3.7100000381469727,3.5299999713897705,3.5399999618530273,27871500,3.5399999618530273
11/7/2018,3.690000057220459,3.7899999618530273,3.5899999141693115,3.7200000286102295,26565700,3.7200000286102295
11/6/2018,3.7899999618530273,3.869999885559082,3.5999999046325684,3.6500000953674316,32038900,3.6500000953674316
11/5/2018,3.6600000858306885,3.8299999237060547,3.630000114440918,3.7899999618530273,44142400,3.7899999618530273
11/2/2018,3.5999999046325684,3.680000066757202,3.430000066757202,3.490000009536743,38745900,3.490000009536743
11/1/2018,3.5999999046325684,3.6700000762939453,3.430000066757202,3.569999933242798,49445900,3.569999933242798
10/31/2018,3.440000057220459,3.630000114440918,3.359999895095825,3.509999990463257,46159700,3.509999990463257
10/30/2018,3.3399999141693115,3.5299999713897705,3.1600000858306885,3.2699999809265137,119220800,3.2699999809265137
10/29/2018,3.930000066757202,3.940000057220459,3.619999885559082,3.7200000286102295,28886900,3.7200000286102295
10/26/2018,3.890000104904175,3.9700000286102295,3.700000047683716,3.819999933242798,34998400,3.819999933242798
10/24/2018,4.5,4.519999980926514,3.9100000858306885,3.9200000762939453,43286200,3.9200000762939453
10/23/2018,4.400000095367432,4.559999942779541,4.309999942779541,4.460000038146973,36221000,4.460000038146973
10/22/2018,4.71999979019165,4.760000228881836,4.440000057220459,4.539999961853027,28473300,4.539999961853027
10/19/2018,4.679999828338623,4.860000133514404,4.659999847412109,4.690000057220459,23681800,4.690000057220459
10/18/2018,4.630000114440918,4.75,4.550000190734863,4.659999847412109,26379900,4.659999847412109
10/17/2018,4.760000228881836,4.809999942779541,4.550000190734863,4.699999809265137,24343200,4.699999809265137
10/16/2018,4.619999885559082,4.829999923706055,4.590000152587891,4.820000171661377,27583000,4.820000171661377
10/15/2018,4.489999771118164,4.639999866485596,4.449999809265137,4.599999904632568,26142400,4.599999904632568
10/12/2018,4.53000020980835,4.53000020980835,4.349999904632568,4.449999809265137,28766100,4.449999809265137
10/11/2018,4.539999961853027,4.550000190734863,4.269999980926514,4.369999885559082,39540100,4.369999885559082
10/10/2018,4.880000114440918,4.900000095367432,4.610000133514404,4.610000133514404,38011500,4.610000133514404
10/9/2018,4.699999809265137,4.980000019073486,4.659999847412109,4.869999885559082,37114800,4.869999885559082
10/8/2018,4.440000057220459,4.690000057220459,4.420000076293945,4.670000076293945,20913900,4.670000076293945
10/5/2018,4.559999942779541,4.599999904632568,4.429999828338623,4.480000019073486,18216100,4.480000019073486
10/4/2018,4.679999828338623,4.730000019073486,4.53000020980835,4.590000152587891,24567500,4.590000152587891
10/3/2018,4.539999961853027,4.739999771118164,4.449999809265137,4.730000019073486,25406400,4.730000019073486
10/2/2018,4.590000152587891,4.599999904632568,4.440000057220459,4.519999980926514,20439000,4.519999980926514
10/1/2018,4.53000020980835,4.619999885559082,4.46999979019165,4.579999923706055,23942300,4.579999923706055
9/28/2018,4.429999828338623,4.539999961853027,4.420000076293945,4.489999771118164,15293300,4.489999771118164
9/27/2018,4.480000019073486,4.550000190734863,4.429999828338623,4.460000038146973,18358600,4.460000038146973
9/26/2018,4.550000190734863,4.599999904632568,4.400000095367432,4.400000095367432,24923100,4.400000095367432
9/25/2018,4.699999809265137,4.75,4.610000133514404,4.619999885559082,25320000,4.619999885559082
9/24/2018,4.579999923706055,4.690000057220459,4.550000190734863,4.670000076293945,29771500,4.670000076293945
9/21/2018,4.420000076293945,4.510000228881836,4.400000095367432,4.440000057220459,31025600,4.440000057220459
9/20/2018,4.349999904632568,4.489999771118164,4.329999923706055,4.409999847412109,29183900,4.409999847412109
9/19/2018,4.119999885559082,4.340000152587891,4.119999885559082,4.300000190734863,19876100,4.300000190734863
9/13/2018,4.019999980926514,4.090000152587891,3.990000009536743,4.010000228881836,23244900,4.010000228881836
9/12/2018,4.119999885559082,4.139999866485596,4.010000228881836,4.059999942779541,23625300,4.059999942779541
9/10/2018,4.050000190734863,4.150000095367432,4.039999961853027,4.079999923706055,20438500,4.079999923706055
9/7/2018,4.010000228881836,4.110000133514404,3.880000114440918,4.03000020980835,35434800,4.03000020980835
9/6/2018,4.300000190734863,4.309999942779541,4.050000190734863,4.059999942779541,31173900,4.059999942779541
9/5/2018,4.269999980926514,4.360000133514404,4.21999979019165,4.309999942779541,21074900,4.309999942779541
9/4/2018,4.460000038146973,4.489999771118164,4.289999961853027,4.309999942779541,25881300,4.309999942779541
8/31/2018,4.480000019073486,4.489999771118164,4.349999904632568,4.429999828338623,25578000,4.429999828338623
8/30/2018,4.5,4.550000190734863,4.440000057220459,4.510000228881836,14598600,4.510000228881836
8/29/2018,4.440000057220459,4.559999942779541,4.380000114440918,4.5,17338600,4.5
8/28/2018,4.570000171661377,4.590000152587891,4.400000095367432,4.429999828338623,25403400,4.429999828338623
8/27/2018,4.579999923706055,4.639999866485596,4.519999980926514,4.559999942779541,14813600,4.559999942779541
8/24/2018,4.75,4.78000020980835,4.559999942779541,4.570000171661377,19050700,4.570000171661377
8/23/2018,4.659999847412109,4.679999828338623,4.599999904632568,4.679999828338623,13203600,4.679999828338623
8/22/2018,4.610000133514404,4.739999771118164,4.579999923706055,4.710000038146973,20084900,4.710000038146973
8/21/2018,4.480000019073486,4.599999904632568,4.480000019073486,4.559999942779541,17189100,4.559999942779541
8/20/2018,4.300000190734863,4.420000076293945,4.28000020980835,4.420000076293945,17640000,4.420000076293945
8/17/2018,4.260000228881836,4.360000133514404,4.260000228881836,4.309999942779541,24237700,4.309999942779541
8/16/2018,4.409999847412109,4.429999828338623,4.230000019073486,4.25,25317000,4.25
8/15/2018,4.429999828338623,4.46999979019165,4.159999847412109,4.400000095367432,38726600,4.400000095367432
8/14/2018,4.53000020980835,4.599999904632568,4.480000019073486,4.510000228881836,20883500,4.510000228881836
8/13/2018,4.650000095367432,4.710000038146973,4.429999828338623,4.440000057220459,28197200,4.440000057220459
8/10/2018,4.590000152587891,4.670000076293945,4.550000190734863,4.659999847412109,18675200,4.659999847412109
8/9/2018,4.690000057220459,4.71999979019165,4.599999904632568,4.630000114440918,15483900,4.630000114440918
8/8/2018,4.679999828338623,4.699999809265137,4.579999923706055,4.659999847412109,19771400,4.659999847412109
8/7/2018,4.769999980926514,4.880000114440918,4.679999828338623,4.699999809265137,28904600,4.699999809265137
8/6/2018,4.460000038146973,4.789999961853027,4.440000057220459,4.699999809265137,37356100,4.699999809265137
8/3/2018,4.429999828338623,4.539999961853027,4.360000133514404,4.460000038146973,27120200,4.460000038146973
8/2/2018,4.389999866485596,4.489999771118164,4.349999904632568,4.409999847412109,17018200,4.409999847412109
8/1/2018,4.46999979019165,4.489999771118164,4.239999771118164,4.449999809265137,55170200,4.449999809265137
7/31/2018,4.670000076293945,4.75,4.510000228881836,4.71999979019165,49561200,4.71999979019165
7/30/2018,4.480000019073486,4.670000076293945,4.420000076293945,4.670000076293945,37550700,4.670000076293945
7/27/2018,4.909999847412109,4.980000019073486,4.369999885559082,4.409999847412109,91931600,4.409999847412109
7/26/2018,4.440000057220459,4.539999961853027,4.389999866485596,4.400000095367432,28684000,4.400000095367432
7/25/2018,4.519999980926514,4.570000171661377,4.380000114440918,4.409999847412109,28671800,4.409999847412109
7/24/2018,4.550000190734863,4.699999809265137,4.489999771118164,4.519999980926514,29480800,4.519999980926514
7/23/2018,4.630000114440918,4.630000114440918,4.46999979019165,4.510000228881836,20109000,4.510000228881836
7/20/2018,4.659999847412109,4.679999828338623,4.460000038146973,4.550000190734863,33836500,4.550000190734863
7/19/2018,4.630000114440918,4.739999771118164,4.570000171661377,4.670000076293945,27388900,4.670000076293945
7/18/2018,4.690000057220459,4.710000038146973,4.480000019073486,4.659999847412109,48578800,4.659999847412109
7/17/2018,4.829999923706055,4.869999885559082,4.679999828338623,4.769999980926514,37201900,4.769999980926514
7/16/2018,5.079999923706055,5.119999885559082,4.809999942779541,4.900000095367432,38903300,4.900000095367432
7/13/2018,5.130000114440918,5.260000228881836,5.119999885559082,5.190000057220459,18873200,5.190000057220459
7/12/2018,5.21999979019165,5.260000228881836,5.090000152587891,5.119999885559082,26792700,5.119999885559082
7/11/2018,5.320000171661377,5.400000095367432,5.079999923706055,5.150000095367432,38067600,5.150000095367432
7/10/2018,5.46999979019165,5.599999904632568,5.320000171661377,5.400000095367432,33456000,5.400000095367432
7/9/2018,5.320000171661377,5.460000038146973,5.320000171661377,5.389999866485596,27880700,5.389999866485596
7/6/2018,5.21999979019165,5.329999923706055,5.190000057220459,5.289999961853027,16303300,5.289999961853027
7/5/2018,5.300000190734863,5.380000114440918,5.230000019073486,5.269999980926514,22370700,5.269999980926514
7/3/2018,5.300000190734863,5.420000076293945,5.239999771118164,5.28000020980835,17997600,5.28000020980835
7/2/2018,5.139999866485596,5.230000019073486,5.110000133514404,5.179999828338623,19954700,5.179999828338623
6/29/2018,5.170000076293945,5.349999904632568,5.170000076293945,5.239999771118164,30813600,5.239999771118164
6/28/2018,5.170000076293945,5.239999771118164,5.050000190734863,5.179999828338623,29529700,5.179999828338623
6/27/2018,5.099999904632568,5.440000057220459,5.070000171661377,5.159999847412109,54915300,5.159999847412109
6/26/2018,4.909999847412109,5.050000190734863,4.769999980926514,5.03000020980835,33676000,5.03000020980835
6/25/2018,5.059999942779541,5.119999885559082,4.829999923706055,4.889999866485596,30051000,4.889999866485596
6/22/2018,5.050000190734863,5.130000114440918,4.960000038146973,5.050000190734863,50931200,5.050000190734863
6/21/2018,4.829999923706055,5.019999980926514,4.820000171661377,4.869999885559082,40263300,4.869999885559082
6/20/2018,4.840000152587891,4.889999866485596,4.760000228881836,4.880000114440918,24448000,4.880000114440918
6/19/2018,4.639999866485596,4.800000190734863,4.579999923706055,4.789999961853027,24337300,4.789999961853027
6/18/2018,4.610000133514404,4.789999961853027,4.599999904632568,4.739999771118164,25404900,4.739999771118164
6/15/2018,4.699999809265137,4.699999809265137,4.550000190734863,4.639999866485596,37419800,4.639999866485596
6/14/2018,4.829999923706055,4.840000152587891,4.699999809265137,4.730000019073486,21951300,4.730000019073486
6/13/2018,4.75,4.829999923706055,4.670000076293945,4.760000228881836,30260200,4.760000228881836
6/12/2018,4.989999771118164,5.050000190734863,4.78000020980835,4.809999942779541,40152900,4.809999942779541
6/8/2018,4.679999828338623,4.880000114440918,4.579999923706055,4.809999942779541,39993800,4.809999942779541
6/7/2018,4.489999771118164,4.820000171661377,4.449999809265137,4.699999809265137,53369800,4.699999809265137
6/6/2018,4.329999923706055,4.389999866485596,4.210000038146973,4.369999885559082,23926600,4.369999885559082
6/5/2018,4.28000020980835,4.389999866485596,4.199999809265137,4.320000171661377,26393200,4.320000171661377
6/4/2018,4.559999942779541,4.650000095367432,4.28000020980835,4.320000171661377,37188700,4.320000171661377
6/1/2018,4.449999809265137,4.599999904632568,4.409999847412109,4.53000020980835,42455000,4.53000020980835
5/31/2018,4.489999771118164,4.570000171661377,4.389999866485596,4.46999979019165,35259500,4.46999979019165
5/30/2018,4.349999904632568,4.559999942779541,4.320000171661377,4.510000228881836,38914100,4.510000228881836
5/29/2018,4.170000076293945,4.369999885559082,4.159999847412109,4.28000020980835,34775200,4.28000020980835
5/25/2018,4.380000114440918,4.420000076293945,4.090000152587891,4.300000190734863,71867700,4.300000190734863
5/24/2018,4.519999980926514,4.650000095367432,4.489999771118164,4.550000190734863,47646100,4.550000190734863
5/23/2018,4.480000019073486,4.71999979019165,4.369999885559082,4.639999866485596,69229100,4.639999866485596
5/21/2018,4.21999979019165,4.679999828338623,4.150000095367432,4.610000133514404,96035000,4.610000133514404
5/18/2018,4.420000076293945,4.510000228881836,3.9700000286102295,4.059999942779541,97155500,4.059999942779541
5/17/2018,4.010000228881836,4.289999961853027,3.9700000286102295,4.289999961853027,88621700,4.289999961853027
5/16/2018,3.700000047683716,3.950000047683716,3.6700000762939453,3.930000066757202,44193100,3.930000066757202
5/15/2018,3.619999885559082,3.740000009536743,3.609999895095825,3.7100000381469727,36538200,3.7100000381469727
5/14/2018,3.4000000953674316,3.630000114440918,3.369999885559082,3.5999999046325684,36172700,3.5999999046325684
5/11/2018,3.3499999046325684,3.4200000762939453,3.309999942779541,3.359999895095825,19513900,3.359999895095825
5/10/2018,3.3299999237060547,3.380000114440918,3.2699999809265137,3.3499999046325684,24482900,3.3499999046325684
5/9/2018,3.1700000762939453,3.3299999237060547,3.1600000858306885,3.259999990463257,45696500,3.259999990463257
5/7/2018,3.0899999141693115,3.180000066757202,3.059999942779541,3.130000114440918,33961800,3.130000114440918
5/4/2018,2.9200000762939453,3.049999952316284,2.890000104904175,3.049999952316284,29129100,3.049999952316284
5/3/2018,2.9100000858306885,2.950000047683716,2.859999895095825,2.9200000762939453,27102200,2.9200000762939453
5/2/2018,3.069999933242798,3.069999933242798,2.9000000953674316,2.930000066757202,47136500,2.930000066757202
4/30/2018,2.9700000286102295,2.9700000286102295,2.9100000858306885,2.9700000286102295,21689900,2.9700000286102295
4/26/2018,3.0199999809265137,3.0399999618530273,2.9600000381469727,3.0199999809265137,22224900,3.0199999809265137
4/25/2018,2.940000057220459,3.0199999809265137,2.9200000762939453,2.9800000190734863,22722400,2.9800000190734863
4/19/2018,3.1500000953674316,3.180000066757202,3.009999990463257,3.0299999713897705,29932200,3.0299999713897705
4/18/2018,3.0899999141693115,3.1700000762939453,3.0199999809265137,3.130000114440918,49679000,3.130000114440918
4/17/2018,3.059999942779541,3.0899999141693115,3.009999990463257,3.0399999618530273,28593800,3.0399999618530273
4/16/2018,3.119999885559082,3.25,3.059999942779541,3.109999895095825,27695900,3.109999895095825
4/13/2018,3.1700000762939453,3.2100000381469727,3.130000114440918,3.140000104904175,13899400,3.140000104904175
4/12/2018,3.1500000953674316,3.200000047683716,3.109999895095825,3.1500000953674316,16087000,3.1500000953674316
4/11/2018,3.0899999141693115,3.2100000381469727,3.059999942779541,3.190000057220459,27392700,3.190000057220459
4/9/2018,2.990000009536743,3.0299999713897705,2.9200000762939453,2.9600000381469727,19107900,2.9600000381469727
4/6/2018,3.0199999809265137,3.0799999237060547,2.930000066757202,2.9800000190734863,23580900,2.9800000190734863
4/5/2018,2.940000057220459,3.0999999046325684,2.9200000762939453,3.0799999237060547,29186000,3.0799999237060547
4/4/2018,2.859999895095825,2.930000066757202,2.819999933242798,2.9100000858306885,22085300,2.9100000858306885
4/3/2018,2.9700000286102295,2.9800000190734863,2.8499999046325684,2.9200000762939453,24112700,2.9200000762939453
3/27/2018,3.0899999141693115,3.0999999046325684,2.9200000762939453,2.950000047683716,37939400,2.950000047683716
3/26/2018,3.119999885559082,3.130000114440918,3.009999990463257,3.119999885559082,21532300,3.119999885559082
3/23/2018,3.1500000953674316,3.2100000381469727,3.049999952316284,3.069999933242798,26718900,3.069999933242798
3/22/2018,3.1500000953674316,3.200000047683716,3.0799999237060547,3.109999895095825,20993200,3.109999895095825
3/21/2018,3.119999885559082,3.240000009536743,3.109999895095825,3.2300000190734863,33816400,3.2300000190734863
3/20/2018,3.009999990463257,3.130000114440918,3.009999990463257,3.109999895095825,32384300,3.109999895095825
3/19/2018,3.049999952316284,3.0899999141693115,2.990000009536743,3.009999990463257,27953000,3.009999990463257
3/16/2018,3.0299999713897705,3.130000114440918,2.9800000190734863,3.059999942779541,197228500,3.059999942779541
3/15/2018,3.059999942779541,3.119999885559082,2.9800000190734863,3.0199999809265137,31046100,3.0199999809265137
3/14/2018,3.1500000953674316,3.1700000762939453,3.0199999809265137,3.0299999713897705,34834700,3.0299999713897705
3/13/2018,3.119999885559082,3.1700000762939453,3.0899999141693115,3.119999885559082,24317100,3.119999885559082
3/12/2018,3.109999895095825,3.1700000762939453,3.049999952316284,3.109999895095825,26295700,3.109999895095825
3/9/2018,3.049999952316284,3.109999895095825,3.009999990463257,3.0999999046325684,29126700,3.0999999046325684
3/8/2018,3.059999942779541,3.0799999237060547,2.9700000286102295,2.9700000286102295,21201500,2.9700000286102295
3/7/2018,3.049999952316284,3.140000104904175,3.009999990463257,3.0399999618530273,27705900,3.0399999618530273
3/6/2018,3.1600000858306885,3.180000066757202,3.0299999713897705,3.109999895095825,27476900,3.109999895095825
3/5/2018,2.950000047683716,3.180000066757202,2.930000066757202,3.119999885559082,37361900,3.119999885559082
3/2/2018,2.799999952316284,2.9800000190734863,2.7699999809265137,2.9600000381469727,31861800,2.9600000381469727
3/1/2018,2.8299999237060547,2.9000000953674316,2.7699999809265137,2.799999952316284,43314000,2.799999952316284
2/28/2018,3.059999942779541,3.0899999141693115,2.799999952316284,2.819999933242798,53447300,2.819999933242798
2/27/2018,3.180000066757202,3.2300000190734863,3.059999942779541,3.059999942779541,38960600,3.059999942779541
2/26/2018,3.200000047683716,3.2799999713897705,3.059999942779541,3.2100000381469727,38198300,3.2100000381469727
2/23/2018,3.380000114440918,3.430000066757202,3.0399999618530273,3.200000047683716,78438300,3.200000047683716
2/22/2018,2.869999885559082,3.3299999237060547,2.859999895095825,3.200000047683716,130538200,3.200000047683716
2/21/2018,2.7799999713897705,2.7899999618530273,2.630000114440918,2.630000114440918,36241200,2.630000114440918
2/20/2018,2.7699999809265137,2.7899999618530273,2.7300000190734863,2.7699999809265137,21245800,2.7699999809265137
2/16/2018,2.8499999046325684,2.859999895095825,2.700000047683716,2.7300000190734863,29056600,2.7300000190734863
2/15/2018,2.819999933242798,2.880000114440918,2.7200000286102295,2.859999895095825,27714300,2.859999895095825
2/14/2018,2.700000047683716,2.869999885559082,2.6600000858306885,2.799999952316284,26924900,2.799999952316284
2/13/2018,2.8499999046325684,2.869999885559082,2.7200000286102295,2.740000009536743,31014000,2.740000009536743
2/12/2018,2.9200000762939453,2.9700000286102295,2.8399999141693115,2.8499999046325684,32884800,2.8499999046325684
2/9/2018,2.8499999046325684,2.869999885559082,2.5299999713897705,2.8499999046325684,66470800,2.8499999046325684
2/8/2018,2.9200000762939453,2.9600000381469727,2.799999952316284,2.819999933242798,33741900,2.819999933242798
2/7/2018,3.119999885559082,3.1600000858306885,2.799999952316284,2.890000104904175,71174900,2.890000104904175
2/6/2018,3.009999990463257,3.190000057220459,2.9800000190734863,3.130000114440918,46966000,3.130000114440918
2/2/2018,3.430000066757202,3.440000057220459,3.299999952316284,3.3299999237060547,42975900,3.3299999237060547
2/1/2018,3.490000009536743,3.5,3.299999952316284,3.4600000381469727,50696200,3.4600000381469727
1/31/2018,3.680000066757202,3.690000057220459,3.5,3.5,42937400,3.5
1/30/2018,3.8499999046325684,3.8499999046325684,3.619999885559082,3.630000114440918,58594700,3.630000114440918
1/29/2018,3.950000047683716,3.990000009536743,3.859999895095825,3.880000114440918,26759500,3.880000114440918
1/25/2018,4.139999866485596,4.179999828338623,3.9200000762939453,3.9600000381469727,32781900,3.9600000381469727
1/24/2018,4.090000152587891,4.179999828338623,4.070000171661377,4.079999923706055,29132100,4.079999923706055
1/23/2018,4.050000190734863,4.110000133514404,3.9700000286102295,4.070000171661377,29459900,4.070000171661377
1/22/2018,3.9700000286102295,3.990000009536743,3.9000000953674316,3.9700000286102295,28296500,3.9700000286102295
1/18/2018,4.070000171661377,4.079999923706055,3.9700000286102295,3.990000009536743,23808900,3.990000009536743
1/17/2018,4.170000076293945,4.179999828338623,4.019999980926514,4.090000152587891,32859100,4.090000152587891
1/16/2018,4.300000190734863,4.300000190734863,4.119999885559082,4.139999866485596,32862600,4.139999866485596
1/12/2018,4.21999979019165,4.340000152587891,4.179999828338623,4.28000020980835,33197100,4.28000020980835
11/6/2017,3.7799999713897705,4.179999828338623,3.7799999713897705,4.179999828338623,49729100,4.179999828338623
11/3/2017,3.6500000953674316,3.7899999618530273,3.619999885559082,3.740000009536743,29063900,3.740000009536743
11/2/2017,3.7799999713897705,3.809999942779541,3.6500000953674316,3.6600000858306885,43448800,3.6600000858306885
11/1/2017,3.9800000190734863,4.070000171661377,3.9600000381469727,3.9600000381469727,31426500,3.9600000381469727
