4/22/2019,15.399999618530273,15.399999618530273,15.010000228881836,15.149999618530273,195100,15.149999618530273
4/18/2019,15.6899995803833,15.6899995803833,15.479999542236328,15.550000190734863,59900,15.550000190734863
4/17/2019,15.59000015258789,15.75,15.59000015258789,15.699999809265137,41500,15.699999809265137
4/16/2019,15.579999923706055,15.75,15.5600004196167,15.640000343322754,64100,15.640000343322754
4/15/2019,15.649999618530273,15.649999618530273,15.4399995803833,15.550000190734863,102500,15.550000190734863
4/12/2019,15.550000190734863,15.649999618530273,15.487000465393066,15.5600004196167,37300,15.5600004196167
4/11/2019,15.550000190734863,15.649999618530273,15.470000267028809,15.529999732971191,46700,15.529999732971191
4/10/2019,15.510000228881836,15.595000267028809,15.470000267028809,15.510000228881836,45300,15.510000228881836
4/9/2019,15.630000114440918,15.654999732971191,15.4399995803833,15.5,52000,15.5
4/8/2019,15.729999542236328,15.729999542236328,15.470000267028809,15.640000343322754,39200,15.640000343322754
4/5/2019,15.619999885559082,15.75,15.489999771118164,15.75,30100,15.75
4/4/2019,15.520000457763672,15.6899995803833,15.5,15.59000015258789,58400,15.59000015258789
4/3/2019,15.699999809265137,15.699999809265137,15.5,15.520000457763672,34300,15.520000457763672
4/2/2019,15.609999656677246,15.699999809265137,15.520000457763672,15.670000076293945,85000,15.670000076293945
4/1/2019,15.789999961853027,15.84000015258789,15.531999588012695,15.609999656677246,105100,15.609999656677246
3/29/2019,15.710000038146973,15.75,15.5,15.670000076293945,110300,15.670000076293945
3/28/2019,15.510000228881836,15.739999771118164,15.508999824523926,15.680000305175781,36100,15.680000305175781
3/27/2019,15.59000015258789,15.640000343322754,15.449999809265137,15.529999732971191,39400,15.529999732971191
3/26/2019,15.1899995803833,15.619999885559082,15.09000015258789,15.619999885559082,59100,15.619999885559082
3/25/2019,15.050000190734863,15.260000228881836,15.020000457763672,15.130000114440918,77700,15.130000114440918
3/22/2019,15.520000457763672,15.670000076293945,15.020000457763672,15.050000190734863,129800,15.050000190734863
3/21/2019,15.609999656677246,15.829999923706055,15.609999656677246,15.649999618530273,62300,15.649999618530273
3/20/2019,15.739999771118164,15.880000114440918,15.600000381469727,15.649999618530273,45200,15.649999618530273
3/19/2019,15.930000305175781,15.96500015258789,15.710000038146973,15.760000228881836,65800,15.760000228881836
3/18/2019,15.989999771118164,16.040000915527344,15.875,15.930000305175781,122000,15.930000305175781
3/15/2019,15.960000038146973,16,15.800000190734863,15.979999542236328,244500,15.979999542236328
3/14/2019,15.979999542236328,16.020000457763672,15.859999656677246,15.970000267028809,74000,15.970000267028809
3/13/2019,15.989999771118164,16.049999237060547,15.960000038146973,15.989999771118164,94600,15.989999771118164
3/12/2019,16.030000686645508,16.049999237060547,15.90999984741211,15.949999809265137,70000,15.949999809265137
3/11/2019,15.899999618530273,16.030000686645508,15.699999809265137,16.030000686645508,83000,16.030000686645508
3/8/2019,15.720000267028809,16,15.720000267028809,15.890000343322754,59700,15.890000343322754
3/7/2019,16.030000686645508,16.030000686645508,15.710000038146973,15.729999542236328,60400,15.729999542236328
3/6/2019,16.049999237060547,16.110000610351562,15.949999809265137,16.049999237060547,259800,16.049999237060547
3/5/2019,16.040000915527344,16.1299991607666,15.930000305175781,16.059999465942383,124100,16.059999465942383
3/4/2019,16.049999237060547,16.049999237060547,15.75,16.010000228881836,69600,16.010000228881836
3/1/2019,16.09000015258789,16.09000015258789,15.800000190734863,16.040000915527344,65400,16.040000915527344
2/28/2019,15.930000305175781,16.040000915527344,15.90999984741211,16.030000686645508,95300,16.030000686645508
2/27/2019,15.779999732971191,15.960000038146973,15.779999732971191,15.949999809265137,50400,15.949999809265137
2/26/2019,15.899999618530273,15.930000305175781,15.789999961853027,15.800000190734863,36800,15.800000190734863
2/25/2019,15.970000267028809,16.100000381469727,15.850000381469727,15.90999984741211,121300,15.90999984741211
2/22/2019,15.949999809265137,15.989999771118164,15.869999885559082,15.970000267028809,64800,15.970000267028809
2/21/2019,15.949999809265137,15.979999542236328,15.770000457763672,15.979999542236328,71000,15.979999542236328
2/20/2019,15.890000343322754,15.979999542236328,15.859999656677246,15.920000076293945,50500,15.920000076293945
2/19/2019,15.850000381469727,15.989999771118164,15.835000038146973,15.930000305175781,59100,15.930000305175781
2/15/2019,15.899999618530273,15.989999771118164,15.84000015258789,15.949999809265137,112500,15.949999809265137
2/14/2019,15.84000015258789,15.949999809265137,15.739999771118164,15.8100004196167,55600,15.8100004196167
2/13/2019,15.979999542236328,15.979999542236328,15.770000457763672,15.90999984741211,40000,15.90999984741211
2/12/2019,15.949999809265137,15.989999771118164,15.84000015258789,15.930000305175781,49400,15.930000305175781
2/11/2019,15.739999771118164,15.949999809265137,15.720000267028809,15.920000076293945,71100,15.920000076293945
2/8/2019,15.729999542236328,15.899999618530273,15.729999542236328,15.770000457763672,83000,15.770000457763672
2/7/2019,15.760000228881836,15.899999618530273,15.739999771118164,15.800000190734863,112900,15.800000190734863
2/6/2019,15.760000228881836,15.899999618530273,15.739999771118164,15.770000457763672,125800,15.770000457763672
2/5/2019,15.550000190734863,15.890000343322754,15.479999542236328,15.710000038146973,138700,15.710000038146973
2/4/2019,15.3100004196167,15.5,15.274999618530273,15.5,99200,15.5
2/1/2019,15,15.5649995803833,15,15.279999732971191,287600,15.279999732971191
1/31/2019,14.729999542236328,14.899999618530273,14.729999542236328,14.8100004196167,100300,14.8100004196167
1/30/2019,14.800000190734863,14.800000190734863,14.630000114440918,14.720000267028809,116000,14.720000267028809
1/29/2019,14.760000228881836,14.984999656677246,14.710000038146973,14.720000267028809,42700,14.720000267028809
1/28/2019,14.890000343322754,14.989999771118164,14.720000267028809,14.760000228881836,109900,14.760000228881836
1/25/2019,14.979999542236328,15,14.770000457763672,14.84000015258789,38400,14.84000015258789
1/24/2019,14.949999809265137,14.979999542236328,14.8100004196167,14.90999984741211,44700,14.90999984741211
1/23/2019,14.979999542236328,15.079999923706055,14.84000015258789,14.9399995803833,47600,14.9399995803833
1/22/2019,15.010000228881836,15.055999755859375,14.800000190734863,14.949999809265137,103500,14.949999809265137
1/18/2019,15,15.09000015258789,14.989999771118164,15.010000228881836,183100,15.010000228881836
1/17/2019,15.09000015258789,15.1899995803833,14.989999771118164,15.020000457763672,81800,15.020000457763672
1/16/2019,15.0600004196167,15.15999984741211,15,15.140000343322754,101000,15.140000343322754
1/15/2019,15,15.050000190734863,14.90999984741211,15,79400,15
1/14/2019,14.90999984741211,15.279999732971191,14.90999984741211,14.960000038146973,85500,14.960000038146973
1/11/2019,14.970000267028809,15.170000076293945,14.9399995803833,14.970000267028809,70300,14.970000267028809
1/10/2019,14.960000038146973,15.130000114440918,14.949999809265137,15.029999732971191,188900,15.029999732971191
1/9/2019,15.449999809265137,15.550000190734863,15.119999885559082,15.199999809265137,116400,15.199999809265137
1/8/2019,15.600000381469727,15.600000381469727,15.430000305175781,15.579999923706055,58700,15.579999923706055
1/7/2019,15.359999656677246,15.510000228881836,15.350000381469727,15.510000228881836,81900,15.510000228881836
1/4/2019,15.220000267028809,15.454999923706055,15.208999633789062,15.430000305175781,126700,15.430000305175781
1/3/2019,15.199999809265137,15.260000228881836,15.005999565124512,15.09000015258789,128500,15.09000015258789
1/2/2019,15.180000305175781,15.270000457763672,15.119999885559082,15.270000457763672,99000,15.270000457763672
12/31/2018,15.479999542236328,15.479999542236328,15.180000305175781,15.289999961853027,111300,15.289999961853027
12/28/2018,15.300000190734863,15.595000267028809,15.196000099182129,15.489999771118164,220700,15.489999771118164
12/27/2018,15.130000114440918,15.279999732971191,14.979999542236328,15.25,136900,15.25
12/26/2018,14.960000038146973,15.350000381469727,14.899999618530273,15.3100004196167,231600,15.3100004196167
12/24/2018,14.800000190734863,15.149999618530273,14.800000190734863,14.930000305175781,169000,14.930000305175781
12/21/2018,15.279999732971191,15.609999656677246,14.800000190734863,14.8100004196167,638200,14.8100004196167
12/20/2018,15.359999656677246,15.510000228881836,15.140000343322754,15.359999656677246,248700,15.359999656677246
12/19/2018,15.65999984741211,15.694999694824219,15.149999618530273,15.350000381469727,178600,15.350000381469727
12/18/2018,15.600000381469727,15.800000190734863,15.479999542236328,15.579999923706055,168600,15.579999923706055
12/17/2018,15.550000190734863,15.880000114440918,15.449999809265137,15.600000381469727,252300,15.600000381469727
12/14/2018,15.300000190734863,15.630000114440918,15.300000190734863,15.5,149000,15.5
12/13/2018,15.800000190734863,15.800000190734863,15.130000114440918,15.399999618530273,123400,15.399999618530273
12/12/2018,15.800000190734863,15.880000114440918,15.720000267028809,15.760000228881836,112000,15.760000228881836
12/11/2018,15.899999618530273,15.899999618530273,15.4399995803833,15.699999809265137,74700,15.699999809265137
12/10/2018,15.649999618530273,15.75,15.479999542236328,15.75,123200,15.75
12/7/2018,15.619999885559082,15.880000114440918,15.390000343322754,15.630000114440918,123000,15.630000114440918
12/6/2018,15.239999771118164,15.654999732971191,15.109999656677246,15.649999618530273,141800,15.649999618530273
12/4/2018,15.859999656677246,15.914999961853027,15.380000114440918,15.380000114440918,192900,15.380000114440918
12/3/2018,15.930000305175781,15.960000038146973,15.800000190734863,15.9399995803833,82900,15.9399995803833
11/30/2018,15.75,15.899999618530273,15.649999618530273,15.760000228881836,497000,15.760000228881836
11/29/2018,15.90999984741211,15.979999542236328,15.75,15.819999694824219,105700,15.819999694824219
11/28/2018,15.739999771118164,15.989999771118164,15.680000305175781,15.979999542236328,259500,15.979999542236328
11/27/2018,15.770000457763672,15.789999961853027,15.5,15.630000114440918,89500,15.630000114440918
11/26/2018,15.890000343322754,15.899999618530273,15.520000457763672,15.8100004196167,194700,15.8100004196167
11/23/2018,15.5,15.850000381469727,15.5,15.800000190734863,100600,15.800000190734863
11/21/2018,15.630000114440918,15.875,15.539999961853027,15.5600004196167,126400,15.5600004196167
11/20/2018,15.720000267028809,15.739999771118164,15.5,15.640000343322754,128400,15.640000343322754
11/19/2018,15.8100004196167,15.819999694824219,15.34000015258789,15.779999732971191,135300,15.779999732971191
11/16/2018,15.819999694824219,15.920000076293945,15.734999656677246,15.859999656677246,76100,15.859999656677246
11/15/2018,15.579999923706055,15.899999618530273,15.5600004196167,15.899999618530273,114900,15.899999618530273
11/14/2018,15.529999732971191,15.920000076293945,15.430000305175781,15.579999923706055,147500,15.579999923706055
11/13/2018,15.75,15.960000038146973,15.5600004196167,15.579999923706055,140400,15.579999923706055
11/12/2018,15.739999771118164,15.850000381469727,15.569999694824219,15.670000076293945,71400,15.670000076293945
11/9/2018,15.920000076293945,15.979999542236328,15.670000076293945,15.779999732971191,89200,15.779999732971191
11/8/2018,15.729999542236328,16,15.670000076293945,16,155800,16
11/7/2018,15.8100004196167,15.8100004196167,15.600000381469727,15.739999771118164,104900,15.739999771118164
11/6/2018,15.539999961853027,15.75,15.449999809265137,15.720000267028809,74100,15.720000267028809
11/5/2018,15.569999694824219,15.649999618530273,15.390000343322754,15.600000381469727,80700,15.600000381469727
11/2/2018,15.479999542236328,15.579999923706055,15.390000343322754,15.579999923706055,139800,15.579999923706055
11/1/2018,15.1899995803833,15.479999542236328,15.1899995803833,15.380000114440918,88100,15.380000114440918
10/31/2018,15.460000038146973,15.479999542236328,14.970000267028809,15.079999923706055,272200,15.079999923706055
10/30/2018,14.979999542236328,15.5,14.979999542236328,15.270000457763672,167700,15.270000457763672
10/29/2018,15.369999885559082,15.369999885559082,14.859999656677246,14.970000267028809,248200,14.970000267028809
10/26/2018,15.010000228881836,15.369999885559082,14.90999984741211,15.270000457763672,161600,15.270000457763672
10/25/2018,15.029999732971191,15.350000381469727,15.029999732971191,15.350000381469727,107400,15.350000381469727
10/24/2018,15.420000076293945,15.420000076293945,15.029999732971191,15.050000190734863,237300,15.050000190734863
10/23/2018,15.199999809265137,15.470000267028809,15.170999526977539,15.390000343322754,136400,15.390000343322754
10/22/2018,15.630000114440918,15.670000076293945,15.494999885559082,15.550000190734863,166300,15.550000190734863
10/19/2018,15.59000015258789,15.739999771118164,15.380000114440918,15.550000190734863,121100,15.550000190734863
10/18/2018,15.890000343322754,15.979999542236328,15.630000114440918,15.640000343322754,82400,15.640000343322754
10/17/2018,15.75,15.970000267028809,15.75,15.9399995803833,80900,15.9399995803833
10/16/2018,15.5,15.949999809265137,15.380000114440918,15.899999618530273,213100,15.899999618530273
10/15/2018,15.319999694824219,15.460000038146973,15.130000114440918,15.220000267028809,143000,15.220000267028809
10/12/2018,15.770000457763672,15.770000457763672,15.109999656677246,15.369999885559082,230100,15.369999885559082
10/11/2018,15.949999809265137,15.979999542236328,14.010000228881836,15.579999923706055,702200,15.579999923706055
10/10/2018,16.270000457763672,16.450000762939453,16.020000457763672,16.06999969482422,116800,16.06999969482422
10/9/2018,16.309999465942383,16.450000762939453,16.25,16.270000457763672,72600,16.270000457763672
10/8/2018,16.329999923706055,16.489999771118164,16.290000915527344,16.420000076293945,55400,16.420000076293945
10/5/2018,16.549999237060547,16.549999237060547,16.280000686645508,16.329999923706055,72900,16.329999923706055
10/4/2018,16.360000610351562,16.520000457763672,16.270000457763672,16.479999542236328,110900,16.479999542236328
10/3/2018,16.200000762939453,16.3700008392334,16.149999618530273,16.360000610351562,165800,16.360000610351562
10/2/2018,16.3799991607666,16.40999984741211,16.170000076293945,16.170000076293945,189400,16.170000076293945
10/1/2018,16.729999542236328,16.75,16.260000228881836,16.40999984741211,120300,16.40999984741211
9/28/2018,16.503000259399414,16.75,16.503000259399414,16.700000762939453,70700,16.700000762939453
9/27/2018,16.729999542236328,16.790000915527344,16.610000610351562,16.639999389648438,58000,16.639999389648438
9/26/2018,16.850000381469727,16.860000610351562,16.690000534057617,16.729999542236328,98100,16.729999542236328
9/25/2018,16.799999237060547,16.860000610351562,16.690000534057617,16.799999237060547,78600,16.799999237060547
9/24/2018,16.770000457763672,16.8799991607666,16.709999084472656,16.799999237060547,61700,16.799999237060547
9/21/2018,16.8700008392334,16.8799991607666,16.65999984741211,16.799999237060547,296100,16.799999237060547
9/20/2018,16.8799991607666,16.899999618530273,16.729999542236328,16.8700008392334,90700,16.8700008392334
9/19/2018,16.670000076293945,16.920000076293945,16.65999984741211,16.770000457763672,65800,16.770000457763672
9/18/2018,16.709999084472656,16.979999542236328,16.670000076293945,16.68000030517578,125700,16.68000030517578
9/17/2018,16.790000915527344,16.940000534057617,16.690000534057617,16.709999084472656,60400,16.709999084472656
9/14/2018,16.799999237060547,16.989999771118164,16.784000396728516,16.84000015258789,129500,16.84000015258789
9/13/2018,16.8700008392334,16.8799991607666,16.709999084472656,16.780000686645508,68400,16.780000686645508
9/12/2018,16.8700008392334,16.8700008392334,16.6299991607666,16.84000015258789,89100,16.84000015258789
9/11/2018,16.899999618530273,16.959999084472656,16.850000381469727,16.899999618530273,95600,16.899999618530273
9/10/2018,16.940000534057617,17,16.875,16.920000076293945,93800,16.920000076293945
9/7/2018,16.899999618530273,16.959999084472656,16.81999969482422,16.93000030517578,109900,16.93000030517578
9/6/2018,16.920000076293945,17,16.8799991607666,16.899999618530273,113900,16.899999618530273
9/5/2018,16.950000762939453,16.969999313354492,16.84000015258789,16.93000030517578,154400,16.93000030517578
9/4/2018,16.940000534057617,16.989999771118164,16.81100082397461,16.940000534057617,88000,16.940000534057617
8/31/2018,16.979999542236328,16.979999542236328,16.860000610351562,16.93000030517578,96500,16.93000030517578
8/30/2018,16.850000381469727,16.969999313354492,16.770000457763672,16.889999389648438,139900,16.889999389648438
8/29/2018,16.81999969482422,16.93000030517578,16.81999969482422,16.8700008392334,105300,16.8700008392334
8/28/2018,16.8799991607666,16.940000534057617,16.809999465942383,16.809999465942383,40400,16.809999465942383
8/27/2018,16.940000534057617,16.989999771118164,16.719999313354492,16.850000381469727,117800,16.850000381469727
8/24/2018,16.920000076293945,16.94700050354004,16.850000381469727,16.8799991607666,71300,16.8799991607666
8/23/2018,16.860000610351562,16.940000534057617,16.81999969482422,16.8799991607666,77300,16.8799991607666
8/22/2018,16.850000381469727,16.969999313354492,16.799999237060547,16.834999084472656,62100,16.834999084472656
8/21/2018,16.829999923706055,17,16.829999923706055,16.850000381469727,112900,16.850000381469727
8/20/2018,16.899999618530273,16.940000534057617,16.850000381469727,16.860000610351562,59800,16.860000610351562
8/17/2018,16.81999969482422,16.969999313354492,16.81999969482422,16.90999984741211,58500,16.90999984741211
8/16/2018,16.950000762939453,16.989999771118164,16.850000381469727,16.8799991607666,149500,16.8799991607666
8/15/2018,16.8799991607666,16.989999771118164,16.81999969482422,16.889999389648438,204100,16.889999389648438
8/14/2018,16.90999984741211,17,16.8799991607666,16.899999618530273,178800,16.899999618530273
8/13/2018,16.8700008392334,16.969999313354492,16.68000030517578,16.8799991607666,117300,16.8799991607666
8/10/2018,16.719999313354492,16.90999984741211,16.719999313354492,16.850000381469727,93000,16.850000381469727
8/9/2018,16.889999389648438,16.920000076293945,16.75,16.84000015258789,81200,16.84000015258789
8/8/2018,16.889999389648438,16.93000030517578,16.65999984741211,16.889999389648438,118100,16.889999389648438
8/7/2018,16.81999969482422,16.93000030517578,16.75,16.84000015258789,80900,16.84000015258789
8/6/2018,16.639999389648438,16.920000076293945,16.639999389648438,16.84000015258789,61800,16.84000015258789
8/3/2018,16.940000534057617,16.948999404907227,16.540000915527344,16.639999389648438,60400,16.639999389648438
8/2/2018,16.84000015258789,17,16.760000228881836,16.899999618530273,114700,16.899999618530273
8/1/2018,16.75,16.899999618530273,16.740999221801758,16.8799991607666,109000,16.8799991607666
7/31/2018,16.649999618530273,16.81999969482422,16.520000457763672,16.790000915527344,137300,16.790000915527344
7/30/2018,16.649999618530273,16.829999923706055,16.549999237060547,16.549999237060547,80600,16.549999237060547
7/27/2018,16.81999969482422,16.899999618530273,16.6299991607666,16.68000030517578,97100,16.68000030517578
7/26/2018,16.760000228881836,16.8799991607666,16.672000885009766,16.81999969482422,107500,16.81999969482422
7/25/2018,16.610000610351562,16.770000457763672,16.59000015258789,16.739999771118164,99100,16.739999771118164
7/24/2018,16.690000534057617,16.75,16.530000686645508,16.6200008392334,108500,16.6200008392334
7/23/2018,16.5,16.700000762939453,16.40999984741211,16.649999618530273,152600,16.649999618530273
7/20/2018,16.440000534057617,16.540000915527344,16.309999465942383,16.540000915527344,110800,16.540000915527344
7/19/2018,16.270000457763672,16.5,16.149999618530273,16.5,178900,16.5
7/18/2018,16.290000915527344,16.40999984741211,16.25,16.34000015258789,130700,16.34000015258789
7/17/2018,16.420000076293945,16.440000534057617,16.18000030517578,16.299999237060547,130300,16.299999237060547
7/16/2018,16.170000076293945,16.399999618530273,16.170000076293945,16.399999618530273,144200,16.399999618530273
7/13/2018,16.139999389648438,16.25,16.110000610351562,16.18000030517578,101300,16.18000030517578
7/12/2018,16.190000534057617,16.25,16.040000915527344,16.209999084472656,206800,16.209999084472656
7/11/2018,16.139999389648438,16.25,16.010000228881836,16.100000381469727,224900,16.100000381469727
7/10/2018,16.31999969482422,16.31999969482422,16.100000381469727,16.219999313354492,145800,16.219999313354492
7/9/2018,16.15999984741211,16.350000381469727,16.15999984741211,16.299999237060547,270000,16.299999237060547
7/6/2018,16.229999542236328,16.290000915527344,16.09000015258789,16.149999618530273,165300,16.149999618530273
7/5/2018,16.190000534057617,16.34000015258789,16.079999923706055,16.229999542236328,360800,16.229999542236328
7/3/2018,16.420000076293945,16.420000076293945,16.099000930786133,16.1200008392334,209000,16.1200008392334
7/2/2018,16.450000762939453,16.479999542236328,16.270000457763672,16.399999618530273,216900,16.399999618530273
6/29/2018,16.31999969482422,16.850000381469727,16.31999969482422,16.549999237060547,642900,16.549999237060547
6/28/2018,16.8700008392334,16.8700008392334,16.139999389648438,16.260000228881836,679300,16.260000228881836
6/27/2018,17.170000076293945,17.190000534057617,16.809999465942383,16.850000381469727,420100,16.850000381469727
6/26/2018,17.25,17.25,17,17.170000076293945,471100,17.170000076293945
6/25/2018,17.100000381469727,17.301000595092773,17.079999923706055,17.290000915527344,512200,17.290000915527344
6/22/2018,17.350000381469727,17.35099983215332,16.989999771118164,17.209999084472656,6497200,17.209999084472656
6/21/2018,17.290000915527344,17.360000610351562,17.059999465942383,17.280000686645508,559500,17.280000686645508
6/20/2018,17.3700008392334,17.399999618530273,17.25,17.309999465942383,324100,17.309999465942383
6/19/2018,17.420000076293945,17.420000076293945,17.190000534057617,17.350000381469727,978600,17.350000381469727
6/18/2018,17.309999465942383,17.450000762939453,17.25,17.440000534057617,1118900,17.440000534057617
6/15/2018,17.399999618530273,17.450000762939453,17.31999969482422,17.34000015258789,3182000,17.34000015258789
6/14/2018,17.3700008392334,17.450000762939453,17.290000915527344,17.420000076293945,1143000,17.420000076293945
6/13/2018,17.34000015258789,17.450000762939453,17.190000534057617,17.43000030517578,1304000,17.43000030517578
6/12/2018,17.360000610351562,17.43000030517578,17.121000289916992,17.309999465942383,459500,17.309999465942383
6/11/2018,17.25,17.450000762939453,17.229999542236328,17.3700008392334,618500,17.3700008392334
6/8/2018,17.149999618530273,17.31999969482422,17.139999389648438,17.260000228881836,320300,17.260000228881836
6/7/2018,17.25,17.329999923706055,17.09000015258789,17.149999618530273,336500,17.149999618530273
6/6/2018,17.100000381469727,17.299999237060547,17.062999725341797,17.219999313354492,307400,17.219999313354492
6/5/2018,17.229999542236328,17.329999923706055,17.040000915527344,17.06999969482422,324400,17.06999969482422
6/4/2018,17.030000686645508,17.3700008392334,17.030000686645508,17.239999771118164,574100,17.239999771118164
6/1/2018,17.030000686645508,17.100000381469727,16.920000076293945,17.06999969482422,256100,17.06999969482422
5/31/2018,16.950000762939453,17.149999618530273,16.670000076293945,16.979999542236328,420600,16.979999542236328
5/30/2018,16.6299991607666,16.940000534057617,16.479999542236328,16.8799991607666,288500,16.8799991607666
5/29/2018,16.780000686645508,16.780000686645508,16.299999237060547,16.59000015258789,379400,16.59000015258789
5/25/2018,17.110000610351562,17.139999389648438,16,16.780000686645508,731600,16.780000686645508
5/24/2018,17.549999237060547,17.600000381469727,17.040000915527344,17.110000610351562,446200,17.110000610351562
5/23/2018,17.540000915527344,17.65999984741211,17.43000030517578,17.540000915527344,215400,17.540000915527344
5/22/2018,17.5,17.729999542236328,17.420000076293945,17.600000381469727,296300,17.600000381469727
5/21/2018,17.239999771118164,17.5,17.170000076293945,17.5,261500,17.5
5/18/2018,17,17.25,16.950000762939453,17.239999771118164,435700,17.239999771118164
5/17/2018,16.950000762939453,17.25,16.90999984741211,17.1200008392334,491100,17.1200008392334
5/16/2018,16.700000762939453,17,16.700000762939453,16.940000534057617,524100,16.940000534057617
5/15/2018,16.190000534057617,16.649999618530273,16.059999465942383,16.6299991607666,431600,16.6299991607666
5/14/2018,16,16.190000534057617,16,16.190000534057617,271800,16.190000534057617
5/11/2018,15.630000114440918,16,15.59000015258789,15.979999542236328,648400,15.979999542236328
5/10/2018,15.65999984741211,15.6899995803833,15.569999694824219,15.6899995803833,377000,15.6899995803833
5/9/2018,15.630000114440918,15.680000305175781,15.550000190734863,15.649999618530273,227900,15.649999618530273
5/8/2018,15.5,15.649999618530273,15.479999542236328,15.619999885559082,375500,15.619999885559082
5/7/2018,15.5,15.720000267028809,15.5,15.579999923706055,646900,15.579999923706055
5/4/2018,15.460000038146973,15.529999732971191,15.354000091552734,15.5,541300,15.5
5/3/2018,15.550000190734863,15.569999694824219,15.428999900817871,15.550000190734863,684200,15.550000190734863
5/2/2018,15.550000190734863,15.609999656677246,15.5,15.550000190734863,568400,15.550000190734863
5/1/2018,15.5,15.550000190734863,15.5,15.529999732971191,391400,15.529999732971191
4/30/2018,15.680000305175781,15.6850004196167,15.5,15.5,560700,15.5
4/27/2018,15.75,15.75,15.600000381469727,15.680000305175781,515100,15.680000305175781
4/26/2018,15.680000305175781,15.729999542236328,15.5,15.720000267028809,789200,15.720000267028809
4/25/2018,15.5,15.699999809265137,15.5,15.5600004196167,566400,15.5600004196167
4/24/2018,15.430000305175781,15.829999923706055,15.399999618530273,15.729999542236328,1057500,15.729999542236328
4/23/2018,15.399999618530273,15.5,15.350000381469727,15.449999809265137,1608100,15.449999809265137
4/20/2018,15.3100004196167,15.75,15.300000190734863,15.420000076293945,6816963,15.420000076293945
