4/22/2019,10.760000228881836,10.84000015258789,10.6899995803833,10.8100004196167,2087700,10.8100004196167
4/18/2019,10.930000305175781,11.010000228881836,10.65999984741211,10.800000190734863,3463700,10.800000190734863
4/17/2019,11.5,11.520000457763672,10.920000076293945,11,3941600,11
4/16/2019,11.5,11.520000457763672,11.350000381469727,11.430000305175781,2436200,11.430000305175781
4/15/2019,11.520000457763672,11.625,11.359999656677246,11.449999809265137,2063700,11.449999809265137
4/12/2019,11.539999961853027,11.614999771118164,11.402000427246094,11.550000190734863,2695900,11.550000190734863
4/11/2019,11.680000305175781,11.680000305175781,11.399999618530273,11.4399995803833,3027300,11.4399995803833
4/10/2019,11.579999923706055,11.670000076293945,11.479999542236328,11.630000114440918,3955000,11.630000114440918
4/9/2019,11.5600004196167,11.729999542236328,11.420000076293945,11.569999694824219,5343900,11.569999694824219
4/8/2019,11.260000228881836,11.680000305175781,11.210000038146973,11.65999984741211,6136800,11.65999984741211
4/5/2019,11.069999694824219,11.180000305175781,10.970000267028809,11.109999656677246,3211400,11.109999656677246
4/4/2019,11.359999656677246,11.38700008392334,10.880000114440918,11.039999961853027,3437300,11.039999961853027
4/3/2019,11.3100004196167,11.4399995803833,11.210000038146973,11.399999618530273,3863100,11.399999618530273
4/2/2019,10.989999771118164,11.319999694824219,10.970000267028809,11.3100004196167,4799200,11.3100004196167
4/1/2019,11.119999885559082,11.260000228881836,10.890000343322754,11.039999961853027,3556300,11.039999961853027
3/29/2019,10.800000190734863,10.970000267028809,10.729999542236328,10.9399995803833,3272400,10.9399995803833
3/28/2019,10.710000038146973,10.90999984741211,10.569999694824219,10.710000038146973,5681800,10.710000038146973
3/27/2019,11.010000228881836,11.07800006866455,10.494999885559082,10.670000076293945,6076900,10.670000076293945
3/26/2019,11.140000343322754,11.210000038146973,10.770000457763672,10.949999809265137,4656700,10.949999809265137
3/25/2019,11,11.279999732971191,10.90999984741211,11.039999961853027,4706700,11.039999961853027
3/22/2019,11.670000076293945,11.670000076293945,11.029999732971191,11.069999694824219,7032300,11.069999694824219
3/21/2019,11.350000381469727,11.664999961853027,11.260000228881836,11.630000114440918,5957900,11.630000114440918
3/20/2019,11.779999732971191,11.819999694824219,11.319999694824219,11.460000038146973,6946700,11.460000038146973
3/19/2019,11.8100004196167,12.180000305175781,11.75,11.850000381469727,7815900,11.850000381469727
3/18/2019,11.600000381469727,11.8100004196167,11.449999809265137,11.800000190734863,9809800,11.800000190734863
3/15/2019,11.9399995803833,11.9399995803833,11.300000190734863,11.670000076293945,14190600,11.670000076293945
3/14/2019,12.989999771118164,13.100000381469727,11.550000190734863,11.710000038146973,37719200,11.710000038146973
3/13/2019,14.600000381469727,14.649999618530273,14.279999732971191,14.609999656677246,10030400,14.609999656677246
3/12/2019,14.520000457763672,14.550000190734863,13.960000038146973,14.359999656677246,4678600,14.359999656677246
3/11/2019,14.239999771118164,14.470000267028809,14.020000457763672,14.279999732971191,4181800,14.279999732971191
3/8/2019,13.729999542236328,13.864999771118164,13.399999618530273,13.829999923706055,2316100,13.829999923706055
3/7/2019,14.229999542236328,14.390000343322754,13.880000114440918,14.069999694824219,2892200,14.069999694824219
3/6/2019,14.619999885559082,14.730999946594238,14.09000015258789,14.140000343322754,2744300,14.140000343322754
3/5/2019,14.600000381469727,14.859999656677246,14.510000228881836,14.640000343322754,2709900,14.640000343322754
3/4/2019,15.350000381469727,15.430000305175781,14.470000267028809,14.630000114440918,5634100,14.630000114440918
3/1/2019,14.760000228881836,15.180000305175781,14.6899995803833,15.149999618530273,4886900,15.149999618530273
2/28/2019,14.649999618530273,14.649999618530273,14.295000076293945,14.569999694824219,3699000,14.569999694824219
2/27/2019,14.039999961853027,14.680000305175781,14.029999732971191,14.640000343322754,3505800,14.640000343322754
2/26/2019,13.829999923706055,14.140000343322754,13.760000228881836,14.0600004196167,2044900,14.0600004196167
2/25/2019,14,14.229999542236328,13.869999885559082,13.869999885559082,2266100,13.869999885559082
2/22/2019,13.649999618530273,13.850000381469727,13.609999656677246,13.84000015258789,2214700,13.84000015258789
2/21/2019,13.640000343322754,13.770000457763672,13.520000457763672,13.5600004196167,2280500,13.5600004196167
2/20/2019,13.869999885559082,13.944999694824219,13.5600004196167,13.729999542236328,1761600,13.729999542236328
2/19/2019,13.8100004196167,13.890000343322754,13.579999923706055,13.819999694824219,2541800,13.819999694824219
2/15/2019,13.859999656677246,13.902000427246094,13.59000015258789,13.819999694824219,2275500,13.819999694824219
2/14/2019,13.600000381469727,13.845000267028809,13.489999771118164,13.75,2046500,13.75
2/13/2019,13.920000076293945,14.050000190734863,13.635000228881836,13.729999542236328,2164800,13.729999542236328
2/12/2019,13.760000228881836,13.930000305175781,13.640000343322754,13.850000381469727,1485400,13.850000381469727
2/11/2019,13.670000076293945,13.760000228881836,13.430000305175781,13.65999984741211,2326600,13.65999984741211
2/8/2019,13.449999809265137,13.569999694824219,13.220000267028809,13.550000190734863,2062700,13.550000190734863
2/7/2019,13.5,13.604999542236328,13.100000381469727,13.550000190734863,3170800,13.550000190734863
2/6/2019,14,14.079999923706055,13.609999656677246,13.6899995803833,2797500,13.6899995803833
2/5/2019,13.979999542236328,14.170000076293945,13.831000328063965,14,3289600,14
2/4/2019,13.75,14.079999923706055,13.699999809265137,13.84000015258789,3779000,13.84000015258789
2/1/2019,13.529999732971191,13.670000076293945,13.40999984741211,13.609999656677246,2314700,13.609999656677246
1/31/2019,13.180000305175781,13.670000076293945,13.0600004196167,13.5,3470600,13.5
1/30/2019,13.09000015258789,13.229999542236328,12.850000381469727,13.15999984741211,2013700,13.15999984741211
1/29/2019,13.1899995803833,13.1899995803833,12.87399959564209,12.930000305175781,2517500,12.930000305175781
1/28/2019,13.109999656677246,13.1899995803833,12.859999656677246,13.1899995803833,3872000,13.1899995803833
1/25/2019,13.1899995803833,13.380000114440918,13.010000228881836,13.380000114440918,2775800,13.380000114440918
1/24/2019,12.829999923706055,13.149999618530273,12.829999923706055,13.0600004196167,2066800,13.0600004196167
1/23/2019,13.069999694824219,13.199999809265137,12.630000114440918,12.829999923706055,3089100,12.829999923706055
1/22/2019,12.680000305175781,12.869999885559082,12.515000343322754,12.789999961853027,3494800,12.789999961853027
1/18/2019,12.59000015258789,12.960000038146973,12.390000343322754,12.84000015258789,4300300,12.84000015258789
1/17/2019,11.880000114440918,12.515000343322754,11.739999771118164,12.34000015258789,3667800,12.34000015258789
1/16/2019,11.960000038146973,12.239999771118164,11.670000076293945,11.890000343322754,3817700,11.890000343322754
1/15/2019,11.630000114440918,12.029999732971191,11.59000015258789,11.920000076293945,2260200,11.920000076293945
1/14/2019,11.380000114440918,11.739999771118164,11.274999618530273,11.59000015258789,2918000,11.59000015258789
1/11/2019,11.800000190734863,11.800000190734863,11.380000114440918,11.609999656677246,3433900,11.609999656677246
1/10/2019,11.350000381469727,12.039999961853027,11.199999809265137,11.920000076293945,5063400,11.920000076293945
1/9/2019,11.779999732971191,11.920000076293945,11.40999984741211,11.59000015258789,5074100,11.59000015258789
1/8/2019,11.350000381469727,11.579999923706055,10.899999618530273,11.510000228881836,4291000,11.510000228881836
1/7/2019,10.989999771118164,11.3100004196167,10.9399995803833,11.210000038146973,4233400,11.210000038146973
1/4/2019,10.520000457763672,11.069999694824219,10.390000343322754,11.010000228881836,4080400,11.010000228881836
1/3/2019,11.010000228881836,11.15999984741211,10.125,10.369999885559082,6183500,10.369999885559082
1/2/2019,10.829999923706055,11.399999618530273,10.65999984741211,11.25,2515600,11.25
12/31/2018,11,11.130000114440918,10.84000015258789,11.0600004196167,1713400,11.0600004196167
12/28/2018,10.979999542236328,11.0600004196167,10.699999809265137,10.880000114440918,2287400,10.880000114440918
12/27/2018,10.789999961853027,11.050000190734863,10.359999656677246,10.949999809265137,2421100,10.949999809265137
12/26/2018,10.460000038146973,11,10.40999984741211,11,3034200,11
12/24/2018,10.069999694824219,10.760000228881836,10.069999694824219,10.369999885559082,1274900,10.369999885559082
12/21/2018,11,11.109999656677246,10.25,10.359999656677246,4243400,10.359999656677246
12/20/2018,11.140000343322754,11.420000076293945,10.75,11.100000381469727,3734600,11.100000381469727
12/19/2018,11.699999809265137,11.899999618530273,10.954999923706055,11.180000305175781,3426200,11.180000305175781
12/18/2018,11.5,11.779999732971191,11.40999984741211,11.65999984741211,2866700,11.65999984741211
12/17/2018,12.199999809265137,12.199999809265137,11.300000190734863,11.359999656677246,4131200,11.359999656677246
12/14/2018,12.220000267028809,12.904999732971191,12.050000190734863,12.34000015258789,2979700,12.34000015258789
12/13/2018,12.649999618530273,12.84000015258789,12.229999542236328,12.390000343322754,1758200,12.390000343322754
12/12/2018,12.510000228881836,12.970000267028809,12.40999984741211,12.640000343322754,2241100,12.640000343322754
12/11/2018,12.930000305175781,13.069999694824219,12.140000343322754,12.319999694824219,4236100,12.319999694824219
12/10/2018,12.210000038146973,12.84000015258789,12.109999656677246,12.729999542236328,4111200,12.729999542236328
12/7/2018,13.050000190734863,13.130000114440918,12.149999618530273,12.25,4766200,12.25
12/6/2018,11.6899995803833,13.239999771118164,11.420000076293945,13.010000228881836,9270900,13.010000228881836
12/4/2018,12.180000305175781,12.25,11.5600004196167,11.59000015258789,3533900,11.59000015258789
12/3/2018,12.699999809265137,12.75,11.989999771118164,12.3100004196167,2958700,12.3100004196167
11/30/2018,12.380000114440918,12.529999732971191,12.170000076293945,12.34000015258789,1820100,12.34000015258789
11/29/2018,12.399999618530273,12.5600004196167,12.140000343322754,12.350000381469727,1973100,12.350000381469727
11/28/2018,11.920000076293945,12.479999542236328,11.710000038146973,12.4399995803833,3457900,12.4399995803833
11/27/2018,11.680000305175781,11.819999694824219,11.460000038146973,11.65999984741211,1170100,11.65999984741211
11/26/2018,11.5,11.930000305175781,11.4399995803833,11.880000114440918,1830600,11.880000114440918
11/23/2018,11.300000190734863,11.65999984741211,11.239999771118164,11.329999923706055,729200,11.329999923706055
11/21/2018,10.920000076293945,11.529999732971191,10.739999771118164,11.399999618530273,2685900,11.399999618530273
11/20/2018,10.779999732971191,11.199999809265137,10.5,10.6899995803833,6116900,10.6899995803833
11/19/2018,12.15999984741211,12.180000305175781,11.15999984741211,11.229999542236328,3728900,11.229999542236328
11/16/2018,12.029999732971191,12.319999694824219,11.819999694824219,12.149999618530273,2482800,12.149999618530273
11/15/2018,11.8100004196167,12.1899995803833,11.670000076293945,12.149999618530273,2492500,12.149999618530273
11/14/2018,12.109999656677246,12.289999961853027,11.729999542236328,11.850000381469727,3159900,11.850000381469727
11/13/2018,12.289999961853027,12.569999694824219,11.760000228881836,11.930000305175781,4370900,11.930000305175781
11/12/2018,12.720000267028809,12.739999771118164,12.010000228881836,12.260000228881836,4368900,12.260000228881836
11/9/2018,14.380000114440918,14.380000114440918,12.6899995803833,12.789999961853027,5471900,12.789999961853027
11/8/2018,14.619999885559082,14.720000267028809,13.984999656677246,14.149999618530273,2776200,14.149999618530273
11/7/2018,14.140000343322754,14.975000381469727,13.979999542236328,14.710000038146973,2992200,14.710000038146973
11/6/2018,14.489999771118164,14.569999694824219,13.779999732971191,14,2265200,14
11/5/2018,15.079999923706055,15.109999656677246,13.920000076293945,14.539999961853027,3728700,14.539999961853027
11/2/2018,14.239999771118164,14.619999885559082,13.930000305175781,14.25,1986400,14.25
11/1/2018,13.789999961853027,14.229999542236328,13.510000228881836,14.170000076293945,2262600,14.170000076293945
10/31/2018,13.699999809265137,13.84000015258789,13.510000228881836,13.760000228881836,3809100,13.760000228881836
10/30/2018,12.829999923706055,13.329999923706055,12.739999771118164,13.239999771118164,2302200,13.239999771118164
10/29/2018,13.720000267028809,13.930000305175781,12.630000114440918,12.880000114440918,3689300,12.880000114440918
10/26/2018,13.140000343322754,13.520000457763672,12.720000267028809,13.119999885559082,2936300,13.119999885559082
10/25/2018,13.229999542236328,13.59000015258789,12.899999618530273,13.489999771118164,3317600,13.489999771118164
10/24/2018,14.229999542236328,14.369999885559082,13.069999694824219,13.079999923706055,2764800,13.079999923706055
10/23/2018,13.869999885559082,14.460000038146973,13.579999923706055,14.3100004196167,2358300,14.3100004196167
10/22/2018,13.989999771118164,14.369999885559082,13.739999771118164,14.229999542236328,2367000,14.229999542236328
10/19/2018,14.8100004196167,15,13.859999656677246,13.880000114440918,3261000,13.880000114440918
10/18/2018,15.239999771118164,15.399999618530273,14.6899995803833,14.779999732971191,2615200,14.779999732971191
10/17/2018,15.819999694824219,15.819999694824219,15.338000297546387,15.350000381469727,2368700,15.350000381469727
10/16/2018,15.449999809265137,15.84000015258789,15.069999694824219,15.789999961853027,3182300,15.789999961853027
10/15/2018,15.329999923706055,15.460000038146973,14.78499984741211,15.239999771118164,3531200,15.239999771118164
10/12/2018,15.359999656677246,15.779999732971191,15.1899995803833,15.510000228881836,5102300,15.510000228881836
10/11/2018,15.4399995803833,15.819999694824219,14.699999809265137,15.039999961853027,6082000,15.039999961853027
10/10/2018,17.219999313354492,17.290000915527344,15.319999694824219,15.489999771118164,8593300,15.489999771118164
10/9/2018,17.399999618530273,17.780000686645508,16.969999313354492,17.3700008392334,3658300,17.3700008392334
10/8/2018,17.639999389648438,18.440000534057617,17.479999542236328,17.5,6709700,17.5
10/5/2018,19.020000457763672,19.299999237060547,17.850000381469727,17.899999618530273,6005600,17.899999618530273
10/4/2018,19.84000015258789,20.18000030517578,18.56999969482422,19.049999237060547,25220300,19.049999237060547
10/3/2018,16.950000762939453,17.260000228881836,16.729999542236328,17.079999923706055,2205500,17.079999923706055
10/2/2018,17.149999618530273,17.200000762939453,16.690000534057617,16.899999618530273,1755600,16.899999618530273
10/1/2018,17.719999313354492,17.93000030517578,17.09000015258789,17.190000534057617,1485700,17.190000534057617
9/28/2018,17.479999542236328,17.790000915527344,17.329999923706055,17.649999618530273,2018700,17.649999618530273
9/27/2018,17.90999984741211,18,17.344999313354492,17.56999969482422,2021700,17.56999969482422
9/26/2018,17.950000762939453,18.170000076293945,17.709999084472656,17.850000381469727,2416600,17.850000381469727
9/25/2018,17.5,17.940000534057617,17.309999465942383,17.84000015258789,2162800,17.84000015258789
9/24/2018,17.43000030517578,17.790000915527344,17.231000900268555,17.43000030517578,1939000,17.43000030517578
9/21/2018,17.8700008392334,17.93000030517578,17.520000457763672,17.610000610351562,3270200,17.610000610351562
9/20/2018,17.6200008392334,17.850000381469727,17.329999923706055,17.780000686645508,1343000,17.780000686645508
9/19/2018,17.8700008392334,18,17.375,17.549999237060547,1684800,17.549999237060547
9/18/2018,17.670000076293945,18.110000610351562,17.670000076293945,17.84000015258789,1384100,17.84000015258789
9/17/2018,18.510000228881836,18.540000915527344,17.40999984741211,17.65999984741211,2693300,17.65999984741211
9/14/2018,18.170000076293945,18.790000915527344,17.899999618530273,18.56999969482422,2202200,18.56999969482422
9/13/2018,18.3700008392334,18.690000534057617,18.04800033569336,18.209999084472656,2265200,18.209999084472656
9/12/2018,18.100000381469727,18.489999771118164,17.59000015258789,18.40999984741211,4619900,18.40999984741211
9/11/2018,17.040000915527344,18,16.809999465942383,17.899999618530273,4675700,17.899999618530273
9/10/2018,18.010000228881836,18.1200008392334,16.600000381469727,17.43000030517578,5359600,17.43000030517578
9/7/2018,17.649999618530273,18.540000915527344,17.100000381469727,17.559999465942383,6805200,17.559999465942383
9/6/2018,16.260000228881836,18.06999969482422,16.200000762939453,17.93000030517578,20728600,17.93000030517578
9/5/2018,15.100000381469727,15.130000114440918,14.029999732971191,14.40999984741211,4928400,14.40999984741211
9/4/2018,15.050000190734863,15.100000381469727,14.539999961853027,15.069999694824219,1912600,15.069999694824219
8/31/2018,14.819999694824219,15.15999984741211,14.800000190734863,15.010000228881836,1875200,15.010000228881836
8/30/2018,14.899999618530273,15.074999809265137,14.739999771118164,14.899999618530273,2285000,14.899999618530273
8/29/2018,14.029999732971191,15,14.010000228881836,14.9399995803833,2999700,14.9399995803833
8/28/2018,14.029999732971191,14.1899995803833,13.930000305175781,14,1981300,14
8/27/2018,14.130000114440918,14.170000076293945,13.9350004196167,13.989999771118164,1654000,13.989999771118164
8/24/2018,13.770000457763672,14.0600004196167,13.710000038146973,14.050000190734863,1653500,14.050000190734863
8/23/2018,13.800000190734863,13.989999771118164,13.680000305175781,13.699999809265137,1091900,13.699999809265137
8/22/2018,13.699999809265137,13.890000343322754,13.649999618530273,13.8100004196167,621500,13.8100004196167
8/21/2018,13.619999885559082,13.9350004196167,13.609999656677246,13.699999809265137,914500,13.699999809265137
8/20/2018,13.5600004196167,13.84000015258789,13.430000305175781,13.600000381469727,797000,13.600000381469727
8/17/2018,13.720000267028809,13.789999961853027,13.369999885559082,13.59000015258789,678200,13.59000015258789
8/16/2018,13.850000381469727,13.984999656677246,13.670000076293945,13.729999542236328,924400,13.729999542236328
8/15/2018,13.890000343322754,14,13.489999771118164,13.75,1104700,13.75
8/14/2018,14,14.178000450134277,13.925000190734863,13.960000038146973,1052500,13.960000038146973
8/13/2018,14.050000190734863,14.234999656677246,13.850000381469727,13.970000267028809,1269600,13.970000267028809
8/10/2018,13.920000076293945,14.489999771118164,13.850000381469727,14.0600004196167,2726800,14.0600004196167
8/9/2018,13.550000190734863,14.399999618530273,13.550000190734863,14.029999732971191,2775500,14.029999732971191
8/8/2018,13.800000190734863,13.887999534606934,13.364999771118164,13.489999771118164,1593500,13.489999771118164
8/7/2018,13.6899995803833,13.864999771118164,13.600000381469727,13.6899995803833,626400,13.6899995803833
8/6/2018,13.5600004196167,13.770000457763672,13.449999809265137,13.649999618530273,992800,13.649999618530273
8/3/2018,13.9399995803833,13.960000038146973,13.5600004196167,13.579999923706055,936700,13.579999923706055
8/2/2018,13.850000381469727,14.199999809265137,13.8100004196167,13.9399995803833,814400,13.9399995803833
8/1/2018,13.390000343322754,14,13.390000343322754,13.9399995803833,1213300,13.9399995803833
7/31/2018,13.470000267028809,13.729999542236328,13.180000305175781,13.390000343322754,1513100,13.390000343322754
7/30/2018,14.09000015258789,14.149999618530273,13.423999786376953,13.449999809265137,1359900,13.449999809265137
7/27/2018,14.609999656677246,14.640000343322754,13.880000114440918,14.130000114440918,1110400,14.130000114440918
7/26/2018,14.5,14.75,14.291999816894531,14.609999656677246,748600,14.609999656677246
7/25/2018,14.350000381469727,14.65999984741211,14.260000228881836,14.619999885559082,785400,14.619999885559082
7/24/2018,14.8100004196167,14.819000244140625,14.25,14.289999961853027,876400,14.289999961853027
7/23/2018,14.579999923706055,14.739999771118164,14.229999542236328,14.680000305175781,850200,14.680000305175781
7/20/2018,14.829999923706055,14.899999618530273,14.569999694824219,14.569999694824219,778300,14.569999694824219
7/19/2018,14.699999809265137,15,14.699999809265137,14.819999694824219,1259500,14.819999694824219
7/18/2018,14.899999618530273,14.920000076293945,14.600000381469727,14.789999961853027,1266500,14.789999961853027
7/17/2018,14.720000267028809,15.029999732971191,14.680000305175781,14.90999984741211,1004900,14.90999984741211
7/16/2018,14.869999885559082,14.949999809265137,14.609999656677246,14.829999923706055,862300,14.829999923706055
7/13/2018,15.010000228881836,15.0600004196167,14.65999984741211,14.770000457763672,1539200,14.770000457763672
7/12/2018,14.819999694824219,15.079999923706055,14.6899995803833,15.029999732971191,1810100,15.029999732971191
7/11/2018,14.600000381469727,14.890000343322754,14.517999649047852,14.699999809265137,1089900,14.699999809265137
7/10/2018,14.710000038146973,14.899999618530273,14.600000381469727,14.789999961853027,1840900,14.789999961853027
7/9/2018,14.699999809265137,14.729999542236328,14.199999809265137,14.710000038146973,1630900,14.710000038146973
7/6/2018,14.100000381469727,14.6899995803833,14.100000381469727,14.619999885559082,1604400,14.619999885559082
7/5/2018,13.989999771118164,14.079999923706055,13.670000076293945,14.050000190734863,1260900,14.050000190734863
7/3/2018,13.829999923706055,13.944999694824219,13.710000038146973,13.859999656677246,603000,13.859999656677246
7/2/2018,13.5,13.788999557495117,13.420000076293945,13.760000228881836,1405400,13.760000228881836
6/29/2018,13.59000015258789,13.789999961853027,13.503000259399414,13.640000343322754,1420000,13.640000343322754
6/28/2018,13.09000015258789,13.569999694824219,12.949999809265137,13.449999809265137,2170000,13.449999809265137
6/27/2018,13.6899995803833,13.729999542236328,13.109999656677246,13.149999618530273,1857600,13.149999618530273
6/26/2018,13.84000015258789,13.869999885559082,13.319999694824219,13.670000076293945,2714500,13.670000076293945
6/25/2018,14.399999618530273,14.569999694824219,13.609999656677246,13.710000038146973,2540900,13.710000038146973
6/22/2018,15.279999732971191,15.350000381469727,14.460000038146973,14.539999961853027,2756400,14.539999961853027
6/21/2018,15.449999809265137,15.579999923706055,15.114999771118164,15.180000305175781,1198900,15.180000305175781
6/20/2018,15.5,15.680000305175781,15.390000343322754,15.479999542236328,1259200,15.479999542236328
6/19/2018,15.279999732971191,15.454999923706055,15.010000228881836,15.40999984741211,1476300,15.40999984741211
6/18/2018,15.069999694824219,15.75,15.055000305175781,15.479999542236328,2383100,15.479999542236328
6/15/2018,15.140000343322754,15.260000228881836,14.949999809265137,15.15999984741211,3720000,15.15999984741211
6/14/2018,15.5,15.6899995803833,15.369999885559082,15.600000381469727,2458700,15.600000381469727
6/13/2018,15.550000190734863,15.598999977111816,15.329999923706055,15.470000267028809,2455200,15.470000267028809
6/12/2018,15.479999542236328,15.6899995803833,15.199999809265137,15.5,3618500,15.5
6/11/2018,16,16,15.40999984741211,15.510000228881836,4048100,15.510000228881836
6/8/2018,16.020000457763672,16.530000686645508,16.020000457763672,16.139999389648438,3403600,16.139999389648438
6/7/2018,16.600000381469727,16.690000534057617,15.65999984741211,16.030000686645508,6608500,16.030000686645508
6/6/2018,17.09000015258789,17.34000015258789,16.940000534057617,17.18000030517578,2940100,17.18000030517578
6/5/2018,16.920000076293945,17.190000534057617,16.670000076293945,17.100000381469727,1600700,17.100000381469727
6/4/2018,16.75,16.950000762939453,16.520000457763672,16.90999984741211,1733900,16.90999984741211
6/1/2018,16.3799991607666,16.739999771118164,16.280000686645508,16.6299991607666,1503800,16.6299991607666
5/31/2018,16,16.290000915527344,15.932000160217285,16.219999313354492,2592300,16.219999313354492
5/30/2018,15.890000343322754,16.18000030517578,15.84000015258789,16.030000686645508,2539800,16.030000686645508
5/29/2018,15.75,15.949999809265137,15.699999809265137,15.859999656677246,1465600,15.859999656677246
5/25/2018,15.970000267028809,15.970000267028809,15.789999961853027,15.880000114440918,1408600,15.880000114440918
5/24/2018,16.110000610351562,16.15999984741211,15.920000076293945,15.930000305175781,1294600,15.930000305175781
5/23/2018,16.100000381469727,16.34000015258789,16,16.100000381469727,1476500,16.100000381469727
5/22/2018,16.299999237060547,16.65999984741211,16.1299991607666,16.200000762939453,2276200,16.200000762939453
5/21/2018,16.209999084472656,16.510000228881836,16.110000610351562,16.25,1082200,16.25
5/18/2018,15.850000381469727,16.15999984741211,15.8100004196167,16.100000381469727,968400,16.100000381469727
5/17/2018,16,16.469999313354492,15.75,15.850000381469727,1224400,15.850000381469727
5/16/2018,15.59000015258789,16.06999969482422,15.510000228881836,16,1662900,16
5/15/2018,15.579999923706055,15.729999542236328,15.38599967956543,15.59000015258789,1339200,15.59000015258789
5/14/2018,16.010000228881836,16.299999237060547,15.649999618530273,15.729999542236328,1010100,15.729999542236328
5/11/2018,16.510000228881836,16.549999237060547,15.899999618530273,15.960000038146973,1083200,15.960000038146973
5/10/2018,15.949999809265137,16.540000915527344,15.9399995803833,16.40999984741211,1464800,16.40999984741211
5/9/2018,15.970000267028809,16.100000381469727,15.75,15.869999885559082,2245700,15.869999885559082
5/8/2018,15.579999923706055,15.979999542236328,15.40999984741211,15.899999618530273,1171500,15.899999618530273
5/7/2018,15.369999885559082,16.020000457763672,15.28499984741211,15.630000114440918,2307000,15.630000114440918
5/4/2018,14.979999542236328,15.229000091552734,14.899999618530273,15.039999961853027,1055300,15.039999961853027
5/3/2018,14.609999656677246,15.140000343322754,14.460000038146973,15.050000190734863,1222900,15.050000190734863
5/2/2018,14.399999618530273,14.956999778747559,14.270000457763672,14.65999984741211,1545400,14.65999984741211
5/1/2018,14.220000267028809,14.4399995803833,14.017000198364258,14.420000076293945,1537100,14.420000076293945
4/30/2018,14.170000076293945,14.380000114440918,14.020000457763672,14.25,924700,14.25
4/27/2018,14.15999984741211,14.25,13.960000038146973,14.1899995803833,1006900,14.1899995803833
4/26/2018,14.180000305175781,14.300000190734863,14.020000457763672,14.15999984741211,1265100,14.15999984741211
4/25/2018,14.449999809265137,14.5,14.029999732971191,14.0600004196167,2077100,14.0600004196167
4/24/2018,14.90999984741211,15.180000305175781,14.41100025177002,14.470000267028809,2696900,14.470000267028809
4/23/2018,14.800000190734863,15.239999771118164,14.765999794006348,14.899999618530273,2429500,14.899999618530273
4/20/2018,14.600000381469727,14.859999656677246,14.5,14.739999771118164,1607100,14.739999771118164
4/19/2018,14.949999809265137,15.119999885559082,14.5,14.600000381469727,2465400,14.600000381469727
4/18/2018,14.380000114440918,14.970000267028809,14.350000381469727,14.90999984741211,2243700,14.90999984741211
4/17/2018,14.039999961853027,14.449999809265137,14.020000457763672,14.369999885559082,2777400,14.369999885559082
4/16/2018,13.920000076293945,14.149999618530273,13.748000144958496,14.020000457763672,2008300,14.020000457763672
4/13/2018,14.020000457763672,14.15999984741211,13.25,13.90999984741211,5450000,13.90999984741211
4/12/2018,13.479999542236328,14.350000381469727,13.380000114440918,13.890000343322754,9611900,13.890000343322754
4/11/2018,12.729999542236328,13.279999732971191,12.630000114440918,13.130000114440918,3347500,13.130000114440918
4/10/2018,12.859999656677246,12.979999542236328,12.569999694824219,12.760000228881836,2952800,12.760000228881836
4/9/2018,13.100000381469727,13.170000076293945,12.720000267028809,12.739999771118164,4485500,12.739999771118164
4/6/2018,13.529999732971191,13.550000190734863,12.899999618530273,12.979999542236328,7115600,12.979999542236328
4/5/2018,13.760000228881836,14.0600004196167,13.420000076293945,13.710000038146973,8545000,13.710000038146973
4/4/2018,14.050000190734863,14.380000114440918,13.199999809265137,13.289999961853027,27926700,13.289999961853027
4/3/2018,21.59000015258789,22.25,21.3700008392334,22.239999771118164,4614200,22.239999771118164
4/2/2018,21.579999923706055,22.424999237060547,21.06100082397461,21.229999542236328,1522400,21.229999542236328
3/29/2018,21.1299991607666,22.030000686645508,20.649999618530273,21.579999923706055,1439500,21.579999923706055
3/28/2018,21.239999771118164,21.420000076293945,20.1200008392334,20.93000030517578,1408500,20.93000030517578
3/27/2018,21.65999984741211,22.219999313354492,21.065000534057617,21.25,2443200,21.25
3/26/2018,20.59000015258789,21.6299991607666,20.170000076293945,21.59000015258789,2080000,21.59000015258789
3/23/2018,20.450000762939453,20.709999084472656,20.059999465942383,20.290000915527344,1379600,20.290000915527344
3/22/2018,19.899999618530273,20.945999145507812,19.841999053955078,20.489999771118164,2298900,20.489999771118164
3/21/2018,20.329999923706055,20.5,19.959999084472656,20.06999969482422,1135500,20.06999969482422
3/20/2018,19.540000915527344,20.309999465942383,19.450000762939453,20.260000228881836,1477400,20.260000228881836
3/19/2018,19.510000228881836,19.649999618530273,19.23900032043457,19.329999923706055,1748800,19.329999923706055
3/16/2018,19.799999237060547,19.799999237060547,19.329999923706055,19.610000610351562,1981000,19.610000610351562
3/15/2018,20.25,20.399999618530273,19.600000381469727,19.81999969482422,1289600,19.81999969482422
3/14/2018,20.170000076293945,20.3700008392334,19.90999984741211,20.34000015258789,535300,20.34000015258789
3/13/2018,20.329999923706055,20.520000457763672,20.020000457763672,20.139999389648438,824700,20.139999389648438
3/12/2018,20,20.549999237060547,19.760000228881836,20.229999542236328,1212600,20.229999542236328
3/9/2018,20.09000015258789,20.100000381469727,19.68000030517578,19.959999084472656,785600,19.959999084472656
3/8/2018,19.760000228881836,20,19.760000228881836,19.979999542236328,347200,19.979999542236328
3/7/2018,19.420000076293945,20.049999237060547,19.420000076293945,19.719999313354492,930100,19.719999313354492
3/6/2018,19.280000686645508,19.739999771118164,19.1299991607666,19.600000381469727,942600,19.600000381469727
3/5/2018,18.6200008392334,19.34000015258789,18.5,19.229999542236328,984100,19.229999542236328
3/2/2018,18.209999084472656,18.739999771118164,18.1299991607666,18.709999084472656,908500,18.709999084472656
3/1/2018,19.079999923706055,19.149999618530273,17.969999313354492,18.420000076293945,924700,18.420000076293945
2/28/2018,19.15999984741211,19.31999969482422,18.889999389648438,19.049999237060547,681200,19.049999237060547
2/27/2018,18.950000762939453,19.270000457763672,18.75,19.100000381469727,838400,19.100000381469727
2/26/2018,18.440000534057617,19.059999465942383,18.440000534057617,18.90999984741211,673800,18.90999984741211
2/23/2018,18.760000228881836,18.78499984741211,18.290000915527344,18.440000534057617,355700,18.440000534057617
2/22/2018,18.559999465942383,18.979999542236328,18.440000534057617,18.610000610351562,796500,18.610000610351562
2/21/2018,18.329999923706055,18.90999984741211,18.270000457763672,18.450000762939453,830700,18.450000762939453
2/20/2018,17.790000915527344,18.489999771118164,17.790000915527344,18.31999969482422,1063900,18.31999969482422
2/16/2018,17.959999084472656,18.200000762939453,17.809999465942383,17.81999969482422,628400,17.81999969482422
2/15/2018,18.239999771118164,18.270000457763672,17.5,17.979999542236328,769200,17.979999542236328
2/14/2018,17.559999465942383,18.170000076293945,17.450000762939453,18.100000381469727,613800,18.100000381469727
2/13/2018,17.299999237060547,17.780000686645508,17.299999237060547,17.65999984741211,471000,17.65999984741211
2/12/2018,17.25,17.71500015258789,17.020000457763672,17.690000534057617,674000,17.690000534057617
2/9/2018,17.649999618530273,17.780000686645508,16.520000457763672,17.149999618530273,1060100,17.149999618530273
2/8/2018,18.020000457763672,18.190000534057617,17.510000228881836,17.510000228881836,1223100,17.510000228881836
2/7/2018,17.709999084472656,17.989999771118164,17.5,17.8799991607666,992100,17.8799991607666
2/6/2018,16.799999237060547,17.809999465942383,16.700000762939453,17.709999084472656,1381900,17.709999084472656
2/5/2018,17.93000030517578,18.049999237060547,17.079999923706055,17.110000610351562,1385500,17.110000610351562
2/2/2018,18.639999389648438,18.920000076293945,17.950000762939453,18.1200008392334,1001300,18.1200008392334
2/1/2018,18.68000030517578,18.920000076293945,18.549999237060547,18.770000457763672,767900,18.770000457763672
1/31/2018,18.549999237060547,18.850000381469727,18.510000228881836,18.719999313354492,758600,18.719999313354492
1/30/2018,18.43000030517578,19.040000915527344,18.299999237060547,18.450000762939453,1661500,18.450000762939453
1/29/2018,18.690000534057617,18.940000534057617,18.5,18.530000686645508,1117600,18.530000686645508
1/26/2018,18.56999969482422,18.829999923706055,18.479999542236328,18.739999771118164,748400,18.739999771118164
1/25/2018,18.84000015258789,19.06999969482422,18.510000228881836,18.520000457763672,820700,18.520000457763672
1/24/2018,18.549999237060547,19.059999465942383,18.510000228881836,18.59000015258789,1084800,18.59000015258789
1/23/2018,18.200000762939453,18.584999084472656,18.18000030517578,18.549999237060547,1281200,18.549999237060547
1/22/2018,18.5,18.6200008392334,18.110000610351562,18.350000381469727,1287000,18.350000381469727
1/19/2018,18.81999969482422,18.878999710083008,18.43000030517578,18.450000762939453,999000,18.450000762939453
1/18/2018,17.8700008392334,19.110000610351562,17.360000610351562,18.68000030517578,3476300,18.68000030517578
1/17/2018,17.579999923706055,17.90999984741211,17.469999313354492,17.8799991607666,1159900,17.8799991607666
1/16/2018,18.360000610351562,18.378999710083008,17.40999984741211,17.440000534057617,2469500,17.440000534057617
1/12/2018,18.100000381469727,18.68000030517578,18,18.139999389648438,2226000,18.139999389648438
1/11/2018,18.3799991607666,18.437999725341797,17.860000610351562,17.90999984741211,1685800,17.90999984741211
1/10/2018,17.739999771118164,18.479999542236328,17.520000457763672,18.280000686645508,3977000,18.280000686645508
1/9/2018,17.1200008392334,17.280000686645508,16.940000534057617,17.18000030517578,844100,17.18000030517578
1/8/2018,17.200000762939453,17.209999084472656,16.702999114990234,17.149999618530273,866200,17.149999618530273
1/5/2018,17.25,17.40999984741211,17.18000030517578,17.25,626200,17.25
1/4/2018,17.510000228881836,17.700000762939453,17.15999984741211,17.25,904100,17.25
1/3/2018,17.299999237060547,17.6200008392334,17.299999237060547,17.530000686645508,868100,17.530000686645508
1/2/2018,16.420000076293945,17.40999984741211,16.35700035095215,17.389999389648438,1602900,17.389999389648438
12/29/2017,16.639999389648438,16.719999313354492,16.350000381469727,16.520000457763672,1023900,16.520000457763672
12/28/2017,16.760000228881836,16.889999389648438,16.610000610351562,16.670000076293945,587300,16.670000076293945
12/27/2017,16.709999084472656,16.989999771118164,16.43000030517578,16.809999465942383,905800,16.809999465942383
12/26/2017,17.31999969482422,17.3700008392334,16.75,16.760000228881836,1202800,16.760000228881836
12/22/2017,17.360000610351562,17.479999542236328,17.06999969482422,17.43000030517578,1071600,17.43000030517578
12/21/2017,17.229999542236328,17.549999237060547,17.229999542236328,17.420000076293945,1537900,17.420000076293945
12/20/2017,17.299999237060547,17.3700008392334,16.59000015258789,17.280000686645508,1701500,17.280000686645508
12/19/2017,17.34000015258789,17.40999984741211,16.969999313354492,17.049999237060547,2507900,17.049999237060547
12/18/2017,17.5,17.510000228881836,17.170000076293945,17.420000076293945,2464600,17.420000076293945
12/15/2017,17.469999313354492,17.68000030517578,17.299999237060547,17.510000228881836,11560000,17.510000228881836
12/14/2017,16.81999969482422,17.5049991607666,16.739999771118164,17.420000076293945,5175800,17.420000076293945
12/13/2017,16.420000076293945,16.989999771118164,16.420000076293945,16.829999923706055,2577300,16.829999923706055
12/12/2017,16.639999389648438,17.239999771118164,16.045000076293945,16.399999618530273,6319000,16.399999618530273
12/11/2017,16.84000015258789,17.25,16.34000015258789,16.920000076293945,2948800,16.920000076293945
12/8/2017,17.15999984741211,17.799999237060547,16.649999618530273,16.84000015258789,10016600,16.84000015258789
12/7/2017,15.779999732971191,16.299999237060547,15.75,16,3057800,16
12/6/2017,15.920000076293945,16.170000076293945,15.619999885559082,15.729999542236328,1233600,15.729999542236328
12/5/2017,15.5600004196167,16.399999618530273,15.539999961853027,15.989999771118164,1522300,15.989999771118164
12/4/2017,16.020000457763672,16.3799991607666,15.520000457763672,15.569999694824219,1230300,15.569999694824219
12/1/2017,15.739999771118164,16.219999313354492,15.649999618530273,15.920000076293945,1147300,15.920000076293945
11/30/2017,15.720000267028809,16,15.5600004196167,15.829999923706055,1293000,15.829999923706055
11/29/2017,15.430999755859375,16.670000076293945,15.3100004196167,15.609999656677246,2186100,15.609999656677246
11/28/2017,16.34000015258789,16.670000076293945,16.270000457763672,16.489999771118164,1308500,16.489999771118164
11/27/2017,16.200000762939453,16.40999984741211,16.059999465942383,16.350000381469727,1783600,16.350000381469727
11/24/2017,15.989999771118164,16.489999771118164,15.890000343322754,16.229999542236328,1064800,16.229999542236328
11/22/2017,15.869999885559082,16.09000015258789,15.5,15.9399995803833,981700,15.9399995803833
11/21/2017,15.649999618530273,16.030000686645508,15.579999923706055,15.829999923706055,1869400,15.829999923706055
11/20/2017,15.199999809265137,15.699999809265137,15.180000305175781,15.640000343322754,1945300,15.640000343322754
11/17/2017,15,15.319999694824219,15,15.289999961853027,1409300,15.289999961853027
11/16/2017,15.130000114440918,15.449999809265137,15.079999923706055,15.109999656677246,986500,15.109999656677246
11/15/2017,15.079999923706055,15.210000038146973,14.960000038146973,15.119999885559082,809500,15.119999885559082
11/14/2017,15.289999961853027,15.34000015258789,14.890000343322754,15.25,680600,15.25
11/13/2017,15.350000381469727,15.59000015258789,15.279999732971191,15.380000114440918,582200,15.380000114440918
11/10/2017,15.130000114440918,15.479999542236328,15.09000015258789,15.470000267028809,1040000,15.470000267028809
11/9/2017,15.350000381469727,15.380000114440918,14.9350004196167,15.170000076293945,766500,15.170000076293945
11/8/2017,15.050000190734863,15.539999961853027,15.050000190734863,15.529999732971191,1701700,15.529999732971191
11/7/2017,15.3100004196167,15.449999809265137,15.100000381469727,15.170000076293945,1631800,15.170000076293945
11/6/2017,15.6899995803833,15.869999885559082,15.449999809265137,15.59000015258789,1301200,15.59000015258789
11/3/2017,15.449999809265137,15.75,14.850000381469727,15.710000038146973,1701200,15.710000038146973
11/2/2017,15.260000228881836,15.489999771118164,15.170000076293945,15.479999542236328,1536700,15.479999542236328
11/1/2017,15.3100004196167,15.40999984741211,15.079999923706055,15.260000228881836,1240700,15.260000228881836
10/31/2017,15.149999618530273,15.239999771118164,14.899999618530273,15.130000114440918,1179500,15.130000114440918
10/30/2017,15.050000190734863,15.399999618530273,14.930000305175781,15.149999618530273,3182800,15.149999618530273
10/27/2017,14.550000190734863,15.003000259399414,14.5,14.899999618530273,2417800,14.899999618530273
10/26/2017,15.289999961853027,15.289999961853027,14.619999885559082,14.630000114440918,1765200,14.630000114440918
10/25/2017,15.550000190734863,15.805000305175781,14.90999984741211,15.220000267028809,4558900,15.220000267028809
10/24/2017,16.34000015258789,16.389999389648438,16.020000457763672,16.149999618530273,1004700,16.149999618530273
10/23/2017,16.350000381469727,16.3799991607666,16.06999969482422,16.31999969482422,780100,16.31999969482422
10/20/2017,15.640000343322754,16.31999969482422,15.460000038146973,16.25,1743000,16.25
10/19/2017,15.3100004196167,15.619999885559082,15.149999618530273,15.609999656677246,844800,15.609999656677246
10/18/2017,15.579999923706055,15.590999603271484,15.229999542236328,15.479999542236328,865700,15.479999542236328
10/17/2017,15.300000190734863,15.770000457763672,15.170000076293945,15.510000228881836,1124700,15.510000228881836
10/16/2017,15.75,15.800000190734863,15.130000114440918,15.380000114440918,1673100,15.380000114440918
10/13/2017,16.239999771118164,16.239999771118164,15.680000305175781,15.720000267028809,1148900,15.720000267028809
10/12/2017,15.800000190734863,16.209999084472656,15.630999565124512,16.209999084472656,1319200,16.209999084472656
10/11/2017,16.309999465942383,16.350000381469727,15.720000267028809,15.779999732971191,1689300,15.779999732971191
10/10/2017,16.799999237060547,16.80900001525879,16.209999084472656,16.309999465942383,1138300,16.309999465942383
10/9/2017,16.860000610351562,17.020000457763672,16.68000030517578,16.799999237060547,792600,16.799999237060547
10/6/2017,17.31999969482422,17.459999084472656,16.700000762939453,16.799999237060547,3181100,16.799999237060547
10/5/2017,17.399999618530273,17.700000762939453,17.030000686645508,17.5,1229400,17.5
10/4/2017,17,17.559999465942383,16.989999771118164,17.389999389648438,1336500,17.389999389648438
10/3/2017,16.420000076293945,17.197999954223633,16.340999603271484,17.170000076293945,1272200,17.170000076293945
10/2/2017,16.5,16.8700008392334,16.260000228881836,16.540000915527344,1469200,16.540000915527344
9/29/2017,16.93000030517578,17.1299991607666,16.520000457763672,16.6200008392334,1966100,16.6200008392334
9/28/2017,17.350000381469727,17.719999313354492,16.764999389648438,17.020000457763672,8309300,17.020000457763672
9/27/2017,16.6299991607666,16.889999389648438,16.399999618530273,16.59000015258789,991100,16.59000015258789
9/26/2017,16.360000610351562,16.969999313354492,16.299999237060547,16.459999084472656,806100,16.459999084472656
9/25/2017,16.950000762939453,17.094999313354492,16.059999465942383,16.079999923706055,813800,16.079999923706055
9/22/2017,17.329999923706055,17.450000762939453,16.709999084472656,16.90999984741211,864800,16.90999984741211
9/21/2017,17.190000534057617,17.488000869750977,17.06999969482422,17.290000915527344,472900,17.290000915527344
9/20/2017,17.200000762939453,17.43000030517578,17.079999923706055,17.170000076293945,768900,17.170000076293945
9/19/2017,17.450000762939453,17.450000762939453,17,17.1299991607666,702900,17.1299991607666
9/18/2017,18,18.030000686645508,16.860000610351562,17.31999969482422,1580600,17.31999969482422
9/15/2017,18.829999923706055,18.93000030517578,18.229999542236328,18.3799991607666,755700,18.3799991607666
9/14/2017,19,19.149999618530273,18.790000915527344,18.899999618530273,719300,18.899999618530273
9/13/2017,19.059999465942383,19.440000534057617,18.799999237060547,19.079999923706055,785400,19.079999923706055
9/12/2017,19,19.15999984741211,18.25,18.8799991607666,895800,18.8799991607666
9/11/2017,21.389999389648438,21.389999389648438,18.690000534057617,18.799999237060547,1975500,18.799999237060547
9/8/2017,22.030000686645508,22.399999618530273,20.309999465942383,20.989999771118164,2442900,20.989999771118164
9/7/2017,21,21.440000534057617,20.399999618530273,21.40999984741211,1676600,21.40999984741211
9/6/2017,19.940000534057617,21.510000228881836,19.739999771118164,21.049999237060547,1199900,21.049999237060547
9/5/2017,19.100000381469727,20.139999389648438,19.100000381469727,20.040000915527344,762300,20.040000915527344
9/1/2017,19.34000015258789,19.600000381469727,18.833999633789062,19.229999542236328,532000,19.229999542236328
8/31/2017,18.6200008392334,19.600000381469727,18.530000686645508,19.399999618530273,492400,19.399999618530273
8/30/2017,18.5,18.649999618530273,18.32200050354004,18.540000915527344,281300,18.540000915527344
8/29/2017,18.219999313354492,18.6299991607666,18.18000030517578,18.520000457763672,264300,18.520000457763672
8/28/2017,18.5,18.670000076293945,18.18000030517578,18.559999465942383,210300,18.559999465942383
8/25/2017,18.200000762939453,18.389999389648438,18.200000762939453,18.299999237060547,241400,18.299999237060547
8/24/2017,17.700000762939453,18.309999465942383,17.600000381469727,18.200000762939453,391400,18.200000762939453
8/23/2017,17.5,17.780000686645508,17.5,17.600000381469727,178300,17.600000381469727
8/22/2017,17.31999969482422,17.739999771118164,17.29800033569336,17.65999984741211,290600,17.65999984741211
8/21/2017,17.469999313354492,17.469999313354492,17,17.229999542236328,216800,17.229999542236328
8/18/2017,17.459999084472656,17.690000534057617,17.239999771118164,17.479999542236328,264100,17.479999542236328
8/17/2017,17.770000457763672,17.950000762939453,17.540000915527344,17.549999237060547,166700,17.549999237060547
8/16/2017,17.700000762939453,18.030000686645508,17.530000686645508,17.899999618530273,245600,17.899999618530273
8/15/2017,17.940000534057617,18.100000381469727,17.639999389648438,17.639999389648438,345700,17.639999389648438
8/14/2017,17.229999542236328,18.139999389648438,17.229999542236328,17.850000381469727,515900,17.850000381469727
8/11/2017,16.68000030517578,17.190000534057617,16.649999618530273,17.1299991607666,225300,17.1299991607666
8/10/2017,17.139999389648438,17.299999237060547,16.850000381469727,16.889999389648438,422100,16.889999389648438
8/9/2017,17.100000381469727,17.309999465942383,17,17.290000915527344,275500,17.290000915527344
8/8/2017,17.399999618530273,17.59000015258789,17.149999618530273,17.299999237060547,205400,17.299999237060547
8/7/2017,17.299999237060547,17.520000457763672,17.020000457763672,17.309999465942383,223400,17.309999465942383
8/4/2017,17.34000015258789,17.35099983215332,17.079999923706055,17.270000457763672,274400,17.270000457763672
8/3/2017,17.200000762939453,17.37299919128418,17,17.260000228881836,297600,17.260000228881836
8/2/2017,17.049999237060547,17.280000686645508,16.770000457763672,17.209999084472656,461500,17.209999084472656
8/1/2017,17.5,17.5,16.440000534057617,17.059999465942383,605600,17.059999465942383
7/31/2017,18.200000762939453,18.211000442504883,17.200000762939453,17.25,667500,17.25
7/28/2017,17.729999542236328,18.329999923706055,17.260000228881836,18.1299991607666,990000,18.1299991607666
7/27/2017,18.510000228881836,18.649999618530273,17.1299991607666,17.799999237060547,1408500,17.799999237060547
7/26/2017,18.989999771118164,19.042999267578125,18.3799991607666,18.600000381469727,1006800,18.600000381469727
7/25/2017,18.850000381469727,19.09000015258789,18.770999908447266,18.950000762939453,380000,18.950000762939453
7/24/2017,18.239999771118164,18.899999618530273,18.100000381469727,18.75,550800,18.75
7/21/2017,18.799999237060547,18.8700008392334,17.959999084472656,18.25,724400,18.25
7/20/2017,18.739999771118164,19.10099983215332,18.670000076293945,18.799999237060547,564200,18.799999237060547
7/19/2017,18.350000381469727,19.25,18.16200065612793,18.780000686645508,982500,18.780000686645508
7/18/2017,17.93000030517578,18.34000015258789,17.582000732421875,18.25,649700,18.25
7/17/2017,17.06999969482422,18.149999618530273,17.040000915527344,18.020000457763672,552600,18.020000457763672
7/14/2017,16.3799991607666,17.149999618530273,16.3799991607666,17.010000228881836,576400,17.010000228881836
7/13/2017,16.59000015258789,16.739999771118164,16.15999984741211,16.530000686645508,342400,16.530000686645508
7/12/2017,16.5,16.770000457763672,16.420000076293945,16.489999771118164,423900,16.489999771118164
7/11/2017,16.25,16.5,16.023000717163086,16.34000015258789,756200,16.34000015258789
7/10/2017,16.6299991607666,16.850000381469727,16.270000457763672,16.389999389648438,402300,16.389999389648438
7/7/2017,16.59000015258789,16.700000762939453,16.209999084472656,16.65999984741211,405400,16.65999984741211
7/6/2017,15.850000381469727,16.860000610351562,15.850000381469727,16.469999313354492,661800,16.469999313354492
7/5/2017,15.899999618530273,16.049999237060547,15.789999961853027,15.880000114440918,668500,15.880000114440918
7/3/2017,16.020000457763672,16.200000762939453,15.821999549865723,15.84000015258789,230000,15.84000015258789
6/30/2017,15.59000015258789,16.200000762939453,15.5600004196167,16.020000457763672,703700,16.020000457763672
6/29/2017,15.930000305175781,15.930000305175781,15.399999618530273,15.680000305175781,744000,15.680000305175781
6/28/2017,16.049999237060547,16.200000762939453,15.8100004196167,15.84000015258789,627700,15.84000015258789
6/27/2017,16.31999969482422,16.420000076293945,15.899999618530273,16,721800,16
6/26/2017,16.280000686645508,16.709999084472656,16.219999313354492,16.229999542236328,733500,16.229999542236328
6/23/2017,16.59000015258789,16.690000534057617,16.15999984741211,16.350000381469727,2390600,16.350000381469727
6/22/2017,17.010000228881836,17.134000778198242,16.350000381469727,16.719999313354492,1150000,16.719999313354492
6/21/2017,17.360000610351562,17.459999084472656,16.860000610351562,17.020000457763672,962000,17.020000457763672
6/20/2017,17.5,17.628999710083008,17.155000686645508,17.309999465942383,1026900,17.309999465942383
6/19/2017,17.700000762939453,17.7810001373291,17.040000915527344,17.469999313354492,1607400,17.469999313354492
6/16/2017,16.06999969482422,17.40999984741211,16,17.399999618530273,2319700,17.399999618530273
6/15/2017,16.360000610351562,16.739999771118164,15.859999656677246,16.110000610351562,1458800,16.110000610351562
6/14/2017,17.93000030517578,17.98699951171875,16.753999710083008,16.8799991607666,2122200,16.8799991607666
6/13/2017,18.690000534057617,19.06999969482422,17.75,17.809999465942383,1876300,17.809999465942383
6/12/2017,19.530000686645508,19.530000686645508,18.309999465942383,18.479999542236328,1915000,18.479999542236328
6/9/2017,20,20.5,19.05699920654297,19.40999984741211,7658900,19.40999984741211
6/8/2017,22.799999237060547,23.110000610351562,22.479999542236328,22.989999771118164,928500,22.989999771118164
6/7/2017,22.780000686645508,23,22.399999618530273,22.610000610351562,833900,22.610000610351562
6/6/2017,22.5,23.31999969482422,22.389999389648438,22.56999969482422,923900,22.56999969482422
6/5/2017,22.670000076293945,23.159000396728516,22.399999618530273,22.559999465942383,467500,22.559999465942383
6/2/2017,21.950000762939453,23,21.850000381469727,22.8700008392334,769800,22.8700008392334
6/1/2017,20.84000015258789,21.899999618530273,20.549999237060547,21.860000610351562,501400,21.860000610351562
5/31/2017,21.549999237060547,21.6299991607666,20.31999969482422,20.75,679300,20.75
5/30/2017,22.389999389648438,22.584999084472656,21.5,21.510000228881836,446800,21.510000228881836
5/26/2017,22.389999389648438,22.5,22.1200008392334,22.290000915527344,267900,22.290000915527344
5/25/2017,22.6299991607666,23.01799964904785,21.899999618530273,22.360000610351562,590900,22.360000610351562
5/24/2017,21.549999237060547,23.350000381469727,21.450000762939453,22.549999237060547,1185400,22.549999237060547
5/23/2017,21.040000915527344,21.799999237060547,20.959999084472656,21.59000015258789,912800,21.59000015258789
5/22/2017,20.020000457763672,21.149999618530273,19.81999969482422,20.90999984741211,726000,20.90999984741211
5/19/2017,20.1200008392334,20.350000381469727,19.649999618530273,20.010000228881836,689800,20.010000228881836
5/18/2017,20.100000381469727,20.8799991607666,19.90999984741211,20.110000610351562,687000,20.110000610351562
5/17/2017,20.790000915527344,20.81999969482422,19.799999237060547,20.100000381469727,985700,20.100000381469727
5/16/2017,21.649999618530273,23.079999923706055,20.84000015258789,20.969999313354492,1445800,20.969999313354492
5/15/2017,21,21.5,20.503000259399414,21.350000381469727,1189500,21.350000381469727
5/12/2017,19.8799991607666,20.8799991607666,19.649999618530273,20.799999237060547,672500,20.799999237060547
5/11/2017,20.010000228881836,20.079999923706055,19.5310001373291,19.940000534057617,494600,19.940000534057617
5/10/2017,20.170000076293945,20.5,19.850000381469727,19.989999771118164,730900,19.989999771118164
5/9/2017,19.649999618530273,20.229999542236328,19.6299991607666,20.049999237060547,624300,20.049999237060547
5/8/2017,20.260000228881836,20.280000686645508,19.540000915527344,19.59000015258789,781600,19.59000015258789
5/5/2017,20.049999237060547,20.65999984741211,19.31999969482422,19.969999313354492,1055100,19.969999313354492
5/4/2017,21.100000381469727,22.020000457763672,19.25,19.579999923706055,3256400,19.579999923706055
5/3/2017,18.309999465942383,20.1200008392334,18.209999084472656,20.1200008392334,1520100,20.1200008392334
5/2/2017,18.3700008392334,18.489999771118164,18.100000381469727,18.389999389648438,720200,18.389999389648438
5/1/2017,18.969999313354492,19.09000015258789,18.15999984741211,18.190000534057617,1728700,18.190000534057617
4/28/2017,17.799999237060547,19.329999923706055,17.729999542236328,18.100000381469727,14841900,18.100000381469727
