4/22/2019,21.059999465942383,23.344999313354492,21.059999465942383,23.15999984741211,7393100,23.15999984741211
4/18/2019,21.149999618530273,21.34000015258789,20.600000381469727,21.25,2141200,21.25
4/17/2019,21.90999984741211,21.979000091552734,21.040000915527344,21.149999618530273,4526800,21.149999618530273
4/16/2019,22.25,22.34600067138672,21.68000030517578,21.799999237060547,1795000,21.799999237060547
4/15/2019,22.290000915527344,22.530000686645508,22.110000610351562,22.149999618530273,1003900,22.149999618530273
4/12/2019,22.200000762939453,22.405000686645508,21.959999084472656,22.34000015258789,1929700,22.34000015258789
4/11/2019,22.280000686645508,22.440000534057617,22.030000686645508,22.079999923706055,1033000,22.079999923706055
4/10/2019,21.959999084472656,22.329999923706055,21.940000534057617,22.280000686645508,1614900,22.280000686645508
4/9/2019,21.979999542236328,22.15999984741211,21.780000686645508,21.940000534057617,2380000,21.940000534057617
4/8/2019,21.790000915527344,22.3799991607666,21.59000015258789,22.139999389648438,1885500,22.139999389648438
4/5/2019,22.020000457763672,22.100000381469727,21.81999969482422,21.950000762939453,1970300,21.950000762939453
4/4/2019,22.229999542236328,22.420000076293945,21.709999084472656,21.899999618530273,2329900,21.899999618530273
4/3/2019,22.15999984741211,22.549999237060547,22.09000015258789,22.280000686645508,1869400,22.280000686645508
4/2/2019,21.510000228881836,22.139999389648438,21.350000381469727,22.1299991607666,3500600,22.1299991607666
4/1/2019,22,22.15999984741211,21.459999084472656,21.56999969482422,2821600,21.56999969482422
3/29/2019,21.670000076293945,21.950000762939453,21.579999923706055,21.799999237060547,2879400,21.799999237060547
3/28/2019,21.459999084472656,21.56999969482422,21.139999389648438,21.5,2003900,21.5
3/27/2019,21.93000030517578,21.950000762939453,21.079999923706055,21.420000076293945,2970900,21.420000076293945
3/26/2019,22.020000457763672,22.1200008392334,21.780000686645508,21.959999084472656,1361900,21.959999084472656
3/25/2019,21.5,21.8799991607666,21.334999084472656,21.829999923706055,1856600,21.829999923706055
3/22/2019,22.5,22.700000762939453,21.670000076293945,21.719999313354492,3392300,21.719999313354492
3/21/2019,22.030000686645508,22.739999771118164,22.010000228881836,22.65999984741211,2311600,22.65999984741211
3/20/2019,22.34000015258789,22.450000762939453,22.049999237060547,22.100000381469727,1745300,22.100000381469727
3/19/2019,22.209999084472656,22.489999771118164,22.020000457763672,22.31999969482422,2615400,22.31999969482422
3/18/2019,22.299999237060547,22.459999084472656,21.979999542236328,22.15999984741211,3246600,22.15999984741211
3/15/2019,22.299999237060547,22.549999237060547,22.149999618530273,22.309999465942383,2359100,22.309999465942383
3/14/2019,22.479999542236328,22.8700008392334,22.079999923706055,22.1299991607666,3085700,22.1299991607666
3/13/2019,23.010000228881836,23.280000686645508,22.59000015258789,22.59000015258789,3397000,22.59000015258789
3/12/2019,22.84000015258789,23.2450008392334,22.700000762939453,23.110000610351562,2345500,23.110000610351562
3/11/2019,22.270000457763672,23,22.229999542236328,22.639999389648438,2242000,22.639999389648438
3/8/2019,22.030000686645508,22.489999771118164,21.84000015258789,22.229999542236328,2440600,22.229999542236328
3/7/2019,22.600000381469727,22.75,22.190000534057617,22.510000228881836,2721200,22.510000228881836
3/6/2019,23.450000762939453,23.450000762939453,22.2549991607666,22.6299991607666,5492000,22.6299991607666
3/5/2019,23.760000228881836,23.790000915527344,23.514999389648438,23.540000915527344,2056100,23.540000915527344
3/4/2019,24,24,23.37700080871582,23.860000610351562,4560900,23.860000610351562
3/1/2019,23.920000076293945,24,23.600000381469727,23.889999389648438,3471600,23.889999389648438
2/28/2019,24,24.100000381469727,23.31999969482422,23.860000610351562,3922900,23.860000610351562
2/27/2019,23.850000381469727,24.350000381469727,23.5,24.239999771118164,3441800,24.239999771118164
2/26/2019,23.280000686645508,24.389999389648438,23.25,24.34000015258789,4623200,24.34000015258789
2/25/2019,23.530000686645508,23.979999542236328,23.43000030517578,23.59000015258789,4989800,23.59000015258789
2/22/2019,23.799999237060547,24.200000762939453,23.030000686645508,23.450000762939453,13652100,23.450000762939453
2/21/2019,25.709999084472656,25.739999771118164,24.93000030517578,25.59000015258789,7690400,25.59000015258789
2/20/2019,26.299999237060547,26.489999771118164,25.469999313354492,25.489999771118164,3002300,25.489999771118164
2/19/2019,25.3799991607666,26.209999084472656,25.329999923706055,25.989999771118164,2801400,25.989999771118164
2/15/2019,26,26,25.479999542236328,25.540000915527344,1906200,25.540000915527344
2/14/2019,25.530000686645508,25.94499969482422,25.31999969482422,25.780000686645508,1701600,25.780000686645508
2/13/2019,25.559999465942383,25.639999389648438,25.219999313354492,25.450000762939453,1354400,25.450000762939453
2/12/2019,25.440000534057617,25.600000381469727,25.25,25.43000030517578,1218900,25.43000030517578
2/11/2019,25.469999313354492,25.649999618530273,25.079999923706055,25.149999618530273,1591300,25.149999618530273
2/8/2019,24.610000610351562,25.469999313354492,24.510000228881836,25.420000076293945,1834700,25.420000076293945
2/7/2019,25.100000381469727,25.209999084472656,24.40999984741211,24.790000915527344,1462100,24.790000915527344
2/6/2019,25.25,25.440000534057617,24.75,25.239999771118164,1906500,25.239999771118164
2/5/2019,24.639999389648438,25.295000076293945,24.489999771118164,25.200000762939453,3021300,25.200000762939453
2/4/2019,24.389999389648438,24.850000381469727,24,24.56999969482422,1697800,24.56999969482422
2/1/2019,24.549999237060547,24.649999618530273,23.270000457763672,24.239999771118164,4505100,24.239999771118164
1/31/2019,24.040000915527344,24.989999771118164,24,24.709999084472656,3611300,24.709999084472656
1/30/2019,23.5,24.045000076293945,23.329999923706055,23.93000030517578,1476800,23.93000030517578
1/29/2019,24.06999969482422,24.100000381469727,23.079999923706055,23.239999771118164,1723100,23.239999771118164
1/28/2019,23.6299991607666,24.18000030517578,23.239999771118164,24.139999389648438,2131600,24.139999389648438
1/25/2019,23.68000030517578,24.100000381469727,23.489999771118164,23.899999618530273,2680600,23.899999618530273
1/24/2019,23.190000534057617,23.469999313354492,23.010000228881836,23.389999389648438,1347200,23.389999389648438
1/23/2019,23.360000610351562,23.549999237060547,23.040000915527344,23.309999465942383,1913100,23.309999465942383
1/22/2019,23.399999618530273,23.5,22.649999618530273,22.899999618530273,1931200,22.899999618530273
1/18/2019,22.860000610351562,23.799999237060547,22.719999313354492,23.59000015258789,2870300,23.59000015258789
1/17/2019,22.5,22.812999725341797,22.270000457763672,22.600000381469727,1493700,22.600000381469727
1/16/2019,22.56999969482422,22.700000762939453,22.15999984741211,22.479999542236328,1377500,22.479999542236328
1/15/2019,21.989999771118164,22.790000915527344,21.979999542236328,22.579999923706055,1618500,22.579999923706055
1/14/2019,22.219999313354492,22.229999542236328,21.910999298095703,22.010000228881836,1402100,22.010000228881836
1/11/2019,22.290000915527344,22.530000686645508,22.110000610351562,22.389999389648438,1552100,22.389999389648438
1/10/2019,22.1299991607666,22.799999237060547,22.010000228881836,22.489999771118164,1507800,22.489999771118164
1/9/2019,22.010000228881836,22.610000610351562,21.760000228881836,22.299999237060547,2066100,22.299999237060547
1/8/2019,22.040000915527344,22.219999313354492,21.6200008392334,22.06999969482422,1805000,22.06999969482422
1/7/2019,21.3799991607666,22.149999618530273,21.110000610351562,21.760000228881836,2418800,21.760000228881836
1/4/2019,20.549999237060547,21.459999084472656,20.5,21.280000686645508,1815600,21.280000686645508
1/3/2019,20.40999984741211,20.850000381469727,20.059999465942383,20.09000015258789,1688300,20.09000015258789
1/2/2019,19.959999084472656,20.899999618530273,19.760000228881836,20.670000076293945,2253600,20.670000076293945
12/31/2018,20.969999313354492,21.18000030517578,20.100000381469727,20.43000030517578,3862600,20.43000030517578
12/28/2018,20.940000534057617,21.149999618530273,20.280000686645508,20.790000915527344,2171300,20.790000915527344
12/27/2018,20.440000534057617,20.90999984741211,20.06999969482422,20.8700008392334,1600900,20.8700008392334
12/26/2018,19.989999771118164,20.770000457763672,19.65999984741211,20.760000228881836,3460500,20.760000228881836
12/24/2018,18.549999237060547,20.030000686645508,18.5,19.75,2187800,19.75
12/21/2018,20.639999389648438,20.790000915527344,18.770000457763672,19.3799991607666,7083400,19.3799991607666
12/20/2018,21.40999984741211,21.58099937438965,19.697999954223633,20.3700008392334,5135400,20.3700008392334
12/19/2018,21.459999084472656,22,21.229999542236328,21.559999465942383,3500000,21.559999465942383
12/18/2018,21.93000030517578,22.225000381469727,21.190000534057617,21.459999084472656,3845100,21.459999084472656
12/17/2018,22.34000015258789,22.375,21.389999389648438,21.760000228881836,3291200,21.760000228881836
12/14/2018,22.65999984741211,23.450000762939453,22.5,22.600000381469727,1990800,22.600000381469727
12/13/2018,22.90999984741211,23.389999389648438,22.739999771118164,23.190000534057617,2102100,23.190000534057617
12/12/2018,22.920000076293945,23.3700008392334,22.770000457763672,22.809999465942383,1742400,22.809999465942383
12/11/2018,22.520000457763672,23.275999069213867,22.25,22.56999969482422,2892600,22.56999969482422
12/10/2018,21.389999389648438,22.329999923706055,21.350000381469727,22.010000228881836,2801000,22.010000228881836
12/7/2018,22.18000030517578,22.600000381469727,21.15999984741211,21.510000228881836,3077400,21.510000228881836
12/6/2018,21.860000610351562,22.610000610351562,21.469999313354492,22.420000076293945,3416200,22.420000076293945
12/4/2018,23.360000610351562,23.700000762939453,22.350000381469727,22.420000076293945,2560500,22.420000076293945
12/3/2018,23.899999618530273,24,23.43000030517578,23.770000457763672,3843300,23.770000457763672
11/30/2018,24.270000457763672,24.270000457763672,22.709999084472656,23.389999389648438,9758400,23.389999389648438
11/29/2018,23.8799991607666,24.639999389648438,23.530000686645508,24.459999084472656,3591200,24.459999084472656
11/28/2018,23.43000030517578,24.239999771118164,23,24.190000534057617,5568500,24.190000534057617
11/27/2018,23.09000015258789,23.399999618530273,22.56999969482422,23.040000915527344,3636200,23.040000915527344
11/26/2018,22.510000228881836,23.690000534057617,22.510000228881836,23.65999984741211,4483900,23.65999984741211
11/23/2018,21.540000915527344,22.440000534057617,21.5,22.350000381469727,1111800,22.350000381469727
11/21/2018,21.68000030517578,22.09000015258789,21.239999771118164,21.75,2496800,21.75
11/20/2018,20,21.780000686645508,19.540000915527344,21.450000762939453,4278000,21.450000762939453
11/19/2018,23.059999465942383,23.145000457763672,21.31999969482422,21.549999237060547,5910400,21.549999237060547
11/16/2018,23.899999618530273,24.280000686645508,23.200000762939453,23.270000457763672,4518100,23.270000457763672
11/15/2018,23.260000228881836,24.690000534057617,23.020000457763672,24.600000381469727,3167400,24.600000381469727
11/14/2018,23.809999465942383,24.239999771118164,23.3700008392334,23.559999465942383,3897000,23.559999465942383
11/13/2018,24.09000015258789,24.610000610351562,23.360000610351562,23.670000076293945,3562100,23.670000076293945
11/12/2018,24.68000030517578,25.010000228881836,23.56999969482422,24.34000015258789,5441700,24.34000015258789
11/9/2018,27.020000457763672,27.149999618530273,24.75,25.549999237060547,14744600,25.549999237060547
11/8/2018,24.940000534057617,25.53499984741211,24.25,24.739999771118164,7141700,24.739999771118164
11/7/2018,24.510000228881836,25.360000610351562,24.43000030517578,25.010000228881836,3021400,25.010000228881836
11/6/2018,23.90999984741211,24.450000762939453,23.780000686645508,24.049999237060547,1623500,24.049999237060547
11/5/2018,23.899999618530273,24.09000015258789,23.649999618530273,24.059999465942383,1580400,24.059999465942383
11/2/2018,23.979999542236328,24.1200008392334,23.389999389648438,24.030000686645508,2132700,24.030000686645508
11/1/2018,23.5,24,23.1200008392334,23.719999313354492,1756800,23.719999313354492
10/31/2018,23.110000610351562,23.799999237060547,23,23.469999313354492,2529300,23.469999313354492
10/30/2018,21.989999771118164,22.809999465942383,21.774999618530273,22.799999237060547,2360400,22.799999237060547
10/29/2018,22.09000015258789,22.829999923706055,21.6299991607666,22.010000228881836,2328300,22.010000228881836
10/26/2018,21.649999618530273,22.59000015258789,21.510000228881836,21.709999084472656,2717300,21.709999084472656
10/25/2018,22.229999542236328,22.469999313354492,21.360000610351562,22.350000381469727,2895800,22.350000381469727
10/24/2018,23.299999237060547,23.299999237060547,21.969999313354492,21.989999771118164,2726300,21.989999771118164
10/23/2018,22.610000610351562,23.594999313354492,22.51099967956543,23.360000610351562,2923300,23.360000610351562
10/22/2018,23.40999984741211,23.68000030517578,22.950000762939453,23.420000076293945,2288800,23.420000076293945
10/19/2018,24.190000534057617,24.65999984741211,23.260000228881836,23.3799991607666,1605800,23.3799991607666
10/18/2018,24.600000381469727,24.760000228881836,23.75,24.190000534057617,1750700,24.190000534057617
10/17/2018,24.889999389648438,24.959999084472656,24.3799991607666,24.860000610351562,1457900,24.860000610351562
10/16/2018,24.25,25.010000228881836,24.200000762939453,24.899999618530273,2197800,24.899999618530273
10/15/2018,23.760000228881836,24.190000534057617,23.25,23.969999313354492,1828800,23.969999313354492
10/12/2018,23.3700008392334,24,23.270000457763672,23.920000076293945,4268800,23.920000076293945
10/11/2018,22.59000015258789,23.56999969482422,22.06999969482422,22.8700008392334,5771000,22.8700008392334
10/10/2018,23.420000076293945,23.559999465942383,22.190000534057617,22.780000686645508,7874700,22.780000686645508
10/9/2018,22.3799991607666,23.389999389648438,22.18000030517578,22.75,4785100,22.75
10/8/2018,23.5,23.81999969482422,22.149999618530273,22.850000381469727,5834500,22.850000381469727
10/5/2018,24.690000534057617,24.860000610351562,22.920000076293945,24.06999969482422,8569500,24.06999969482422
10/4/2018,26.06999969482422,26.209999084472656,24.170000076293945,24.540000915527344,6012900,24.540000915527344
10/3/2018,26.3700008392334,26.520000457763672,26.059999465942383,26.25,1672000,26.25
10/2/2018,26.3799991607666,26.530000686645508,26.030000686645508,26.31999969482422,2659700,26.31999969482422
10/1/2018,26.81999969482422,26.93000030517578,25.700000762939453,26.219999313354492,4674300,26.219999313354492
9/28/2018,26.899999618530273,27.040000915527344,26.309999465942383,26.829999923706055,3221200,26.829999923706055
9/27/2018,27.209999084472656,27.290000915527344,26.951000213623047,27.049999237060547,1540100,27.049999237060547
9/26/2018,27.25,27.350000381469727,26.549999237060547,27.110000610351562,3638300,27.110000610351562
9/25/2018,26.309999465942383,27.200000762939453,26.299999237060547,27.139999389648438,3663500,27.139999389648438
9/24/2018,25.989999771118164,26.399999618530273,25.55500030517578,26.329999923706055,3330100,26.329999923706055
9/21/2018,26.739999771118164,27.020000457763672,26.18000030517578,26.360000610351562,6765500,26.360000610351562
9/20/2018,25.670000076293945,27,25.6299991607666,26.5,6480900,26.5
9/19/2018,26.530000686645508,26.75,25.030000686645508,25.65999984741211,6276500,25.65999984741211
9/18/2018,26.389999389648438,26.770000457763672,26.34000015258789,26.360000610351562,2381500,26.360000610351562
9/17/2018,25.799999237060547,26.75,25.799999237060547,26.200000762939453,3722100,26.200000762939453
9/14/2018,25.729999542236328,26.219999313354492,25.700000762939453,26.079999923706055,2909500,26.079999923706055
9/13/2018,26.399999618530273,26.524999618530273,25.459999084472656,25.729999542236328,4083800,25.729999542236328
9/12/2018,26.760000228881836,26.89699935913086,25.780000686645508,26.139999389648438,4784700,26.139999389648438
9/11/2018,26.549999237060547,27.290000915527344,26.51099967956543,26.969999313354492,2786900,26.969999313354492
9/10/2018,26.75,27.1200008392334,26.329999923706055,26.8799991607666,3629500,26.8799991607666
9/7/2018,25.100000381469727,26.8700008392334,24.780000686645508,26.760000228881836,6305700,26.760000228881836
9/6/2018,26.459999084472656,26.510000228881836,25.190000534057617,25.739999771118164,6803400,25.739999771118164
9/5/2018,26.709999084472656,26.899999618530273,25.649999618530273,26.600000381469727,6721300,26.600000381469727
9/4/2018,26.639999389648438,26.979999542236328,26.40999984741211,26.959999084472656,5090900,26.959999084472656
8/31/2018,26.610000610351562,27,26.50200080871582,26.850000381469727,3005000,26.850000381469727
8/30/2018,26.969999313354492,27.010000228881836,26.25,26.700000762939453,4212700,26.700000762939453
8/29/2018,27.020000457763672,27.389999389648438,26.75,27.010000228881836,6147600,27.010000228881836
8/28/2018,27.360000610351562,27.399999618530273,26.520000457763672,27.15999984741211,8478400,27.15999984741211
8/27/2018,27,27.700000762939453,26.950000762939453,27.3799991607666,7189600,27.3799991607666
8/24/2018,27.56999969482422,27.959999084472656,26.5,27.030000686645508,23986900,27.030000686645508
8/23/2018,28,28.799999237060547,27.75,28.34000015258789,3613900,28.34000015258789
8/22/2018,28.200000762939453,28.75,28,28.079999923706055,3458100,28.079999923706055
8/21/2018,27.700000762939453,28.34000015258789,27.18000030517578,28.270000457763672,4623500,28.270000457763672
8/20/2018,27.420000076293945,27.81999969482422,26.65999984741211,27.6200008392334,5149700,27.6200008392334
8/17/2018,28.059999465942383,28.229999542236328,27,27.510000228881836,6564600,27.510000228881836
8/16/2018,29.232999801635742,29.25,28.010000228881836,28.229999542236328,5359200,28.229999542236328
8/15/2018,28.56999969482422,29.200000762939453,28.200000762939453,28.969999313354492,3791900,28.969999313354492
8/14/2018,29.450000762939453,29.450000762939453,27.729999542236328,28.969999313354492,10805300,28.969999313354492
8/13/2018,31.479999542236328,31.950000762939453,29.100000381469727,29.15999984741211,11146900,29.15999984741211
8/10/2018,31.760000228881836,32.25,30.809999465942383,31.049999237060547,22123400,31.049999237060547
8/9/2018,31.649999618530273,34.95000076293945,31.60099983215332,34.43000030517578,17840600,34.43000030517578
8/8/2018,31.75,31.790000915527344,30.610000610351562,31.549999237060547,2925500,31.549999237060547
8/7/2018,30.510000228881836,31.790000915527344,30.399999618530273,31.520000457763672,4437600,31.520000457763672
8/6/2018,30.25,30.40999984741211,29.43000030517578,30.280000686645508,4124000,30.280000686645508
8/3/2018,30.030000686645508,30.031999588012695,28.809999465942383,29.969999313354492,3656000,29.969999313354492
8/2/2018,28.09000015258789,29.950000762939453,27.84000015258789,29.809999465942383,5371600,29.809999465942383
8/1/2018,27.549999237060547,28.649999618530273,27.219999313354492,27.809999465942383,4934400,27.809999465942383
7/31/2018,28,28.299999237060547,26.610000610351562,26.770000457763672,3947100,26.770000457763672
7/30/2018,30.100000381469727,30.399999618530273,27.399999618530273,27.770000457763672,6040400,27.770000457763672
7/27/2018,30.959999084472656,31.559999465942383,29.229999542236328,30.030000686645508,3221200,30.030000686645508
7/26/2018,31,31.360000610351562,30.600000381469727,30.709999084472656,1895200,30.709999084472656
7/25/2018,30.59000015258789,31.700000762939453,30.56999969482422,31.309999465942383,2511600,31.309999465942383
7/24/2018,32.31999969482422,32.69900131225586,30.149999618530273,30.75,4942500,30.75
7/23/2018,31.020000457763672,32.02000045776367,30.780000686645508,31.799999237060547,2894000,31.799999237060547
7/20/2018,31.34000015258789,31.579999923706055,30.8700008392334,31,1517100,31
7/19/2018,31.25,31.719999313354492,30.899999618530273,31.299999237060547,1958300,31.299999237060547
7/18/2018,31.350000381469727,31.986000061035156,31.1200008392334,31.239999771118164,1357300,31.239999771118164
7/17/2018,31.8799991607666,32.72999954223633,30.5,31.649999618530273,6014400,31.649999618530273
7/16/2018,32.15999984741211,32.43000030517578,31.510000228881836,32.27000045776367,1976400,32.27000045776367
7/13/2018,32.5,32.83000183105469,31.40999984741211,32.16999816894531,2409100,32.16999816894531
7/12/2018,31.34000015258789,32.689998626708984,30.950000762939453,32.41999816894531,3727900,32.41999816894531
7/11/2018,31.06999969482422,31.649999618530273,30.450000762939453,30.940000534057617,3297100,30.940000534057617
7/10/2018,31.979999542236328,32.900001525878906,31.049999237060547,31.280000686645508,4758400,31.280000686645508
7/9/2018,31.549999237060547,32.08000183105469,30.75,31.780000686645508,4204300,31.780000686645508
7/6/2018,31.540000915527344,32.08000183105469,31.270000457763672,31.360000610351562,3881000,31.360000610351562
7/5/2018,32.099998474121094,32.25,31.100000381469727,31.459999084472656,3420900,31.459999084472656
7/3/2018,33.02000045776367,33.22999954223633,31.889999389648438,32,1865000,32
7/2/2018,32.25,33.72999954223633,31.799999237060547,32.79999923706055,4212000,32.79999923706055
6/29/2018,33.560001373291016,34,31.739999771118164,32.41999816894531,6491000,32.41999816894531
6/28/2018,31.100000381469727,33.43000030517578,30.649999618530273,33.400001525878906,5733300,33.400001525878906
6/27/2018,33.040000915527344,33.59000015258789,31.190000534057617,31.219999313354492,5208600,31.219999313354492
6/26/2018,33.29999923706055,34.09000015258789,32.560001373291016,32.77000045776367,7061800,32.77000045776367
6/25/2018,33.22999954223633,34.59000015258789,32.15299987792969,32.52000045776367,8311900,32.52000045776367
6/22/2018,36.369998931884766,37,33.599998474121094,33.720001220703125,9475500,33.720001220703125
6/21/2018,36.90999984741211,38.4900016784668,35.36000061035156,35.689998626708984,7154000,35.689998626708984
6/20/2018,40.70000076293945,40.7400016784668,36.529998779296875,37.29999923706055,9481900,37.29999923706055
6/19/2018,41.349998474121094,42.88999938964844,38.5,39.70000076293945,12730700,39.70000076293945
6/18/2018,39,43.5,38.119998931884766,42,16268900,42
6/15/2018,36.119998931884766,40.084999084472656,35.349998474121094,39.599998474121094,19674900,39.599998474121094
6/14/2018,32.47999954223633,38.09000015258789,32.20500183105469,36.119998931884766,23701100,36.119998931884766
6/13/2018,30.809999465942383,31.899999618530273,30.459999084472656,31.670000076293945,3523000,31.670000076293945
6/12/2018,30.219999313354492,31,29.920000076293945,30.829999923706055,2650500,30.829999923706055
6/11/2018,30.1200008392334,30.405000686645508,29.899999618530273,30.100000381469727,1286400,30.100000381469727
6/8/2018,30.110000610351562,30.549999237060547,29.8799991607666,29.959999084472656,1770800,29.959999084472656
6/7/2018,31.290000915527344,31.299999237060547,29.809999465942383,30.270000457763672,2489700,30.270000457763672
6/6/2018,31.100000381469727,31.889999389648438,30.3700008392334,31.229999542236328,3475300,31.229999542236328
6/5/2018,29.809999465942383,30.969999313354492,29.809999465942383,30.889999389648438,2716100,30.889999389648438
6/4/2018,29.989999771118164,30.299999237060547,29.510000228881836,29.979999542236328,1935100,29.979999542236328
6/1/2018,30,30.229999542236328,29.420000076293945,29.649999618530273,2306100,29.649999618530273
5/31/2018,30.270000457763672,30.600000381469727,29.809999465942383,29.989999771118164,1369200,29.989999771118164
5/30/2018,29.899999618530273,30.56999969482422,29.780000686645508,30.469999313354492,1496600,30.469999313354492
5/29/2018,29.940000534057617,30.100000381469727,29.40999984741211,29.780000686645508,966500,29.780000686645508
5/25/2018,30.100000381469727,30.382999420166016,29.799999237060547,29.969999313354492,958300,29.969999313354492
5/24/2018,29.799999237060547,30.5,29.56999969482422,30.200000762939453,1238200,30.200000762939453
5/23/2018,30,30.1299991607666,29.549999237060547,29.739999771118164,1459000,29.739999771118164
5/22/2018,30.049999237060547,30.459999084472656,30.010000228881836,30.09000015258789,883300,30.09000015258789
5/21/2018,30.450000762939453,30.600000381469727,29.950000762939453,30.09000015258789,1444200,30.09000015258789
5/18/2018,30.600000381469727,30.75,30.15999984741211,30.200000762939453,1232600,30.200000762939453
5/17/2018,30.950000762939453,31.31999969482422,30.350000381469727,30.549999237060547,1817600,30.549999237060547
5/16/2018,29.780000686645508,30.950000762939453,29.6200008392334,30.739999771118164,2859500,30.739999771118164
5/15/2018,29.940000534057617,30.110000610351562,29.5,29.549999237060547,2766300,29.549999237060547
5/14/2018,31.6200008392334,31.75,29.700000762939453,29.959999084472656,4929300,29.959999084472656
5/11/2018,31.950000762939453,32.380001068115234,30.59000015258789,31.280000686645508,7338600,31.280000686645508
5/10/2018,32.29999923706055,32.29999923706055,31.40999984741211,32,6650900,32
5/9/2018,30.600000381469727,31.5,30.139999389648438,31.399999618530273,3258800,31.399999618530273
5/8/2018,29.56999969482422,30.299999237060547,29.5,30.229999542236328,1518900,30.229999542236328
5/7/2018,29.489999771118164,29.878999710083008,29.329999923706055,29.40999984741211,1807900,29.40999984741211
5/4/2018,30.1299991607666,30.399999618530273,29.049999237060547,29.1299991607666,1793100,29.1299991607666
5/3/2018,30.75,31.010000228881836,29.739999771118164,30.190000534057617,1127700,30.190000534057617
5/2/2018,30.969999313354492,31.5,30.5,31.010000228881836,1576100,31.010000228881836
5/1/2018,30.299999237060547,31.34000015258789,29.799999237060547,30.899999618530273,1735200,30.899999618530273
4/30/2018,29.799999237060547,30.329999923706055,29.6200008392334,30.110000610351562,1242300,30.110000610351562
4/27/2018,29.59000015258789,30.149999618530273,29.25,29.610000610351562,1263200,29.610000610351562
4/26/2018,28.8700008392334,29.503999710083008,28.530000686645508,29.329999923706055,1935700,29.329999923706055
4/25/2018,28.940000534057617,29.040000915527344,28.190000534057617,28.639999389648438,1258300,28.639999389648438
4/24/2018,29.229999542236328,29.799999237060547,28.290000915527344,28.940000534057617,1495200,28.940000534057617
4/23/2018,29.18000030517578,29.649999618530273,28.93000030517578,29.110000610351562,1468100,29.110000610351562
4/20/2018,29.700000762939453,29.899999618530273,28.670000076293945,28.920000076293945,1742500,28.920000076293945
4/19/2018,30.649999618530273,30.8799991607666,29.400999069213867,29.899999618530273,1575900,29.899999618530273
4/18/2018,30.010000228881836,31.170000076293945,29.610000610351562,30.559999465942383,2968200,30.559999465942383
4/17/2018,29.899999618530273,30,28.610000610351562,29.829999923706055,3438400,29.829999923706055
4/16/2018,30.200000762939453,30.399999618530273,28,29.020000457763672,5727900,29.020000457763672
4/13/2018,31.270000457763672,32.2400016784668,29.729999542236328,30,8525200,30
4/12/2018,33.11000061035156,34.82899856567383,32.91999816894531,33.27000045776367,5592300,33.27000045776367
4/11/2018,31.299999237060547,32.4900016784668,30.8700008392334,32.31999969482422,2391500,32.31999969482422
4/10/2018,30.440000534057617,31.739999771118164,30.25,31.229999542236328,2470300,31.229999542236328
4/9/2018,30.639999389648438,31,30.1299991607666,30.139999389648438,1128800,30.139999389648438
4/6/2018,30.3700008392334,31,30,30.239999771118164,1626700,30.239999771118164
4/5/2018,31.200000762939453,31.760000228881836,30.299999237060547,30.53499984741211,2734400,30.53499984741211
4/4/2018,30.31999969482422,31.46500015258789,30.200000762939453,30.850000381469727,2951200,30.850000381469727
4/3/2018,30.510000228881836,31.600000381469727,29.450000762939453,31.59000015258789,4305300,31.59000015258789
4/2/2018,31.190000534057617,31.38800048828125,29.309999465942383,30.010000228881836,5907700,30.010000228881836
3/29/2018,31.979999542236328,34.367000579833984,30.790000915527344,31.25,15800200,31.25
3/28/2018,29.260000228881836,31.190000534057617,28.610000610351562,30.979999542236328,5113300,30.979999542236328
3/27/2018,30.40999984741211,30.68000030517578,29,29.899999618530273,6911000,29.899999618530273
3/26/2018,30.450000762939453,30.65999984741211,27.75,30.450000762939453,16985700,30.450000762939453
3/23/2018,29,31.600000381469727,27.84000015258789,28.479999542236328,56108700,28.479999542236328
