4/22/2019,15.489999771118164,15.630000114440918,15.390000343322754,15.569999694824219,79000,15.569999694824219
4/18/2019,15.5,15.6899995803833,15.420000076293945,15.5600004196167,106600,15.5600004196167
4/17/2019,15.550000190734863,15.57800006866455,15.350000381469727,15.539999961853027,108700,15.539999961853027
4/16/2019,15.25,15.460000038146973,15.130000114440918,15.449999809265137,107100,15.449999809265137
4/15/2019,15.260000228881836,15.289999961853027,15.0649995803833,15.130000114440918,114500,15.130000114440918
4/12/2019,15.369999885559082,15.430000305175781,15.130000114440918,15.270000457763672,88900,15.270000457763672
4/11/2019,15.510000228881836,15.510000228881836,15.0600004196167,15.229999542236328,128600,15.229999542236328
4/10/2019,15.510000228881836,15.664999961853027,15.479999542236328,15.59000015258789,97800,15.59000015258789
4/9/2019,15.569999694824219,15.729999542236328,15.5,15.5,85700,15.5
4/8/2019,15.619999885559082,15.899999618530273,15.529999732971191,15.680000305175781,104500,15.680000305175781
4/5/2019,15.520000457763672,15.699999809265137,15.40999984741211,15.6899995803833,135200,15.6899995803833
4/4/2019,15.449999809265137,15.619999885559082,15.399999618530273,15.5,105600,15.5
4/3/2019,15.180000305175781,15.479999542236328,15.039999961853027,15.430000305175781,70600,15.430000305175781
4/2/2019,15.039999961853027,15.109999656677246,14.869999885559082,15.020000457763672,201600,15.020000457763672
4/1/2019,15.039999961853027,15.220000267028809,14.90999984741211,15.050000190734863,95100,15.050000190734863
3/29/2019,15.010000228881836,15.170000076293945,14.670000076293945,14.880000114440918,457500,14.880000114440918
3/28/2019,14.989999771118164,15.1899995803833,14.890000343322754,15.0600004196167,87600,15.0600004196167
3/27/2019,14.529999732971191,15.149999618530273,14.529999732971191,14.9399995803833,169600,14.9399995803833
3/26/2019,14.399999618530273,14.6899995803833,14.399999618530273,14.600000381469727,139600,14.600000381469727
3/25/2019,14.359999656677246,14.430000305175781,13.899999618530273,14.279999732971191,342800,14.279999732971191
3/22/2019,15.050000190734863,15.050000190734863,14.279999732971191,14.399999618530273,419900,14.399999618530273
3/21/2019,14.720000267028809,15.300000190734863,14.720000267028809,15.050000190734863,458100,15.050000190734863
3/20/2019,14.90999984741211,15.100000381469727,14.729999542236328,14.789999961853027,190300,14.789999961853027
3/19/2019,14.869999885559082,15.074999809265137,14.75,15,156000,15
3/18/2019,14.640000343322754,14.880000114440918,14.470000267028809,14.800000190734863,130300,14.800000190734863
3/15/2019,14.479999542236328,14.949999809265137,14.479999542236328,14.699999809265137,274600,14.699999809265137
3/14/2019,14.65999984741211,14.739999771118164,14.359999656677246,14.390000343322754,135600,14.390000343322754
3/13/2019,14.539999961853027,14.789999961853027,14.510000228881836,14.65999984741211,190400,14.65999984741211
3/12/2019,14.229999542236328,14.539999961853027,14.1899995803833,14.460000038146973,154400,14.460000038146973
3/11/2019,14.039999961853027,14.3100004196167,13.96500015258789,14.25,108300,14.25
3/8/2019,14.09000015258789,14.3100004196167,13.970000267028809,14.039999961853027,270500,14.039999961853027
3/7/2019,14.210000038146973,14.279999732971191,13.949999809265137,14.210000038146973,201600,14.210000038146973
3/6/2019,14.069999694824219,14.270000457763672,13.989999771118164,14.260000228881836,209400,14.260000228881836
3/5/2019,14.270000457763672,14.420000076293945,14.149999618530273,14.149999618530273,180400,14.149999618530273
3/4/2019,14.609999656677246,14.920000076293945,14.295000076293945,14.420000076293945,176400,14.420000076293945
3/1/2019,14.270000457763672,14.789999961853027,14.1899995803833,14.670000076293945,345700,14.670000076293945
2/28/2019,14.289999961853027,14.34000015258789,13.989999771118164,14.210000038146973,300400,14.210000038146973
2/27/2019,15,15.289999961853027,13.609999656677246,14.34000015258789,533800,14.34000015258789
2/26/2019,16.329999923706055,16.475000381469727,16.139999389648438,16.139999389648438,85200,16.139999389648438
2/25/2019,16.6299991607666,16.815000534057617,16.350000381469727,16.399999618530273,122700,16.399999618530273
2/22/2019,16.510000228881836,16.649999618530273,16.389999389648438,16.6299991607666,83800,16.6299991607666
2/21/2019,16.790000915527344,16.809999465942383,16.229999542236328,16.43000030517578,112800,16.43000030517578
2/20/2019,16.850000381469727,17.09000015258789,16.790000915527344,16.860000610351562,113300,16.860000610351562
2/19/2019,16.3700008392334,16.920000076293945,16.3700008392334,16.90999984741211,106900,16.90999984741211
2/15/2019,16.450000762939453,16.75,16.350000381469727,16.549999237060547,164100,16.549999237060547
2/14/2019,16.010000228881836,16.440000534057617,15.930000305175781,16.309999465942383,119900,16.309999465942383
2/13/2019,15.949999809265137,16.190000534057617,15.949999809265137,16.110000610351562,85100,16.110000610351562
2/12/2019,15.869999885559082,16.079999923706055,15.819999694824219,16.030000686645508,103900,16.030000686645508
2/11/2019,15.520000457763672,15.75,15.449999809265137,15.6899995803833,83800,15.6899995803833
2/8/2019,15.609999656677246,15.760000228881836,15.4350004196167,15.489999771118164,70500,15.489999771118164
2/7/2019,15.65999984741211,15.720000267028809,15.170000076293945,15.680000305175781,155800,15.680000305175781
2/6/2019,15.600000381469727,15.819999694824219,15.489999771118164,15.779999732971191,107000,15.779999732971191
2/5/2019,15.229999542236328,15.670000076293945,15.229999542236328,15.619999885559082,106200,15.619999885559082
2/4/2019,14.729999542236328,15.279999732971191,14.729999542236328,15.25,105600,15.25
2/1/2019,14.619999885559082,14.880000114440918,14.529999732971191,14.800000190734863,123300,14.800000190734863
1/31/2019,14.510000228881836,14.9399995803833,14.510000228881836,14.640000343322754,208300,14.640000343322754
1/30/2019,14.399999618530273,14.6899995803833,14.1899995803833,14.609999656677246,162100,14.609999656677246
1/29/2019,14.529999732971191,14.5600004196167,14.289999961853027,14.399999618530273,247900,14.399999618530273
1/28/2019,14.449999809265137,14.680000305175781,14.239999771118164,14.449999809265137,102500,14.449999809265137
1/25/2019,14.039999961853027,14.760000228881836,14.039999961853027,14.619999885559082,210200,14.619999885559082
1/24/2019,14.329999923706055,14.4399995803833,13.6899995803833,14.039999961853027,121800,14.039999961853027
1/23/2019,13.8100004196167,14.619999885559082,13.8100004196167,14.350000381469727,237100,14.350000381469727
1/22/2019,13.470000267028809,13.986000061035156,13.470000267028809,13.779999732971191,405500,13.779999732971191
1/18/2019,13.84000015258789,13.9399995803833,13.5600004196167,13.569999694824219,305000,13.569999694824219
1/17/2019,14.670000076293945,15.039999961853027,13.819999694824219,13.829999923706055,554200,13.829999923706055
1/16/2019,16.25,16.329999923706055,15.5600004196167,15.8100004196167,208800,15.8100004196167
1/15/2019,15.489999771118164,16.18000030517578,15.40999984741211,16.149999618530273,157900,16.149999618530273
1/14/2019,15.5,15.649999618530273,15.4399995803833,15.470000267028809,169000,15.470000267028809
1/11/2019,15.239999771118164,15.670000076293945,15.204999923706055,15.59000015258789,123500,15.59000015258789
1/10/2019,15.1899995803833,15.539999961853027,15.114999771118164,15.390000343322754,72700,15.390000343322754
1/9/2019,15.09000015258789,15.390000343322754,15.09000015258789,15.3100004196167,65600,15.3100004196167
1/8/2019,15.130000114440918,15.210000038146973,14.949999809265137,15.079999923706055,71000,15.079999923706055
1/7/2019,14.6899995803833,15.050000190734863,14.649999618530273,15,144000,15
1/4/2019,14.329999923706055,14.880000114440918,14.279999732971191,14.789999961853027,168700,14.789999961853027
1/3/2019,14.449999809265137,14.529999732971191,14.029999732971191,14.069999694824219,158600,14.069999694824219
1/2/2019,13.8100004196167,14.619999885559082,13.8100004196167,14.600000381469727,193900,14.600000381469727
12/31/2018,13.9399995803833,14.109999656677246,13.661999702453613,14.029999732971191,164800,14.029999732971191
12/28/2018,13.8100004196167,14.09000015258789,13.5,13.850000381469727,314800,13.850000381469727
12/27/2018,13.770000457763672,13.880000114440918,13.449999809265137,13.859999656677246,188100,13.859999656677246
12/26/2018,13.539999961853027,13.829999923706055,13.149999618530273,13.779999732971191,194200,13.779999732971191
12/24/2018,13.619999885559082,13.859999656677246,13.34000015258789,13.470000267028809,120500,13.470000267028809
12/21/2018,14.039999961853027,14.039999961853027,13.289999961853027,13.65999984741211,679000,13.65999984741211
12/20/2018,14.449999809265137,14.680000305175781,13.930000305175781,14.020000457763672,347300,14.020000457763672
12/19/2018,14.399999618530273,15.300000190734863,14.039999961853027,14.529999732971191,557500,14.529999732971191
12/18/2018,14.789999961853027,15.039999961853027,14.4399995803833,14.470000267028809,206000,14.470000267028809
12/17/2018,15.399999618530273,15.46500015258789,14.369999885559082,14.40999984741211,230400,14.40999984741211
12/14/2018,15.699999809265137,15.864999771118164,15.279999732971191,15.399999618530273,228300,15.399999618530273
12/13/2018,16.049999237060547,16.25,15.680000305175781,15.829999923706055,205600,15.829999923706055
12/12/2018,16.06999969482422,16.427000045776367,15.949999809265137,15.979999542236328,179500,15.979999542236328
12/11/2018,16.18000030517578,16.219999313354492,15.720000267028809,15.829999923706055,106200,15.829999923706055
12/10/2018,15.869999885559082,16.020000457763672,15.609999656677246,15.920000076293945,145200,15.920000076293945
12/7/2018,16.049999237060547,16.100000381469727,15.84000015258789,15.949999809265137,261100,15.949999809265137
12/6/2018,15.40999984741211,16.079999923706055,15.40999984741211,15.970000267028809,195600,15.970000267028809
12/4/2018,16.610000610351562,16.6200008392334,15.550000190734863,15.65999984741211,320700,15.65999984741211
12/3/2018,16.780000686645508,16.780000686645508,16.40999984741211,16.610000610351562,146300,16.610000610351562
11/30/2018,16.8799991607666,16.989999771118164,16.389999389648438,16.65999984741211,168900,16.65999984741211
11/29/2018,17.110000610351562,17.290000915527344,16.860000610351562,16.93000030517578,211200,16.93000030517578
11/28/2018,16.6299991607666,17.299999237060547,16.329999923706055,17.25,379900,17.25
11/27/2018,16.540000915527344,16.878999710083008,16.520000457763672,16.540000915527344,148200,16.540000915527344
11/26/2018,16.690000534057617,16.795000076293945,16.360000610351562,16.549999237060547,201900,16.549999237060547
11/23/2018,16.18000030517578,16.600000381469727,16.18000030517578,16.549999237060547,61200,16.549999237060547
11/21/2018,16.010000228881836,16.399999618530273,15.979999542236328,16.299999237060547,126700,16.299999237060547
11/20/2018,16.299999237060547,16.5,15.9399995803833,15.949999809265137,112500,15.949999809265137
11/19/2018,16.709999084472656,16.780000686645508,16.30500030517578,16.479999542236328,162200,16.479999542236328
11/16/2018,16.780000686645508,16.940000534057617,16.510000228881836,16.790000915527344,289800,16.790000915527344
11/15/2018,16.34000015258789,16.924999237060547,16.149999618530273,16.860000610351562,399400,16.860000610351562
11/14/2018,16.700000762939453,16.885000228881836,16.360000610351562,16.399999618530273,226000,16.399999618530273
11/13/2018,16.8799991607666,17,16.479999542236328,16.540000915527344,190700,16.540000915527344
11/12/2018,17.149999618530273,17.350000381469727,16.790000915527344,16.920000076293945,171400,16.920000076293945
11/9/2018,16.850000381469727,17.690000534057617,16.709999084472656,17.170000076293945,278800,17.170000076293945
11/8/2018,17.3700008392334,17.40999984741211,16.75,16.860000610351562,325200,16.860000610351562
11/7/2018,18,18,16.549999237060547,17.479999542236328,780900,17.479999542236328
11/6/2018,15.5,15.960000038146973,15.449999809265137,15.770000457763672,144000,15.770000457763672
11/5/2018,15.899999618530273,16,15.359999656677246,15.479999542236328,138200,15.479999542236328
11/2/2018,15.979999542236328,16.040000915527344,15.699999809265137,15.819999694824219,150100,15.819999694824219
11/1/2018,15.619999885559082,15.960000038146973,15.42199993133545,15.84000015258789,149600,15.84000015258789
10/31/2018,15.079999923706055,15.739999771118164,14.90999984741211,15.550000190734863,247000,15.550000190734863
10/30/2018,14.720000267028809,14.989999771118164,14.489999771118164,14.890000343322754,170700,14.890000343322754
10/29/2018,15.260000228881836,15.449999809265137,14.479999542236328,14.710000038146973,158700,14.710000038146973
10/26/2018,15.569999694824219,15.609999656677246,15,15.079999923706055,191000,15.079999923706055
10/25/2018,15.8100004196167,16,15.590999603271484,15.739999771118164,166300,15.739999771118164
10/24/2018,16.15999984741211,16.2549991607666,15.699999809265137,15.710000038146973,153500,15.710000038146973
10/23/2018,15.829999923706055,16.34000015258789,15.720000267028809,16.190000534057617,177800,16.190000534057617
10/22/2018,15.970000267028809,16.280000686645508,15.899999618530273,16.020000457763672,95000,16.020000457763672
10/19/2018,16.079999923706055,16.43000030517578,15.869999885559082,15.90999984741211,173300,15.90999984741211
10/18/2018,16.670000076293945,16.670000076293945,15.989999771118164,16.149999618530273,142200,16.149999618530273
10/17/2018,16.719999313354492,16.899999618530273,16.450000762939453,16.690000534057617,117800,16.690000534057617
10/16/2018,16.450000762939453,16.829999923706055,16.059999465942383,16.790000915527344,118100,16.790000915527344
10/15/2018,15.899999618530273,16.68000030517578,15.800000190734863,16.399999618530273,216200,16.399999618530273
10/12/2018,16.329999923706055,16.329999923706055,15.489999771118164,15.9399995803833,245400,15.9399995803833
10/11/2018,16.809999465942383,16.809999465942383,15.829999923706055,15.989999771118164,270600,15.989999771118164
10/10/2018,17.239999771118164,17.239999771118164,16.750999450683594,16.90999984741211,250400,16.90999984741211
10/9/2018,17.18000030517578,17.469999313354492,17.09000015258789,17.139999389648438,148700,17.139999389648438
10/8/2018,17.34000015258789,17.459999084472656,17.020000457763672,17.260000228881836,122900,17.260000228881836
10/5/2018,17.399999618530273,17.540000915527344,17.22100067138672,17.389999389648438,111100,17.389999389648438
10/4/2018,17.649999618530273,18.09000015258789,17.389999389648438,17.440000534057617,177400,17.440000534057617
10/3/2018,17.59000015258789,17.690000534057617,17.280000686645508,17.639999389648438,239200,17.639999389648438
10/2/2018,17.3799991607666,17.68000030517578,17.170000076293945,17.469999313354492,197700,17.469999313354492
10/1/2018,18.020000457763672,18.020000457763672,17.270000457763672,17.40999984741211,144200,17.40999984741211
9/28/2018,18.1299991607666,18.440000534057617,17.850000381469727,17.920000076293945,157800,17.920000076293945
9/27/2018,18.780000686645508,18.899999618530273,18.1299991607666,18.1299991607666,205000,18.1299991607666
9/26/2018,18.309999465942383,18.8799991607666,18.25,18.75,312900,18.75
9/25/2018,19.700000762939453,19.799999237060547,17.700000762939453,18.31999969482422,917800,18.31999969482422
9/24/2018,20.520000457763672,20.84000015258789,20.40999984741211,20.799999237060547,100600,20.799999237060547
9/21/2018,20.6299991607666,20.790000915527344,20.434999465942383,20.600000381469727,291800,20.600000381469727
9/20/2018,20.020000457763672,20.6200008392334,19.791000366210938,20.59000015258789,139500,20.59000015258789
9/19/2018,20.219999313354492,20.299999237060547,19.850000381469727,19.950000762939453,161400,19.950000762939453
9/18/2018,20.280000686645508,20.450000762939453,20.049999237060547,20.260000228881836,107500,20.260000228881836
9/17/2018,20.68000030517578,20.68000030517578,20.200000762939453,20.219999313354492,100500,20.219999313354492
9/14/2018,20.799999237060547,20.920000076293945,20.6299991607666,20.649999618530273,109000,20.649999618530273
9/13/2018,20.799999237060547,20.889999389648438,20.670000076293945,20.790000915527344,60100,20.790000915527344
9/12/2018,20.739999771118164,20.780000686645508,20.389999389648438,20.700000762939453,86000,20.700000762939453
9/11/2018,20.90999984741211,21,20.69499969482422,20.75,117500,20.75
9/10/2018,21.350000381469727,21.440000534057617,20.940000534057617,20.969999313354492,72300,20.969999313354492
9/7/2018,21.06999969482422,21.270000457763672,20.760000228881836,21.25,141000,21.25
9/6/2018,21.229999542236328,21.256000518798828,20.940000534057617,21.100000381469727,197100,21.100000381469727
9/5/2018,20.90999984741211,21.229999542236328,20.770000457763672,21.229999542236328,153500,21.229999542236328
9/4/2018,20.889999389648438,20.9950008392334,20.549999237060547,20.90999984741211,125900,20.90999984741211
8/31/2018,20.530000686645508,20.899999618530273,20.459999084472656,20.889999389648438,104100,20.889999389648438
8/30/2018,20.600000381469727,20.75,20.43000030517578,20.559999465942383,149000,20.559999465942383
8/29/2018,20.5,20.68000030517578,20.309999465942383,20.639999389648438,108900,20.639999389648438
8/28/2018,20.6200008392334,20.75,20.43000030517578,20.450000762939453,164200,20.450000762939453
8/27/2018,20.790000915527344,20.90999984741211,20.559999465942383,20.56999969482422,99100,20.56999969482422
8/24/2018,20.530000686645508,20.75,20.459999084472656,20.68000030517578,115600,20.68000030517578
8/23/2018,20.190000534057617,20.899999618530273,20.190000534057617,20.440000534057617,220600,20.440000534057617
8/22/2018,19.450000762939453,20.329999923706055,19.450000762939453,20.31999969482422,166600,20.31999969482422
8/21/2018,19.469999313354492,19.700000762939453,19.389999389648438,19.479999542236328,272800,19.479999542236328
8/20/2018,19.3700008392334,19.649999618530273,19.309999465942383,19.43000030517578,160200,19.43000030517578
8/17/2018,19.260000228881836,19.440000534057617,18.889999389648438,19.309999465942383,202800,19.309999465942383
8/16/2018,19.530000686645508,19.790000915527344,19.34000015258789,19.350000381469727,171000,19.350000381469727
8/15/2018,19.34000015258789,19.510000228881836,19.059999465942383,19.43000030517578,180400,19.43000030517578
8/14/2018,18.829999923706055,19.489999771118164,18.719999313354492,19.299999237060547,216400,19.299999237060547
8/13/2018,18.600000381469727,18.90399932861328,18.5,18.809999465942383,176700,18.809999465942383
8/10/2018,18.280000686645508,18.600000381469727,18.1200008392334,18.540000915527344,158100,18.540000915527344
8/9/2018,18.440000534057617,18.639999389648438,18.170000076293945,18.399999618530273,127600,18.399999618530273
8/8/2018,18.200000762939453,18.549999237060547,18.139999389648438,18.510000228881836,141500,18.510000228881836
8/7/2018,18.360000610351562,18.43000030517578,17.690000534057617,18.270000457763672,307900,18.270000457763672
8/6/2018,18.360000610351562,18.489999771118164,17.690000534057617,18.1299991607666,568200,18.1299991607666
8/3/2018,19.8799991607666,20.030000686645508,18.31999969482422,18.559999465942383,846500,18.559999465942383
8/2/2018,19.950000762939453,20.229999542236328,18.520000457763672,20.030000686645508,530600,20.030000686645508
8/1/2018,20.799999237060547,20.93000030517578,20.5,20.719999313354492,257300,20.719999313354492
7/31/2018,21,21,20.645000457763672,20.799999237060547,270400,20.799999237060547
7/30/2018,20.719999313354492,21,20.690000534057617,20.940000534057617,183000,20.940000534057617
7/27/2018,21,21,20.454999923706055,20.719999313354492,182800,20.719999313354492
7/26/2018,20.940000534057617,21.020000457763672,20.770000457763672,20.93000030517578,147800,20.93000030517578
7/25/2018,20.729999542236328,21,20.729999542236328,20.8799991607666,123600,20.8799991607666
7/24/2018,20.989999771118164,21.209999084472656,20.690000534057617,20.829999923706055,238200,20.829999923706055
7/23/2018,20.510000228881836,20.979999542236328,20.459999084472656,20.950000762939453,169300,20.950000762939453
7/20/2018,20.399999618530273,20.639999389648438,20.34000015258789,20.56999969482422,265800,20.56999969482422
7/19/2018,20.1299991607666,20.459999084472656,19.969999313354492,20.450000762939453,254000,20.450000762939453
7/18/2018,19.770000457763672,20.334999084472656,19.770000457763672,20.25,161500,20.25
7/17/2018,19.579999923706055,19.84000015258789,19.530000686645508,19.829999923706055,273600,19.829999923706055
7/16/2018,19.34000015258789,19.760000228881836,19.34000015258789,19.600000381469727,344200,19.600000381469727
7/13/2018,19.040000915527344,19.309999465942383,18.989999771118164,19.049999237060547,114700,19.049999237060547
7/12/2018,18.809999465942383,19.06999969482422,18.6299991607666,19,154900,19
7/11/2018,18.239999771118164,18.760000228881836,18.170000076293945,18.75,213600,18.75
7/10/2018,18.299999237060547,18.40999984741211,18.239999771118164,18.3700008392334,272900,18.3700008392334
7/9/2018,18.270000457763672,18.43000030517578,18.100000381469727,18.299999237060547,157700,18.299999237060547
7/6/2018,17.75,18.163999557495117,17.690000534057617,18.149999618530273,285600,18.149999618530273
7/5/2018,17.729999542236328,17.809999465942383,17.43000030517578,17.760000228881836,142100,17.760000228881836
7/3/2018,17.549999237060547,17.739999771118164,17.520000457763672,17.6200008392334,64900,17.6200008392334
7/2/2018,17.229999542236328,17.420000076293945,17.06999969482422,17.420000076293945,175400,17.420000076293945
6/29/2018,17.540000915527344,17.579999923706055,17.280000686645508,17.3700008392334,318600,17.3700008392334
6/28/2018,17.229999542236328,17.579999923706055,17.139999389648438,17.549999237060547,411000,17.549999237060547
6/27/2018,17.5,17.719999313354492,17.18000030517578,17.34000015258789,397600,17.34000015258789
6/26/2018,17.280000686645508,17.579999923706055,17.170000076293945,17.450000762939453,331700,17.450000762939453
6/25/2018,17.979999542236328,18.190000534057617,16.84000015258789,17.229999542236328,515200,17.229999542236328
6/22/2018,17.799999237060547,18.3799991607666,17.700000762939453,18.350000381469727,764800,18.350000381469727
6/21/2018,17.68000030517578,17.889999389648438,17.68000030517578,17.75,220500,17.75
6/20/2018,17.709999084472656,17.8700008392334,17.600000381469727,17.700000762939453,635800,17.700000762939453
6/19/2018,17.15999984741211,17.719999313354492,17.15999984741211,17.65999984741211,437900,17.65999984741211
6/18/2018,17.360000610351562,17.489999771118164,17.25,17.34000015258789,312900,17.34000015258789
6/15/2018,17,17.65999984741211,17,17.399999618530273,429900,17.399999618530273
6/14/2018,17,17.135000228881836,16.899999618530273,17.049999237060547,311200,17.049999237060547
6/13/2018,17.170000076293945,17.309999465942383,16.920000076293945,16.950000762939453,222500,16.950000762939453
6/12/2018,17.3700008392334,17.59000015258789,17.100000381469727,17.190000534057617,200700,17.190000534057617
6/11/2018,17.200000762939453,17.989999771118164,17.15999984741211,17.399999618530273,378000,17.399999618530273
6/8/2018,16.850000381469727,17.309999465942383,16.770000457763672,17.200000762939453,763200,17.200000762939453
6/7/2018,16.479999542236328,17.3700008392334,16.434999465942383,16.8799991607666,741500,16.8799991607666
6/6/2018,15.619999885559082,16.299999237060547,15.579999923706055,16.15999984741211,391200,16.15999984741211
6/5/2018,15.470000267028809,15.680000305175781,15.350000381469727,15.550000190734863,291600,15.550000190734863
6/4/2018,15.380000114440918,15.640000343322754,15.220000267028809,15.470000267028809,420900,15.470000267028809
6/1/2018,15.449999809265137,15.539999961853027,15.239999771118164,15.3100004196167,233400,15.3100004196167
5/31/2018,15.770000457763672,15.800000190734863,15.34000015258789,15.359999656677246,297300,15.359999656677246
5/30/2018,15.850000381469727,15.859999656677246,15.720000267028809,15.75,231200,15.75
5/29/2018,15.970000267028809,15.970000267028809,15.65999984741211,15.770000457763672,308000,15.770000457763672
5/25/2018,16.110000610351562,16.239999771118164,15.859999656677246,16.020000457763672,180700,16.020000457763672
5/24/2018,16.229999542236328,16.34000015258789,16.1200008392334,16.170000076293945,223800,16.170000076293945
5/23/2018,16.799999237060547,16.799999237060547,16.135000228881836,16.290000915527344,449600,16.290000915527344
5/22/2018,17.15999984741211,17.200000762939453,16.405000686645508,16.75,430000,16.75
5/21/2018,16.979999542236328,17.34000015258789,16.969999313354492,17.139999389648438,451000,17.139999389648438
5/18/2018,16.84000015258789,17.049999237060547,16.790000915527344,16.959999084472656,261700,16.959999084472656
5/17/2018,16.8700008392334,16.950000762939453,16.670000076293945,16.770000457763672,136100,16.770000457763672
5/16/2018,16.790000915527344,17.059999465942383,16.700000762939453,16.860000610351562,186700,16.860000610351562
5/15/2018,16.780000686645508,16.93000030517578,16.719999313354492,16.760000228881836,180400,16.760000228881836
5/14/2018,16.969999313354492,17.08099937438965,16.760000228881836,16.799999237060547,148800,16.799999237060547
5/11/2018,16.979999542236328,17.079999923706055,16.729999542236328,16.969999313354492,179300,16.969999313354492
5/10/2018,17.079999923706055,17.149999618530273,16.799999237060547,17.010000228881836,247600,17.010000228881836
5/9/2018,17.15999984741211,17.15999984741211,16.850000381469727,17,376900,17
5/8/2018,17.079999923706055,17.260000228881836,16.93000030517578,16.989999771118164,340800,16.989999771118164
5/7/2018,17.440000534057617,17.524999618530273,17.110000610351562,17.15999984741211,231800,17.15999984741211
5/4/2018,17.15999984741211,17.670000076293945,16.979999542236328,17.31999969482422,210000,17.31999969482422
5/3/2018,19.239999771118164,19.239999771118164,17.190000534057617,17.270000457763672,347500,17.270000457763672
5/2/2018,18.850000381469727,19.719999313354492,18.75,19.260000228881836,463600,19.260000228881836
5/1/2018,18.350000381469727,18.735000610351562,18.100000381469727,18.6200008392334,244600,18.6200008392334
4/30/2018,18.65999984741211,18.65999984741211,18.389999389648438,18.399999618530273,84000,18.399999618530273
4/27/2018,18.530000686645508,18.65999984741211,18.399999618530273,18.56999969482422,117300,18.56999969482422
4/26/2018,18.520000457763672,18.649999618530273,18.31999969482422,18.56999969482422,120600,18.56999969482422
4/25/2018,18.25,18.450000762939453,17.969999313354492,18.420000076293945,140300,18.420000076293945
4/24/2018,18.3700008392334,18.489999771118164,18.190000534057617,18.280000686645508,75300,18.280000686645508
4/23/2018,18.299999237060547,18.530000686645508,18.13800048828125,18.270000457763672,132700,18.270000457763672
4/20/2018,18.34000015258789,18.399999618530273,18.200000762939453,18.309999465942383,133700,18.309999465942383
4/19/2018,18.43000030517578,18.610000610351562,18.260000228881836,18.3700008392334,94300,18.3700008392334
4/18/2018,18.149999618530273,18.739999771118164,18.030000686645508,18.450000762939453,214200,18.450000762939453
4/17/2018,17.850000381469727,18.25,17.700000762939453,18.030000686645508,414000,18.030000686645508
4/16/2018,17.469999313354492,17.760000228881836,17.200000762939453,17.68000030517578,116600,17.68000030517578
4/13/2018,17.459999084472656,17.489999771118164,17.190000534057617,17.3700008392334,109300,17.3700008392334
4/12/2018,17.309999465942383,17.489999771118164,17.059999465942383,17.360000610351562,104200,17.360000610351562
4/11/2018,17,17.239999771118164,16.979999542236328,17.15999984741211,118500,17.15999984741211
4/10/2018,17.06999969482422,17.25,16.950000762939453,17.1200008392334,129100,17.1200008392334
4/9/2018,17.010000228881836,17.139999389648438,16.790000915527344,16.850000381469727,198200,16.850000381469727
4/6/2018,17.079999923706055,17.40999984741211,16.829999923706055,16.940000534057617,134300,16.940000534057617
4/5/2018,17.31999969482422,17.34000015258789,17.049999237060547,17.200000762939453,114800,17.200000762939453
4/4/2018,16.690000534057617,17.200000762939453,16.562999725341797,17.170000076293945,163600,17.170000076293945
4/3/2018,16.59000015258789,16.93000030517578,16.579999923706055,16.8799991607666,167800,16.8799991607666
4/2/2018,17.200000762939453,17.290000915527344,16.40999984741211,16.56999969482422,251800,16.56999969482422
3/29/2018,17.200000762939453,17.309999465942383,17.040000915527344,17.170000076293945,397100,17.170000076293945
3/28/2018,16.90999984741211,17.270000457763672,16.829999923706055,17.06999969482422,199500,17.06999969482422
3/27/2018,17.290000915527344,17.309999465942383,16.84000015258789,16.8700008392334,204400,16.8700008392334
3/26/2018,17.059999465942383,17.25,16.979999542236328,17.239999771118164,153700,17.239999771118164
3/23/2018,17.479999542236328,17.600000381469727,16.899999618530273,16.899999618530273,273900,16.899999618530273
3/22/2018,17.809999465942383,18.209999084472656,17.40999984741211,17.43000030517578,372300,17.43000030517578
3/21/2018,17.809999465942383,18.360000610351562,17.729999542236328,18,754000,18
3/20/2018,17.40999984741211,17.969999313354492,17.3700008392334,17.709999084472656,403200,17.709999084472656
3/19/2018,17.56999969482422,17.670000076293945,17.06999969482422,17.3700008392334,366500,17.3700008392334
3/16/2018,17.860000610351562,17.969999313354492,17.6200008392334,17.68000030517578,412400,17.68000030517578
3/15/2018,18.309999465942383,18.315000534057617,17.81999969482422,17.889999389648438,143000,17.889999389648438
3/14/2018,18.68000030517578,18.719999313354492,18.229999542236328,18.239999771118164,143100,18.239999771118164
3/13/2018,18.65999984741211,18.799999237060547,18.520000457763672,18.639999389648438,152700,18.639999389648438
3/12/2018,18.15999984741211,18.700000762939453,18.149999618530273,18.610000610351562,273400,18.610000610351562
3/9/2018,18.260000228881836,18.350000381469727,18.059999465942383,18.1299991607666,140400,18.1299991607666
3/8/2018,18.420000076293945,18.469999313354492,18.149999618530273,18.239999771118164,135300,18.239999771118164
3/7/2018,17.8799991607666,18.44499969482422,17.8799991607666,18.420000076293945,180700,18.420000076293945
3/6/2018,18.06999969482422,18.198999404907227,17.790000915527344,18.06999969482422,132600,18.06999969482422
3/5/2018,17.540000915527344,18.280000686645508,17.450000762939453,18,226200,18
3/2/2018,16.809999465942383,17.760000228881836,16.5,17.649999618530273,395300,17.649999618530273
3/1/2018,17.309999465942383,17.6200008392334,16.860000610351562,16.940000534057617,478400,16.940000534057617
2/28/2018,19.21500015258789,19.75,17.25,17.309999465942383,1169300,17.309999465942383
2/27/2018,20.25,20.399999618530273,19.93000030517578,20.020000457763672,174400,20.020000457763672
2/26/2018,20.200000762939453,20.270000457763672,19.93000030517578,20.239999771118164,141100,20.239999771118164
2/23/2018,20.06999969482422,20.270000457763672,20.010000228881836,20.190000534057617,127200,20.190000534057617
2/22/2018,20.350000381469727,20.530000686645508,19.899999618530273,19.950000762939453,221600,19.950000762939453
2/21/2018,20.18000030517578,20.719999313354492,20.149999618530273,20.270000457763672,301800,20.270000457763672
2/20/2018,20.350000381469727,20.540000915527344,20.030000686645508,20.079999923706055,161600,20.079999923706055
2/16/2018,20.520000457763672,20.770000457763672,20.360000610351562,20.3700008392334,201300,20.3700008392334
2/15/2018,20.40999984741211,20.6299991607666,20.389999389648438,20.56999969482422,128700,20.56999969482422
2/14/2018,19.75,20.389999389648438,19.75,20.270000457763672,171600,20.270000457763672
2/13/2018,19.700000762939453,20,19.594999313354492,19.90999984741211,172600,19.90999984741211
2/12/2018,19.649999618530273,19.979999542236328,19.420000076293945,19.860000610351562,287400,19.860000610351562
2/9/2018,19.639999389648438,19.760000228881836,19.149999618530273,19.549999237060547,359800,19.549999237060547
2/8/2018,19.93000030517578,19.93000030517578,19.40999984741211,19.420000076293945,326000,19.420000076293945
2/7/2018,19.93000030517578,20.260000228881836,19.850000381469727,19.8799991607666,177300,19.8799991607666
2/6/2018,19.700000762939453,20.170000076293945,19.510000228881836,20,315700,20
2/5/2018,20.6200008392334,20.850000381469727,19.909000396728516,19.989999771118164,305800,19.989999771118164
2/2/2018,21.31999969482422,21.3700008392334,20.770000457763672,20.850000381469727,248200,20.850000381469727
2/1/2018,21.350000381469727,21.655000686645508,21.059999465942383,21.440000534057617,124400,21.440000534057617
1/31/2018,22.09000015258789,22.170000076293945,21.350000381469727,21.450000762939453,199900,21.450000762939453
1/30/2018,21.739999771118164,22.049999237060547,21.670000076293945,22,223000,22
1/29/2018,21.489999771118164,21.899999618530273,21.295000076293945,21.84000015258789,175700,21.84000015258789
1/26/2018,21.34000015258789,21.6200008392334,21.113000869750977,21.600000381469727,145300,21.600000381469727
1/25/2018,21.3799991607666,21.6200008392334,21.1200008392334,21.350000381469727,198200,21.350000381469727
1/24/2018,21.299999237060547,21.65999984741211,21.243000030517578,21.31999969482422,141800,21.31999969482422
1/23/2018,21.06999969482422,21.329999923706055,20.8700008392334,21.219999313354492,74200,21.219999313354492
1/22/2018,21.110000610351562,21.59000015258789,20.67099952697754,21.1200008392334,458800,21.1200008392334
1/19/2018,20.809999465942383,21.149999618530273,20.6200008392334,21.110000610351562,162500,21.110000610351562
1/18/2018,20.959999084472656,21.139999389648438,20.600000381469727,20.8799991607666,152800,20.8799991607666
1/17/2018,21,21.09000015258789,20.790000915527344,20.850000381469727,186800,20.850000381469727
1/16/2018,20.65999984741211,21.110000610351562,20.65999984741211,20.889999389648438,257600,20.889999389648438
1/12/2018,20.530000686645508,20.81999969482422,20.209999084472656,20.639999389648438,171900,20.639999389648438
1/11/2018,19.8700008392334,20.655000686645508,19.65999984741211,20.5,286600,20.5
1/10/2018,19.690000534057617,19.790000915527344,19.489999771118164,19.790000915527344,134300,19.790000915527344
1/9/2018,20.049999237060547,20.15999984741211,19.600000381469727,19.760000228881836,129200,19.760000228881836
1/8/2018,19.93000030517578,20.107999801635742,19.799999237060547,19.989999771118164,115800,19.989999771118164
1/5/2018,20.06999969482422,20.229999542236328,19.860000610351562,20.010000228881836,154100,20.010000228881836
1/4/2018,19.860000610351562,20.1299991607666,19.799999237060547,20.010000228881836,118400,20.010000228881836
1/3/2018,19.780000686645508,19.979999542236328,19.510000228881836,19.790000915527344,149700,19.790000915527344
1/2/2018,19.540000915527344,19.899999618530273,19.43000030517578,19.84000015258789,313700,19.84000015258789
12/29/2017,19.5,19.68000030517578,19.43000030517578,19.489999771118164,183400,19.489999771118164
12/28/2017,19.489999771118164,19.600000381469727,19.290000915527344,19.469999313354492,147000,19.469999313354492
12/27/2017,19.719999313354492,19.889999389648438,19.43000030517578,19.440000534057617,122900,19.440000534057617
12/26/2017,19.940000534057617,20.049999237060547,19.579999923706055,19.690000534057617,170700,19.690000534057617
12/22/2017,20.309999465942383,20.309999465942383,19.8700008392334,19.959999084472656,173300,19.959999084472656
12/21/2017,20.219999313354492,20.520000457763672,20.18000030517578,20.229999542236328,292000,20.229999542236328
12/20/2017,20,20.540000915527344,19.7189998626709,20.219999313354492,479700,20.219999313354492
12/19/2017,20.290000915527344,20.440000534057617,19.850000381469727,19.950000762939453,268900,19.950000762939453
12/18/2017,20.389999389648438,20.68000030517578,20.15999984741211,20.31999969482422,249900,20.31999969482422
12/15/2017,19.780000686645508,20.280000686645508,19.780000686645508,20.209999084472656,615500,20.209999084472656
12/14/2017,19.739999771118164,20.135000228881836,19.6200008392334,19.729999542236328,294100,19.729999542236328
12/13/2017,19.770000457763672,19.979999542236328,19.40999984741211,19.780000686645508,177800,19.780000686645508
12/12/2017,20.100000381469727,20.190000534057617,19.731000900268555,19.829999923706055,222200,19.829999923706055
12/11/2017,19.979999542236328,20.18000030517578,19.860000610351562,20,546000,20
12/8/2017,20.25,20.280000686645508,19.899999618530273,19.989999771118164,197000,19.989999771118164
12/7/2017,20.1200008392334,20.520000457763672,20,20.1299991607666,210900,20.1299991607666
12/6/2017,20.579999923706055,20.719999313354492,20.108999252319336,20.15999984741211,216900,20.15999984741211
12/5/2017,20.739999771118164,21.059999465942383,20.149999618530273,20.59000015258789,436100,20.59000015258789
12/4/2017,20.43000030517578,21.139999389648438,20.274999618530273,20.65999984741211,497200,20.65999984741211
12/1/2017,20.360000610351562,20.59000015258789,19.690000534057617,20.18000030517578,227500,20.18000030517578
11/30/2017,20.459999084472656,20.614999771118164,20.229999542236328,20.399999618530273,295100,20.399999618530273
11/29/2017,20.420000076293945,20.645000457763672,20.280000686645508,20.299999237060547,117900,20.299999237060547
11/28/2017,20.1299991607666,20.350000381469727,20,20.31999969482422,134000,20.31999969482422
11/27/2017,20.229999542236328,20.399999618530273,20.040000915527344,20.06999969482422,112500,20.06999969482422
11/24/2017,20.209999084472656,20.219999313354492,19.959999084472656,20.200000762939453,129800,20.200000762939453
11/22/2017,20.110000610351562,20.450000762939453,20.030000686645508,20.229999542236328,247100,20.229999542236328
11/21/2017,20,20.06999969482422,19.690000534057617,20.030000686645508,255400,20.030000686645508
11/20/2017,19.989999771118164,20.079999923706055,19.950000762939453,19.959999084472656,210400,19.959999084472656
11/17/2017,19.690000534057617,20.040000915527344,19.690000534057617,20.010000228881836,171000,20.010000228881836
11/16/2017,19.68000030517578,20.200000762939453,19.670000076293945,19.809999465942383,212600,19.809999465942383
11/15/2017,19.5,19.729999542236328,19.5,19.729999542236328,354900,19.729999542236328
11/14/2017,18.950000762939453,19.690000534057617,18.950000762939453,19.65999984741211,515600,19.65999984741211
11/13/2017,18.600000381469727,19.040000915527344,18.520000457763672,18.950000762939453,283800,18.950000762939453
11/10/2017,18.479999542236328,18.809999465942383,18.479999542236328,18.639999389648438,184200,18.639999389648438
11/9/2017,18.31999969482422,18.579999923706055,18.219999313354492,18.56999969482422,210200,18.56999969482422
11/8/2017,18.360000610351562,18.639999389648438,18.280000686645508,18.450000762939453,235300,18.450000762939453
11/7/2017,18.450000762939453,18.770000457763672,18.059999465942383,18.450000762939453,338000,18.450000762939453
11/6/2017,19.399999618530273,19.399999618530273,18.3799991607666,18.540000915527344,415000,18.540000915527344
11/3/2017,19.110000610351562,19.635000228881836,19.110000610351562,19.389999389648438,310500,19.389999389648438
11/2/2017,19.600000381469727,20.770000457763672,18.989999771118164,19.360000610351562,763800,19.360000610351562
11/1/2017,21.59000015258789,21.600000381469727,20.93000030517578,21.1200008392334,232900,21.1200008392334
10/31/2017,21.299999237060547,21.610000610351562,21.229999542236328,21.5,200800,21.5
10/30/2017,21.030000686645508,21.389999389648438,21.010000228881836,21.209999084472656,298600,21.209999084472656
10/27/2017,21.65999984741211,21.690000534057617,21.170000076293945,21.190000534057617,175100,21.190000534057617
10/26/2017,21.610000610351562,21.809999465942383,21.459999084472656,21.709999084472656,194600,21.709999084472656
10/25/2017,21.469999313354492,21.65999984741211,21.1299991607666,21.549999237060547,292800,21.549999237060547
10/24/2017,21.40999984741211,21.56999969482422,21.260000228881836,21.440000534057617,135700,21.440000534057617
10/23/2017,21.610000610351562,21.610000610351562,21.229999542236328,21.399999618530273,255600,21.399999618530273
10/20/2017,21.670000076293945,21.790000915527344,21.299999237060547,21.670000076293945,223300,21.670000076293945
10/19/2017,21.6299991607666,21.6299991607666,21.23900032043457,21.459999084472656,201000,21.459999084472656
10/18/2017,21.5,21.899999618530273,21.34000015258789,21.670000076293945,225500,21.670000076293945
10/17/2017,21.530000686645508,21.760000228881836,21.420000076293945,21.510000228881836,118200,21.510000228881836
10/16/2017,21.610000610351562,21.790000915527344,21.420000076293945,21.56999969482422,129400,21.56999969482422
10/13/2017,21.469999313354492,21.790000915527344,21.399999618530273,21.670000076293945,110000,21.670000076293945
10/12/2017,21.399999618530273,21.559999465942383,21.190000534057617,21.5,107100,21.5
10/11/2017,21.329999923706055,21.639999389648438,21.229999542236328,21.329999923706055,137800,21.329999923706055
10/10/2017,21.59000015258789,21.716999053955078,21.360000610351562,21.420000076293945,165200,21.420000076293945
10/9/2017,21.610000610351562,21.979999542236328,21.360000610351562,21.399999618530273,279900,21.399999618530273
10/6/2017,22.040000915527344,22.09000015258789,21.533000946044922,21.6200008392334,202300,21.6200008392334
10/5/2017,22.1299991607666,22.235000610351562,21.790000915527344,22.059999465942383,153900,22.059999465942383
10/4/2017,22.3799991607666,22.485000610351562,21.790000915527344,21.969999313354492,189100,21.969999313354492
10/3/2017,21.809999465942383,22.5,21.719999313354492,22.489999771118164,350800,22.489999771118164
10/2/2017,21.56999969482422,21.989999771118164,21.420000076293945,21.920000076293945,241000,21.920000076293945
9/29/2017,21.260000228881836,21.600000381469727,21.08300018310547,21.559999465942383,275300,21.559999465942383
9/28/2017,21.079999923706055,21.329999923706055,20.860000610351562,21.329999923706055,278200,21.329999923706055
9/27/2017,20.540000915527344,21.149999618530273,20.420000076293945,21.1299991607666,290700,21.1299991607666
9/26/2017,20.329999923706055,20.660999298095703,20.18000030517578,20.440000534057617,348400,20.440000534057617
9/25/2017,20.59000015258789,20.610000610351562,20.18000030517578,20.229999542236328,344300,20.229999542236328
9/22/2017,20.479999542236328,20.709999084472656,20.18000030517578,20.600000381469727,324000,20.600000381469727
9/21/2017,20.709999084472656,20.783000946044922,20.459999084472656,20.5,287000,20.5
9/20/2017,20.68000030517578,20.950000762939453,20.68000030517578,20.719999313354492,220000,20.719999313354492
9/19/2017,21.139999389648438,21.43000030517578,20.5,20.600000381469727,430300,20.600000381469727
9/18/2017,21.18000030517578,21.540000915527344,20.975000381469727,21.5,209700,21.5
9/15/2017,21.420000076293945,21.420000076293945,20.979999542236328,21.18000030517578,1087200,21.18000030517578
9/14/2017,21.989999771118164,21.989999771118164,21.30500030517578,21.350000381469727,251700,21.350000381469727
9/13/2017,21.989999771118164,22.270000457763672,21.59000015258789,21.920000076293945,331400,21.920000076293945
9/12/2017,21.389999389648438,22.209999084472656,21.25,22.100000381469727,221100,22.100000381469727
9/11/2017,21.329999923706055,21.719999313354492,21.15999984741211,21.489999771118164,206400,21.489999771118164
9/8/2017,21.06999969482422,21.389999389648438,21.06999969482422,21.170000076293945,206300,21.170000076293945
9/7/2017,21.25,21.309999465942383,21,21.139999389648438,144500,21.139999389648438
9/6/2017,21.209999084472656,21.459999084472656,21.1200008392334,21.200000762939453,201300,21.200000762939453
9/5/2017,21.459999084472656,21.559999465942383,20.940000534057617,21.15999984741211,158900,21.15999984741211
9/1/2017,21.459999084472656,21.670000076293945,21.399999618530273,21.5,102600,21.5
8/31/2017,21.200000762939453,21.729999542236328,21.190000534057617,21.40999984741211,263400,21.40999984741211
8/30/2017,21.040000915527344,21.260000228881836,20.979999542236328,21.170000076293945,97700,21.170000076293945
8/29/2017,20.93000030517578,21.21500015258789,20.829999923706055,21.100000381469727,183100,21.100000381469727
8/28/2017,21.059999465942383,21.100000381469727,20.684999465942383,21.010000228881836,227900,21.010000228881836
8/25/2017,20.6200008392334,21.040000915527344,20.360000610351562,21.010000228881836,254500,21.010000228881836
8/24/2017,20.520000457763672,20.73900032043457,20.440000534057617,20.530000686645508,142600,20.530000686645508
8/23/2017,20.510000228881836,20.729999542236328,20.34000015258789,20.479999542236328,175600,20.479999542236328
8/22/2017,20.280000686645508,20.649999618530273,20.219999313354492,20.6299991607666,152300,20.6299991607666
8/21/2017,20.15999984741211,20.309999465942383,19.920000076293945,20.270000457763672,490500,20.270000457763672
8/18/2017,19.889999389648438,20.25,19.719999313354492,20.139999389648438,467700,20.139999389648438
8/17/2017,20.350000381469727,20.579999923706055,20,20.010000228881836,211400,20.010000228881836
8/16/2017,20.399999618530273,20.729999542236328,20.280000686645508,20.350000381469727,387300,20.350000381469727
8/15/2017,20.950000762939453,20.950000762939453,20.5,20.5,195300,20.5
8/14/2017,20.59000015258789,21.270000457763672,20.450000762939453,21.200000762939453,219000,21.200000762939453
8/11/2017,20.3700008392334,20.69499969482422,20.209999084472656,20.540000915527344,247500,20.540000915527344
8/10/2017,20.700000762939453,20.700000762939453,20.389999389648438,20.530000686645508,180500,20.530000686645508
8/9/2017,20.90999984741211,20.940000534057617,20.579999923706055,20.709999084472656,183600,20.709999084472656
8/8/2017,20.940000534057617,21.06999969482422,20.729999542236328,20.84000015258789,209600,20.84000015258789
8/7/2017,21.079999923706055,21.200000762939453,20.8700008392334,21.040000915527344,312800,21.040000915527344
8/4/2017,21.899999618530273,21.899999618530273,21.049999237060547,21.079999923706055,307200,21.079999923706055
8/3/2017,22.079999923706055,22.420000076293945,21.790000915527344,21.90999984741211,363400,21.90999984741211
8/2/2017,22.809999465942383,23.100000381469727,21.584999084472656,22.1200008392334,802600,22.1200008392334
8/1/2017,23.270000457763672,23.309999465942383,22.700000762939453,23.290000915527344,348800,23.290000915527344
7/31/2017,23.15999984741211,23.329999923706055,22.799999237060547,23.200000762939453,291900,23.200000762939453
7/28/2017,23.18000030517578,23.34000015258789,22.989999771118164,23.15999984741211,130500,23.15999984741211
7/27/2017,23.729999542236328,23.729999542236328,23.06999969482422,23.209999084472656,438000,23.209999084472656
7/26/2017,23.489999771118164,23.719999313354492,23.399999618530273,23.6299991607666,133000,23.6299991607666
7/25/2017,23.3700008392334,23.56999969482422,23.350000381469727,23.450000762939453,349100,23.450000762939453
7/24/2017,23.360000610351562,23.489999771118164,23.06999969482422,23.389999389648438,154400,23.389999389648438
7/21/2017,23.56999969482422,23.56999969482422,23.030000686645508,23.459999084472656,374600,23.459999084472656
7/20/2017,23.649999618530273,23.68000030517578,23.239999771118164,23.399999618530273,475000,23.399999618530273
7/19/2017,23.290000915527344,23.670000076293945,23.200000762939453,23.520000457763672,347500,23.520000457763672
7/18/2017,22.799999237060547,23.270000457763672,22.649999618530273,23.219999313354492,299200,23.219999313354492
7/17/2017,22.760000228881836,22.829999923706055,22.510000228881836,22.739999771118164,351600,22.739999771118164
7/14/2017,22.709999084472656,22.829999923706055,22.5049991607666,22.700000762939453,680900,22.700000762939453
7/13/2017,22.6200008392334,22.940000534057617,22.405000686645508,22.610000610351562,430200,22.610000610351562
7/12/2017,22.649999618530273,23,22.479999542236328,22.610000610351562,419600,22.610000610351562
7/11/2017,22.489999771118164,22.649999618530273,22.229999542236328,22.559999465942383,307900,22.559999465942383
7/10/2017,22.170000076293945,22.5,22.110000610351562,22.440000534057617,259300,22.440000534057617
7/7/2017,22.290000915527344,22.3799991607666,22.049999237060547,22.360000610351562,234400,22.360000610351562
7/6/2017,22.479999542236328,22.479999542236328,22,22.34000015258789,312800,22.34000015258789
7/5/2017,23.049999237060547,23.200000762939453,22.40999984741211,22.489999771118164,246100,22.489999771118164
7/3/2017,23,23.190000534057617,22.81999969482422,23.110000610351562,72000,23.110000610351562
6/30/2017,23.25,23.385000228881836,22.8700008392334,22.959999084472656,356500,22.959999084472656
6/29/2017,23.139999389648438,23.520000457763672,23.010000228881836,23.270000457763672,512500,23.270000457763672
6/28/2017,22.5,23.1299991607666,22.420000076293945,23.079999923706055,716800,23.079999923706055
6/27/2017,22.75,22.75,22.459999084472656,22.520000457763672,459000,22.520000457763672
6/26/2017,22.649999618530273,22.799999237060547,22.229999542236328,22.799999237060547,665300,22.799999237060547
6/23/2017,22.209999084472656,22.68000030517578,21.850000381469727,22.559999465942383,4200400,22.559999465942383
6/22/2017,22.25,22.43000030517578,21.639999389648438,21.65999984741211,676000,21.65999984741211
6/21/2017,22.899999618530273,23.170000076293945,22.049999237060547,22.06999969482422,2041400,22.06999969482422
6/20/2017,23.3700008392334,23.450000762939453,22.56999969482422,22.790000915527344,1252500,22.790000915527344
6/19/2017,23,23.690000534057617,22.760000228881836,23.459999084472656,722100,23.459999084472656
6/16/2017,23,23.579999923706055,22.75,23.1299991607666,941100,23.1299991607666
6/15/2017,22.989999771118164,23.649999618530273,22.790000915527344,23.010000228881836,575400,23.010000228881836
6/14/2017,22.690000534057617,23.75,22.34000015258789,23.25,5408500,23.25
6/13/2017,21.469999313354492,22.149999618530273,21.139999389648438,21.700000762939453,1121000,21.700000762939453
6/12/2017,21.799999237060547,21.81999969482422,21.09000015258789,21.56999969482422,581500,21.56999969482422
6/9/2017,21.309999465942383,21.96299934387207,21.309999465942383,21.799999237060547,197300,21.799999237060547
6/8/2017,21.81999969482422,21.989999771118164,21.309999465942383,21.31999969482422,262600,21.31999969482422
6/7/2017,22.5,22.531999588012695,21.5,21.81999969482422,288600,21.81999969482422
6/6/2017,22.829999923706055,22.989999771118164,22.68000030517578,22.729999542236328,142200,22.729999542236328
6/5/2017,23.290000915527344,23.389999389648438,22.700000762939453,22.899999618530273,101400,22.899999618530273
6/2/2017,23.440000534057617,23.639999389648438,23.149999618530273,23.389999389648438,89100,23.389999389648438
6/1/2017,22.739999771118164,23.68000030517578,22.700000762939453,23.489999771118164,146100,23.489999771118164
5/31/2017,22.489999771118164,22.979999542236328,22.489999771118164,22.780000686645508,152200,22.780000686645508
5/30/2017,22.850000381469727,22.93000030517578,22.059999465942383,22.469999313354492,107400,22.469999313354492
5/26/2017,23.149999618530273,23.15999984741211,22.739999771118164,22.950000762939453,99700,22.950000762939453
5/25/2017,23.09000015258789,23.579999923706055,23.049999237060547,23.15999984741211,107600,23.15999984741211
5/24/2017,23.43000030517578,23.665000915527344,23,23.1299991607666,147700,23.1299991607666
5/23/2017,23.1200008392334,23.510000228881836,22.899999618530273,23.440000534057617,118600,23.440000534057617
5/22/2017,22.790000915527344,23.440000534057617,22.790000915527344,23.110000610351562,114300,23.110000610351562
5/19/2017,22.549999237060547,22.8700008392334,22.25,22.75,150300,22.75
5/18/2017,22.549999237060547,22.68000030517578,22.299999237060547,22.579999923706055,170800,22.579999923706055
5/17/2017,23,23,22.450000762939453,22.579999923706055,174500,22.579999923706055
5/16/2017,22.889999389648438,23.139999389648438,22.700000762939453,23,341100,23
5/15/2017,22.739999771118164,22.920000076293945,22.604999542236328,22.799999237060547,205900,22.799999237060547
5/12/2017,22.579999923706055,22.674999237060547,22.25,22.649999618530273,92800,22.649999618530273
5/11/2017,22.579999923706055,22.579999923706055,22.190000534057617,22.530000686645508,130000,22.530000686645508
5/10/2017,22.56999969482422,22.8700008392334,21.940000534057617,22.65999984741211,305000,22.65999984741211
5/9/2017,22.200000762939453,22.520000457763672,22.030000686645508,22.489999771118164,269800,22.489999771118164
5/8/2017,22.229999542236328,22.43600082397461,22.059999465942383,22.219999313354492,112100,22.219999313354492
5/5/2017,21.84000015258789,22.510000228881836,21.399999618530273,22.299999237060547,234100,22.299999237060547
5/4/2017,23.989999771118164,24,21.84000015258789,21.950000762939453,405900,21.950000762939453
5/3/2017,22.219999313354492,23.06999969482422,22.219999313354492,22.799999237060547,387500,22.799999237060547
5/2/2017,22.18000030517578,22.389999389648438,21.8700008392334,22.229999542236328,116400,22.229999542236328
5/1/2017,22.139999389648438,22.43000030517578,22.040000915527344,22.139999389648438,91500,22.139999389648438
4/28/2017,22.510000228881836,22.719999313354492,22.1299991607666,22.219999313354492,428400,22.219999313354492
4/27/2017,21.700000762939453,22.709999084472656,21.479999542236328,22.600000381469727,298600,22.600000381469727
4/26/2017,20.75,21.700000762939453,20.709999084472656,21.600000381469727,170300,21.600000381469727
4/25/2017,20.670000076293945,21.229999542236328,20.670000076293945,20.790000915527344,154100,20.790000915527344
4/24/2017,20.950000762939453,21.030000686645508,20.469999313354492,20.690000534057617,200800,20.690000534057617
4/21/2017,20.93000030517578,21.27400016784668,20.760000228881836,20.8799991607666,276700,20.8799991607666
4/20/2017,20.299999237060547,21,20.299999237060547,20.719999313354492,155900,20.719999313354492
4/19/2017,20.170000076293945,20.360000610351562,19.969999313354492,20.280000686645508,176400,20.280000686645508
4/18/2017,19.690000534057617,20.375,19.690000534057617,20.139999389648438,168200,20.139999389648438
4/17/2017,19.280000686645508,19.709999084472656,19.280000686645508,19.68000030517578,161700,19.68000030517578
4/13/2017,19.239999771118164,19.510000228881836,19.06999969482422,19.420000076293945,136700,19.420000076293945
4/12/2017,19.239999771118164,19.43000030517578,19.030000686645508,19.270000457763672,147700,19.270000457763672
4/11/2017,18.969999313354492,19.389999389648438,18.950000762939453,19.18000030517578,237600,19.18000030517578
4/10/2017,18.959999084472656,19.239999771118164,18.959999084472656,19.040000915527344,155000,19.040000915527344
4/7/2017,19.350000381469727,19.440000534057617,19.010000228881836,19.06999969482422,142700,19.06999969482422
4/6/2017,19.049999237060547,19.559999465942383,19.030000686645508,19.290000915527344,245600,19.290000915527344
4/5/2017,19.450000762939453,19.950000762939453,19.020000457763672,19.040000915527344,263800,19.040000915527344
4/4/2017,19.920000076293945,20.25,19.3799991607666,19.489999771118164,305500,19.489999771118164
4/3/2017,19.299999237060547,20.049999237060547,19.299999237060547,19.90999984741211,900000,19.90999984741211
3/31/2017,19.200000762939453,19.350000381469727,19,19.290000915527344,241900,19.290000915527344
3/30/2017,19.059999465942383,19.350000381469727,19.059999465942383,19.209999084472656,145400,19.209999084472656
3/29/2017,19.25,19.5,19.079999923706055,19.170000076293945,166900,19.170000076293945
3/28/2017,19.68000030517578,19.860000610351562,19.1299991607666,19.239999771118164,205600,19.239999771118164
3/27/2017,19.43000030517578,19.809999465942383,18.8700008392334,19.75,363800,19.75
3/24/2017,19.280000686645508,19.899999618530273,19.280000686645508,19.719999313354492,190200,19.719999313354492
3/23/2017,19.8799991607666,20.329999923706055,18.979999542236328,19.25,458700,19.25
3/22/2017,20.399999618530273,20.399999618530273,19.674999237060547,19.950000762939453,313500,19.950000762939453
3/21/2017,20.420000076293945,20.889999389648438,20.170000076293945,20.43000030517578,268100,20.43000030517578
3/20/2017,20.1299991607666,20.5,19.940000534057617,20.350000381469727,185500,20.350000381469727
3/17/2017,19.8700008392334,20.170000076293945,19.51099967956543,20.059999465942383,456400,20.059999465942383
3/16/2017,19.809999465942383,20.1200008392334,19.770000457763672,19.899999618530273,154700,19.899999618530273
3/15/2017,20.010000228881836,20.010000228881836,18.950000762939453,19.889999389648438,384000,19.889999389648438
3/14/2017,19.760000228881836,20.209999084472656,19.618999481201172,19.899999618530273,250700,19.899999618530273
3/13/2017,20.149999618530273,20.56999969482422,19.719999313354492,19.860000610351562,277100,19.860000610351562
3/10/2017,20.34000015258789,20.600000381469727,20.010000228881836,20.149999618530273,247000,20.149999618530273
3/9/2017,19.790000915527344,20.469999313354492,19.760000228881836,20.34000015258789,310400,20.34000015258789
3/8/2017,20.540000915527344,20.780000686645508,19.780000686645508,19.780000686645508,316000,19.780000686645508
3/7/2017,20.729999542236328,20.899999618530273,20.389999389648438,20.549999237060547,404100,20.549999237060547
3/6/2017,20.979999542236328,21.190000534057617,20.549999237060547,20.8799991607666,457300,20.8799991607666
3/3/2017,22.239999771118164,22.350000381469727,21.149999618530273,21.149999618530273,454400,21.149999618530273
3/2/2017,21.959999084472656,22.770000457763672,21.81999969482422,22.350000381469727,472800,22.350000381469727
3/1/2017,23.270000457763672,23.389999389648438,22.219999313354492,22.31999969482422,602700,22.31999969482422
2/28/2017,24.020000457763672,24.280000686645508,21.219999313354492,23.110000610351562,1460200,23.110000610351562
2/27/2017,26.200000762939453,26.43000030517578,25.6200008392334,25.90999984741211,477500,25.90999984741211
2/24/2017,26.1299991607666,27.079999923706055,26.1299991607666,26.200000762939453,349200,26.200000762939453
2/23/2017,24.6299991607666,26.559999465942383,24.549999237060547,26.3799991607666,430600,26.3799991607666
2/22/2017,24.549999237060547,24.81999969482422,24.399999618530273,24.559999465942383,192000,24.559999465942383
2/21/2017,24.670000076293945,24.75,24.284000396728516,24.549999237060547,150400,24.549999237060547
2/17/2017,24.25,24.889999389648438,23.780000686645508,24.670000076293945,216600,24.670000076293945
2/16/2017,23.709999084472656,24.3700008392334,23.509000778198242,24.270000457763672,164300,24.270000457763672
2/15/2017,23.829999923706055,23.989999771118164,23.628000259399414,23.809999465942383,165600,23.809999465942383
2/14/2017,23.889999389648438,24.020000457763672,23.3700008392334,23.8700008392334,365200,23.8700008392334
2/13/2017,24,24.219999313354492,23.829999923706055,24.010000228881836,149000,24.010000228881836
2/10/2017,23.93000030517578,24.139999389648438,23.709999084472656,23.84000015258789,270800,23.84000015258789
2/9/2017,23.989999771118164,24.1200008392334,23.80500030517578,23.920000076293945,151500,23.920000076293945
2/8/2017,24.3799991607666,24.459999084472656,23.68000030517578,24.010000228881836,193100,24.010000228881836
2/7/2017,24.190000534057617,24.440000534057617,24.14900016784668,24.3799991607666,196800,24.3799991607666
2/6/2017,24.350000381469727,24.389999389648438,23.860000610351562,24.209999084472656,165700,24.209999084472656
2/3/2017,24.34000015258789,24.520000457763672,24.014999389648438,24.489999771118164,223300,24.489999771118164
2/2/2017,24.3700008392334,24.65999984741211,23.8700008392334,24.309999465942383,166600,24.309999465942383
2/1/2017,24.149999618530273,24.530000686645508,24.059999465942383,24.309999465942383,146100,24.309999465942383
1/31/2017,23.959999084472656,24.270000457763672,23.760000228881836,24.079999923706055,128700,24.079999923706055
1/30/2017,24.149999618530273,24.18000030517578,23.6200008392334,24.020000457763672,181900,24.020000457763672
1/27/2017,23.5,24.209999084472656,23.350000381469727,24.209999084472656,260600,24.209999084472656
1/26/2017,23.309999465942383,23.579999923706055,23.110000610351562,23.549999237060547,131500,23.549999237060547
1/25/2017,23.149999618530273,23.469999313354492,23.040000915527344,23.290000915527344,117000,23.290000915527344
1/24/2017,23.079999923706055,23.350000381469727,22.90399932861328,23.170000076293945,91000,23.170000076293945
1/23/2017,22.799999237060547,23.09000015258789,22.610000610351562,23.030000686645508,162700,23.030000686645508
1/20/2017,22.770000457763672,22.93000030517578,22.420000076293945,22.809999465942383,84900,22.809999465942383
1/19/2017,23.100000381469727,23.354999542236328,22.280000686645508,22.579999923706055,236600,22.579999923706055
1/18/2017,22.690000534057617,23.09000015258789,22.5,23.06999969482422,181000,23.06999969482422
1/17/2017,22.510000228881836,23.09000015258789,22.35300064086914,22.68000030517578,198200,22.68000030517578
1/13/2017,23.139999389648438,23.389999389648438,22.520000457763672,22.6200008392334,146100,22.6200008392334
1/12/2017,23.479999542236328,23.649999618530273,22.920000076293945,23.110000610351562,134800,23.110000610351562
1/11/2017,23.3799991607666,24.239999771118164,23.100000381469727,23.639999389648438,155200,23.639999389648438
1/10/2017,23.420000076293945,23.969999313354492,23.100000381469727,23.600000381469727,227800,23.600000381469727
1/9/2017,24.149999618530273,24.170000076293945,23.1299991607666,23.290000915527344,360300,23.290000915527344
1/6/2017,24.209999084472656,24.43000030517578,23.579999923706055,24.1299991607666,198600,24.1299991607666
1/5/2017,24.1200008392334,24.450000762939453,23.959999084472656,24.190000534057617,400500,24.190000534057617
1/4/2017,23.600000381469727,24.549999237060547,23.469999313354492,24.1200008392334,366200,24.1200008392334
1/3/2017,22.950000762939453,23.89900016784668,22.93400001525879,23.459999084472656,373200,23.459999084472656
12/30/2016,22.809999465942383,23.100000381469727,22.700000762939453,22.979999542236328,468400,22.979999542236328
12/29/2016,21.1299991607666,23.049999237060547,21.1299991607666,22.8799991607666,411400,22.8799991607666
12/28/2016,20.639999389648438,21.239999771118164,20.54199981689453,21.1299991607666,129300,21.1299991607666
12/27/2016,19.799999237060547,20.989999771118164,19.64299964904785,20.709999084472656,209300,20.709999084472656
12/23/2016,19.90999984741211,20.059999465942383,19.670000076293945,19.850000381469727,225200,19.850000381469727
12/22/2016,20.350000381469727,20.440000534057617,19.829999923706055,19.850000381469727,216600,19.850000381469727
12/21/2016,20.420000076293945,20.649999618530273,20.06999969482422,20.270000457763672,307900,20.270000457763672
12/20/2016,20.06999969482422,20.65999984741211,19.950000762939453,20.420000076293945,668400,20.420000076293945
12/19/2016,20.299999237060547,20.5,19.989999771118164,20.079999923706055,278000,20.079999923706055
12/16/2016,20.260000228881836,20.489999771118164,19.600000381469727,20.25,1013300,20.25
12/15/2016,19.520000457763672,20.40999984741211,19.520000457763672,20.299999237060547,380800,20.299999237060547
12/14/2016,19.43000030517578,19.959999084472656,19.280000686645508,19.56999969482422,386600,19.56999969482422
12/13/2016,19.610000610351562,19.783000946044922,19.21500015258789,19.549999237060547,509100,19.549999237060547
12/12/2016,19.989999771118164,20.190000534057617,19.426000595092773,19.65999984741211,273300,19.65999984741211
12/9/2016,19.709999084472656,20.09000015258789,19.59000015258789,20.040000915527344,299500,20.040000915527344
12/8/2016,19.739999771118164,19.850000381469727,19.583999633789062,19.829999923706055,262300,19.829999923706055
12/7/2016,19.969999313354492,20.020000457763672,19.739999771118164,19.809999465942383,595400,19.809999465942383
12/6/2016,19.09000015258789,20.045000076293945,19.059999465942383,20.020000457763672,494500,20.020000457763672
12/5/2016,18.3799991607666,19.389999389648438,18.329999923706055,19.229999542236328,254400,19.229999542236328
12/2/2016,18.450000762939453,18.739999771118164,18.024999618530273,18.56999969482422,230000,18.56999969482422
12/1/2016,18.899999618530273,19.450000762939453,18.5,18.540000915527344,439600,18.540000915527344
11/30/2016,19.950000762939453,20,18.851999282836914,19.06999969482422,313400,19.06999969482422
11/29/2016,19.549999237060547,20.190000534057617,19.309999465942383,20.030000686645508,293100,20.030000686645508
11/28/2016,19.530000686645508,19.75,19.270000457763672,19.639999389648438,238400,19.639999389648438
11/25/2016,19.860000610351562,20.190000534057617,19.690000534057617,19.799999237060547,69500,19.799999237060547
11/23/2016,20,20.040000915527344,19.55900001525879,19.799999237060547,155400,19.799999237060547
11/22/2016,20.209999084472656,20.489999771118164,20,20.09000015258789,311800,20.09000015258789
11/21/2016,20.600000381469727,20.739999771118164,20.25,20.280000686645508,192600,20.280000686645508
11/18/2016,20.950000762939453,21.170000076293945,20.530000686645508,20.75,189800,20.75
11/17/2016,20.700000762939453,21.3799991607666,20.700000762939453,21.190000534057617,290100,21.190000534057617
11/16/2016,20.700000762939453,21.100000381469727,20.34600067138672,20.700000762939453,168100,20.700000762939453
11/15/2016,20.110000610351562,21.010000228881836,20,20.8799991607666,365000,20.8799991607666
11/14/2016,19.239999771118164,20.709999084472656,19.200000762939453,20.309999465942383,623400,20.309999465942383
11/11/2016,19.209999084472656,19.520000457763672,18.600000381469727,19.290000915527344,441900,19.290000915527344
11/10/2016,20.610000610351562,20.6200008392334,18.510000228881836,19.31999969482422,1285000,19.31999969482422
11/9/2016,20.030000686645508,20.770000457763672,20,20.6299991607666,266500,20.6299991607666
11/8/2016,20.139999389648438,20.899999618530273,20.05500030517578,20.450000762939453,568000,20.450000762939453
11/7/2016,20.799999237060547,21.21500015258789,20.170000076293945,20.389999389648438,311200,20.389999389648438
11/4/2016,20.649999618530273,21.219999313354492,20.459999084472656,20.729999542236328,299700,20.729999542236328
11/3/2016,20.450000762939453,21.020000457763672,20.010000228881836,20.860000610351562,300500,20.860000610351562
11/2/2016,20.690000534057617,21.030000686645508,20.239999771118164,20.809999465942383,288200,20.809999465942383
11/1/2016,21.34000015258789,21.6299991607666,21,21.06999969482422,340900,21.06999969482422
10/31/2016,21.860000610351562,21.989999771118164,21.40999984741211,21.450000762939453,607500,21.450000762939453
10/28/2016,22.049999237060547,22.700000762939453,22,22.059999465942383,509700,22.059999465942383
10/27/2016,23.530000686645508,23.530000686645508,21.860000610351562,22.229999542236328,370600,22.229999542236328
10/26/2016,24.139999389648438,24.639999389648438,23.44499969482422,23.469999313354492,235300,23.469999313354492
10/25/2016,24.56999969482422,24.81999969482422,24.399999618530273,24.450000762939453,406000,24.450000762939453
10/24/2016,24.549999237060547,24.860000610351562,24.19700050354004,24.600000381469727,256500,24.600000381469727
10/21/2016,23.829999923706055,25.110000610351562,23.600000381469727,25.020000457763672,495300,25.020000457763672
10/20/2016,23.40999984741211,23.639999389648438,22.700000762939453,23.6299991607666,480500,23.6299991607666
10/19/2016,24.09000015258789,24.489999771118164,23.030000686645508,23.68000030517578,673500,23.68000030517578
10/18/2016,24.049999237060547,25.34000015258789,23.729999542236328,24.329999923706055,680300,24.329999923706055
10/17/2016,24.709999084472656,24.709999084472656,24,24.079999923706055,340600,24.079999923706055
10/14/2016,22.780000686645508,24.899999618530273,22.530000686645508,24.75,596800,24.75
10/13/2016,22.40999984741211,23.149999618530273,22.059999465942383,22.739999771118164,830600,22.739999771118164
10/12/2016,23.889999389648438,24.200000762939453,22.5,22.6299991607666,1099000,22.6299991607666
10/11/2016,22,23.399999618530273,21.75,23.31999969482422,975200,23.31999969482422
10/10/2016,20.950000762939453,22.808000564575195,20.950000762939453,22.100000381469727,1484200,22.100000381469727
10/7/2016,21.600000381469727,21.850000381469727,20.729999542236328,20.950000762939453,1528800,20.950000762939453
10/6/2016,21.56999969482422,22.440000534057617,21.260000228881836,21.8700008392334,999600,21.8700008392334
10/5/2016,22.1200008392334,22.841999053955078,21.25,21.850000381469727,1474000,21.850000381469727
10/4/2016,22.850000381469727,24.450000762939453,22.34000015258789,22.389999389648438,1659900,22.389999389648438
10/3/2016,28.170000076293945,28.5,20.260000228881836,22.969999313354492,2352600,22.969999313354492
9/30/2016,26.100000381469727,29,25.5,29,16900,29
9/29/2016,25.25,25.5,25.25,25.5,9100,25.5
9/28/2016,25.299999237060547,25.299999237060547,25.25,25.25,27700,25.25
9/27/2016,24.25,25.299999237060547,24.25,25.299999237060547,700,25.299999237060547
9/26/2016,22.5,23.25,22.5,23.25,200,23.25
