4/22/2019,5.150000095367432,5.230000019073486,5.059999942779541,5.119999885559082,141400,5.119999885559082
4/18/2019,5.190000057220459,5.239999771118164,5.110000133514404,5.170000076293945,127600,5.170000076293945
4/17/2019,5.269999980926514,5.320000171661377,5.139999866485596,5.159999847412109,179900,5.159999847412109
4/16/2019,5.199999809265137,5.329999923706055,5.150000095367432,5.230000019073486,212900,5.230000019073486
4/15/2019,5.150000095367432,5.269999980926514,5.119999885559082,5.179999828338623,193400,5.179999828338623
4/12/2019,5.090000152587891,5.28000020980835,5.03000020980835,5.150000095367432,265700,5.150000095367432
4/11/2019,5.079999923706055,5.150000095367432,4.980000019073486,5.010000228881836,208800,5.010000228881836
4/10/2019,5.099999904632568,5.199999809265137,5.050000190734863,5.099999904632568,160300,5.099999904632568
4/9/2019,5.340000152587891,5.340000152587891,5.03000020980835,5.130000114440918,413500,5.130000114440918
4/8/2019,5.25,5.401000022888184,5.25,5.389999866485596,279500,5.389999866485596
4/5/2019,5.199999809265137,5.315000057220459,5.170000076293945,5.25,392800,5.25
4/4/2019,5.210000038146973,5.389999866485596,5.190000057220459,5.199999809265137,237600,5.199999809265137
4/3/2019,5.360000133514404,5.46999979019165,5.170000076293945,5.199999809265137,473300,5.199999809265137
4/2/2019,5.300000190734863,5.456999778747559,5.25,5.289999961853027,205200,5.289999961853027
4/1/2019,5.150000095367432,5.46999979019165,5.150000095367432,5.300000190734863,353400,5.300000190734863
3/29/2019,5.079999923706055,5.260000228881836,5.070000171661377,5.090000152587891,852900,5.090000152587891
3/28/2019,5.059999942779541,5.099999904632568,4.909999847412109,5.03000020980835,346200,5.03000020980835
3/27/2019,4.920000076293945,5.190000057220459,4.920000076293945,5.070000171661377,221900,5.070000171661377
3/26/2019,4.809999942779541,4.960000038146973,4.739999771118164,4.940000057220459,185300,4.940000057220459
3/25/2019,4.619999885559082,4.849999904632568,4.449999809265137,4.78000020980835,436200,4.78000020980835
3/22/2019,4.889999866485596,4.934999942779541,4.614999771118164,4.690000057220459,379300,4.690000057220459
3/21/2019,4.849999904632568,4.989999771118164,4.796999931335449,4.929999828338623,398200,4.929999828338623
3/20/2019,5.110000133514404,5.130000114440918,4.829999923706055,4.840000152587891,294000,4.840000152587891
3/19/2019,5.260000228881836,5.300000190734863,5.099999904632568,5.139999866485596,169600,5.139999866485596
3/18/2019,5.179999828338623,5.480000019073486,5.140999794006348,5.25,262300,5.25
3/15/2019,5.139999866485596,5.199999809265137,5.070000171661377,5.170000076293945,1132800,5.170000076293945
3/14/2019,5.079999923706055,5.193999767303467,5.059999942779541,5.130000114440918,221400,5.130000114440918
3/13/2019,5.079999923706055,5.289999961853027,5.03000020980835,5.079999923706055,321000,5.079999923706055
3/12/2019,5.130000114440918,5.265999794006348,4.710000038146973,5.059999942779541,875700,5.059999942779541
3/11/2019,4.949999809265137,5.380000114440918,4.789000034332275,5.079999923706055,944500,5.079999923706055
3/7/2019,4.300000190734863,4.46999979019165,4.210000038146973,4.409999847412109,264600,4.409999847412109
3/6/2019,4.650000095367432,4.670000076293945,4.300000190734863,4.329999923706055,427500,4.329999923706055
3/5/2019,4.800000190734863,4.900000095367432,4.650000095367432,4.659999847412109,177100,4.659999847412109
3/4/2019,4.78000020980835,5.039999961853027,4.769999980926514,4.800000190734863,340600,4.800000190734863
3/1/2019,4.789999961853027,4.860000133514404,4.71999979019165,4.739999771118164,60700,4.739999771118164
2/28/2019,4.760000228881836,4.800000190734863,4.650000095367432,4.75,247100,4.75
2/27/2019,4.78000020980835,4.800000190734863,4.699999809265137,4.78000020980835,135600,4.78000020980835
2/26/2019,4.800000190734863,4.849999904632568,4.699999809265137,4.789999961853027,137600,4.789999961853027
2/25/2019,4.96999979019165,5.050000190734863,4.730000019073486,4.809999942779541,248500,4.809999942779541
2/21/2019,4.860000133514404,4.900000095367432,4.769999980926514,4.889999866485596,260300,4.889999866485596
2/20/2019,4.710000038146973,4.869999885559082,4.630000114440918,4.849999904632568,299500,4.849999904632568
2/19/2019,4.849999904632568,4.960000038146973,4.659999847412109,4.699999809265137,349200,4.699999809265137
2/15/2019,4.630000114440918,4.869999885559082,4.559999942779541,4.860000133514404,426600,4.860000133514404
2/14/2019,4.449999809265137,4.639999866485596,4.449999809265137,4.590000152587891,218100,4.590000152587891
2/13/2019,4.46999979019165,4.510000228881836,4.409999847412109,4.489999771118164,203200,4.489999771118164
2/12/2019,4.389999866485596,4.570000171661377,4.289999961853027,4.449999809265137,226800,4.449999809265137
2/11/2019,4.289999961853027,4.400000095367432,4.199999809265137,4.360000133514404,207800,4.360000133514404
2/8/2019,4.519999980926514,4.585000038146973,4.159999847412109,4.239999771118164,385600,4.239999771118164
2/7/2019,4.590000152587891,5.059999942779541,4.28000020980835,4.480000019073486,927700,4.480000019073486
2/6/2019,4.28000020980835,4.349999904632568,4.210000038146973,4.300000190734863,187800,4.300000190734863
2/5/2019,4.210000038146973,4.369999885559082,4.179999828338623,4.289999961853027,196100,4.289999961853027
2/4/2019,4.150000095367432,4.190000057220459,4.099999904632568,4.179999828338623,148800,4.179999828338623
2/1/2019,4.179999828338623,4.260000228881836,4.110000133514404,4.159999847412109,176700,4.159999847412109
1/31/2019,4.099999904632568,4.269999980926514,4.099999904632568,4.170000076293945,231400,4.170000076293945
1/29/2019,4.150000095367432,4.170000076293945,4.03000020980835,4.110000133514404,161600,4.110000133514404
1/28/2019,4.369999885559082,4.369999885559082,4.090000152587891,4.150000095367432,211600,4.150000095367432
1/25/2019,4.28000020980835,4.519999980926514,4.260000228881836,4.420000076293945,198300,4.420000076293945
1/24/2019,4.159999847412109,4.239999771118164,4.119999885559082,4.239999771118164,119700,4.239999771118164
1/23/2019,4.460000038146973,4.550000190734863,4.019999980926514,4.159999847412109,391600,4.159999847412109
1/22/2019,4.230000019073486,4.839000225067139,4.230000019073486,4.440000057220459,525300,4.440000057220459
1/18/2019,3.940000057220459,4.300000190734863,3.890000104904175,4.230000019073486,1089500,4.230000019073486
1/16/2019,3.8399999141693115,3.950000047683716,3.8299999237060547,3.8299999237060547,198600,3.8299999237060547
1/15/2019,3.940000057220459,3.9700000286102295,3.809999942779541,3.8499999046325684,111800,3.8499999046325684
1/11/2019,4.139999866485596,4.139999866485596,3.990000009536743,4.03000020980835,234900,4.03000020980835
1/10/2019,4.050000190734863,4.139999866485596,3.990000009536743,4.130000114440918,200900,4.130000114440918
1/9/2019,4.150000095367432,4.25,4.050000190734863,4.099999904632568,638200,4.099999904632568
1/8/2019,4.119999885559082,4.150000095367432,3.990000009536743,4.119999885559082,552000,4.119999885559082
1/7/2019,3.930000066757202,4.090000152587891,3.8299999237060547,4.050000190734863,515900,4.050000190734863
1/4/2019,3.740000009536743,3.930000066757202,3.700000047683716,3.930000066757202,337500,3.930000066757202
1/3/2019,3.7200000286102295,3.7909998893737793,3.569999933242798,3.6600000858306885,321300,3.6600000858306885
1/2/2019,3.5799999237060547,3.869999885559082,3.569999933242798,3.7699999809265137,326300,3.7699999809265137
12/31/2018,3.7100000381469727,3.7100000381469727,3.5399999618530273,3.680000066757202,473100,3.680000066757202
12/28/2018,3.5899999141693115,3.740000009536743,3.494999885559082,3.6700000762939453,391000,3.6700000762939453
12/27/2018,3.609999895095825,3.690000057220459,3.440000057220459,3.569999933242798,274900,3.569999933242798
12/26/2018,3.4000000953674316,3.6600000858306885,3.4000000953674316,3.6500000953674316,419300,3.6500000953674316
12/24/2018,3.619999885559082,3.619999885559082,3.309999942779541,3.380000114440918,814900,3.380000114440918
12/21/2018,3.509999990463257,3.8380000591278076,3.5,3.680000066757202,1098000,3.680000066757202
12/20/2018,3.5899999141693115,3.690000057220459,3.450000047683716,3.5,1059500,3.5
12/19/2018,3.4200000762939453,3.8299999237060547,3.4100000858306885,3.5899999141693115,901300,3.5899999141693115
12/18/2018,3.2899999618530273,3.4649999141693115,3.2850000858306885,3.4100000858306885,720600,3.4100000858306885
12/17/2018,3.319999933242798,3.3269999027252197,3.130000114440918,3.259999990463257,1161000,3.259999990463257
12/14/2018,3.299999952316284,3.640000104904175,3.259999990463257,3.3499999046325684,721700,3.3499999046325684
12/13/2018,3.369999885559082,3.450000047683716,3.180000066757202,3.259999990463257,951800,3.259999990463257
12/12/2018,3.4700000286102295,3.549999952316284,3.299999952316284,3.319999933242798,526800,3.319999933242798
12/11/2018,3.369999885559082,3.5,3.3499999046325684,3.450000047683716,533700,3.450000047683716
12/10/2018,3.319999933242798,3.4000000953674316,3.200000047683716,3.3299999237060547,999600,3.3299999237060547
12/7/2018,3.5,3.509999990463257,3.240000009536743,3.25,1034300,3.25
12/6/2018,3.559999942779541,3.569999933242798,3.390000104904175,3.4600000381469727,1053600,3.4600000381469727
12/3/2018,4.150000095367432,4.159999847412109,3.930000066757202,4.039999961853027,664600,4.039999961853027
11/30/2018,4.139999866485596,4.210000038146973,4.010000228881836,4.019999980926514,482700,4.019999980926514
11/29/2018,4.5,4.639999866485596,4.090000152587891,4.150000095367432,842100,4.150000095367432
11/28/2018,4.400000095367432,4.590000152587891,4.21999979019165,4.579999923706055,533900,4.579999923706055
11/27/2018,4.429999828338623,4.550000190734863,4.340000152587891,4.380000114440918,352600,4.380000114440918
11/26/2018,4.650000095367432,4.760000228881836,4.460000038146973,4.519999980926514,207800,4.519999980926514
11/23/2018,4.630000114440918,4.739999771118164,4.590000152587891,4.619999885559082,120600,4.619999885559082
11/21/2018,4.639999866485596,4.760000228881836,4.559999942779541,4.670000076293945,451100,4.670000076293945
11/20/2018,4.690000057220459,4.705999851226807,4.409999847412109,4.590000152587891,706300,4.590000152587891
11/19/2018,4.809999942779541,4.860000133514404,4.675000190734863,4.789999961853027,532500,4.789999961853027
11/14/2018,5.360000133514404,5.369999885559082,5.019999980926514,5.025000095367432,501300,5.025000095367432
11/13/2018,5.119999885559082,5.409999847412109,5.105999946594238,5.260000228881836,435400,5.260000228881836
11/12/2018,5.5,5.550000190734863,5.059999942779541,5.119999885559082,632100,5.119999885559082
11/9/2018,5.679999828338623,5.789999961853027,5.489999771118164,5.510000228881836,408200,5.510000228881836
11/8/2018,5.360000133514404,5.800000190734863,5.170000076293945,5.730000019073486,890300,5.730000019073486
11/7/2018,5.550000190734863,5.591000080108643,5.309999942779541,5.324999809265137,1154800,5.324999809265137
11/6/2018,6.150000095367432,6.349999904632568,5.329999923706055,5.659999847412109,1338300,5.659999847412109
11/5/2018,6.070000171661377,6.190000057220459,5.869999885559082,6.059999942779541,304400,6.059999942779541
11/1/2018,6.130000114440918,6.269999980926514,6.010000228881836,6.260000228881836,287700,6.260000228881836
10/31/2018,6.179999828338623,6.300000190734863,6.039999961853027,6.079999923706055,311000,6.079999923706055
10/30/2018,5.929999828338623,6.110000133514404,5.809999942779541,6.099999904632568,295700,6.099999904632568
10/29/2018,6.300000190734863,6.309999942779541,5.889999866485596,5.929999828338623,263200,5.929999828338623
10/26/2018,6.190000057220459,6.269000053405762,5.960000038146973,6.21999979019165,262200,6.21999979019165
10/25/2018,6.130000114440918,6.480000019073486,6.110000133514404,6.309999942779541,377800,6.309999942779541
10/24/2018,6.670000076293945,6.715000152587891,6.050000190734863,6.050000190734863,418000,6.050000190734863
10/23/2018,6.699999809265137,6.744999885559082,6.380000114440918,6.670000076293945,318900,6.670000076293945
10/22/2018,7.190000057220459,7.190000057220459,6.760000228881836,6.860000133514404,208200,6.860000133514404
10/19/2018,7.320000171661377,7.354000091552734,7.050000190734863,7.119999885559082,295100,7.119999885559082
10/18/2018,7.670000076293945,7.699999809265137,7.320000171661377,7.329999923706055,635700,7.329999923706055
10/17/2018,7.690000057220459,7.690000057220459,7.340000152587891,7.659999847412109,557700,7.659999847412109
10/16/2018,7.5,7.650000095367432,7.25,7.630000114440918,291700,7.630000114440918
10/15/2018,7.349999904632568,7.550000190734863,7.329999923706055,7.449999809265137,132200,7.449999809265137
10/12/2018,7.369999885559082,7.389999866485596,7.110000133514404,7.349999904632568,348600,7.349999904632568
10/11/2018,7.329999923706055,7.46999979019165,7.079999923706055,7.239999771118164,353200,7.239999771118164
10/10/2018,7.869999885559082,7.869999885559082,7.239999771118164,7.409999847412109,642100,7.409999847412109
10/9/2018,7.940000057220459,8.079999923706055,7.849999904632568,7.860000133514404,287100,7.860000133514404
10/5/2018,7.829999923706055,7.869999885559082,7.460000038146973,7.730000019073486,332100,7.730000019073486
10/4/2018,7.980000019073486,8.140000343322754,7.800000190734863,7.820000171661377,260900,7.820000171661377
10/3/2018,7.860000133514404,8.020000457763672,7.769999980926514,7.96999979019165,469000,7.96999979019165
10/2/2018,8.210000038146973,8.255999565124512,7.800000190734863,7.820000171661377,283200,7.820000171661377
10/1/2018,8.109999656677246,8.40999984741211,8.095000267028809,8.199999809265137,324500,8.199999809265137
9/28/2018,8.029999732971191,8.130000114440918,7.820000171661377,8.020000457763672,246800,8.020000457763672
9/27/2018,8.100000381469727,8.199999809265137,8.020000457763672,8.0600004196167,133400,8.0600004196167
9/26/2018,8.25,8.279999732971191,8.0600004196167,8.069999694824219,203500,8.069999694824219
9/25/2018,8.279999732971191,8.404999732971191,8.220000267028809,8.229999542236328,194300,8.229999542236328
9/24/2018,8.449999809265137,8.470000267028809,8.220000267028809,8.25,166400,8.25
9/21/2018,8.649999618530273,8.8100004196167,8.350000381469727,8.5,615500,8.5
9/20/2018,8.899999618530273,8.970000267028809,8.649999618530273,8.670000076293945,257900,8.670000076293945
9/19/2018,8.8100004196167,8.97700023651123,8.75,8.850000381469727,144700,8.850000381469727
9/18/2018,8.819999694824219,8.829999923706055,8.619999885559082,8.800000190734863,141600,8.800000190734863
9/17/2018,8.850000381469727,8.930000305175781,8.6899995803833,8.779999732971191,128800,8.779999732971191
9/14/2018,8.819999694824219,8.9399995803833,8.8100004196167,8.890000343322754,133500,8.890000343322754
9/13/2018,8.869999885559082,8.880000114440918,8.699999809265137,8.819999694824219,138100,8.819999694824219
9/12/2018,8.899999618530273,8.970000267028809,8.8100004196167,8.850000381469727,146100,8.850000381469727
9/11/2018,8.970000267028809,8.970000267028809,8.829999923706055,8.880000114440918,316200,8.880000114440918
9/10/2018,8.649999618530273,9.039999961853027,8.640000343322754,8.970000267028809,388600,8.970000267028809
9/7/2018,8.539999961853027,8.680000305175781,8.5,8.649999618530273,321200,8.649999618530273
9/6/2018,8.699999809265137,8.758000373840332,8.5,8.539999961853027,172900,8.539999961853027
9/5/2018,8.579999923706055,8.75,8.510000228881836,8.739999771118164,174800,8.739999771118164
8/31/2018,8.960000038146973,9.140000343322754,8.960000038146973,8.989999771118164,351400,8.989999771118164
8/30/2018,8.930000305175781,9.0600004196167,8.8100004196167,9.020000457763672,319300,9.020000457763672
8/28/2018,9.149999618530273,9.149999618530273,8.880000114440918,8.899999618530273,229800,8.899999618530273
8/27/2018,8.989999771118164,9.15999984741211,8.930000305175781,9.149999618530273,201900,9.149999618530273
8/23/2018,9.4399995803833,9.520000457763672,8.899999618530273,8.989999771118164,250300,8.989999771118164
8/22/2018,9.260000228881836,9.776000022888184,9.260000228881836,9.4399995803833,489500,9.4399995803833
8/17/2018,8.680000305175781,8.800000190734863,8.65999984741211,8.779999732971191,160600,8.779999732971191
8/16/2018,8.739999771118164,8.770000457763672,8.670000076293945,8.6899995803833,123000,8.6899995803833
8/15/2018,8.75,8.899999618530273,8.579000473022461,8.6899995803833,144200,8.6899995803833
8/13/2018,9.0600004196167,9.0600004196167,8.829999923706055,8.859999656677246,285900,8.859999656677246
8/10/2018,8.979999542236328,9.055000305175781,8.859999656677246,9.010000228881836,487900,9.010000228881836
8/9/2018,9.800000190734863,9.819999694824219,8.84000015258789,8.989999771118164,1091300,8.989999771118164
8/8/2018,8.510000228881836,8.5600004196167,8.329999923706055,8.529999732971191,269100,8.529999732971191
8/7/2018,8.510000228881836,8.5600004196167,8.380000114440918,8.40999984741211,159300,8.40999984741211
8/6/2018,8.449999809265137,8.510000228881836,8.350000381469727,8.479999542236328,211200,8.479999542236328
8/3/2018,8.510000228881836,8.619999885559082,8.319999694824219,8.4399995803833,273900,8.4399995803833
8/2/2018,8.510000228881836,8.619999885559082,8.4399995803833,8.600000381469727,210200,8.600000381469727
8/1/2018,8.65999984741211,8.739999771118164,8.470000267028809,8.510000228881836,254200,8.510000228881836
7/31/2018,8.520000457763672,8.920000076293945,8.460000038146973,8.6899995803833,360300,8.6899995803833
7/30/2018,8.300000190734863,8.640000343322754,8.220000267028809,8.489999771118164,488400,8.489999771118164
7/27/2018,8.329999923706055,8.529999732971191,8.260000228881836,8.319999694824219,355600,8.319999694824219
7/26/2018,8.699999809265137,8.779999732971191,8.260000228881836,8.289999961853027,576300,8.289999961853027
7/25/2018,9.329999923706055,9.380000114440918,8.039999961853027,8.65999984741211,888300,8.65999984741211
7/24/2018,9.619999885559082,9.619999885559082,9.319999694824219,9.329999923706055,197600,9.329999923706055
7/23/2018,9.5,9.59000015258789,9.4399995803833,9.529999732971191,128300,9.529999732971191
7/20/2018,9.520000457763672,9.569999694824219,9.449999809265137,9.529999732971191,108500,9.529999732971191
7/19/2018,9.479999542236328,9.649999618530273,9.399999618530273,9.5600004196167,171000,9.5600004196167
7/18/2018,9.399999618530273,9.529999732971191,9.34000015258789,9.489999771118164,133400,9.489999771118164
7/17/2018,9.40999984741211,9.510000228881836,9.270000457763672,9.390000343322754,169200,9.390000343322754
7/16/2018,9.529999732971191,9.569999694824219,9.180000305175781,9.4399995803833,388000,9.4399995803833
7/13/2018,9.40999984741211,9.600000381469727,9.40999984741211,9.479999542236328,125500,9.479999542236328
7/12/2018,9.619999885559082,9.619999885559082,9.350000381469727,9.420000076293945,316000,9.420000076293945
7/11/2018,9.869999885559082,9.890000343322754,9.529999732971191,9.579999923706055,289200,9.579999923706055
7/10/2018,10,10.062999725341797,9.720000267028809,9.90999984741211,278800,9.90999984741211
7/9/2018,9.90999984741211,10.029999732971191,9.869999885559082,10,154200,10
7/6/2018,9.979999542236328,10.010000228881836,9.8100004196167,9.890000343322754,172400,9.890000343322754
7/5/2018,9.989999771118164,9.989999771118164,9.869999885559082,9.9399995803833,191500,9.9399995803833
7/3/2018,10.069999694824219,10.079999923706055,9.920000076293945,9.970000267028809,70000,9.970000267028809
7/2/2018,9.90999984741211,10.109999656677246,9.859999656677246,10.039999961853027,255600,10.039999961853027
6/29/2018,9.880000114440918,9.989999771118164,9.84000015258789,9.930000305175781,201100,9.930000305175781
6/28/2018,9.800000190734863,10,9.699999809265137,9.880000114440918,305300,9.880000114440918
6/27/2018,9.9399995803833,10.079999923706055,9.699999809265137,9.770000457763672,418700,9.770000457763672
6/26/2018,9.960000038146973,10.039999961853027,9.789999961853027,9.970000267028809,384200,9.970000267028809
6/25/2018,9.800000190734863,10.1899995803833,9.729999542236328,9.970000267028809,700400,9.970000267028809
6/22/2018,10.109999656677246,10.15999984741211,9.59000015258789,9.819999694824219,2940500,9.819999694824219
6/21/2018,10.020000457763672,10.180000305175781,9.880000114440918,10.100000381469727,401400,10.100000381469727
6/20/2018,9.930000305175781,10.100000381469727,9.850000381469727,10.020000457763672,391500,10.020000457763672
6/19/2018,9.829999923706055,9.930000305175781,9.569999694824219,9.899999618530273,265100,9.899999618530273
6/18/2018,9.880000114440918,10,9.760000228881836,9.90999984741211,246700,9.90999984741211
6/15/2018,9.770000457763672,9.920000076293945,9.649999618530273,9.880000114440918,460100,9.880000114440918
6/14/2018,9.979999542236328,10.029999732971191,9.760000228881836,9.829999923706055,386300,9.829999923706055
6/13/2018,9.9399995803833,10.09000015258789,9.819999694824219,9.970000267028809,290800,9.970000267028809
6/12/2018,9.819999694824219,10.069999694824219,9.79800033569336,9.989999771118164,435700,9.989999771118164
6/11/2018,9.510000228881836,9.800000190734863,9.489999771118164,9.779999732971191,311600,9.779999732971191
6/8/2018,9.220000267028809,10,9.210000038146973,9.479999542236328,385000,9.479999542236328
6/6/2018,9.1899995803833,9.260000228881836,8.949999809265137,9.039999961853027,521400,9.039999961853027
6/5/2018,9.4399995803833,9.522000312805176,9.130000114440918,9.1899995803833,370000,9.1899995803833
6/4/2018,9.65999984741211,9.65999984741211,9.329999923706055,9.4399995803833,210400,9.4399995803833
6/1/2018,9.5600004196167,9.65999984741211,9.449999809265137,9.640000343322754,218200,9.640000343322754
5/31/2018,9.5600004196167,9.670000076293945,9.460000038146973,9.520000457763672,145200,9.520000457763672
5/30/2018,9.449999809265137,9.600000381469727,9.350000381469727,9.59000015258789,426800,9.59000015258789
5/29/2018,9.460000038146973,9.539999961853027,9.288000106811523,9.449999809265137,279100,9.449999809265137
5/25/2018,9.600000381469727,9.600000381469727,9.430000305175781,9.489999771118164,280700,9.489999771118164
5/24/2018,9.600000381469727,9.770000457763672,9.59000015258789,9.640000343322754,419500,9.640000343322754
5/23/2018,9.40999984741211,9.649999618530273,9.180999755859375,9.600000381469727,673700,9.600000381469727
5/22/2018,9.670000076293945,9.739999771118164,9.34000015258789,9.369999885559082,432800,9.369999885559082
5/21/2018,9.600000381469727,9.829999923706055,9.430000305175781,9.579999923706055,315800,9.579999923706055
5/18/2018,9.270000457763672,9.5649995803833,9.270000457763672,9.4399995803833,378000,9.4399995803833
5/17/2018,9.140000343322754,9.3100004196167,9.140000343322754,9.220000267028809,216100,9.220000267028809
5/16/2018,9.130000114440918,9.1899995803833,8.930999755859375,9.170000076293945,509300,9.170000076293945
5/15/2018,9.239999771118164,9.380000114440918,9.069999694824219,9.100000381469727,481900,9.100000381469727
5/14/2018,9.300000190734863,9.395000457763672,9.229999542236328,9.329999923706055,306400,9.329999923706055
5/11/2018,9.170000076293945,9.350000381469727,9.039999961853027,9.300000190734863,289300,9.300000190734863
5/10/2018,9.430000305175781,9.430000305175781,9.010000228881836,9.140000343322754,375500,9.140000343322754
5/9/2018,9.430000305175781,9.479999542236328,9.274999618530273,9.350000381469727,475700,9.350000381469727
5/8/2018,9.5,9.649999618530273,8.960000038146973,9.359999656677246,901100,9.359999656677246
5/7/2018,8.739999771118164,8.899999618530273,8.649999618530273,8.739999771118164,499800,8.739999771118164
5/4/2018,8.470000267028809,8.829999923706055,8.40999984741211,8.699999809265137,474900,8.699999809265137
5/3/2018,8.670000076293945,8.680000305175781,8.329999923706055,8.489999771118164,844300,8.489999771118164
5/1/2018,8.260000228881836,8.670000076293945,8.16100025177002,8.550000190734863,470000,8.550000190734863
4/30/2018,8.329999923706055,8.390000343322754,8.270000457763672,8.279999732971191,515600,8.279999732971191
4/27/2018,8.380000114440918,8.539999961853027,8.270000457763672,8.34000015258789,322400,8.34000015258789
4/26/2018,8.40999984741211,8.479999542236328,8.170000076293945,8.390000343322754,377800,8.390000343322754
4/25/2018,8.619999885559082,8.649999618530273,8.319999694824219,8.40999984741211,445100,8.40999984741211
4/24/2018,8.789999961853027,8.869999885559082,8.40999984741211,8.520000457763672,361600,8.520000457763672
4/23/2018,8.899999618530273,8.930000305175781,8.5,8.699999809265137,534600,8.699999809265137
4/19/2018,9.069999694824219,9.109999656677246,8.949999809265137,8.989999771118164,287100,8.989999771118164
4/18/2018,9.149999618530273,9.204999923706055,9.050000190734863,9.069999694824219,321200,9.069999694824219
4/17/2018,9.170000076293945,9.210000038146973,9.09000015258789,9.109999656677246,447200,9.109999656677246
4/16/2018,9.029999732971191,9.3100004196167,8.970000267028809,9.170000076293945,569100,9.170000076293945
4/13/2018,9.0600004196167,9.100000381469727,8.819999694824219,8.989999771118164,461300,8.989999771118164
4/12/2018,8.930000305175781,9.369999885559082,8.890000343322754,9.020000457763672,972500,9.020000457763672
4/11/2018,8.949999809265137,9.149999618530273,8.850000381469727,8.899999618530273,351100,8.899999618530273
4/10/2018,9.0600004196167,9.130000114440918,8.930000305175781,8.989999771118164,587800,8.989999771118164
4/9/2018,9.359999656677246,9.369999885559082,8.800000190734863,8.989999771118164,689400,8.989999771118164
4/6/2018,9.649999618530273,9.800000190734863,9.1899995803833,9.34000015258789,501900,9.34000015258789
4/5/2018,9.640000343322754,9.859999656677246,9.430000305175781,9.5600004196167,335400,9.5600004196167
4/4/2018,9.489999771118164,9.979999542236328,9.34000015258789,9.609999656677246,312500,9.609999656677246
4/3/2018,9.380000114440918,9.600000381469727,9.25,9.600000381469727,493900,9.600000381469727
4/2/2018,9.760000228881836,9.885000228881836,9.270000457763672,9.350000381469727,416200,9.350000381469727
3/29/2018,9.670000076293945,10.050000190734863,9.670000076293945,9.789999961853027,352000,9.789999961853027
3/28/2018,9.649999618530273,9.779999732971191,9.470000267028809,9.609999656677246,262900,9.609999656677246
3/27/2018,9.8100004196167,9.8100004196167,9.279999732971191,9.670000076293945,458600,9.670000076293945
3/26/2018,10.119999885559082,10.15999984741211,9.640000343322754,9.800000190734863,830600,9.800000190734863
3/23/2018,10.199999809265137,10.239999771118164,9.960000038146973,9.970000267028809,422600,9.970000267028809
3/22/2018,10.529999732971191,10.529999732971191,10.149999618530273,10.220000267028809,301300,10.220000267028809
3/21/2018,10.5,10.670000076293945,10.420000076293945,10.59000015258789,361200,10.59000015258789
3/20/2018,10.600000381469727,10.609999656677246,10.380000114440918,10.460000038146973,282200,10.460000038146973
3/19/2018,10.4399995803833,10.600000381469727,10.199999809265137,10.579999923706055,369700,10.579999923706055
3/16/2018,10.399999618530273,10.640000343322754,10.100000381469727,10.5600004196167,1979300,10.5600004196167
3/15/2018,10.390000343322754,10.470000267028809,10.289999961853027,10.399999618530273,221500,10.399999618530273
3/14/2018,10.640000343322754,10.720000267028809,10.319999694824219,10.369999885559082,276400,10.369999885559082
3/13/2018,10.359999656677246,10.680000305175781,10.25,10.579999923706055,348000,10.579999923706055
3/12/2018,10.329999923706055,10.539999961853027,10.229999542236328,10.279999732971191,334900,10.279999732971191
3/9/2018,10.239999771118164,10.430000305175781,10.0600004196167,10.279999732971191,452100,10.279999732971191
3/8/2018,10.130000114440918,10.324999809265137,10.069999694824219,10.229999542236328,290400,10.229999542236328
3/7/2018,10,10.220000267028809,9.90999984741211,10.109999656677246,397800,10.109999656677246
3/6/2018,10.199999809265137,10.40999984741211,9.90999984741211,10.079999923706055,476500,10.079999923706055
3/5/2018,10.149999618530273,10.289999961853027,9.850000381469727,9.979999542236328,597700,9.979999542236328
3/2/2018,9.949999809265137,10.220000267028809,9.774999618530273,10.170000076293945,562000,10.170000076293945
3/1/2018,10.029999732971191,10.279999732971191,9.829999923706055,10.050000190734863,524900,10.050000190734863
2/28/2018,10.4399995803833,10.5,10,10.0600004196167,559000,10.0600004196167
2/27/2018,10.8100004196167,10.949999809265137,10.279999732971191,10.350000381469727,373400,10.350000381469727
2/26/2018,10.779999732971191,10.845000267028809,10.399999618530273,10.8100004196167,554200,10.8100004196167
2/23/2018,10.449999809265137,10.859999656677246,10.329999923706055,10.6899995803833,764200,10.6899995803833
2/22/2018,10.380000114440918,10.539999961853027,10.069999694824219,10.220000267028809,697400,10.220000267028809
2/21/2018,10.470000267028809,10.6899995803833,10.260000228881836,10.350000381469727,573000,10.350000381469727
2/20/2018,10.619999885559082,10.729999542236328,10.199999809265137,10.489999771118164,644900,10.489999771118164
2/16/2018,10.600000381469727,10.789999961853027,10.5,10.65999984741211,832800,10.65999984741211
2/15/2018,10.9399995803833,11.145000457763672,10.5,10.609999656677246,6252300,10.609999656677246
2/14/2018,11.800000190734863,11.890000343322754,11.350000381469727,11.430000305175781,1077600,11.430000305175781
2/13/2018,12.149999618530273,12.149999618530273,11.75,11.949999809265137,429600,11.949999809265137
2/12/2018,12.680000305175781,12.680000305175781,11.932999610900879,12.100000381469727,666800,12.100000381469727
2/9/2018,12.930000305175781,13.109999656677246,12.489999771118164,12.979999542236328,211300,12.979999542236328
2/8/2018,13.1899995803833,13.460000038146973,12.569999694824219,12.630000114440918,192400,12.630000114440918
2/7/2018,13.300000190734863,13.380000114440918,13.024999618530273,13.15999984741211,85100,13.15999984741211
2/6/2018,12.640000343322754,13.319999694824219,12.619999885559082,13.319999694824219,181200,13.319999694824219
2/5/2018,13.210000038146973,13.369999885559082,12.670000076293945,12.859999656677246,152900,12.859999656677246
2/2/2018,13.529999732971191,13.59000015258789,13.100000381469727,13.350000381469727,141300,13.350000381469727
2/1/2018,13.199999809265137,13.739999771118164,13.199999809265137,13.59000015258789,240900,13.59000015258789
1/31/2018,13.430000305175781,13.630000114440918,13.289999961853027,13.5,127100,13.5
1/30/2018,13.65999984741211,13.699999809265137,13.34000015258789,13.369999885559082,101300,13.369999885559082
1/29/2018,13.930000305175781,14.0600004196167,13.675000190734863,13.6899995803833,152000,13.6899995803833
1/26/2018,14,14.039999961853027,13.864999771118164,13.989999771118164,116800,13.989999771118164
1/25/2018,14,14,13.649999618530273,13.970000267028809,75100,13.970000267028809
1/24/2018,13.989999771118164,14.039999961853027,13.800000190734863,13.979999542236328,102600,13.979999542236328
1/23/2018,14.050000190734863,14.050000190734863,13.71500015258789,13.989999771118164,76900,13.989999771118164
1/22/2018,14.140000343322754,14.140000343322754,13.859999656677246,14.079999923706055,52000,14.079999923706055
1/19/2018,13.899999618530273,14.199999809265137,13.850000381469727,14.149999618530273,206900,14.149999618530273
1/18/2018,13.979999542236328,14.00100040435791,13.8100004196167,13.979999542236328,86000,13.979999542236328
1/17/2018,14.109999656677246,14.109999656677246,13.649999618530273,14.020000457763672,127400,14.020000457763672
1/16/2018,14.319999694824219,14.489999771118164,13.9399995803833,14.069999694824219,123600,14.069999694824219
1/12/2018,14.130000114440918,14.34000015258789,13.914999961853027,14.289999961853027,162300,14.289999961853027
1/11/2018,13.5600004196167,14.130000114440918,13.5,14.109999656677246,140800,14.109999656677246
1/10/2018,13.670000076293945,13.760000228881836,13.489999771118164,13.579999923706055,93300,13.579999923706055
1/9/2018,14.029999732971191,14.039999961853027,13.609999656677246,13.720000267028809,89700,13.720000267028809
1/8/2018,14.020000457763672,14.1899995803833,13.84000015258789,14.039999961853027,127700,14.039999961853027
1/5/2018,14,14.199999809265137,13.845000267028809,13.970000267028809,154600,13.970000267028809
1/4/2018,14.140000343322754,14.300000190734863,13.770000457763672,13.960000038146973,136800,13.960000038146973
1/3/2018,14.289999961853027,14.329999923706055,14,14.170000076293945,566200,14.170000076293945
1/2/2018,14.319999694824219,14.479999542236328,14.28499984741211,14.319999694824219,119000,14.319999694824219
12/29/2017,14.390000343322754,14.460000038146973,14.170000076293945,14.289999961853027,149500,14.289999961853027
12/28/2017,14.470000267028809,14.5,14.199999809265137,14.369999885559082,67800,14.369999885559082
12/27/2017,14.279999732971191,14.520000457763672,14.279999732971191,14.470000267028809,123500,14.470000267028809
12/26/2017,14.1899995803833,14.34000015258789,14.09000015258789,14.279999732971191,129800,14.279999732971191
12/22/2017,13.899999618530273,14.239999771118164,13.800000190734863,14.180000305175781,159200,14.180000305175781
12/21/2017,14.050000190734863,14.140000343322754,13.850000381469727,13.949999809265137,81600,13.949999809265137
12/20/2017,14.149999618530273,14.199999809265137,13.9399995803833,14.020000457763672,183400,14.020000457763672
12/19/2017,14.170000076293945,14.220000267028809,13.869999885559082,14.020000457763672,131500,14.020000457763672
12/18/2017,14.149999618530273,14.1899995803833,13.989999771118164,14.140000343322754,206100,14.140000343322754
12/15/2017,13.789999961853027,14.170000076293945,13.65999984741211,14.029999732971191,686700,14.029999732971191
12/14/2017,13.850000381469727,13.960000038146973,13.630000114440918,13.800000190734863,133300,13.800000190734863
12/13/2017,13.65999984741211,13.960000038146973,13.65999984741211,13.850000381469727,155600,13.850000381469727
12/12/2017,13.579999923706055,13.6899995803833,13.470000267028809,13.640000343322754,145500,13.640000343322754
12/11/2017,13.430000305175781,13.640000343322754,13.369999885559082,13.5600004196167,208600,13.5600004196167
12/8/2017,13.350000381469727,13.54699993133545,13.270000457763672,13.430000305175781,144900,13.430000305175781
12/7/2017,13.210000038146973,13.395000457763672,13.15999984741211,13.279999732971191,164400,13.279999732971191
12/6/2017,13.569999694824219,13.680000305175781,13.069999694824219,13.199999809265137,246300,13.199999809265137
12/5/2017,13.75,13.890000343322754,13.4399995803833,13.569999694824219,563000,13.569999694824219
12/4/2017,12.9399995803833,13.319999694824219,12.819999694824219,12.989999771118164,316900,12.989999771118164
12/1/2017,12.720000267028809,13.029999732971191,12.335000038146973,12.84000015258789,223600,12.84000015258789
11/30/2017,12.760000228881836,13.170000076293945,12.649999618530273,12.6899995803833,530600,12.6899995803833
11/29/2017,12.699999809265137,12.789999961853027,12.5,12.6899995803833,133500,12.6899995803833
11/28/2017,12.539999961853027,12.739999771118164,12.484999656677246,12.699999809265137,198900,12.699999809265137
11/27/2017,12.25,12.579999923706055,12.199999809265137,12.520000457763672,254500,12.520000457763672
11/24/2017,12.199999809265137,12.399999618530273,12.010000228881836,12.25,98800,12.25
11/22/2017,11.979999542236328,12.420000076293945,11.979999542236328,12.15999984741211,289300,12.15999984741211
11/21/2017,11.760000228881836,12.149999618530273,11.640000343322754,12.020000457763672,625800,12.020000457763672
11/20/2017,11.359999656677246,11.880000114440918,11.28600025177002,11.710000038146973,205300,11.710000038146973
11/17/2017,11.539999961853027,11.6899995803833,11.34000015258789,11.359999656677246,186600,11.359999656677246
11/16/2017,11.75,11.800000190734863,11.300000190734863,11.609999656677246,507500,11.609999656677246
11/15/2017,12.170000076293945,12.260000228881836,11.819999694824219,11.819999694824219,176000,11.819999694824219
11/14/2017,12.390000343322754,12.5600004196167,12.170000076293945,12.220000267028809,103100,12.220000267028809
11/13/2017,12.479999542236328,12.479999542236328,11.770000457763672,12.449999809265137,324600,12.449999809265137
11/10/2017,12.670000076293945,12.904999732971191,12.5,12.609999656677246,141200,12.609999656677246
11/9/2017,13.029999732971191,13.029999732971191,12.270000457763672,12.739999771118164,408400,12.739999771118164
11/8/2017,13.319999694824219,13.430000305175781,12.854999542236328,13.359999656677246,130000,13.359999656677246
11/7/2017,13.510000228881836,13.539999961853027,13.25,13.390000343322754,94100,13.390000343322754
11/6/2017,13.539999961853027,13.640000343322754,13.414999961853027,13.5,42600,13.5
11/3/2017,13.670000076293945,13.75,13.40999984741211,13.520000457763672,97000,13.520000457763672
11/2/2017,13.609999656677246,13.720000267028809,13.510000228881836,13.630000114440918,39700,13.630000114440918
11/1/2017,13.880000114440918,13.880000114440918,13.460000038146973,13.59000015258789,89100,13.59000015258789
10/31/2017,13.800000190734863,13.84000015258789,13.609999656677246,13.829999923706055,175000,13.829999923706055
10/30/2017,13.949999809265137,13.949999809265137,13.65999984741211,13.729999542236328,119200,13.729999542236328
10/27/2017,13.899999618530273,14.039999961853027,13.880000114440918,13.970000267028809,119200,13.970000267028809
10/26/2017,13.710000038146973,14.010000228881836,13.710000038146973,13.899999618530273,178300,13.899999618530273
10/25/2017,13.75,13.75,13.260000228881836,13.699999809265137,175700,13.699999809265137
10/24/2017,13.789999961853027,13.869999885559082,13.75,13.779999732971191,180200,13.779999732971191
10/23/2017,14.020000457763672,14.020000457763672,13.710000038146973,13.789999961853027,226300,13.789999961853027
10/20/2017,13.979999542236328,14.0600004196167,13.390000343322754,13.9399995803833,283300,13.9399995803833
10/19/2017,13.710000038146973,13.890000343322754,13.449999809265137,13.84000015258789,363200,13.84000015258789
10/18/2017,13.729999542236328,13.859999656677246,13.675000190734863,13.789999961853027,137100,13.789999961853027
10/17/2017,13.670000076293945,13.670000076293945,13.510000228881836,13.649999618530273,125300,13.649999618530273
10/16/2017,13.520000457763672,13.649999618530273,13.34000015258789,13.640000343322754,254600,13.640000343322754
10/13/2017,14.199999809265137,14.279999732971191,13.529999732971191,13.529999732971191,929200,13.529999732971191
10/12/2017,14.010000228881836,14.180000305175781,13.960000038146973,14.170000076293945,280200,14.170000076293945
10/11/2017,14.100000381469727,14.140000343322754,13.960000038146973,14.039999961853027,279000,14.039999961853027
10/10/2017,14.15999984741211,14.270000457763672,13.949999809265137,14.050000190734863,320900,14.050000190734863
10/9/2017,13.6899995803833,14.15999984741211,13.369999885559082,14.079999923706055,415300,14.079999923706055
10/6/2017,13.529999732971191,13.739999771118164,13.470000267028809,13.729999542236328,180600,13.729999542236328
10/5/2017,13.520000457763672,13.600000381469727,13.430000305175781,13.59000015258789,232600,13.59000015258789
10/4/2017,13.279999732971191,13.529999732971191,13.180000305175781,13.520000457763672,271900,13.520000457763672
10/3/2017,13.239999771118164,13.350000381469727,13.170000076293945,13.350000381469727,136000,13.350000381469727
10/2/2017,13.09000015258789,13.300000190734863,12.970000267028809,13.239999771118164,334200,13.239999771118164
9/29/2017,12.989999771118164,13.199999809265137,12.979999542236328,13.050000190734863,288100,13.050000190734863
9/28/2017,12.75,13.100000381469727,12.75,13.010000228881836,281600,13.010000228881836
9/27/2017,12.800000190734863,12.84000015258789,12.680000305175781,12.760000228881836,428000,12.760000228881836
9/26/2017,12.670000076293945,12.859000205993652,12.550000190734863,12.739999771118164,430500,12.739999771118164
9/25/2017,12.850000381469727,12.850000381469727,12.529999732971191,12.579999923706055,208800,12.579999923706055
9/22/2017,12.789999961853027,12.845999717712402,12.760000228881836,12.800000190734863,266200,12.800000190734863
9/21/2017,12.720000267028809,12.9399995803833,12.720000267028809,12.760000228881836,383700,12.760000228881836
9/20/2017,12.619999885559082,13.039999961853027,12.5,12.800000190734863,2357000,12.800000190734863
9/19/2017,12.65999984741211,13.079999923706055,12.40999984741211,12.770000457763672,463700,12.770000457763672
9/18/2017,12.699999809265137,12.710000038146973,12.109999656677246,12.699999809265137,237700,12.699999809265137
9/15/2017,12.9399995803833,12.979999542236328,12.765000343322754,12.960000038146973,188100,12.960000038146973
9/14/2017,12.739999771118164,12.979999542236328,12.5,12.920000076293945,169200,12.920000076293945
9/13/2017,12.84000015258789,12.90999984741211,12.744999885559082,12.789999961853027,154100,12.789999961853027
9/12/2017,12.949999809265137,13.109999656677246,12.859999656677246,12.890000343322754,115200,12.890000343322754
9/11/2017,13.130000114440918,13.29800033569336,12.899999618530273,12.9399995803833,229400,12.9399995803833
9/8/2017,13.199999809265137,13.199999809265137,12.133999824523926,12.979999542236328,640900,12.979999542236328
9/7/2017,13.350000381469727,13.529999732971191,12.859999656677246,13.100000381469727,288700,13.100000381469727
9/6/2017,13.399999618530273,13.520000457763672,13.199999809265137,13.220000267028809,244200,13.220000267028809
9/5/2017,13.220000267028809,13.550000190734863,13.119999885559082,13.359999656677246,93100,13.359999656677246
9/1/2017,13.15999984741211,13.359999656677246,13,13.15999984741211,328100,13.15999984741211
8/31/2017,13.050000190734863,13.180000305175781,12.960000038146973,13.100000381469727,165700,13.100000381469727
8/30/2017,12.859999656677246,13.319999694824219,12.8100004196167,12.930000305175781,367900,12.930000305175781
8/29/2017,12.369999885559082,12.76099967956543,12.34000015258789,12.699999809265137,324800,12.699999809265137
8/28/2017,12.270000457763672,12.460000038146973,12.270000457763672,12.329999923706055,55000,12.329999923706055
8/25/2017,12.350000381469727,12.401000022888184,12.289999961853027,12.3100004196167,46900,12.3100004196167
8/24/2017,12.319999694824219,12.359999656677246,12.260000228881836,12.34000015258789,16400,12.34000015258789
8/23/2017,12.279999732971191,12.460000038146973,12.239999771118164,12.369999885559082,93500,12.369999885559082
8/22/2017,12.350000381469727,12.380000114440918,12.1899995803833,12.359999656677246,52800,12.359999656677246
8/21/2017,12.319999694824219,12.399999618530273,12.069999694824219,12.319999694824219,69000,12.319999694824219
8/18/2017,12.050000190734863,12.4399995803833,12.050000190734863,12.399999618530273,63800,12.399999618530273
8/17/2017,12.0600004196167,12.220000267028809,12.050000190734863,12.069999694824219,56600,12.069999694824219
8/16/2017,12.270000457763672,12.329999923706055,12.09000015258789,12.109999656677246,30300,12.109999656677246
8/15/2017,12.1899995803833,12.289999961853027,12.149999618530273,12.210000038146973,27600,12.210000038146973
8/14/2017,12.069999694824219,12.399999618530273,12.050000190734863,12.210000038146973,88500,12.210000038146973
8/11/2017,12.119999885559082,12.279999732971191,12,12.109999656677246,50900,12.109999656677246
8/10/2017,12.149999618530273,12.300000190734863,12.050000190734863,12.109999656677246,135100,12.109999656677246
8/9/2017,12.119999885559082,12.369999885559082,11.949999809265137,12.079999923706055,246600,12.079999923706055
8/8/2017,12.239999771118164,12.399999618530273,12.239999771118164,12.390000343322754,89200,12.390000343322754
8/7/2017,12.3100004196167,12.40999984741211,12.119000434875488,12.289999961853027,50600,12.289999961853027
8/4/2017,12.25,12.470000267028809,12.25,12.350000381469727,243800,12.350000381469727
8/3/2017,12.359999656677246,12.4399995803833,12.210000038146973,12.300000190734863,62500,12.300000190734863
8/2/2017,12.380000114440918,12.399999618530273,12.220000267028809,12.399999618530273,51300,12.399999618530273
8/1/2017,12.239999771118164,12.399999618530273,12.149999618530273,12.34000015258789,140900,12.34000015258789
7/31/2017,12.302000045776367,12.302000045776367,12.149999618530273,12.1899995803833,59100,12.1899995803833
7/28/2017,12.210000038146973,12.329999923706055,12.050000190734863,12.210000038146973,100000,12.210000038146973
7/27/2017,12.399999618530273,12.399999618530273,12.050000190734863,12.260000228881836,52100,12.260000228881836
7/26/2017,12.4399995803833,12.4399995803833,12.204999923706055,12.399999618530273,40000,12.399999618530273
7/25/2017,12.399999618530273,12.399999618530273,12.09000015258789,12.34000015258789,77100,12.34000015258789
7/24/2017,12.520000457763672,12.529999732971191,12.079999923706055,12.210000038146973,101900,12.210000038146973
7/21/2017,12.25,12.399999618530273,12.100000381469727,12.3100004196167,57600,12.3100004196167
7/20/2017,12.100000381469727,12.1899995803833,12.010000228881836,12.180000305175781,158400,12.180000305175781
7/19/2017,12.140000343322754,12.25,12.055000305175781,12.109999656677246,78000,12.109999656677246
7/18/2017,12.359999656677246,12.430000305175781,12,12.199999809265137,93400,12.199999809265137
7/17/2017,12.430000305175781,12.470000267028809,12.170000076293945,12.430000305175781,70900,12.430000305175781
7/14/2017,12.34000015258789,12.470000267028809,12.1899995803833,12.390000343322754,67700,12.390000343322754
7/13/2017,12.390000343322754,12.40999984741211,12.100000381469727,12.300000190734863,75100,12.300000190734863
7/12/2017,11.979999542236328,12.350000381469727,11.9399995803833,12.319999694824219,356800,12.319999694824219
7/11/2017,11.960000038146973,12.0600004196167,11.789999961853027,12.050000190734863,151000,12.050000190734863
7/10/2017,12.050000190734863,12.050000190734863,11.800000190734863,11.90999984741211,143700,11.90999984741211
7/7/2017,11.789999961853027,12,11.699999809265137,12,209500,12
7/6/2017,11.539999961853027,11.9399995803833,11.460000038146973,11.6899995803833,226000,11.6899995803833
7/5/2017,12.149999618530273,12.149999618530273,11.279999732971191,11.550000190734863,396000,11.550000190734863
7/3/2017,11.220000267028809,11.430000305175781,11.140000343322754,11.40999984741211,105000,11.40999984741211
6/30/2017,11.0600004196167,11.210000038146973,10.9399995803833,11.130000114440918,122900,11.130000114440918
6/29/2017,10.789999961853027,11.09000015258789,10.619999885559082,11.050000190734863,120800,11.050000190734863
6/28/2017,10.479999542236328,10.869999885559082,10.329999923706055,10.789999961853027,200500,10.789999961853027
6/27/2017,10.399999618530273,10.479999542236328,10.34000015258789,10.399999618530273,161000,10.399999618530273
6/26/2017,10,10.444999694824219,9.989999771118164,10.3100004196167,171400,10.3100004196167
6/23/2017,10.149999618530273,10.300000190734863,9.779999732971191,10.140000343322754,2429900,10.140000343322754
6/22/2017,10.300000190734863,10.479999542236328,10.109999656677246,10.140000343322754,169400,10.140000343322754
6/21/2017,10.350000381469727,10.40999984741211,10.210000038146973,10.279999732971191,67500,10.279999732971191
6/20/2017,10.300000190734863,10.4399995803833,10.270000457763672,10.359999656677246,98200,10.359999656677246
6/19/2017,10.069999694824219,10.34000015258789,10.069999694824219,10.279999732971191,124100,10.279999732971191
6/16/2017,10.199999809265137,10.470000267028809,10.029999732971191,10.029999732971191,781100,10.029999732971191
6/15/2017,10.050000190734863,10.260000228881836,10.050000190734863,10.210000038146973,203000,10.210000038146973
6/14/2017,10.050000190734863,10.210000038146973,9.970000267028809,10.0600004196167,161900,10.0600004196167
6/13/2017,10.09000015258789,10.206999778747559,9.930000305175781,10.09000015258789,247400,10.09000015258789
6/12/2017,9.25,10.170000076293945,9.25,10.170000076293945,204200,10.170000076293945
6/9/2017,9.09000015258789,9.520000457763672,9.09000015258789,9.359999656677246,66500,9.359999656677246
6/8/2017,9.010000228881836,9.09000015258789,8.850000381469727,9.020000457763672,64800,9.020000457763672
6/7/2017,9.109999656677246,9.130000114440918,8.8100004196167,8.869999885559082,45800,8.869999885559082
6/6/2017,8.9399995803833,9.130000114440918,8.762999534606934,9.100000381469727,107600,9.100000381469727
6/5/2017,9.15999984741211,9.239999771118164,8.800000190734863,8.880000114440918,156100,8.880000114440918
6/2/2017,9.404999732971191,9.404999732971191,9.079999923706055,9.220000267028809,59800,9.220000267028809
6/1/2017,9.40999984741211,9.430000305175781,9.260000228881836,9.3100004196167,107800,9.3100004196167
5/31/2017,9.529999732971191,9.600000381469727,9.368000030517578,9.4399995803833,62900,9.4399995803833
5/30/2017,9.699999809265137,9.710000038146973,9.5,9.609999656677246,58800,9.609999656677246
5/26/2017,9.989999771118164,9.989999771118164,9.710000038146973,9.789999961853027,28000,9.789999961853027
5/25/2017,10.170000076293945,10.170000076293945,9.800000190734863,9.899999618530273,86700,9.899999618530273
5/24/2017,9.75,9.989999771118164,9.649999618530273,9.90999984741211,122200,9.90999984741211
5/23/2017,9.789999961853027,9.829999923706055,9.619999885559082,9.720000267028809,37900,9.720000267028809
5/22/2017,9.869999885559082,9.92199993133545,9.710000038146973,9.789999961853027,37000,9.789999961853027
5/19/2017,9.90999984741211,10.140000343322754,9.8100004196167,9.920000076293945,37600,9.920000076293945
5/18/2017,9.649999618530273,10.050000190734863,9.649999618530273,9.920000076293945,52900,9.920000076293945
5/17/2017,9.850000381469727,9.920000076293945,9.40999984741211,9.619999885559082,26200,9.619999885559082
5/16/2017,10,10.010000228881836,9.789999961853027,9.850000381469727,43600,9.850000381469727
5/15/2017,10.109999656677246,10.109999656677246,9.90999984741211,10,28400,10
5/12/2017,10.1899995803833,10.25,9.935999870300293,10.119999885559082,34700,10.119999885559082
5/11/2017,9.84000015258789,10.25,9.84000015258789,10.09000015258789,82600,10.09000015258789
5/10/2017,10,10.079999923706055,9.829999923706055,9.899999618530273,59100,9.899999618530273
5/9/2017,10.173999786376953,10.1899995803833,9.8100004196167,9.880000114440918,69300,9.880000114440918
5/8/2017,10,10.0600004196167,9.899999618530273,9.90999984741211,44800,9.90999984741211
5/5/2017,10.170000076293945,10.170000076293945,9.859999656677246,10,93400,10
5/4/2017,10.1899995803833,10.239999771118164,9.989999771118164,10.170000076293945,62500,10.170000076293945
5/3/2017,10.289999961853027,10.289999961853027,10.109999656677246,10.1899995803833,27200,10.1899995803833
5/2/2017,10.3100004196167,10.359999656677246,10.050000190734863,10.130000114440918,71100,10.130000114440918
5/1/2017,10.069999694824219,10.1899995803833,10.029999732971191,10.100000381469727,18900,10.100000381469727
4/28/2017,10.149999618530273,10.210000038146973,9.869999885559082,10.149999618530273,51500,10.149999618530273
4/27/2017,10.109999656677246,10.199999809265137,9.9399995803833,10.15999984741211,36500,10.15999984741211
4/26/2017,9.970000267028809,10.170000076293945,9.859999656677246,10.109999656677246,249500,10.109999656677246
4/25/2017,9.760000228881836,10.09000015258789,9.6899995803833,9.979999542236328,103500,9.979999542236328
4/24/2017,9.779999732971191,9.970000267028809,9.670000076293945,9.729999542236328,56200,9.729999542236328
4/21/2017,9.75,9.90999984741211,9.656000137329102,9.789999961853027,32100,9.789999961853027
4/20/2017,9.800999641418457,9.890000343322754,9.65999984741211,9.760000228881836,70500,9.760000228881836
4/19/2017,9.890000343322754,10.020000457763672,9.729999542236328,9.789999961853027,48800,9.789999961853027
4/18/2017,9.949999809265137,9.949999809265137,9.569999694824219,9.899999618530273,180700,9.899999618530273
4/17/2017,9.9399995803833,9.989999771118164,9.680000305175781,9.920000076293945,63700,9.920000076293945
4/13/2017,9.720000267028809,9.989999771118164,9.65999984741211,9.930000305175781,98600,9.930000305175781
4/12/2017,9.850000381469727,9.975000381469727,9.609999656677246,9.649999618530273,156700,9.649999618530273
4/11/2017,10.109999656677246,10.109999656677246,9.800000190734863,9.899999618530273,119800,9.899999618530273
4/10/2017,10.23900032043457,10.23900032043457,9.979999542236328,10.029999732971191,152200,10.029999732971191
4/7/2017,10.260000228881836,10.260000228881836,10.109999656677246,10.220000267028809,70700,10.220000267028809
4/6/2017,10.25,10.32699966430664,10.100000381469727,10.229999542236328,98400,10.229999542236328
4/5/2017,10.170000076293945,10.34000015258789,10.109999656677246,10.170000076293945,70300,10.170000076293945
4/4/2017,10.149999618530273,10.350000381469727,10.100000381469727,10.220000267028809,138200,10.220000267028809
4/3/2017,10.199999809265137,10.199999809265137,10,10.079999923706055,61300,10.079999923706055
3/31/2017,10.050000190734863,10.119999885559082,10.020000457763672,10.119999885559082,84900,10.119999885559082
3/30/2017,10.100000381469727,10.180000305175781,10.069999694824219,10.109999656677246,114600,10.109999656677246
3/29/2017,10.170000076293945,10.21399974822998,9.970000267028809,10.140000343322754,136100,10.140000343322754
3/28/2017,10.140000343322754,10.279999732971191,10.100000381469727,10.170000076293945,85700,10.170000076293945
3/27/2017,10.260000228881836,10.289999961853027,10.119999885559082,10.15999984741211,144200,10.15999984741211
3/24/2017,10.380000114440918,10.380000114440918,10.149999618530273,10.25,178800,10.25
3/23/2017,10.229999542236328,10.25,10.119999885559082,10.170000076293945,182100,10.170000076293945
3/22/2017,10.199999809265137,10.25,10.069999694824219,10.1899995803833,119700,10.1899995803833
3/21/2017,10.350000381469727,10.399999618530273,10.180000305175781,10.229999542236328,204300,10.229999542236328
3/20/2017,10.069999694824219,10.319999694824219,10.069999694824219,10.279999732971191,228300,10.279999732971191
3/17/2017,10,10.1899995803833,9.90999984741211,10,768800,10
3/16/2017,9.699999809265137,10.069999694824219,9.6899995803833,9.979999542236328,528900,9.979999542236328
3/15/2017,9.699999809265137,9.859999656677246,9.510000228881836,9.649999618530273,78100,9.649999618530273
3/14/2017,9.760000228881836,9.760000228881836,9.4399995803833,9.609999656677246,194000,9.609999656677246
3/13/2017,9.920000076293945,9.920000076293945,9.260000228881836,9.619999885559082,111000,9.619999885559082
3/10/2017,10.180000305175781,10.1850004196167,9.78499984741211,9.920000076293945,134900,9.920000076293945
3/9/2017,10,10.029999732971191,9.869999885559082,9.890000343322754,90100,9.890000343322754
3/8/2017,10,10.079999923706055,9.850000381469727,9.960000038146973,344800,9.960000038146973
3/7/2017,10.039999961853027,10.039999961853027,9.899999618530273,9.989999771118164,241800,9.989999771118164
3/6/2017,10.210000038146973,10.210000038146973,9.890000343322754,9.970000267028809,277300,9.970000267028809
3/3/2017,10.289999961853027,10.289999961853027,9.960000038146973,9.989999771118164,401100,9.989999771118164
3/2/2017,10.100000381469727,10.333999633789062,10,10.0600004196167,184800,10.0600004196167
3/1/2017,10.390000343322754,10.5,9.704999923706055,10.119999885559082,325700,10.119999885559082
2/28/2017,10,10.878999710083008,10,10.210000038146973,882700,10.210000038146973
2/27/2017,9.949999809265137,10.399999618530273,9.949999809265137,10.220000267028809,171800,10.220000267028809
2/24/2017,10.039999961853027,10.039999961853027,9.637999534606934,9.970000267028809,3546200,9.970000267028809
2/23/2017,10.010000228881836,10.038999557495117,9.979999542236328,9.979999542236328,48100,9.979999542236328
2/22/2017,10,10,9.960000038146973,10,69700,10
2/21/2017,10,10.010000228881836,9.979999542236328,9.979999542236328,40800,9.979999542236328
2/17/2017,10.020000457763672,10.020000457763672,9.972999572753906,10.010000228881836,46900,10.010000228881836
2/16/2017,10.020000457763672,10.029999732971191,10,10.020000457763672,119000,10.020000457763672
2/15/2017,10.010000228881836,10.039999961853027,9.960000038146973,10.020000457763672,83800,10.020000457763672
2/14/2017,10.039999961853027,10.050000190734863,10.010000228881836,10.029999732971191,116600,10.029999732971191
2/13/2017,10.050000190734863,10.050000190734863,10,10.050000190734863,67700,10.050000190734863
2/10/2017,10,10.039999961853027,9.979999542236328,10.039999961853027,75800,10.039999961853027
2/9/2017,10,10.050000190734863,9.949999809265137,10,100200,10
2/8/2017,10.04800033569336,10.050000190734863,10.029999732971191,10.029999732971191,18100,10.029999732971191
2/7/2017,10.09000015258789,10.09000015258789,10.039999961853027,10.039999961853027,159900,10.039999961853027
2/6/2017,10.09000015258789,10.09000015258789,10.050000190734863,10.079999923706055,232200,10.079999923706055
2/3/2017,10.0600004196167,10.09000015258789,10.050000190734863,10.09000015258789,84900,10.09000015258789
2/2/2017,10.09000015258789,10.130000114440918,10.069999694824219,10.069999694824219,250500,10.069999694824219
2/1/2017,10.09000015258789,10.09000015258789,10.04800033569336,10.050000190734863,69000,10.050000190734863
1/31/2017,10.119999885559082,10.119999885559082,10,10.09000015258789,446200,10.09000015258789
1/30/2017,10.050000190734863,10.149999618530273,9.914999961853027,10.119999885559082,144400,10.119999885559082
1/27/2017,10.149999618530273,10.199999809265137,10.100000381469727,10.149999618530273,81900,10.149999618530273
1/26/2017,10.149999618530273,10.149999618530273,10.050000190734863,10.130000114440918,127100,10.130000114440918
1/25/2017,10.119999885559082,10.149999618530273,10.09000015258789,10.119999885559082,89400,10.119999885559082
1/24/2017,10.100000381469727,10.180000305175781,10.100000381469727,10.140000343322754,71300,10.140000343322754
1/23/2017,10.1899995803833,10.199999809265137,10.050000190734863,10.100000381469727,201000,10.100000381469727
1/20/2017,10.289999961853027,10.289999961853027,10.149999618530273,10.149999618530273,109800,10.149999618530273
1/19/2017,10.220000267028809,10.300000190734863,10.199999809265137,10.25,1681600,10.25
1/18/2017,10.1899995803833,10.25,10.09000015258789,10.170000076293945,1128100,10.170000076293945
1/17/2017,10.119999885559082,10.220000267028809,10.111000061035156,10.199999809265137,164000,10.199999809265137
1/13/2017,10.210000038146973,10.220000267028809,10.119999885559082,10.15999984741211,161400,10.15999984741211
1/12/2017,10.199999809265137,10.220000267028809,10.149999618530273,10.149999618530273,46900,10.149999618530273
1/11/2017,10.229999542236328,10.229999542236328,10.199999809265137,10.220000267028809,12600,10.220000267028809
1/10/2017,10.199999809265137,10.239999771118164,10.199999809265137,10.229999542236328,784800,10.229999542236328
1/9/2017,10.229999542236328,10.239999771118164,10.151000022888184,10.210000038146973,176100,10.210000038146973
1/6/2017,10.180000305175781,10.25,10.180000305175781,10.210000038146973,622900,10.210000038146973
1/5/2017,10.149999618530273,10.199999809265137,10.149999618530273,10.1899995803833,1086100,10.1899995803833
1/4/2017,10.100000381469727,10.1899995803833,10.09000015258789,10.180000305175781,2566400,10.180000305175781
1/3/2017,10.09000015258789,10.109999656677246,10.069000244140625,10.100000381469727,360600,10.100000381469727
12/30/2016,10.09000015258789,10.100000381469727,10.067999839782715,10.079999923706055,1068400,10.079999923706055
12/29/2016,10.0600004196167,10.09000015258789,10.0600004196167,10.09000015258789,76400,10.09000015258789
12/28/2016,10.050000190734863,10.100000381469727,10.039999961853027,10.0600004196167,52700,10.0600004196167
12/27/2016,10.09000015258789,10.109999656677246,10.069999694824219,10.079999923706055,247500,10.079999923706055
12/23/2016,9.949999809265137,10.079999923706055,9.949999809265137,10,1501000,10
12/22/2016,9.890000343322754,9.90999984741211,9.890000343322754,9.90999984741211,2100,9.90999984741211
12/21/2016,9.899999618530273,9.899999618530273,9.869999885559082,9.869999885559082,8700,9.869999885559082
12/20/2016,9.880000114440918,9.883000373840332,9.880000114440918,9.880999565124512,6600,9.880999565124512
12/19/2016,9.880000114440918,9.899999618530273,9.880000114440918,9.899999618530273,2900,9.899999618530273
12/16/2016,9.869999885559082,9.880000114440918,9.869999885559082,9.880000114440918,7100,9.880000114440918
12/15/2016,9.869999885559082,9.880000114440918,9.859999656677246,9.880000114440918,3400,9.880000114440918
12/14/2016,9.880000114440918,9.895000457763672,9.850000381469727,9.880000114440918,37200,9.880000114440918
12/13/2016,9.890000343322754,9.890000343322754,9.880000114440918,9.880000114440918,11700,9.880000114440918
12/12/2016,9.899999618530273,9.899999618530273,9.899999618530273,9.899999618530273,500,9.899999618530273
12/9/2016,9.880000114440918,9.899999618530273,9.880000114440918,9.899999618530273,1400,9.899999618530273
12/7/2016,9.869999885559082,9.869999885559082,9.869999885559082,9.869999885559082,13400,9.869999885559082
12/1/2016,9.878999710083008,9.878999710083008,9.878999710083008,9.878999710083008,300,9.878999710083008
11/30/2016,9.869999885559082,9.869999885559082,9.869999885559082,9.869999885559082,4300,9.869999885559082
11/25/2016,9.869999885559082,9.869999885559082,9.869999885559082,9.869999885559082,200,9.869999885559082
11/18/2016,9.850000381469727,9.850000381469727,9.850000381469727,9.850000381469727,10000,9.850000381469727
11/17/2016,9.859999656677246,9.859999656677246,9.782999992370605,9.859999656677246,27500,9.859999656677246
11/15/2016,9.84000015258789,9.880000114440918,9.829999923706055,9.880000114440918,11900,9.880000114440918
11/11/2016,9.829999923706055,9.848999977111816,9.829999923706055,9.847999572753906,1900,9.847999572753906
11/10/2016,9.880000114440918,9.880000114440918,9.859999656677246,9.859999656677246,1100,9.859999656677246
11/3/2016,9.859999656677246,9.859999656677246,9.850000381469727,9.850000381469727,5800,9.850000381469727
11/2/2016,9.890000343322754,9.890000343322754,9.869999885559082,9.869999885559082,50100,9.869999885559082
11/1/2016,9.869999885559082,9.899999618530273,9.859999656677246,9.899999618530273,4400,9.899999618530273
10/31/2016,9.880000114440918,9.880000114440918,9.869999885559082,9.869999885559082,800,9.869999885559082
10/28/2016,9.890000343322754,9.890000343322754,9.890000343322754,9.890000343322754,100,9.890000343322754
10/25/2016,9.829999923706055,9.859999656677246,9.819999694824219,9.84000015258789,354400,9.84000015258789
10/24/2016,9.850000381469727,9.850000381469727,9.850000381469727,9.850000381469727,900,9.850000381469727
10/21/2016,9.829999923706055,9.869999885559082,9.800000190734863,9.869999885559082,6200,9.869999885559082
10/20/2016,9.8100004196167,9.890000343322754,9.8100004196167,9.850000381469727,11000,9.850000381469727
10/18/2016,9.8100004196167,9.819999694824219,9.807000160217285,9.807000160217285,11200,9.807000160217285
10/17/2016,9.800000190734863,9.859999656677246,9.670000076293945,9.819999694824219,577900,9.819999694824219
10/14/2016,9.8100004196167,9.819999694824219,9.8100004196167,9.8100004196167,6200,9.8100004196167
10/13/2016,9.800000190734863,9.8149995803833,9.798999786376953,9.8100004196167,107000,9.8100004196167
10/12/2016,9.800000190734863,9.850000381469727,9.800000190734863,9.800000190734863,9500,9.800000190734863
10/7/2016,9.779999732971191,9.8100004196167,9.779999732971191,9.800000190734863,2600,9.800000190734863
10/6/2016,9.800000190734863,9.800000190734863,9.800000190734863,9.800000190734863,30700,9.800000190734863
10/5/2016,9.800000190734863,9.850000381469727,9.800000190734863,9.800000190734863,1517500,9.800000190734863
9/27/2016,9.800000190734863,9.800000190734863,9.800000190734863,9.800000190734863,100,9.800000190734863
9/26/2016,9.850000381469727,9.850000381469727,9.789999961853027,9.819999694824219,4800,9.819999694824219
9/23/2016,9.890000343322754,9.890000343322754,9.890000343322754,9.890000343322754,100,9.890000343322754
9/22/2016,9.779999732971191,9.8100004196167,9.649999618530273,9.75,25000,9.75
9/21/2016,9.789999961853027,9.789999961853027,9.789999961853027,9.789999961853027,100,9.789999961853027
9/20/2016,9.779999732971191,9.880000114440918,9.770000457763672,9.788999557495117,6200,9.788999557495117
9/19/2016,9.800000190734863,9.800000190734863,9.800000190734863,9.800000190734863,200,9.800000190734863
9/16/2016,9.789999961853027,9.829999923706055,9.789999961853027,9.829999923706055,200,9.829999923706055
9/15/2016,9.800000190734863,9.800000190734863,9.800000190734863,9.800000190734863,400,9.800000190734863
9/13/2016,9.720000267028809,9.800000190734863,9.720000267028809,9.789999961853027,900,9.789999961853027
9/12/2016,9.8100004196167,9.8100004196167,9.800000190734863,9.8100004196167,600,9.8100004196167
9/9/2016,9.800000190734863,9.819999694824219,9.770999908447266,9.817000389099121,1900,9.817000389099121
9/8/2016,9.800000190734863,9.800000190734863,9.800000190734863,9.800000190734863,1400,9.800000190734863
9/7/2016,9.75100040435791,9.800000190734863,9.6899995803833,9.770000457763672,2900,9.770000457763672
9/6/2016,9.770000457763672,9.789999961853027,9.739999771118164,9.760000228881836,53100,9.760000228881836
9/1/2016,9.779999732971191,9.779999732971191,9.779999732971191,9.779999732971191,200,9.779999732971191
8/31/2016,9.760000228881836,9.829999923706055,9.760000228881836,9.782999992370605,2400,9.782999992370605
8/30/2016,9.779999732971191,9.779999732971191,9.779999732971191,9.779999732971191,2200,9.779999732971191
8/29/2016,9.819999694824219,9.819999694824219,9.75,9.819999694824219,10900,9.819999694824219
8/25/2016,9.819999694824219,9.829999923706055,9.8100004196167,9.829999923706055,1800,9.829999923706055
8/23/2016,9.789999961853027,9.789999961853027,9.789999961853027,9.789999961853027,100,9.789999961853027
8/22/2016,9.8100004196167,9.880000114440918,9.789999961853027,9.800000190734863,22200,9.800000190734863
8/19/2016,9.890000343322754,9.899999618530273,9.800999641418457,9.859999656677246,10600,9.859999656677246
8/18/2016,9.84000015258789,9.850000381469727,9.770000457763672,9.800000190734863,30700,9.800000190734863
8/17/2016,9.75,9.84000015258789,9.748000144958496,9.800000190734863,1477600,9.800000190734863
8/16/2016,9.75,9.760000228881836,9.720000267028809,9.74899959564209,11000,9.74899959564209
8/12/2016,9.760000228881836,9.760000228881836,9.760000228881836,9.760000228881836,100,9.760000228881836
8/11/2016,9.760000228881836,9.760000228881836,9.760000228881836,9.760000228881836,300,9.760000228881836
8/10/2016,9.75,9.803999900817871,9.75,9.75,800,9.75
8/9/2016,9.75,9.75,9.75,9.75,100,9.75
8/5/2016,9.600000381469727,9.84000015258789,9.600000381469727,9.75,43600,9.75
8/4/2016,9.82699966430664,9.84000015258789,9.729999542236328,9.75,31800,9.75
8/2/2016,9.770000457763672,9.770000457763672,9.770000457763672,9.770000457763672,100,9.770000457763672
8/1/2016,9.720000267028809,9.770999908447266,9.720000267028809,9.770999908447266,1000,9.770999908447266
7/29/2016,9.649999618530273,9.770000457763672,9.5,9.770000457763672,1500,9.770000457763672
7/28/2016,9.8100004196167,9.8100004196167,9.8100004196167,9.8100004196167,100,9.8100004196167
7/27/2016,9.8100004196167,9.84000015258789,9.8100004196167,9.84000015258789,300,9.84000015258789
7/26/2016,9.819999694824219,9.819999694824219,9.819999694824219,9.819999694824219,1500,9.819999694824219
7/25/2016,9.739999771118164,9.899999618530273,9.710000038146973,9.819999694824219,20000,9.819999694824219
7/22/2016,9.649999618530273,9.779999732971191,9.649999618530273,9.770000457763672,400,9.770000457763672
7/21/2016,9.789999961853027,9.850000381469727,9.699999809265137,9.850000381469727,2400,9.850000381469727
7/20/2016,9.899999618530273,9.90999984741211,9.869999885559082,9.880000114440918,31800,9.880000114440918
7/19/2016,9.869999885559082,9.871000289916992,9.869999885559082,9.871000289916992,1600,9.871000289916992
7/18/2016,9.899999618530273,9.930000305175781,9.899999618530273,9.90999984741211,2200,9.90999984741211
7/15/2016,9.869999885559082,9.899999618530273,9.869999885559082,9.899999618530273,9900,9.899999618530273
7/14/2016,9.850000381469727,9.869999885559082,9.760000228881836,9.869999885559082,246000,9.869999885559082
7/13/2016,9.720000267028809,9.739999771118164,9.720000267028809,9.739999771118164,400,9.739999771118164
7/12/2016,9.6899995803833,9.73900032043457,9.680000305175781,9.73900032043457,800,9.73900032043457
7/11/2016,9.739999771118164,9.739999771118164,9.739999771118164,9.739999771118164,100,9.739999771118164
7/8/2016,9.6899995803833,9.75,9.6899995803833,9.75,2900,9.75
7/7/2016,9.84000015258789,9.84000015258789,9.6899995803833,9.760000228881836,2600,9.760000228881836
7/6/2016,9.75,9.75,9.75,9.75,400,9.75
7/1/2016,9.760000228881836,9.760000228881836,9.760000228881836,9.760000228881836,400,9.760000228881836
6/30/2016,9.79800033569336,9.79800033569336,9.79800033569336,9.79800033569336,200,9.79800033569336
6/29/2016,9.770000457763672,9.770000457763672,9.710000038146973,9.720000267028809,2300,9.720000267028809
6/28/2016,9.670000076293945,9.710000038146973,9.619999885559082,9.710000038146973,29200,9.710000038146973
6/24/2016,9.600000381469727,9.699999809265137,9.569999694824219,9.699999809265137,7400,9.699999809265137
6/21/2016,9.699999809265137,9.699999809265137,9.600000381469727,9.600000381469727,18800,9.600000381469727
6/20/2016,9.649999618530273,9.649999618530273,9.550000190734863,9.630000114440918,12800,9.630000114440918
6/17/2016,9.710000038146973,9.74899959564209,9.619999885559082,9.699000358581543,12400,9.699000358581543
6/16/2016,9.710000038146973,9.819999694824219,9.59000015258789,9.6899995803833,30900,9.6899995803833
6/15/2016,9.819999694824219,9.819999694824219,9.819999694824219,9.819999694824219,100,9.819999694824219
6/14/2016,9.821000099182129,9.821000099182129,9.821000099182129,9.821000099182129,100,9.821000099182129
6/13/2016,9.819999694824219,9.819999694824219,9.4399995803833,9.800000190734863,1000,9.800000190734863
6/10/2016,9.829999923706055,9.829999923706055,9.829999923706055,9.829999923706055,200,9.829999923706055
6/9/2016,9.800000190734863,9.800000190734863,9.800000190734863,9.800000190734863,100,9.800000190734863
6/8/2016,9.8100004196167,9.8100004196167,9.779999732971191,9.800000190734863,400,9.800000190734863
6/6/2016,9.84000015258789,9.84000015258789,9.84000015258789,9.84000015258789,100,9.84000015258789
6/3/2016,9.84000015258789,9.84000015258789,9.84000015258789,9.84000015258789,100,9.84000015258789
6/2/2016,9.84000015258789,9.850000381469727,9.729999542236328,9.850000381469727,31400,9.850000381469727
6/1/2016,9.84000015258789,9.84000015258789,9.84000015258789,9.84000015258789,100,9.84000015258789
5/31/2016,9.829999923706055,9.869999885559082,9.800000190734863,9.836000442504883,283500,9.836000442504883
5/27/2016,9.84000015258789,9.84000015258789,9.789999961853027,9.819999694824219,4500,9.819999694824219
5/26/2016,9.770000457763672,9.829999923706055,9.770000457763672,9.829999923706055,300,9.829999923706055
5/25/2016,9.770000457763672,9.829000473022461,9.770000457763672,9.829000473022461,400,9.829000473022461
5/24/2016,9.829999923706055,9.829999923706055,9.75,9.829999923706055,2400,9.829999923706055
5/23/2016,9.760000228881836,9.829999923706055,9.760000228881836,9.829000473022461,13800,9.829000473022461
5/20/2016,9.770000457763672,9.819999694824219,9.770000457763672,9.819999694824219,1100,9.819999694824219
5/19/2016,9.84000015258789,9.84000015258789,9.84000015258789,9.84000015258789,100,9.84000015258789
5/18/2016,9.833999633789062,9.833999633789062,9.833999633789062,9.833999633789062,100,9.833999633789062
5/17/2016,9.800000190734863,9.83899974822998,9.800000190734863,9.83899974822998,1800,9.83899974822998
5/16/2016,9.8100004196167,9.829000473022461,9.8100004196167,9.829000473022461,1200,9.829000473022461
5/13/2016,9.82699966430664,9.848999977111816,9.770000457763672,9.848999977111816,500,9.848999977111816
5/12/2016,9.836999893188477,9.83899974822998,9.789999961853027,9.789999961853027,300,9.789999961853027
5/11/2016,9.850000381469727,9.850000381469727,9.8100004196167,9.8100004196167,200,9.8100004196167
5/10/2016,9.850000381469727,9.850000381469727,9.850000381469727,9.850000381469727,100,9.850000381469727
5/9/2016,9.850000381469727,9.850000381469727,9.819999694824219,9.848999977111816,800,9.848999977111816
5/6/2016,9.829999923706055,9.848999977111816,9.829999923706055,9.848999977111816,2800,9.848999977111816
5/5/2016,9.819000244140625,9.82699966430664,9.819000244140625,9.82699966430664,200,9.82699966430664
5/4/2016,9.84000015258789,9.850000381469727,9.800000190734863,9.800000190734863,12000,9.800000190734863
5/3/2016,9.800000190734863,9.850000381469727,9.800000190734863,9.84000015258789,1200,9.84000015258789
5/2/2016,9.829999923706055,9.850000381469727,9.800000190734863,9.829000473022461,7800,9.829000473022461
4/28/2016,9.836999893188477,9.83899974822998,9.800000190734863,9.800000190734863,300,9.800000190734863
4/27/2016,9.819999694824219,9.84000015258789,9.819999694824219,9.84000015258789,300,9.84000015258789
4/26/2016,9.807999610900879,9.829999923706055,9.779999732971191,9.819999694824219,3000,9.819999694824219
4/25/2016,9.83899974822998,9.84000015258789,9.789999961853027,9.819999694824219,3300,9.819999694824219
4/22/2016,9.829999923706055,9.850000381469727,9.829999923706055,9.850000381469727,1300,9.850000381469727
4/21/2016,9.800000190734863,9.850000381469727,9.789999961853027,9.850000381469727,135500,9.850000381469727
4/20/2016,9.84000015258789,9.84000015258789,9.75,9.786999702453613,3400,9.786999702453613
4/19/2016,9.789999961853027,9.84000015258789,9.760000228881836,9.760000228881836,7300,9.760000228881836
4/18/2016,9.836000442504883,9.836000442504883,9.836000442504883,9.836000442504883,100,9.836000442504883
4/15/2016,9.83899974822998,9.850000381469727,9.829999923706055,9.84000015258789,31700,9.84000015258789
4/14/2016,9.84000015258789,9.845000267028809,9.829999923706055,9.84000015258789,26700,9.84000015258789
4/13/2016,9.819999694824219,9.850000381469727,9.8100004196167,9.83899974822998,68300,9.83899974822998
4/12/2016,9.819999694824219,9.84000015258789,9.819999694824219,9.84000015258789,2700,9.84000015258789
4/11/2016,9.850000381469727,9.850000381469727,9.829999923706055,9.84000015258789,2600,9.84000015258789
4/8/2016,9.850000381469727,9.850000381469727,9.850000381469727,9.850000381469727,4000,9.850000381469727
4/7/2016,9.84000015258789,9.850000381469727,9.84000015258789,9.84000015258789,148800,9.84000015258789
4/6/2016,9.829999923706055,9.829999923706055,9.829999923706055,9.829999923706055,500,9.829999923706055
4/5/2016,9.850000381469727,9.850000381469727,9.829999923706055,9.829999923706055,59500,9.829999923706055
4/4/2016,9.850000381469727,9.899999618530273,9.8100004196167,9.850000381469727,1166500,9.850000381469727
3/24/2016,9.680000305175781,9.680000305175781,9.680000305175781,9.680000305175781,100,9.680000305175781
3/18/2016,9.680000305175781,9.680000305175781,9.680000305175781,9.680000305175781,300,9.680000305175781
3/15/2016,9.65999984741211,9.65999984741211,9.65999984741211,9.65999984741211,600,9.65999984741211
3/11/2016,9.609999656677246,9.699999809265137,9.600000381469727,9.699999809265137,150300,9.699999809265137
3/8/2016,9.65999984741211,9.65999984741211,9.649999618530273,9.649999618530273,300,9.649999618530273
3/7/2016,9.649999618530273,9.649999618530273,9.649999618530273,9.649999618530273,100,9.649999618530273
3/3/2016,9.640000343322754,9.640000343322754,9.640000343322754,9.640000343322754,100,9.640000343322754
3/1/2016,9.630000114440918,9.630000114440918,9.630000114440918,9.630000114440918,200,9.630000114440918
2/29/2016,9.619999885559082,9.619999885559082,9.619999885559082,9.619999885559082,300,9.619999885559082
2/26/2016,9.619999885559082,9.619999885559082,9.619999885559082,9.619999885559082,100,9.619999885559082
2/19/2016,9.59000015258789,9.619999885559082,9.569999694824219,9.619999885559082,735000,9.619999885559082
2/17/2016,9.670000076293945,9.670000076293945,9.670000076293945,9.670000076293945,300,9.670000076293945
2/16/2016,9.699999809265137,9.699999809265137,9.699999809265137,9.699999809265137,200,9.699999809265137
2/11/2016,9.699999809265137,9.699999809265137,9.699999809265137,9.699999809265137,300,9.699999809265137
2/8/2016,9.680000305175781,9.680000305175781,9.680000305175781,9.680000305175781,100,9.680000305175781
2/5/2016,9.680000305175781,9.680000305175781,9.680000305175781,9.680000305175781,100,9.680000305175781
2/4/2016,9.600000381469727,9.65999984741211,9.600000381469727,9.65999984741211,200600,9.65999984741211
2/3/2016,9.670000076293945,9.670000076293945,9.670000076293945,9.670000076293945,100,9.670000076293945
2/2/2016,9.630000114440918,9.630000114440918,9.630000114440918,9.630000114440918,600,9.630000114440918
2/1/2016,9.630000114440918,9.630000114440918,9.630000114440918,9.630000114440918,200,9.630000114440918
1/29/2016,9.569999694824219,9.640000343322754,9.5600004196167,9.630000114440918,301700,9.630000114440918
1/28/2016,9.649999618530273,9.649999618530273,9.649999618530273,9.649999618530273,100,9.649999618530273
1/27/2016,9.699999809265137,9.800000190734863,9.550000190734863,9.680000305175781,5000,9.680000305175781
1/21/2016,9.699999809265137,9.699999809265137,9.699999809265137,9.699999809265137,1300,9.699999809265137
1/20/2016,9.630000114440918,9.699999809265137,9.529999732971191,9.670000076293945,25900,9.670000076293945
1/19/2016,9.600000381469727,9.600000381469727,9.600000381469727,9.600000381469727,100,9.600000381469727
1/14/2016,9.75,9.75,9.75,9.75,1300,9.75
1/13/2016,9.670000076293945,9.831999778747559,9.670000076293945,9.831999778747559,300,9.831999778747559
1/12/2016,9.520000457763672,9.649999618530273,9.520000457763672,9.649999618530273,1200100,9.649999618530273
1/11/2016,9.65999984741211,9.65999984741211,9.65999984741211,9.65999984741211,100,9.65999984741211
1/8/2016,9.670000076293945,9.670000076293945,9.670000076293945,9.670000076293945,200,9.670000076293945
1/7/2016,9.65999984741211,9.65999984741211,9.65999984741211,9.65999984741211,1200,9.65999984741211
1/6/2016,9.600000381469727,9.640000343322754,9.600000381469727,9.640000343322754,200,9.640000343322754
1/5/2016,9.619999885559082,9.619999885559082,9.619999885559082,9.619999885559082,100,9.619999885559082
1/4/2016,9.5600004196167,9.633999824523926,9.550000190734863,9.630000114440918,76800,9.630000114440918
12/31/2015,9.630000114440918,9.670000076293945,9.539999961853027,9.640000343322754,9200,9.640000343322754
12/30/2015,9.569999694824219,9.630000114440918,9.550000190734863,9.630000114440918,4100,9.630000114440918
12/29/2015,9.550000190734863,9.600000381469727,9.550000190734863,9.579999923706055,36800,9.579999923706055
12/28/2015,9.609999656677246,9.609999656677246,9.600000381469727,9.600000381469727,600,9.600000381469727
12/24/2015,9.5,9.5,9.5,9.5,24300,9.5
12/23/2015,9.550000190734863,9.600000381469727,9.529999732971191,9.529999732971191,11300,9.529999732971191
12/22/2015,9.600000381469727,9.609999656677246,9.520000457763672,9.609999656677246,603400,9.609999656677246
12/21/2015,9.539999961853027,9.649999618530273,9.539999961853027,9.5600004196167,13200,9.5600004196167
