4/22/2019,24.989999771118164,25.454999923706055,24.219999313354492,24.3799991607666,266100,24.3799991607666
4/18/2019,24.049999237060547,25.200000762939453,23.559999465942383,24.979999542236328,367800,24.979999542236328
4/17/2019,25.540000915527344,25.540000915527344,23.850000381469727,24.149999618530273,381400,24.149999618530273
4/16/2019,24.81999969482422,25.700000762939453,24.5,25.290000915527344,282000,25.290000915527344
4/15/2019,24.5,25,24.368000030517578,24.84000015258789,169000,24.84000015258789
4/12/2019,24.709999084472656,24.878000259399414,24,24.479999542236328,229400,24.479999542236328
4/11/2019,25.65999984741211,25.950000762939453,24.5,24.530000686645508,302500,24.530000686645508
4/10/2019,25.799999237060547,26.25,25.600000381469727,25.700000762939453,252400,25.700000762939453
4/9/2019,26.770000457763672,26.950000762939453,25.75,25.790000915527344,507700,25.790000915527344
4/8/2019,25.420000076293945,26.989999771118164,24.639999389648438,26.510000228881836,989400,26.510000228881836
4/5/2019,23.979999542236328,25.649999618530273,23.979999542236328,25.030000686645508,657100,25.030000686645508
4/4/2019,23.790000915527344,25.43000030517578,23.719999313354492,23.940000534057617,745800,23.940000534057617
4/3/2019,22.889999389648438,23.75,22.350000381469727,23.719999313354492,568000,23.719999313354492
4/2/2019,23,23.030000686645508,22.059999465942383,22.600000381469727,433900,22.600000381469727
4/1/2019,22.56999969482422,23,22,22.899999618530273,484200,22.899999618530273
3/29/2019,21.100000381469727,22.829999923706055,20.364999771118164,22.56999969482422,655300,22.56999969482422
3/28/2019,19.520000457763672,21.239999771118164,19.430999755859375,21,676800,21
3/27/2019,20.6200008392334,20.760000228881836,19.010000228881836,19.700000762939453,911300,19.700000762939453
3/26/2019,21.40999984741211,21.68899917602539,19.670000076293945,20.5,802800,20.5
3/25/2019,23.799999237060547,23.899999618530273,20.780000686645508,21.139999389648438,1674000,21.139999389648438
3/22/2019,25.520000457763672,25.53700065612793,23.84000015258789,24.010000228881836,787900,24.010000228881836
3/21/2019,24.899999618530273,25.799999237060547,24.329999923706055,25.700000762939453,733300,25.700000762939453
3/20/2019,26.739999771118164,26.889999389648438,24.549999237060547,25.110000610351562,1333800,25.110000610351562
3/19/2019,24.290000915527344,27.959999084472656,24.05500030517578,26.56999969482422,3212200,26.56999969482422
3/18/2019,25,25.118000030517578,23.200000762939453,23.850000381469727,1136200,23.850000381469727
3/15/2019,24.8700008392334,25.434999465942383,24.729999542236328,24.829999923706055,523700,24.829999923706055
3/14/2019,25.600000381469727,26.025999069213867,24.75,24.850000381469727,543100,24.850000381469727
3/13/2019,25.459999084472656,26.6299991607666,25.299999237060547,25.469999313354492,620200,25.469999313354492
3/12/2019,25.56999969482422,27.149999618530273,25.010000228881836,25.43000030517578,944200,25.43000030517578
3/11/2019,24.770000457763672,25.690000534057617,23.799999237060547,25.56999969482422,974800,25.56999969482422
3/8/2019,24.84000015258789,25.25,24.170000076293945,24.75,290700,24.75
3/7/2019,24.479999542236328,25.799999237060547,23.809999465942383,25.290000915527344,590200,25.290000915527344
3/6/2019,26.399999618530273,26.43199920654297,24.299999237060547,24.549999237060547,1134100,24.549999237060547
3/5/2019,26.020000457763672,27.40999984741211,26.020000457763672,26.440000534057617,648200,26.440000534057617
3/4/2019,27.8799991607666,29.5,25.25,26.260000228881836,1481800,26.260000228881836
3/1/2019,26.84000015258789,27.75,26.1200008392334,27.649999618530273,677900,27.649999618530273
2/28/2019,27.1200008392334,28.3799991607666,25.84000015258789,26.440000534057617,1315800,26.440000534057617
2/27/2019,24.809999465942383,27.290000915527344,24.709999084472656,27.18000030517578,1454000,27.18000030517578
2/26/2019,24.579999923706055,25.610000610351562,24.399999618530273,25.25,619500,25.25
2/25/2019,24.6299991607666,26.479999542236328,24.520000457763672,24.780000686645508,1400300,24.780000686645508
2/22/2019,24.59000015258789,24.829999923706055,23.31999969482422,24.649999618530273,1128400,24.649999618530273
2/21/2019,25.530000686645508,25.652000427246094,24,24.65999984741211,1234700,24.65999984741211
2/20/2019,26.469999313354492,26.799999237060547,24.799999237060547,25.84000015258789,1416900,25.84000015258789
2/19/2019,27.31999969482422,27.68000030517578,26.1200008392334,26.59000015258789,1001400,26.59000015258789
2/15/2019,27.520000457763672,28.31999969482422,26.900999069213867,27.3799991607666,822200,27.3799991607666
2/14/2019,26.040000915527344,28.15999984741211,25.899999618530273,27.260000228881836,1427900,27.260000228881836
2/13/2019,26.290000915527344,27.170000076293945,24.700000762939453,26,1493300,26
2/12/2019,28.5,28.959999084472656,26.110000610351562,26.559999465942383,2266300,26.559999465942383
2/11/2019,27.18000030517578,30.25,26.899999618530273,28.350000381469727,3407200,28.350000381469727
2/8/2019,27.489999771118164,27.989999771118164,25.75,26.709999084472656,2476900,26.709999084472656
2/7/2019,23.600000381469727,29,23.5,28.90999984741211,4955800,28.90999984741211
2/6/2019,26.68000030517578,26.849000930786133,23.600000381469727,24.059999465942383,2882500,24.059999465942383
2/5/2019,21.059999465942383,26.3700008392334,20.770000457763672,25.829999923706055,6906100,25.829999923706055
2/4/2019,21.399999618530273,22.350000381469727,20.299999237060547,20.5,8202900,20.5
2/1/2019,16.5,18.5,16.020000457763672,18.329999923706055,1732400,18.329999923706055
1/31/2019,15.699999809265137,16.5,15.670000076293945,16.350000381469727,574900,16.350000381469727
1/30/2019,15.380000114440918,16,15.119999885559082,15.619999885559082,611500,15.619999885559082
1/29/2019,15.5,15.640000343322754,14.746000289916992,15.09000015258789,553200,15.09000015258789
1/28/2019,14.979999542236328,15.5600004196167,14.579999923706055,14.989999771118164,403300,14.989999771118164
1/25/2019,15.210000038146973,15.449999809265137,14.5,14.90999984741211,350300,14.90999984741211
1/24/2019,16.1200008392334,16.149999618530273,14.229999542236328,14.390000343322754,691700,14.390000343322754
1/23/2019,16.360000610351562,17.549999237060547,15.920000076293945,16.190000534057617,591400,16.190000534057617
1/22/2019,15.84000015258789,16.75,15.699999809265137,16.239999771118164,764900,16.239999771118164
1/18/2019,16.200000762939453,16.239999771118164,15.800000190734863,15.979999542236328,227200,15.979999542236328
1/17/2019,15.90999984741211,16.315000534057617,15.90999984741211,16.09000015258789,229100,16.09000015258789
1/16/2019,16.200000762939453,16.700000762939453,15.710000038146973,16,378700,16
1/15/2019,16.1200008392334,16.559999465942383,15.229999542236328,16.170000076293945,476900,16.170000076293945
1/14/2019,16.489999771118164,16.489999771118164,15.5600004196167,15.829999923706055,235000,15.829999923706055
1/11/2019,16.15999984741211,16.31999969482422,15.680000305175781,16.18000030517578,267500,16.18000030517578
1/10/2019,16.34000015258789,16.485000610351562,15.6899995803833,15.960000038146973,300000,15.960000038146973
1/9/2019,16.389999389648438,16.84000015258789,16.110000610351562,16.280000686645508,390900,16.280000686645508
1/8/2019,16.15999984741211,16.65999984741211,15.65999984741211,16.059999465942383,743200,16.059999465942383
1/7/2019,13.899999618530273,15.791999816894531,13.899999618530273,15.449999809265137,753700,15.449999809265137
1/4/2019,12.829999923706055,13.609999656677246,12.699999809265137,13.59000015258789,425900,13.59000015258789
1/3/2019,12.369999885559082,12.899999618530273,12.279999732971191,12.640000343322754,214200,12.640000343322754
1/2/2019,11.899999618530273,12.600000381469727,11.503999710083008,12.430000305175781,352800,12.430000305175781
12/31/2018,12,12.390000343322754,11.630000114440918,11.899999618530273,344800,11.899999618530273
12/28/2018,11.100000381469727,12.520000457763672,10.800000190734863,11.899999618530273,271000,11.899999618530273
12/27/2018,11.369999885559082,11.609999656677246,10.520000457763672,11.039999961853027,195300,11.039999961853027
12/26/2018,11.210000038146973,11.550000190734863,10.850000381469727,11.529999732971191,244700,11.529999732971191
12/24/2018,10.470000267028809,11.25,10.222000122070312,10.949999809265137,243800,10.949999809265137
12/21/2018,11.239999771118164,11.59000015258789,10.3100004196167,10.569999694824219,813800,10.569999694824219
12/20/2018,12.0600004196167,12.430000305175781,10.899999618530273,11.300000190734863,360600,11.300000190734863
12/19/2018,12.350000381469727,12.699999809265137,11.789999961853027,12.0600004196167,232100,12.0600004196167
12/18/2018,12.739999771118164,12.819999694824219,12.069999694824219,12.329999923706055,295100,12.329999923706055
12/17/2018,12.699999809265137,13.5,12.279999732971191,12.319999694824219,351000,12.319999694824219
12/14/2018,12.3100004196167,13.09000015258789,12.119999885559082,12.65999984741211,218600,12.65999984741211
12/13/2018,12.020000457763672,12.680000305175781,12.020000457763672,12.3100004196167,287100,12.3100004196167
12/12/2018,13.100000381469727,13.59000015258789,11.789999961853027,11.979999542236328,422900,11.979999542236328
12/11/2018,13.890000343322754,13.989999771118164,10.619999885559082,13,1252800,13
12/10/2018,13.640000343322754,14.140000343322754,13.5,13.710000038146973,339300,13.710000038146973
12/7/2018,13.949999809265137,14.255000114440918,13.399999618530273,13.75,267500,13.75
12/6/2018,14.039999961853027,14.454999923706055,13.46500015258789,14.0600004196167,305300,14.0600004196167
12/4/2018,14.989999771118164,15.550000190734863,14.449999809265137,14.600000381469727,358700,14.600000381469727
12/3/2018,15.420000076293945,15.420000076293945,14.630000114440918,14.930000305175781,216200,14.930000305175781
11/30/2018,14.779999732971191,15.029999732971191,14.539999961853027,14.960000038146973,128600,14.960000038146973
11/29/2018,14.899999618530273,15.109999656677246,14.359999656677246,14.8100004196167,144800,14.8100004196167
11/28/2018,14.699999809265137,15.119999885559082,14.600000381469727,14.899999618530273,295100,14.899999618530273
11/27/2018,14.880000114440918,15.017999649047852,14.199999809265137,14.59000015258789,135600,14.59000015258789
11/26/2018,15,15.300000190734863,14.470000267028809,14.949999809265137,164300,14.949999809265137
11/23/2018,14.699999809265137,15.569999694824219,14.628999710083008,14.800000190734863,184700,14.800000190734863
11/21/2018,13.850000381469727,14.770000457763672,13.600000381469727,14.699999809265137,222700,14.699999809265137
11/20/2018,13.850000381469727,14.600000381469727,13.710000038146973,13.869999885559082,393400,13.869999885559082
11/19/2018,14.859999656677246,15.411999702453613,13.729999542236328,13.84000015258789,550700,13.84000015258789
11/16/2018,14.739999771118164,15.456000328063965,14.359999656677246,14.779999732971191,441500,14.779999732971191
11/15/2018,13.680000305175781,14.779999732971191,13.680000305175781,14.739999771118164,148600,14.739999771118164
11/14/2018,14.670000076293945,14.904000282287598,13.5,13.65999984741211,305900,13.65999984741211
11/13/2018,14.770000457763672,15.619999885559082,14.539999961853027,14.619999885559082,348700,14.619999885559082
11/12/2018,15.3100004196167,15.42199993133545,14.350000381469727,14.720000267028809,387900,14.720000267028809
11/9/2018,16.1299991607666,16.375,15.170000076293945,15.25,433700,15.25
11/8/2018,15.989999771118164,16.549999237060547,15.821000099182129,16.1299991607666,277000,16.1299991607666
11/7/2018,15.550000190734863,16.389999389648438,15.274999618530273,16.059999465942383,346500,16.059999465942383
11/6/2018,15.6899995803833,16.1299991607666,14.5,15.385000228881836,336200,15.385000228881836
11/5/2018,16.43000030517578,16.510000228881836,14.649999618530273,15.6899995803833,658500,15.6899995803833
11/2/2018,15.779999732971191,16.5,15.369999885559082,16.329999923706055,688200,16.329999923706055
11/1/2018,14.920000076293945,15.59000015258789,14.420000076293945,15.420000076293945,244000,15.420000076293945
10/31/2018,14.239999771118164,14.989999771118164,14.239999771118164,14.819999694824219,366000,14.819999694824219
10/30/2018,13.5,14.100000381469727,13.399999618530273,14.100000381469727,171000,14.100000381469727
10/29/2018,13.930000305175781,14.194999694824219,13.210000038146973,13.479999542236328,191500,13.479999542236328
10/26/2018,14,14.390000343322754,13.116000175476074,13.75,258200,13.75
10/25/2018,13.300000190734863,14.369999885559082,13.300000190734863,14.0600004196167,249200,14.0600004196167
10/24/2018,14,14.699999809265137,13.279999732971191,13.300000190734863,392800,13.300000190734863
10/23/2018,13.300000190734863,14.09000015258789,13.039999961853027,13.869999885559082,329400,13.869999885559082
10/22/2018,13.270000457763672,13.739999771118164,13.100000381469727,13.470000267028809,221300,13.470000267028809
10/19/2018,13.739999771118164,14.003000259399414,13.140000343322754,13.270000457763672,178800,13.270000457763672
10/18/2018,14.420000076293945,14.597999572753906,13.149999618530273,13.770000457763672,301600,13.770000457763672
10/17/2018,14.010000228881836,15.430000305175781,14.010000228881836,14.420000076293945,311300,14.420000076293945
10/16/2018,13.220000267028809,14.699999809265137,13.109999656677246,14.010000228881836,447100,14.010000228881836
10/15/2018,13.949999809265137,14.010000228881836,12.8100004196167,13.149999618530273,477700,13.149999618530273
10/12/2018,14.1899995803833,14.798999786376953,13.899999618530273,14.050000190734863,582100,14.050000190734863
10/11/2018,14.710000038146973,15.006999969482422,13.899999618530273,13.899999618530273,411300,13.899999618530273
10/10/2018,16.43000030517578,16.56999969482422,13.979999542236328,14.710000038146973,753600,14.710000038146973
10/9/2018,16.40999984741211,16.889999389648438,16.25,16.43000030517578,224200,16.43000030517578
10/8/2018,17.170000076293945,17.200000762939453,16.299999237060547,16.450000762939453,317700,16.450000762939453
10/5/2018,17.700000762939453,17.989999771118164,16.799999237060547,17.219999313354492,210000,17.219999313354492
10/4/2018,18.889999389648438,19.299999237060547,17.520000457763672,17.700000762939453,242300,17.700000762939453
10/3/2018,19.31999969482422,19.829999923706055,18.260000228881836,18.93000030517578,248200,18.93000030517578
10/2/2018,18.899999618530273,20.389999389648438,18.860000610351562,19.290000915527344,382600,19.290000915527344
10/1/2018,18.649999618530273,19.139999389648438,18.614999771118164,19.049999237060547,532200,19.049999237060547
9/28/2018,17.8700008392334,18.940000534057617,17.725000381469727,18.6200008392334,229200,18.6200008392334
9/27/2018,17.190000534057617,18.030000686645508,17.190000534057617,17.84000015258789,177800,17.84000015258789
9/26/2018,17.81999969482422,18.100000381469727,17.1200008392334,17.309999465942383,263200,17.309999465942383
9/25/2018,18.15999984741211,18.81999969482422,17.81999969482422,17.940000534057617,207400,17.940000534057617
9/24/2018,18.540000915527344,19,17.540000915527344,18.059999465942383,377600,18.059999465942383
9/21/2018,18.959999084472656,19.21500015258789,18.610000610351562,18.81999969482422,550700,18.81999969482422
9/20/2018,19.15999984741211,19.253000259399414,18.549999237060547,19.010000228881836,271400,19.010000228881836
9/19/2018,19.610000610351562,19.959999084472656,18.65999984741211,18.899999618530273,269700,18.899999618530273
9/18/2018,19.280000686645508,19.450000762939453,18.799999237060547,18.8700008392334,283100,18.8700008392334
9/17/2018,21.18000030517578,21.18000030517578,18.68000030517578,18.700000762939453,497700,18.700000762939453
9/14/2018,21.40999984741211,21.579999923706055,20.190000534057617,21.170000076293945,412200,21.170000076293945
9/13/2018,22.520000457763672,22.940000534057617,21.030000686645508,21.309999465942383,708200,21.309999465942383
9/12/2018,24.510000228881836,24.601999282836914,22.100000381469727,22.309999465942383,433600,22.309999465942383
9/11/2018,24,24.790000915527344,23.799999237060547,24.469999313354492,142700,24.469999313354492
9/10/2018,24.950000762939453,25.479999542236328,24.010000228881836,24.15999984741211,183100,24.15999984741211
9/7/2018,25.43000030517578,26.739999771118164,24.329999923706055,24.719999313354492,286800,24.719999313354492
9/6/2018,26.40999984741211,28,25.065000534057617,25.860000610351562,319400,25.860000610351562
9/5/2018,26.06999969482422,26.610000610351562,25,26.25,327200,26.25
9/4/2018,25.59000015258789,26.742000579833984,24.25,26.06999969482422,322600,26.06999969482422
8/31/2018,27.739999771118164,29.104000091552734,25.31999969482422,25.59000015258789,537600,25.59000015258789
8/30/2018,24.18000030517578,27.8700008392334,24.18000030517578,26.790000915527344,914300,26.790000915527344
8/29/2018,20.889999389648438,24.18199920654297,20.829999923706055,23.799999237060547,1231200,23.799999237060547
8/28/2018,20.100000381469727,20.479999542236328,20.049999237060547,20.229999542236328,177500,20.229999542236328
8/27/2018,20.200000762939453,20.79199981689453,19.760000228881836,20.010000228881836,247900,20.010000228881836
8/24/2018,19.399999618530273,20.489999771118164,19.399999618530273,20.100000381469727,218200,20.100000381469727
8/23/2018,20.100000381469727,20.5,19.100000381469727,19.399999618530273,261900,19.399999618530273
8/22/2018,19.920000076293945,20.100000381469727,19.079999923706055,20.030000686645508,263500,20.030000686645508
8/21/2018,20.270000457763672,20.5,19.790000915527344,19.989999771118164,185200,19.989999771118164
8/20/2018,19.8700008392334,20.399999618530273,19.559999465942383,20.170000076293945,166200,20.170000076293945
8/17/2018,19.790000915527344,20.5,19.31999969482422,19.75,408700,19.75
8/16/2018,19.209999084472656,19.760000228881836,18.68000030517578,18.770000457763672,153100,18.770000457763672
8/15/2018,19.809999465942383,19.875999450683594,18.3799991607666,19.149999618530273,268000,19.149999618530273
8/14/2018,20.06999969482422,20.5,19.709999084472656,19.8799991607666,324300,19.8799991607666
8/13/2018,20.799999237060547,21,19.950000762939453,20,401100,20
8/10/2018,20.200000762939453,21.143999099731445,20,20.760000228881836,298800,20.760000228881836
8/9/2018,20.309999465942383,20.829999923706055,19.969999313354492,20.200000762939453,436700,20.200000762939453
8/8/2018,20.540000915527344,21.299999237060547,20.1299991607666,20.360000610351562,346700,20.360000610351562
8/7/2018,20.489999771118164,21.239999771118164,20,20.540000915527344,436500,20.540000915527344
8/6/2018,20.110000610351562,20.972000122070312,19.969999313354492,20.280000686645508,715300,20.280000686645508
8/3/2018,18.860000610351562,20.56999969482422,18.860000610351562,20.1299991607666,403200,20.1299991607666
8/2/2018,18.309999465942383,21.549999237060547,18.209999084472656,18.729999542236328,703300,18.729999542236328
8/1/2018,19.780000686645508,20.239999771118164,18.719999313354492,18.989999771118164,810600,18.989999771118164
7/31/2018,19.219999313354492,19.670000076293945,18.65999984741211,19.65999984741211,556500,19.65999984741211
7/30/2018,19.450000762939453,19.739999771118164,18.260000228881836,19.09000015258789,531200,19.09000015258789
7/27/2018,19.969999313354492,20.5,19.371000289916992,19.56999969482422,402600,19.56999969482422
7/26/2018,20,20.299999237060547,19.100000381469727,20.049999237060547,266500,20.049999237060547
7/25/2018,19.399999618530273,20.399999618530273,19.309999465942383,20.030000686645508,337000,20.030000686645508
7/24/2018,20.1299991607666,20.26799964904785,19.329999923706055,19.530000686645508,623000,19.530000686645508
7/23/2018,20.780000686645508,20.780000686645508,19.850000381469727,20.09000015258789,510600,20.09000015258789
7/20/2018,19.690000534057617,20.799999237060547,19.611000061035156,20.299999237060547,886600,20.299999237060547
7/19/2018,19.989999771118164,20.100000381469727,19.200000762939453,19.75,2680600,19.75
7/18/2018,22.440000534057617,22.93899917602539,21.25,21.31999969482422,585700,21.31999969482422
7/17/2018,22.729999542236328,24.81999969482422,21.600000381469727,22.329999923706055,870000,22.329999923706055
7/16/2018,26.110000610351562,26.149999618530273,24.611000061035156,25.1299991607666,220700,25.1299991607666
7/13/2018,26.75,26.8799991607666,25.299999237060547,26.170000076293945,212400,26.170000076293945
7/12/2018,27.43000030517578,27.549999237060547,25.100000381469727,27.010000228881836,325400,27.010000228881836
7/11/2018,24.079999923706055,27.395000457763672,23.549999237060547,27.270000457763672,347800,27.270000457763672
7/10/2018,26.649999618530273,27.25,23.514999389648438,24.059999465942383,375300,24.059999465942383
7/9/2018,27.670000076293945,28.030000686645508,26.25,26.579999923706055,291200,26.579999923706055
7/6/2018,27.899999618530273,28.989999771118164,27.200000762939453,27.360000610351562,218500,27.360000610351562
7/5/2018,28.149999618530273,29.030000686645508,27.698999404907227,27.979999542236328,124900,27.979999542236328
7/3/2018,30.1200008392334,30.163000106811523,27.399999618530273,27.950000762939453,158600,27.950000762939453
7/2/2018,27.8799991607666,30.399999618530273,27.299999237060547,29.81999969482422,148900,29.81999969482422
6/29/2018,27.790000915527344,29.25,27.739999771118164,27.989999771118164,225000,27.989999771118164
6/28/2018,28.530000686645508,29.270000457763672,26.700000762939453,27.31999969482422,275000,27.31999969482422
6/27/2018,30.239999771118164,31.43000030517578,28.540000915527344,28.6200008392334,255600,28.6200008392334
6/26/2018,29.299999237060547,31.506000518798828,29.299999237060547,30.360000610351562,238000,30.360000610351562
6/25/2018,32.650001525878906,32.65800094604492,28.229999542236328,29.280000686645508,391100,29.280000686645508
6/22/2018,32,33.099998474121094,30.239999771118164,32.939998626708984,401800,32.939998626708984
6/21/2018,31.68000030517578,32.909000396728516,31.072999954223633,31.940000534057617,148600,31.940000534057617
6/20/2018,33.29999923706055,34.4900016784668,30.510000228881836,31.770000457763672,502300,31.770000457763672
6/19/2018,27.969999313354492,33.400001525878906,27.950000762939453,32.65999984741211,721000,32.65999984741211
6/18/2018,28.760000228881836,29.260000228881836,28,28.260000228881836,298900,28.260000228881836
6/15/2018,28.610000610351562,30.75,28.270000457763672,28.31999969482422,436300,28.31999969482422
6/14/2018,28.110000610351562,29.451000213623047,28.110000610351562,28.850000381469727,252200,28.850000381469727
6/13/2018,28.459999084472656,29.34000015258789,27.562999725341797,27.959999084472656,576000,27.959999084472656
6/12/2018,29.90999984741211,31.3700008392334,26.8700008392334,27.06999969482422,678400,27.06999969482422
6/11/2018,27.510000228881836,30.709999084472656,26.523000717163086,29.049999237060547,1103500,29.049999237060547
6/8/2018,30.420000076293945,30.606000900268555,25.020000457763672,25.56999969482422,1573200,25.56999969482422
6/7/2018,38.880001068115234,39.5,30.799999237060547,30.979999542236328,1117000,30.979999542236328
6/6/2018,34.79999923706055,38.7400016784668,33.80699920654297,38.4900016784668,984200,38.4900016784668
6/5/2018,31.3799991607666,35,30.809999465942383,33.7599983215332,927000,33.7599983215332
6/4/2018,27.979999542236328,32.395999908447266,27.926000595092773,30.489999771118164,801900,30.489999771118164
6/1/2018,24.75,27.739999771118164,24.625,27.280000686645508,337000,27.280000686645508
5/31/2018,25.09000015258789,25.940000534057617,23.549999237060547,24.5,354700,24.5
5/30/2018,27.200000762939453,28.469999313354492,24,24.59000015258789,575500,24.59000015258789
5/29/2018,23.040000915527344,27.299999237060547,23,26.200000762939453,777000,26.200000762939453
5/25/2018,24.709999084472656,28.3799991607666,22.40999984741211,22.440000534057617,1140800,22.440000534057617
5/24/2018,19.5,25.549999237060547,19.469999313354492,23.799999237060547,1223400,23.799999237060547
5/23/2018,16.799999237060547,19.69700050354004,16.6299991607666,19.360000610351562,489000,19.360000610351562
5/22/2018,16.360000610351562,17.90999984741211,16.059999465942383,16.889999389648438,565800,16.889999389648438
5/21/2018,15.699999809265137,16.889999389648438,14.911999702453613,16.18000030517578,485300,16.18000030517578
5/18/2018,13.229999542236328,16.649999618530273,13.135000228881836,15.380000114440918,1098400,15.380000114440918
5/17/2018,10.6899995803833,12.9399995803833,10.6899995803833,12.9399995803833,673400,12.9399995803833
5/16/2018,11.039999961853027,12.25,9.550000190734863,10.699999809265137,2569900,10.699999809265137
5/15/2018,13.029999732971191,15.350000381469727,12.369999885559082,14.649999618530273,416400,14.649999618530273
5/14/2018,13.75,17.5,13.649999618530273,13.720000267028809,1058600,13.720000267028809
5/11/2018,11.6899995803833,13.770000457763672,11.6899995803833,13.489999771118164,499500,13.489999771118164
5/10/2018,10.699999809265137,11.864999771118164,10.300000190734863,11.5,267200,11.5
5/9/2018,9.550000190734863,12.9399995803833,9.550000190734863,10.550000190734863,700200,10.550000190734863
5/8/2018,8.75,9.680000305175781,8.699999809265137,9.479999542236328,342600,9.479999542236328
5/7/2018,9.430000305175781,9.430000305175781,7.949999809265137,8.75,491900,8.75
5/4/2018,7.480000019073486,7.50600004196167,7.199999809265137,7.28000020980835,45300,7.28000020980835
5/3/2018,7.429999828338623,7.650000095367432,7.139999866485596,7.480000019073486,34400,7.480000019073486
5/1/2018,6.849999904632568,7.034999847412109,6.800000190734863,6.96999979019165,39300,6.96999979019165
4/30/2018,7.119999885559082,7.4079999923706055,6.75,6.849999904632568,101600,6.849999904632568
4/23/2018,7.949999809265137,8.100000381469727,7.901000022888184,8.005000114440918,44500,8.005000114440918
4/20/2018,8.699999809265137,8.75,7.909999847412109,7.949999809265137,94900,7.949999809265137
4/19/2018,9.510000228881836,9.619999885559082,8.75,8.800000190734863,75200,8.800000190734863
4/18/2018,9.4399995803833,9.680000305175781,9.130000114440918,9.520000457763672,34900,9.520000457763672
4/17/2018,9.4399995803833,9.91100025177002,9.380000114440918,9.449999809265137,84400,9.449999809265137
4/16/2018,9.329999923706055,9.729999542236328,9.25,9.380000114440918,47800,9.380000114440918
4/13/2018,8.920000076293945,9.40999984741211,8.800000190734863,9.239999771118164,61200,9.239999771118164
4/12/2018,8.979999542236328,9.289999961853027,8.779999732971191,8.880000114440918,63600,8.880000114440918
4/11/2018,8.9399995803833,9.210000038146973,8.899999618530273,8.930000305175781,115600,8.930000305175781
4/10/2018,8.319999694824219,9.350000381469727,8.319999694824219,8.979999542236328,130500,8.979999542236328
4/9/2018,7.639999866485596,8.329999923706055,7.639999866485596,8.199999809265137,81800,8.199999809265137
4/6/2018,8.0600004196167,8.484999656677246,7.53000020980835,7.579999923706055,95000,7.579999923706055
4/4/2018,9.0600004196167,9.23799991607666,8.600000381469727,8.989999771118164,79800,8.989999771118164
4/3/2018,9.09000015258789,9.548999786376953,9.0600004196167,9.100000381469727,105800,9.100000381469727
4/2/2018,9.029999732971191,9.76099967956543,8.90999984741211,9.050000190734863,169700,9.050000190734863
3/29/2018,8.420000076293945,9.418999671936035,8.420000076293945,9.029999732971191,113900,9.029999732971191
3/28/2018,9.34000015258789,9.5,8.050000190734863,8.34000015258789,118400,8.34000015258789
3/27/2018,10.90999984741211,11.25,9.25,9.359999656677246,114000,9.359999656677246
3/26/2018,11.4399995803833,11.96500015258789,10.75,10.800000190734863,144200,10.800000190734863
3/23/2018,11.359999656677246,11.619999885559082,11.279999732971191,11.289999961853027,67300,11.289999961853027
3/22/2018,11.880000114440918,12,11.300000190734863,11.380000114440918,62500,11.380000114440918
3/21/2018,11.859999656677246,12.112000465393066,11.70300006866455,11.859999656677246,44500,11.859999656677246
3/20/2018,12.069999694824219,12.199999809265137,11.65999984741211,11.920000076293945,62000,11.920000076293945
3/19/2018,12.5,12.722000122070312,11.8100004196167,12.039999961853027,203100,12.039999961853027
3/16/2018,12.100000381469727,12.664999961853027,12.079999923706055,12.5,625700,12.5
3/15/2018,11.829999923706055,12.5,11.829999923706055,12.100000381469727,66700,12.100000381469727
3/14/2018,12.09000015258789,12.399999618530273,11.800000190734863,11.829999923706055,55700,11.829999923706055
3/13/2018,12.460000038146973,12.819999694824219,11.800000190734863,11.970000267028809,416000,11.970000267028809
3/12/2018,12.479999542236328,12.479999542236328,11.819999694824219,12.369999885559082,225100,12.369999885559082
3/9/2018,10.819999694824219,12.199000358581543,10.760000228881836,12.069999694824219,603200,12.069999694824219
3/8/2018,11.345000267028809,11.345000267028809,10.75,10.760000228881836,125900,10.760000228881836
3/7/2018,11.260000228881836,11.720000267028809,11,11.229999542236328,110300,11.229999542236328
3/6/2018,11.8100004196167,11.89900016784668,11.25,11.289999961853027,74300,11.289999961853027
3/5/2018,11.739999771118164,11.930000305175781,11.510000228881836,11.5600004196167,103400,11.5600004196167
3/2/2018,11.40999984741211,11.649999618530273,11.399999618530273,11.4399995803833,153800,11.4399995803833
3/1/2018,11.899999618530273,12.100000381469727,11.25,11.460000038146973,49300,11.460000038146973
2/28/2018,11.5,12.09000015258789,11.25,12.09000015258789,107900,12.09000015258789
2/27/2018,11.569999694824219,11.779999732971191,11.399999618530273,11.460000038146973,47600,11.460000038146973
2/26/2018,11.600000381469727,11.829999923706055,11.529999732971191,11.640000343322754,152100,11.640000343322754
2/23/2018,12.079999923706055,12.140000343322754,11.520000457763672,11.600000381469727,176000,11.600000381469727
2/22/2018,12.199999809265137,12.970000267028809,11.880000114440918,12.09000015258789,78100,12.09000015258789
2/21/2018,11.854999542236328,12.199999809265137,11.609999656677246,12.100000381469727,20000,12.100000381469727
2/20/2018,12.029999732971191,12.029999732971191,11.5,11.899999618530273,85200,11.899999618530273
2/16/2018,11.779999732971191,12,11.649999618530273,11.699999809265137,105000,11.699999809265137
2/15/2018,11.5600004196167,11.8100004196167,11.460000038146973,11.779999732971191,63100,11.779999732971191
2/14/2018,11.579999923706055,11.869999885559082,11.5,11.5,48600,11.5
2/13/2018,11.260000228881836,11.680000305175781,11.260000228881836,11.600000381469727,49400,11.600000381469727
2/12/2018,11.579999923706055,11.970000267028809,11.25,11.260000228881836,39100,11.260000228881836
2/9/2018,11.800000190734863,12.199999809265137,11.255000114440918,11.65999984741211,384000,11.65999984741211
2/8/2018,11.25,11.899999618530273,9.600000381469727,11.5,1309300,11.5
