4/22/2019,25.010000228881836,25.43000030517578,24.969999313354492,25.3700008392334,10601100,25.3700008392334
4/18/2019,25.200000762939453,25.325000762939453,25.110000610351562,25.1200008392334,5818500,25.1200008392334
4/17/2019,25.139999389648438,25.280000686645508,25.059999465942383,25.1299991607666,5166700,25.1299991607666
4/16/2019,25.5,25.600000381469727,25.049999237060547,25.059999465942383,13106200,25.059999465942383
4/15/2019,25.5,25.739999771118164,25.295000076293945,25.540000915527344,13347300,25.540000915527344
4/12/2019,25.489999771118164,25.704999923706055,25.229999542236328,25.469999313354492,11268600,25.469999313354492
4/11/2019,25.68000030517578,25.829999923706055,25.25,25.299999237060547,13190300,25.299999237060547
4/10/2019,26.200000762939453,26.200000762939453,25.55500030517578,25.690000534057617,16890500,25.690000534057617
4/9/2019,26.09000015258789,26.270000457763672,26.010000228881836,26.139999389648438,10690100,26.139999389648438
4/8/2019,26.5,26.579999923706055,26.079999923706055,26.18000030517578,22633000,26.18000030517578
4/5/2019,26.81999969482422,26.989999771118164,26.68000030517578,26.719999313354492,3975100,26.719999313354492
4/4/2019,26.969999313354492,27.040000915527344,26.5939998626709,26.790000915527344,3876700,26.790000915527344
4/3/2019,26.809999465942383,27.149999618530273,26.739999771118164,26.989999771118164,4866300,26.989999771118164
4/2/2019,26.639999389648438,26.889999389648438,26.6200008392334,26.739999771118164,6447200,26.739999771118164
4/1/2019,26.5,26.700000762939453,26.264999389648438,26.649999618530273,5987000,26.649999618530273
3/29/2019,26.299999237060547,26.420000076293945,26.059999465942383,26.270000457763672,9685800,26.270000457763672
3/28/2019,26.260000228881836,26.260000228881836,25.899999618530273,26.1200008392334,4007300,26.1200008392334
3/27/2019,25.8799991607666,26.209999084472656,25.815000534057617,26.079999923706055,4753200,26.079999923706055
3/26/2019,25.3799991607666,25.8700008392334,25.349000930786133,25.84000015258789,7798500,25.84000015258789
3/25/2019,25.290000915527344,25.389999389648438,25.170000076293945,25.270000457763672,7005100,25.270000457763672
3/22/2019,25.309999465942383,25.59000015258789,25.2450008392334,25.3799991607666,8848600,25.3799991607666
3/21/2019,24.709999084472656,25.600000381469727,24.709999084472656,25.530000686645508,16037100,25.530000686645508
3/20/2019,25.149999618530273,25.170000076293945,24.739999771118164,24.790000915527344,15346800,24.790000915527344
3/19/2019,25.440000534057617,25.440000534057617,24.989999771118164,25.1200008392334,19284600,25.1200008392334
3/18/2019,25.790000915527344,25.8700008392334,25.155000686645508,25.360000610351562,7796000,25.360000610351562
3/15/2019,25.5,25.969999313354492,25.459999084472656,25.6299991607666,8453000,25.6299991607666
3/14/2019,25.6299991607666,25.700000762939453,25.3700008392334,25.450000762939453,10841700,25.450000762939453
3/13/2019,25.690000534057617,25.8799991607666,25.549999237060547,25.610000610351562,10042100,25.610000610351562
3/12/2019,25.639999389648438,25.690000534057617,25.424999237060547,25.559999465942383,10662700,25.559999465942383
3/11/2019,25.280000686645508,25.6200008392334,25.280000686645508,25.559999465942383,11601100,25.559999465942383
3/8/2019,25.040000915527344,25.360000610351562,24.959999084472656,25.239999771118164,3936600,25.239999771118164
3/7/2019,25.309999465942383,25.485000610351562,25.139999389648438,25.309999465942383,7954600,25.309999465942383
3/6/2019,25.440000534057617,25.59000015258789,25.239999771118164,25.389999389648438,3379000,25.389999389648438
3/5/2019,25.40999984741211,25.579999923706055,25.329999923706055,25.489999771118164,10484600,25.489999771118164
3/4/2019,25.790000915527344,25.959999084472656,25.290000915527344,25.420000076293945,5446100,25.420000076293945
3/1/2019,25.350000381469727,25.84000015258789,25.260000228881836,25.780000686645508,5537800,25.780000686645508
2/28/2019,25.200000762939453,25.3799991607666,24.899999618530273,25.139999389648438,8009100,25.139999389648438
2/27/2019,25.020000457763672,25.329999923706055,25.020000457763672,25.299999237060547,4137000,25.299999237060547
2/26/2019,24.8799991607666,25.229999542236328,24.829999923706055,25.200000762939453,6554000,25.200000762939453
2/25/2019,25.360000610351562,25.440000534057617,24.959999084472656,24.959999084472656,8482300,24.959999084472656
2/22/2019,25.229999542236328,25.450000762939453,25.200000762939453,25.270000457763672,5490800,25.270000457763672
2/21/2019,25.200000762939453,25.510000228881836,25.079999923706055,25.200000762939453,9135900,25.200000762939453
2/20/2019,25.350000381469727,25.450000762939453,25.155000686645508,25.239999771118164,7382700,25.239999771118164
2/19/2019,25.3700008392334,25.610000610351562,25.3700008392334,25.5,8225000,25.5
2/15/2019,25.25,25.684999465942383,25.1200008392334,25.579999923706055,7853200,25.579999923706055
2/14/2019,24.969999313354492,25.200000762939453,24.8700008392334,25.030000686645508,9097100,25.030000686645508
2/13/2019,24.979999542236328,25.209999084472656,24.899999618530273,25.010000228881836,12823300,25.010000228881836
2/12/2019,25.18000030517578,25.329999923706055,24.915000915527344,25.049999237060547,8107800,25.049999237060547
2/11/2019,25.420000076293945,25.709999084472656,25.040000915527344,25.049999237060547,20645000,25.049999237060547
2/8/2019,24.770000457763672,25.510000228881836,24.739999771118164,25.510000228881836,11235600,25.510000228881836
2/7/2019,24.65999984741211,25.084999084472656,24.510000228881836,24.969999313354492,15169800,24.969999313354492
2/6/2019,25.43000030517578,25.43000030517578,24.954999923706055,25.149999618530273,8437600,25.149999618530273
2/5/2019,24.850000381469727,25.459999084472656,24.81999969482422,25.43000030517578,13251900,25.43000030517578
2/4/2019,24.56999969482422,25.040000915527344,24.510000228881836,25.030000686645508,7862700,25.030000686645508
2/1/2019,24.6299991607666,24.84000015258789,24.450000762939453,24.649999618530273,8337100,24.649999618530273
1/31/2019,24.899999618530273,25.110000610351562,24.440000534057617,24.649999618530273,15484500,24.649999618530273
1/30/2019,24.90999984741211,25.139999389648438,24.799999237060547,25.09000015258789,18678900,25.09000015258789
1/29/2019,24.950000762939453,25.229999542236328,24.59000015258789,24.729999542236328,14039800,24.729999542236328
1/28/2019,24.850000381469727,25.350000381469727,24.760000228881836,25.290000915527344,17270400,25.290000915527344
1/25/2019,24.43000030517578,25.139999389648438,24.290000915527344,25.110000610351562,21653200,25.110000610351562
1/24/2019,23.739999771118164,24.450000762939453,23.719999313354492,24.43000030517578,24523400,24.43000030517578
1/23/2019,23.190000534057617,23.764999389648438,23.15999984741211,23.719999313354492,23399400,23.719999313354492
1/22/2019,22.790000915527344,23.079999923706055,22.649999618530273,23.079999923706055,27902500,23.079999923706055
1/18/2019,22,22.959999084472656,21.950000762939453,22.950000762939453,50464900,22.950000762939453
1/17/2019,21.209999084472656,22.25,21.1200008392334,21.90999984741211,60236900,21.90999984741211
1/16/2019,20.760000228881836,21.309999465942383,20.15999984741211,21.239999771118164,189549500,21.239999771118164
1/15/2019,17.350000381469727,17.6200008392334,17.260000228881836,17.540000915527344,4517400,17.540000915527344
1/14/2019,17.09000015258789,17.43000030517578,16.8799991607666,17.239999771118164,5479000,17.239999771118164
1/11/2019,17.43000030517578,17.459999084472656,17.049999237060547,17.280000686645508,6892600,17.280000686645508
1/10/2019,17.450000762939453,17.69499969482422,17.209999084472656,17.549999237060547,8776100,17.549999237060547
1/9/2019,17.6200008392334,17.950000762939453,17.350000381469727,17.75,4768200,17.75
1/8/2019,17.450000762939453,17.690000534057617,17.100000381469727,17.420000076293945,6936800,17.420000076293945
1/7/2019,16.90999984741211,17.219999313354492,16.75,17.219999313354492,10478800,17.219999313354492
1/4/2019,16.469999313354492,17.06999969482422,16.459999084472656,16.81999969482422,7112900,16.81999969482422
1/3/2019,16.43000030517578,16.799999237060547,15.913000106811523,16.209999084472656,11367400,16.209999084472656
1/2/2019,16.5,17.149999618530273,16.34000015258789,17.040000915527344,8643800,17.040000915527344
12/31/2018,17.100000381469727,17.18000030517578,16.6200008392334,16.90999984741211,6847500,16.90999984741211
12/28/2018,17.110000610351562,17.200000762939453,16.636999130249023,16.940000534057617,8501700,16.940000534057617
12/27/2018,16.700000762939453,17.059999465942383,16.274999618530273,17.059999465942383,7590500,17.059999465942383
12/26/2018,15.720000267028809,16.989999771118164,15.710000038146973,16.950000762939453,10595600,16.950000762939453
12/24/2018,15.520000457763672,16.059999465942383,15.520000457763672,15.609999656677246,4318200,15.609999656677246
12/21/2018,16.1299991607666,16.354000091552734,15.680000305175781,15.859999656677246,10094300,15.859999656677246
12/20/2018,16.219999313354492,16.540000915527344,15.869999885559082,16.139999389648438,7216000,16.139999389648438
12/19/2018,16.559999465942383,17.1200008392334,16.094999313354492,16.299999237060547,9936400,16.299999237060547
12/18/2018,16.510000228881836,16.700000762939453,16.290000915527344,16.600000381469727,9071200,16.600000381469727
12/17/2018,16.65999984741211,16.940000534057617,16.239999771118164,16.420000076293945,10813100,16.420000076293945
12/14/2018,17.059999465942383,17.125,16.709999084472656,16.84000015258789,6635700,16.84000015258789
12/13/2018,17.719999313354492,17.954999923706055,17.010000228881836,17.260000228881836,9725200,17.260000228881836
12/12/2018,17.770000457763672,18.170000076293945,17.6200008392334,17.649999618530273,9462400,17.649999618530273
12/11/2018,17.93000030517578,18.020000457763672,17.219999313354492,17.489999771118164,7758300,17.489999771118164
12/10/2018,17.6299991607666,18.0049991607666,17.33799934387207,17.700000762939453,7676300,17.700000762939453
12/7/2018,18.420000076293945,18.579999923706055,17.6299991607666,17.719999313354492,9017600,17.719999313354492
12/6/2018,17.690000534057617,18.469999313354492,17.479999542236328,18.43000030517578,10585000,18.43000030517578
12/4/2018,19.030000686645508,19.1299991607666,18.020000457763672,18.100000381469727,14098100,18.100000381469727
12/3/2018,19.540000915527344,19.780000686645508,18.975000381469727,19.280000686645508,18265600,19.280000686645508
11/30/2018,18.920000076293945,19.209999084472656,18.6200008392334,19.079999923706055,10004800,19.079999923706055
11/29/2018,19,19.264999389648438,18.885000228881836,18.969999313354492,11188100,18.969999313354492
11/28/2018,18.170000076293945,19.149999618530273,18.1299991607666,19.110000610351562,15282200,19.110000610351562
11/27/2018,17.770000457763672,18.100000381469727,17.600000381469727,17.989999771118164,6950500,17.989999771118164
11/26/2018,17.719999313354492,17.979999542236328,17.59000015258789,17.889999389648438,7450200,17.889999389648438
11/23/2018,17.299999237060547,17.559999465942383,17.209999084472656,17.450000762939453,2817900,17.450000762939453
11/21/2018,17.049999237060547,17.80500030517578,17,17.459999084472656,14485700,17.459999084472656
11/20/2018,16.149999618530273,17.239999771118164,15.979999542236328,16.780000686645508,12793800,16.780000686645508
11/19/2018,17.700000762939453,17.885000228881836,16.8700008392334,16.920000076293945,14307500,16.920000076293945
11/16/2018,18.110000610351562,18.290000915527344,17.614999771118164,17.81999969482422,9784600,17.81999969482422
11/15/2018,18.059999465942383,18.299999237060547,17.719999313354492,18.270000457763672,11873900,18.270000457763672
11/14/2018,18.229999542236328,18.270000457763672,17.65999984741211,17.81999969482422,9639000,17.81999969482422
11/13/2018,18,18.309999465942383,17.850000381469727,18,9682000,18
11/12/2018,18.440000534057617,18.639999389648438,17.770000457763672,17.93000030517578,11112200,17.93000030517578
11/9/2018,18.899999618530273,19,18.420000076293945,18.649999618530273,4390500,18.649999618530273
11/8/2018,19.450000762939453,19.530000686645508,19.100000381469727,19.1200008392334,6298200,19.1200008392334
11/7/2018,18.979999542236328,19.65999984741211,18.950000762939453,19.600000381469727,12845100,19.600000381469727
11/6/2018,18.440000534057617,18.850000381469727,18.43000030517578,18.729999542236328,13360400,18.729999542236328
11/5/2018,18.600000381469727,18.850000381469727,18.174999237060547,18.399999618530273,13374100,18.399999618530273
11/2/2018,19,19.31999969482422,18.440000534057617,18.75,10997200,18.75
11/1/2018,18.850000381469727,19.049999237060547,18.56999969482422,18.950000762939453,14651500,18.950000762939453
10/31/2018,18.100000381469727,19.1200008392334,18.100000381469727,18.739999771118164,20994700,18.739999771118164
10/30/2018,17.93000030517578,18.219999313354492,17.485000610351562,17.84000015258789,26477900,17.84000015258789
10/29/2018,19.329999923706055,19.780000686645508,17.75,18.010000228881836,49491100,18.010000228881836
10/26/2018,21.729999542236328,21.799999237060547,21.200000762939453,21.600000381469727,27832500,21.600000381469727
10/25/2018,21.75,22.309999465942383,21.6299991607666,22.139999389648438,9090300,22.139999389648438
10/24/2018,22.780000686645508,22.790000915527344,21.469999313354492,21.520000457763672,9010000,21.520000457763672
10/23/2018,22.579999923706055,22.860000610351562,22.059999465942383,22.729999542236328,7820600,22.729999542236328
10/22/2018,23.510000228881836,23.559999465942383,23.030000686645508,23.030000686645508,4993400,23.030000686645508
10/19/2018,23.56999969482422,23.799999237060547,23.260000228881836,23.40999984741211,3478600,23.40999984741211
10/18/2018,23.690000534057617,23.8799991607666,23.21500015258789,23.479999542236328,4154900,23.479999542236328
10/17/2018,23.940000534057617,24.05500030517578,23.6299991607666,23.899999618530273,6085100,23.899999618530273
10/16/2018,23.290000915527344,23.770000457763672,23.229999542236328,23.760000228881836,5959900,23.760000228881836
10/15/2018,23.139999389648438,23.40999984741211,22.950000762939453,23.049999237060547,4429100,23.049999237060547
10/12/2018,22.8799991607666,23.3799991607666,22.690000534057617,23.15999984741211,7134300,23.15999984741211
10/11/2018,22.3799991607666,22.75,22.149999618530273,22.350000381469727,8006800,22.350000381469727
10/10/2018,23.780000686645508,23.899999618530273,22.530000686645508,22.530000686645508,11993900,22.530000686645508
10/9/2018,23.639999389648438,23.979999542236328,23.56999969482422,23.790000915527344,4658800,23.790000915527344
10/8/2018,24.030000686645508,24.030000686645508,23.290000915527344,23.729999542236328,6067700,23.729999542236328
10/5/2018,23.920000076293945,24.190000534057617,23.584999084472656,24.049999237060547,6123400,24.049999237060547
10/4/2018,24.309999465942383,24.312999725341797,23.729999542236328,23.93000030517578,7547900,23.93000030517578
10/3/2018,24.15999984741211,24.649999618530273,23.979999542236328,24.459999084472656,8890700,24.459999084472656
10/2/2018,24.149999618530273,24.15999984741211,23.549999237060547,24.059999465942383,14286800,24.059999465942383
10/1/2018,24.6299991607666,24.739999771118164,23.889999389648438,24.149999618530273,7667700,24.149999618530273
9/28/2018,24.15999984741211,24.549999237060547,24.149999618530273,24.469999313354492,8948100,24.469999313354492
9/27/2018,24.489999771118164,24.600000381469727,24.125,24.18000030517578,7774500,24.18000030517578
9/26/2018,25.200000762939453,25.219999313354492,24.459999084472656,24.510000228881836,10284400,24.510000228881836
9/25/2018,25.540000915527344,25.75,25.219999313354492,25.219999313354492,14858900,25.219999313354492
9/24/2018,25.420000076293945,25.690000534057617,25.204999923706055,25.610000610351562,10429200,25.610000610351562
9/21/2018,25.450000762939453,25.649999618530273,25.260000228881836,25.360000610351562,6118100,25.360000610351562
9/20/2018,25.510000228881836,25.639999389648438,25.084999084472656,25.40999984741211,5039600,25.40999984741211
9/19/2018,25.940000534057617,26.020000457763672,25.270000457763672,25.440000534057617,5570000,25.440000534057617
9/18/2018,25.68000030517578,26.270000457763672,25.639999389648438,25.90999984741211,7748000,25.90999984741211
9/17/2018,26.270000457763672,26.6200008392334,25.729999542236328,25.770000457763672,6119300,25.770000457763672
9/14/2018,25.709999084472656,26.25,25.6200008392334,26.239999771118164,8466300,26.239999771118164
9/13/2018,25.549999237060547,25.84000015258789,25.479999542236328,25.739999771118164,9725800,25.739999771118164
9/12/2018,25.469999313354492,25.500999450683594,25.270000457763672,25.389999389648438,3464200,25.389999389648438
9/11/2018,25.06999969482422,25.520000457763672,24.889999389648438,25.399999618530273,5852300,25.399999618530273
9/10/2018,25.200000762939453,25.34000015258789,25.09000015258789,25.15999984741211,2883700,25.15999984741211
9/7/2018,25.31999969482422,25.40999984741211,25.065000534057617,25.15999984741211,4648500,25.15999984741211
9/6/2018,25.959999084472656,26,25.292999267578125,25.3799991607666,13642900,25.3799991607666
9/5/2018,25.770000457763672,26,25.56999969482422,25.8700008392334,4486200,25.8700008392334
9/4/2018,25.600000381469727,26,25.520000457763672,25.809999465942383,7443200,25.809999465942383
8/31/2018,25.059999465942383,25.729999542236328,25.059999465942383,25.719999313354492,12201100,25.719999313354492
8/30/2018,24.979999542236328,25.219999313354492,24.920000076293945,25.149999618530273,8027900,25.149999618530273
8/29/2018,25.309999465942383,25.420000076293945,24.954999923706055,24.969999313354492,12213600,24.969999313354492
8/28/2018,25.260000228881836,25.360000610351562,25.06999969482422,25.280000686645508,6412100,25.280000686645508
8/27/2018,25.200000762939453,25.420000076293945,25.079999923706055,25.229999542236328,4768300,25.229999542236328
8/24/2018,24.8700008392334,25.135000228881836,24.75,25.110000610351562,12411000,25.110000610351562
8/23/2018,25.18000030517578,25.280000686645508,24.844999313354492,24.889999389648438,7301400,24.889999389648438
8/22/2018,24.969999313354492,25.19499969482422,24.889999389648438,25.079999923706055,10294500,25.079999923706055
8/21/2018,25.18000030517578,25.56999969482422,25.020000457763672,25.079999923706055,9689100,25.079999923706055
8/20/2018,24.90999984741211,25.3799991607666,24.81999969482422,25.18000030517578,11432400,25.18000030517578
8/17/2018,24.309999465942383,24.8700008392334,24.145000457763672,24.860000610351562,13485100,24.860000610351562
8/16/2018,24.110000610351562,24.329999923706055,23.8700008392334,24.15999984741211,15865600,24.15999984741211
8/15/2018,23.760000228881836,24.06999969482422,23.43000030517578,23.770000457763672,12423600,23.770000457763672
8/14/2018,23.93000030517578,24.31999969482422,23.770000457763672,23.940000534057617,33320800,23.940000534057617
8/13/2018,23.8799991607666,24.3799991607666,23.799999237060547,23.899999618530273,15564700,23.899999618530273
8/10/2018,24.600000381469727,24.829999923706055,24.530000686645508,24.670000076293945,6074400,24.670000076293945
8/9/2018,24.489999771118164,24.81999969482422,24.479999542236328,24.700000762939453,7547800,24.700000762939453
8/8/2018,24.280000686645508,24.5,24.15999984741211,24.43000030517578,7323000,24.43000030517578
8/7/2018,24.200000762939453,24.299999237060547,24.06999969482422,24.219999313354492,3714900,24.219999313354492
8/6/2018,24,24.239999771118164,23.850000381469727,24.100000381469727,5645400,24.100000381469727
8/3/2018,24,24.020000457763672,23.78499984741211,23.940000534057617,3854400,23.940000534057617
8/2/2018,23.059999465942383,24,23.059999465942383,23.989999771118164,8539400,23.989999771118164
8/1/2018,23.260000228881836,23.649999618530273,23.239999771118164,23.280000686645508,5437400,23.280000686645508
7/31/2018,23.40999984741211,23.979999542236328,23.155000686645508,23.260000228881836,5793200,23.260000228881836
7/30/2018,24.030000686645508,24.25,22.8799991607666,23.34000015258789,15758400,23.34000015258789
7/27/2018,23.149999618530273,23.18000030517578,22.56999969482422,22.6200008392334,6112700,22.6200008392334
7/26/2018,23.18000030517578,23.25,23,23.149999618530273,5830400,23.149999618530273
7/25/2018,22.760000228881836,23.354999542236328,22.760000228881836,23.309999465942383,10529900,23.309999465942383
7/24/2018,23,23,22.489999771118164,22.729999542236328,4102900,22.729999542236328
7/23/2018,22.690000534057617,22.969999313354492,22.540000915527344,22.90999984741211,4257400,22.90999984741211
7/20/2018,22.770000457763672,22.920000076293945,22.520000457763672,22.770000457763672,3250600,22.770000457763672
7/19/2018,22.84000015258789,22.84000015258789,22.584999084472656,22.600000381469727,3126700,22.600000381469727
7/18/2018,22.610000610351562,22.84000015258789,22.59000015258789,22.739999771118164,4664900,22.739999771118164
7/17/2018,22.299999237060547,22.649999618530273,22.219999313354492,22.549999237060547,5921200,22.549999237060547
7/16/2018,22.239999771118164,22.489999771118164,22.1200008392334,22.25,5473400,22.25
7/13/2018,22.43000030517578,22.450000762939453,22.1200008392334,22.309999465942383,3870600,22.309999465942383
7/12/2018,22.440000534057617,22.530000686645508,22.34000015258789,22.450000762939453,4085800,22.450000762939453
7/11/2018,22.030000686645508,22.489999771118164,22.01799964904785,22.309999465942383,3765000,22.309999465942383
7/10/2018,22.079999923706055,22.34000015258789,22.020000457763672,22.170000076293945,7730900,22.170000076293945
7/9/2018,22,22.165000915527344,21.90999984741211,22.110000610351562,6017000,22.110000610351562
7/6/2018,21.489999771118164,21.940000534057617,21.489999771118164,21.860000610351562,4145100,21.860000610351562
7/5/2018,21.350000381469727,21.610000610351562,21.170000076293945,21.610000610351562,5526200,21.610000610351562
7/3/2018,21.25,21.469999313354492,21.100000381469727,21.280000686645508,2974100,21.280000686645508
7/2/2018,20.790000915527344,21.190000534057617,20.760000228881836,21.1200008392334,4285300,21.1200008392334
6/29/2018,20.979999542236328,21.110000610351562,20.700000762939453,20.93000030517578,6719300,20.93000030517578
6/28/2018,20.6299991607666,20.975000381469727,20.5,20.889999389648438,8676800,20.889999389648438
6/27/2018,21.25,21.334999084472656,20.760000228881836,20.770000457763672,7133800,20.770000457763672
6/26/2018,21.350000381469727,21.469999313354492,20.959999084472656,21.100000381469727,10702900,21.100000381469727
6/25/2018,21.5,21.510000228881836,21.149999618530273,21.350000381469727,9183300,21.350000381469727
6/22/2018,21.979999542236328,22,21.604999542236328,21.719999313354492,9132000,21.719999313354492
6/21/2018,21.920000076293945,22.020000457763672,21.719999313354492,21.799999237060547,7717000,21.799999237060547
6/20/2018,22,22.059999465942383,21.885000228881836,21.950000762939453,5402700,21.950000762939453
6/19/2018,21.520000457763672,21.875,21.459999084472656,21.84000015258789,10216500,21.84000015258789
6/18/2018,21.40999984741211,21.8799991607666,21.375,21.670000076293945,8201900,21.670000076293945
6/15/2018,21.600000381469727,21.80500030517578,21.40999984741211,21.65999984741211,6099100,21.65999984741211
6/14/2018,21.510000228881836,21.84000015258789,21.479999542236328,21.610000610351562,8272800,21.610000610351562
6/13/2018,21.709999084472656,22.139999389648438,21.350000381469727,21.5,13142500,21.5
6/12/2018,20.399999618530273,21.389999389648438,19.989999771118164,21.049999237060547,18124900,21.049999237060547
6/11/2018,20.940000534057617,21.003000259399414,20.149999618530273,20.479999542236328,10386200,20.479999542236328
6/8/2018,19.989999771118164,20.579999923706055,19.989999771118164,20.049999237060547,12535100,20.049999237060547
6/7/2018,20.040000915527344,20.239999771118164,19.850000381469727,19.989999771118164,5691300,19.989999771118164
6/6/2018,19.690000534057617,20.209999084472656,19.670000076293945,20.139999389648438,7628300,20.139999389648438
6/5/2018,19.450000762939453,19.905000686645508,19.420000076293945,19.709999084472656,6749100,19.709999084472656
6/4/2018,19.25,19.559999465942383,19.040000915527344,19.489999771118164,7226200,19.489999771118164
6/1/2018,19.010000228881836,19.125,18.81999969482422,19.049999237060547,8544300,19.049999237060547
5/31/2018,19.100000381469727,19.135000228881836,18.899999618530273,19,3812600,19
5/30/2018,19.010000228881836,19.170000076293945,18.889999389648438,19.170000076293945,4780600,19.170000076293945
5/29/2018,19.18000030517578,19.280000686645508,18.860000610351562,19.020000457763672,6046100,19.020000457763672
5/25/2018,19.5,19.54599952697754,19.25,19.280000686645508,4359700,19.280000686645508
5/24/2018,19.530000686645508,19.610000610351562,19.270000457763672,19.510000228881836,4017700,19.510000228881836
5/23/2018,19.239999771118164,19.59000015258789,19.229999542236328,19.559999465942383,3563300,19.559999465942383
5/22/2018,19.270000457763672,19.450000762939453,19.2450008392334,19.360000610351562,2497900,19.360000610351562
5/21/2018,19.299999237060547,19.440000534057617,19.15999984741211,19.270000457763672,3695600,19.270000457763672
5/18/2018,19.219999313354492,19.450000762939453,19.010000228881836,19.110000610351562,5853500,19.110000610351562
5/17/2018,19.479999542236328,19.514999389648438,19.075000762939453,19.299999237060547,8844000,19.299999237060547
5/16/2018,19.690000534057617,19.690000534057617,19.3700008392334,19.5,5975600,19.5
5/15/2018,19.469999313354492,19.729999542236328,19.459999084472656,19.610000610351562,3627600,19.610000610351562
5/14/2018,19.450000762939453,19.729999542236328,19.450000762939453,19.649999618530273,5089500,19.649999618530273
5/11/2018,19.700000762939453,19.719999313354492,19.329999923706055,19.40999984741211,8320700,19.40999984741211
5/10/2018,19.610000610351562,19.850000381469727,19.415000915527344,19.700000762939453,4319700,19.700000762939453
5/9/2018,19.149999618530273,19.614999771118164,19.1299991607666,19.5,8050400,19.5
5/8/2018,19.190000534057617,19.229999542236328,18.940000534057617,19.149999618530273,7631600,19.149999618530273
5/7/2018,19.040000915527344,19.290000915527344,18.940000534057617,19.190000534057617,7600100,19.190000534057617
5/4/2018,18.34000015258789,19.450000762939453,18.280000686645508,19.079999923706055,14714900,19.079999923706055
5/3/2018,18.040000915527344,18.440000534057617,18.040000915527344,18.350000381469727,7898900,18.350000381469727
5/2/2018,18.200000762939453,18.25,17.649999618530273,18.100000381469727,12238600,18.100000381469727
5/1/2018,18.1299991607666,18.360000610351562,18.030000686645508,18.239999771118164,11036900,18.239999771118164
4/30/2018,17.059999465942383,18.229999542236328,16.90999984741211,18.100000381469727,32471400,18.100000381469727
4/27/2018,15.489999771118164,15.574999809265137,15.170000076293945,15.279999732971191,8307600,15.279999732971191
4/26/2018,15.15999984741211,15.470000267028809,15.149999618530273,15.390000343322754,7161200,15.390000343322754
4/25/2018,15.020000457763672,15.100000381469727,14.732000350952148,14.989999771118164,4609400,14.989999771118164
4/24/2018,15.289999961853027,15.380000114440918,14.90999984741211,14.989999771118164,5924800,14.989999771118164
4/23/2018,15.140000343322754,15.25,15,15.140000343322754,4743200,15.140000343322754
4/20/2018,15.229999542236328,15.390000343322754,15,15.119999885559082,3372000,15.119999885559082
4/19/2018,15.170000076293945,15.300000190734863,15,15.220000267028809,5111300,15.220000267028809
4/18/2018,15.279999732971191,15.484999656677246,15.220000267028809,15.220000267028809,5354900,15.220000267028809
4/17/2018,15.279999732971191,15.390000343322754,15.149999618530273,15.3100004196167,4699400,15.3100004196167
4/16/2018,15.199999809265137,15.329999923706055,15.140000343322754,15.210000038146973,4554300,15.210000038146973
4/13/2018,15.5,15.529999732971191,14.970000267028809,15.140000343322754,10692000,15.140000343322754
4/12/2018,15.239999771118164,15.529999732971191,14.890000343322754,15.4399995803833,11341000,15.4399995803833
4/11/2018,15.300000190734863,15.479999542236328,15.149999618530273,15.149999618530273,4184700,15.149999618530273
4/10/2018,15.579999923706055,15.699999809265137,15.270000457763672,15.399999618530273,9877100,15.399999618530273
4/9/2018,15.59000015258789,15.954999923706055,15.479999542236328,15.609999656677246,3917400,15.609999656677246
4/6/2018,15.699999809265137,15.869999885559082,15.350000381469727,15.470000267028809,7777000,15.470000267028809
4/5/2018,15.869999885559082,16.1299991607666,15.71500015258789,15.819999694824219,8872800,15.819999694824219
4/4/2018,15.399999618530273,15.854999542236328,15.25,15.800000190734863,7928400,15.800000190734863
4/3/2018,15.869999885559082,15.930000305175781,15.449999809265137,15.630000114440918,5046300,15.630000114440918
4/2/2018,16,16.149999618530273,15.630000114440918,15.800000190734863,6054900,15.800000190734863
3/29/2018,15.869999885559082,16.200000762939453,15.640000343322754,16,8899500,16
3/28/2018,15.850000381469727,16.020000457763672,15.760000228881836,15.829999923706055,8042000,15.829999923706055
3/27/2018,16.079999923706055,16.190000534057617,15.680000305175781,15.789999961853027,5741300,15.789999961853027
3/26/2018,16.190000534057617,16.21500015258789,15.65999984741211,15.930000305175781,7832600,15.930000305175781
3/23/2018,16.399999618530273,16.540000915527344,15.90999984741211,15.970000267028809,4310200,15.970000267028809
3/22/2018,16.719999313354492,17,16.420000076293945,16.479999542236328,9843600,16.479999542236328
3/21/2018,17.170000076293945,17.329999923706055,16.90999984741211,16.90999984741211,12654600,16.90999984741211
3/20/2018,16.540000915527344,17.25,16.510000228881836,17.200000762939453,12361600,17.200000762939453
3/19/2018,16.579999923706055,16.625,16.18000030517578,16.5,8270600,16.5
3/16/2018,16.520000457763672,16.69499969482422,16.3799991607666,16.649999618530273,9488200,16.649999618530273
3/15/2018,16,16.520000457763672,16,16.520000457763672,16762600,16.520000457763672
3/14/2018,15.6899995803833,16.200000762939453,15.619999885559082,15.989999771118164,11513600,15.989999771118164
3/13/2018,15.770000457763672,15.8149995803833,15.489999771118164,15.600000381469727,9258700,15.600000381469727
3/12/2018,15.630000114440918,15.800000190734863,15.59000015258789,15.649999618530273,7559900,15.649999618530273
3/9/2018,15.319999694824219,15.649999618530273,15.149999618530273,15.619999885559082,6879800,15.619999885559082
3/8/2018,15.270000457763672,15.305000305175781,15.119999885559082,15.199999809265137,5471800,15.199999809265137
3/7/2018,15.260000228881836,15.350000381469727,15.130000114440918,15.149999618530273,5169100,15.149999618530273
3/6/2018,15.65999984741211,15.744999885559082,15.359999656677246,15.359999656677246,5463300,15.359999656677246
3/5/2018,15.430000305175781,15.699999809265137,15.239999771118164,15.609999656677246,9580000,15.609999656677246
3/2/2018,15.300000190734863,15.579999923706055,15.109999656677246,15.550000190734863,4908500,15.550000190734863
3/1/2018,15.569999694824219,15.770000457763672,15.140000343322754,15.399999618530273,6054800,15.399999618530273
2/28/2018,15.579999923706055,15.885000228881836,15.479999542236328,15.619999885559082,7918100,15.619999885559082
2/27/2018,15.890000343322754,15.890000343322754,15.475000381469727,15.489999771118164,8789400,15.489999771118164
2/26/2018,16.079999923706055,16.079999923706055,15.8100004196167,15.930000305175781,4184600,15.930000305175781
2/23/2018,15.779999732971191,16.040000915527344,15.710000038146973,16.040000915527344,6160600,16.040000915527344
2/22/2018,15.489999771118164,16.100000381469727,15.489999771118164,15.670000076293945,14237300,15.670000076293945
2/21/2018,15.869999885559082,15.949999809265137,15.420000076293945,15.4399995803833,6200000,15.4399995803833
2/20/2018,15.59000015258789,15.9399995803833,15.529999732971191,15.819999694824219,4538200,15.819999694824219
2/16/2018,15.720000267028809,15.930000305175781,15.619999885559082,15.65999984741211,5558600,15.65999984741211
2/15/2018,15.960000038146973,15.960000038146973,15.625,15.84000015258789,9008500,15.84000015258789
2/14/2018,15.619999885559082,15.970000267028809,15.569999694824219,15.84000015258789,10173400,15.84000015258789
2/13/2018,16.149999618530273,16.270000457763672,15.420000076293945,15.5,15273400,15.5
2/12/2018,16.06999969482422,16.75,16,16.31999969482422,24958200,16.31999969482422
2/9/2018,16.079999923706055,16.100000381469727,15.109999656677246,15.829999923706055,15932400,15.829999923706055
2/8/2018,16.639999389648438,16.700000762939453,15.8100004196167,15.930000305175781,12988200,15.930000305175781
2/7/2018,16.479999542236328,17,16.399999618530273,16.579999923706055,8976200,16.579999923706055
2/6/2018,16.049999237060547,16.729999542236328,15.90999984741211,16.479999542236328,6803500,16.479999542236328
2/5/2018,16.770000457763672,17.299999237060547,16.290000915527344,16.299999237060547,10798400,16.299999237060547
2/2/2018,17.520000457763672,17.639999389648438,17.149999618530273,17.149999618530273,5197100,17.149999618530273
2/1/2018,17.600000381469727,17.760000228881836,17.440000534057617,17.65999984741211,7845400,17.65999984741211
1/31/2018,17.790000915527344,17.84000015258789,17.559999465942383,17.700000762939453,3862600,17.700000762939453
1/30/2018,17.860000610351562,17.920000076293945,17.6200008392334,17.709999084472656,4317500,17.709999084472656
1/29/2018,18.260000228881836,18.399999618530273,17.989999771118164,18.059999465942383,4803800,18.059999465942383
1/26/2018,18.280000686645508,18.4950008392334,18.170000076293945,18.469999313354492,3098300,18.469999313354492
1/25/2018,18.25,18.3799991607666,18.06999969482422,18.229999542236328,4446200,18.229999542236328
1/24/2018,18.200000762939453,18.440000534057617,18.1200008392334,18.170000076293945,5992100,18.170000076293945
1/23/2018,18.25,18.3799991607666,17.850000381469727,18.149999618530273,5672500,18.149999618530273
1/22/2018,17.729999542236328,18.229999542236328,17.670000076293945,18.219999313354492,7170700,18.219999313354492
1/19/2018,17.780000686645508,18.040000915527344,17.700000762939453,18,6567600,18
1/18/2018,18,18.049999237060547,17.559999465942383,17.559999465942383,10391400,17.559999465942383
1/17/2018,17.6299991607666,17.75,17.309999465942383,17.600000381469727,3206300,17.600000381469727
1/16/2018,17.829999923706055,17.959999084472656,17.440000534057617,17.469999313354492,5985600,17.469999313354492
1/12/2018,17.889999389648438,17.93000030517578,17.600000381469727,17.65999984741211,5815200,17.65999984741211
1/11/2018,17.610000610351562,17.889999389648438,17.610000610351562,17.860000610351562,10463000,17.860000610351562
1/10/2018,17.270000457763672,17.69499969482422,17.149999618530273,17.6200008392334,8916200,17.6200008392334
1/9/2018,17.350000381469727,17.3700008392334,17.079999923706055,17.270000457763672,5816600,17.270000457763672
1/8/2018,17.229999542236328,17.31999969482422,17.079999923706055,17.239999771118164,4245500,17.239999771118164
1/5/2018,16.690000534057617,17.440000534057617,16.65999984741211,17.399999618530273,8201900,17.399999618530273
1/4/2018,16.729999542236328,16.780000686645508,16.389999389648438,16.649999618530273,7968700,16.649999618530273
1/3/2018,16.649999618530273,16.850000381469727,16.479999542236328,16.6200008392334,6040700,16.6200008392334
1/2/2018,16.809999465942383,16.8799991607666,16.649999618530273,16.649999618530273,3136900,16.649999618530273
12/29/2017,16.729999542236328,16.84000015258789,16.549999237060547,16.709999084472656,4781500,16.709999084472656
12/28/2017,16.8700008392334,16.920000076293945,16.56999969482422,16.719999313354492,3296900,16.719999313354492
12/27/2017,16.600000381469727,16.75,16.5,16.6299991607666,3678100,16.6299991607666
12/26/2017,16.530000686645508,16.579999923706055,16.399999618530273,16.549999237060547,3788400,16.549999237060547
12/22/2017,16.329999923706055,16.760000228881836,16.329999923706055,16.6200008392334,5088400,16.6200008392334
12/21/2017,16.25,16.65999984741211,16.1200008392334,16.420000076293945,10870500,16.420000076293945
12/20/2017,16.510000228881836,16.579999923706055,16.149999618530273,16.170000076293945,3828000,16.170000076293945
12/19/2017,16.309999465942383,16.59000015258789,16.290000915527344,16.399999618530273,11785400,16.399999618530273
12/18/2017,16.559999465942383,16.6200008392334,16.25,16.260000228881836,8530400,16.260000228881836
12/15/2017,16.280000686645508,16.55500030517578,16.260000228881836,16.479999542236328,10248400,16.479999542236328
12/14/2017,16.540000915527344,16.6299991607666,16.25,16.260000228881836,5758600,16.260000228881836
12/13/2017,16.75,17.059999465942383,16.53499984741211,16.56999969482422,8959900,16.56999969482422
12/12/2017,16.360000610351562,16.774999618530273,16.299999237060547,16.729999542236328,5661100,16.729999542236328
12/11/2017,16.479999542236328,16.729999542236328,16.399999618530273,16.420000076293945,3570500,16.420000076293945
12/8/2017,16.420000076293945,16.649999618530273,16.360000610351562,16.520000457763672,4357400,16.520000457763672
12/7/2017,16.280000686645508,16.719999313354492,16.270000457763672,16.5,5851500,16.5
12/6/2017,16.09000015258789,16.40999984741211,16.049999237060547,16.25,5722000,16.25
12/5/2017,15.84000015258789,16.415000915527344,15.8100004196167,16.25,7878100,16.25
12/4/2017,16.489999771118164,16.530000686645508,15.880000114440918,15.970000267028809,5971900,15.970000267028809
12/1/2017,16.350000381469727,16.450000762939453,15.930000305175781,16.290000915527344,3428500,16.290000915527344
11/30/2017,16.34000015258789,16.469999313354492,16.170000076293945,16.450000762939453,6032200,16.450000762939453
11/29/2017,16.729999542236328,16.84000015258789,16.170000076293945,16.170000076293945,9006700,16.170000076293945
11/28/2017,16.809999465942383,16.940000534057617,16.6200008392334,16.6200008392334,4338500,16.6200008392334
11/27/2017,16.729999542236328,16.889999389648438,16.65999984741211,16.75,3134400,16.75
11/24/2017,16.719999313354492,16.80500030517578,16.670000076293945,16.799999237060547,892900,16.799999237060547
11/22/2017,16.770000457763672,16.81999969482422,16.649999618530273,16.719999313354492,2451600,16.719999313354492
11/21/2017,16.68000030517578,16.860000610351562,16.559999465942383,16.770000457763672,4436500,16.770000457763672
11/20/2017,17.1200008392334,17.1200008392334,16.559999465942383,16.6200008392334,5916700,16.6200008392334
11/17/2017,16.639999389648438,16.729999542236328,16.610000610351562,16.729999542236328,3519800,16.729999542236328
11/16/2017,16.959999084472656,17.030000686645508,16.75,16.770000457763672,4028900,16.770000457763672
11/15/2017,16.81999969482422,16.899999618530273,16.5,16.739999771118164,6937800,16.739999771118164
11/14/2017,17.079999923706055,17.104999542236328,16.7450008392334,16.8799991607666,4685900,16.8799991607666
11/13/2017,16.93000030517578,17.18000030517578,16.81999969482422,17.1299991607666,4283600,17.1299991607666
11/10/2017,16.84000015258789,17.1200008392334,16.829999923706055,17.06999969482422,4473300,17.06999969482422
11/9/2017,16.739999771118164,16.8700008392334,16.611000061035156,16.75,5546900,16.75
11/8/2017,16.829999923706055,16.93000030517578,16.600000381469727,16.84000015258789,11556800,16.84000015258789
11/7/2017,17.399999618530273,17.440000534057617,16.81999969482422,16.84000015258789,6838400,16.84000015258789
11/6/2017,17.1200008392334,17.420000076293945,17.1200008392334,17.3799991607666,5989500,17.3799991607666
11/3/2017,17.059999465942383,17.600000381469727,16.989999771118164,17.1299991607666,7040700,17.1299991607666
11/2/2017,17.3700008392334,17.440000534057617,17.049999237060547,17.059999465942383,5403100,17.059999465942383
11/1/2017,17.8700008392334,17.899999618530273,17.200000762939453,17.34000015258789,9962000,17.34000015258789
10/31/2017,17.760000228881836,17.860000610351562,17.399999618530273,17.809999465942383,9972900,17.809999465942383
10/30/2017,18.40999984741211,18.540000915527344,17.799999237060547,17.799999237060547,14547900,17.799999237060547
10/27/2017,18.700000762939453,18.989999771118164,18.579999923706055,18.969999313354492,6063100,18.969999313354492
10/26/2017,18.829999923706055,18.8700008392334,18.59000015258789,18.6299991607666,5454300,18.6299991607666
10/25/2017,18.93000030517578,19.084999084472656,18.559999465942383,18.780000686645508,4791500,18.780000686645508
10/24/2017,19,19.09000015258789,18.889999389648438,18.899999618530273,4928000,18.899999618530273
10/23/2017,19.1200008392334,19.229999542236328,18.889999389648438,18.90999984741211,5065700,18.90999984741211
10/20/2017,18.6200008392334,19.100000381469727,18.56999969482422,19.079999923706055,9952100,19.079999923706055
10/19/2017,18.139999389648438,18.520000457763672,17.950000762939453,18.450000762939453,8105400,18.450000762939453
10/18/2017,18.190000534057617,18.315000534057617,18.079999923706055,18.239999771118164,8239100,18.239999771118164
10/17/2017,18.030000686645508,18.170000076293945,17.889999389648438,18.079999923706055,6052100,18.079999923706055
10/16/2017,17.75,18.010000228881836,17.6299991607666,18.010000228881836,6862700,18.010000228881836
10/13/2017,17.579999923706055,17.84000015258789,17.520000457763672,17.6200008392334,6959400,17.6200008392334
10/12/2017,17.799999237060547,17.899999618530273,17.540000915527344,17.540000915527344,7799100,17.540000915527344
10/11/2017,17.899999618530273,17.950000762939453,17.674999237060547,17.829999923706055,7459800,17.829999923706055
10/10/2017,18,18.049999237060547,17.850000381469727,18,5118500,18
10/9/2017,18.059999465942383,18.15999984741211,17.93000030517578,17.979999542236328,5609100,17.979999542236328
10/6/2017,17.959999084472656,18.149999618530273,17.8700008392334,18.06999969482422,4858600,18.06999969482422
10/5/2017,17.770000457763672,18.010000228881836,17.65999984741211,17.940000534057617,5893000,17.940000534057617
10/4/2017,17.920000076293945,17.959999084472656,17.709999084472656,17.739999771118164,4136300,17.739999771118164
10/3/2017,17.90999984741211,18.0049991607666,17.790000915527344,17.920000076293945,5281700,17.920000076293945
10/2/2017,18.1299991607666,18.190000534057617,17.895000457763672,17.959999084472656,4405200,17.959999084472656
9/29/2017,17.899999618530273,18.139999389648438,17.780000686645508,18.040000915527344,3941300,18.040000915527344
9/28/2017,17.559999465942383,17.920000076293945,17.549999237060547,17.8799991607666,5673700,17.8799991607666
9/27/2017,17.940000534057617,17.989999771118164,17.540000915527344,17.549999237060547,10986100,17.549999237060547
9/26/2017,18.079999923706055,18.139999389648438,17.780000686645508,17.799999237060547,8100000,17.799999237060547
9/25/2017,18.200000762939453,18.200000762939453,17.90999984741211,18.020000457763672,6257900,18.020000457763672
9/22/2017,18.309999465942383,18.309999465942383,18.030000686645508,18.18000030517578,10778200,18.18000030517578
9/21/2017,18.299999237060547,18.459999084472656,18.100000381469727,18.309999465942383,5881800,18.309999465942383
9/20/2017,18.200000762939453,18.3799991607666,18.1299991607666,18.329999923706055,5683100,18.329999923706055
9/19/2017,18.149999618530273,18.290000915527344,18,18.25,7060400,18.25
9/18/2017,18,18.190000534057617,17.75,18.149999618530273,17362100,18.149999618530273
9/15/2017,17.8700008392334,18.209999084472656,17.600000381469727,17.959999084472656,20368400,17.959999084472656
9/14/2017,17.8799991607666,18.1200008392334,17.75,17.809999465942383,56391300,17.809999465942383
9/13/2017,18.959999084472656,18.959999084472656,18.31999969482422,18.40999984741211,6221800,18.40999984741211
9/12/2017,18.34000015258789,18.469999313354492,17.93000030517578,18.3799991607666,7657300,18.3799991607666
9/11/2017,18.68000030517578,18.969999313354492,18.6200008392334,18.850000381469727,3284200,18.850000381469727
9/8/2017,18.459999084472656,18.559999465942383,18.354999542236328,18.489999771118164,2018200,18.489999771118164
9/7/2017,18.239999771118164,18.59600067138672,18.110000610351562,18.459999084472656,4202300,18.459999084472656
9/6/2017,18.15999984741211,18.290000915527344,17.920000076293945,18.209999084472656,3179700,18.209999084472656
9/5/2017,18.479999542236328,18.559999465942383,18.010000228881836,18.079999923706055,2929800,18.079999923706055
9/1/2017,18.469999313354492,18.549999237060547,18.3700008392334,18.540000915527344,1571400,18.540000915527344
8/31/2017,18.399999618530273,18.5,18.350000381469727,18.40999984741211,1464000,18.40999984741211
8/30/2017,18.170000076293945,18.34000015258789,18.110000610351562,18.34000015258789,1205700,18.34000015258789
8/29/2017,18.219999313354492,18.309999465942383,18.1200008392334,18.170000076293945,1381400,18.170000076293945
8/28/2017,18.190000534057617,18.329999923706055,18.110000610351562,18.309999465942383,1418100,18.309999465942383
8/25/2017,18.290000915527344,18.329999923706055,18.065000534057617,18.15999984741211,2115200,18.15999984741211
8/24/2017,18.18000030517578,18.270000457763672,18.049999237060547,18.15999984741211,1171200,18.15999984741211
8/23/2017,18,18.25,17.780000686645508,18.139999389648438,2269900,18.139999389648438
8/22/2017,17.739999771118164,18,17.690000534057617,17.959999084472656,2121000,17.959999084472656
8/21/2017,17.75,17.790000915527344,17.565000534057617,17.690000534057617,3015500,17.690000534057617
8/18/2017,17.649999618530273,17.954999923706055,17.56999969482422,17.809999465942383,3495400,17.809999465942383
8/17/2017,17.989999771118164,18.010000228881836,17.540000915527344,17.56999969482422,1845700,17.56999969482422
8/16/2017,17.920000076293945,18.18000030517578,17.850000381469727,18.030000686645508,2360600,18.030000686645508
8/15/2017,17.729999542236328,17.90999984741211,17.610000610351562,17.889999389648438,2058600,17.889999389648438
8/14/2017,17.670000076293945,17.860000610351562,17.649999618530273,17.670000076293945,5285000,17.670000076293945
8/11/2017,17.450000762939453,17.729999542236328,17.3799991607666,17.469999313354492,4888500,17.469999313354492
8/10/2017,17.889999389648438,17.959999084472656,17.489999771118164,17.520000457763672,4728000,17.520000457763672
8/9/2017,17.950000762939453,18.110000610351562,17.790000915527344,17.950000762939453,2812200,17.950000762939453
8/8/2017,18.329999923706055,18.440000534057617,17.989999771118164,18.049999237060547,3148900,18.049999237060547
8/7/2017,18.440000534057617,18.549999237060547,17.90999984741211,18.18000030517578,8846100,18.18000030517578
8/4/2017,18.309999465942383,18.600000381469727,18.25,18.579999923706055,3095000,18.579999923706055
8/3/2017,18.299999237060547,18.360000610351562,18.1299991607666,18.260000228881836,2329100,18.260000228881836
8/2/2017,18.690000534057617,18.739999771118164,18.1200008392334,18.309999465942383,3139800,18.309999465942383
8/1/2017,18.770000457763672,18.90999984741211,18.614999771118164,18.65999984741211,3193100,18.65999984741211
7/31/2017,18.6200008392334,18.81999969482422,18.549999237060547,18.65999984741211,3084600,18.65999984741211
7/28/2017,18.700000762939453,18.729999542236328,18.5,18.5,2274100,18.5
7/27/2017,19.100000381469727,19.184999465942383,18.62299919128418,18.780000686645508,3695000,18.780000686645508
7/26/2017,19.040000915527344,19.149999618530273,18.825000762939453,19.040000915527344,3683000,19.040000915527344
7/25/2017,18.950000762939453,19.200000762939453,18.90999984741211,19.040000915527344,2612300,19.040000915527344
7/24/2017,18.59000015258789,18.989999771118164,18.479999542236328,18.790000915527344,5048300,18.790000915527344
7/21/2017,18.520000457763672,18.700000762939453,18.489999771118164,18.56999969482422,2533500,18.56999969482422
7/20/2017,18.709999084472656,18.80500030517578,18.530000686645508,18.540000915527344,3713600,18.540000915527344
7/19/2017,18.479999542236328,18.829999923706055,18.40999984741211,18.700000762939453,2701000,18.700000762939453
7/18/2017,18.5,18.559999465942383,18.299999237060547,18.450000762939453,1861200,18.450000762939453
7/17/2017,18.5,18.6200008392334,17.94499969482422,18.510000228881836,5647200,18.510000228881836
7/14/2017,18.549999237060547,18.655000686645508,18.389999389648438,18.40999984741211,1242600,18.40999984741211
7/13/2017,18.639999389648438,18.709999084472656,18.424999237060547,18.549999237060547,1803000,18.549999237060547
7/12/2017,18.399999618530273,18.6200008392334,18.354999542236328,18.540000915527344,1992500,18.540000915527344
7/11/2017,18.260000228881836,18.350000381469727,18.18000030517578,18.299999237060547,1600500,18.299999237060547
7/10/2017,18.25,18.299999237060547,17.979999542236328,18.280000686645508,2546600,18.280000686645508
7/7/2017,18.030000686645508,18.299999237060547,17.989999771118164,18.239999771118164,3301800,18.239999771118164
7/6/2017,18.260000228881836,18.350000381469727,17.920000076293945,17.93000030517578,1773100,17.93000030517578
7/5/2017,18.1200008392334,18.530000686645508,18.1200008392334,18.399999618530273,2237700,18.399999618530273
7/3/2017,18.260000228881836,18.329999923706055,17.969999313354492,18.06999969482422,1252200,18.06999969482422
6/30/2017,18.540000915527344,18.56999969482422,18.200000762939453,18.200000762939453,3139100,18.200000762939453
6/29/2017,18.549999237060547,18.719999313354492,18.25,18.420000076293945,3791200,18.420000076293945
6/28/2017,18.06999969482422,18.55500030517578,17.829999923706055,18.520000457763672,4758100,18.520000457763672
6/27/2017,18.760000228881836,18.860000610351562,18.479999542236328,18.530000686645508,3392700,18.530000686645508
6/26/2017,18.649999618530273,18.899999618530273,18.540000915527344,18.709999084472656,2899200,18.709999084472656
6/23/2017,18.600000381469727,18.889999389648438,18.459999084472656,18.649999618530273,6866500,18.649999618530273
6/22/2017,18.360000610351562,18.770000457763672,18.280000686645508,18.56999969482422,2982200,18.56999969482422
6/21/2017,18.389999389648438,18.440000534057617,18.219999313354492,18.31999969482422,2114200,18.31999969482422
6/20/2017,18.40999984741211,18.540000915527344,18.280000686645508,18.280000686645508,3117000,18.280000686645508
6/19/2017,18.239999771118164,18.440000534057617,18.139999389648438,18.440000534057617,3137400,18.440000534057617
6/16/2017,18.3799991607666,18.40999984741211,17.940000534057617,18.1200008392334,5896300,18.1200008392334
6/15/2017,17.989999771118164,18.530000686645508,17.690000534057617,18.3700008392334,6114100,18.3700008392334
6/14/2017,18.700000762939453,18.709999084472656,18.09000015258789,18.110000610351562,4907700,18.110000610351562
6/13/2017,18.459999084472656,18.68000030517578,18.415000915527344,18.65999984741211,3412000,18.65999984741211
6/12/2017,18.559999465942383,18.700000762939453,18.15999984741211,18.25,6825000,18.25
6/9/2017,18.459999084472656,19.010000228881836,18.25,18.6200008392334,6608000,18.6200008392334
6/8/2017,18.309999465942383,18.540000915527344,18.295000076293945,18.43000030517578,3086900,18.43000030517578
6/7/2017,18.239999771118164,18.389999389648438,18.170000076293945,18.309999465942383,2691300,18.309999465942383
6/6/2017,18.18000030517578,18.399999618530273,18.083999633789062,18.239999771118164,5136900,18.239999771118164
6/5/2017,17.93000030517578,18.2450008392334,17.850000381469727,18.200000762939453,5190500,18.200000762939453
6/2/2017,17.760000228881836,18,17.56999969482422,17.979999542236328,5036100,17.979999542236328
6/1/2017,17.25,17.954999923706055,17.170000076293945,17.790000915527344,12203900,17.790000915527344
5/31/2017,16.899999618530273,17.1299991607666,16.700000762939453,17.1299991607666,7129000,17.1299991607666
5/30/2017,16.56999969482422,16.8799991607666,16.56999969482422,16.81999969482422,4741000,16.81999969482422
5/26/2017,16.68000030517578,16.725000381469727,16.56999969482422,16.639999389648438,2394500,16.639999389648438
5/25/2017,16.829999923706055,16.979999542236328,16.670000076293945,16.670000076293945,4070100,16.670000076293945
5/24/2017,16.600000381469727,16.889999389648438,16.565000534057617,16.770000457763672,4613500,16.770000457763672
5/23/2017,16.670000076293945,16.799999237060547,16.530000686645508,16.610000610351562,3094500,16.610000610351562
5/22/2017,16.40999984741211,16.739999771118164,16.40999984741211,16.68000030517578,3335500,16.68000030517578
5/19/2017,16.309999465942383,16.479999542236328,16.280000686645508,16.34000015258789,2114500,16.34000015258789
5/18/2017,16.239999771118164,16.399999618530273,16.110000610351562,16.15999984741211,2301400,16.15999984741211
5/17/2017,16.170000076293945,16.34000015258789,16.170000076293945,16.239999771118164,3671800,16.239999771118164
5/16/2017,16.3700008392334,16.604999542236328,16.302000045776367,16.510000228881836,2586600,16.510000228881836
5/15/2017,16.219999313354492,16.479999542236328,16.219999313354492,16.420000076293945,3159100,16.420000076293945
5/12/2017,16.360000610351562,16.389999389648438,16.139999389648438,16.229999542236328,1818600,16.229999542236328
5/11/2017,16.520000457763672,16.655000686645508,16.329999923706055,16.389999389648438,2823200,16.389999389648438
5/10/2017,16.420000076293945,16.65999984741211,16.40999984741211,16.559999465942383,3660500,16.559999465942383
5/9/2017,16.700000762939453,16.899999618530273,16.440000534057617,16.479999542236328,4548300,16.479999542236328
5/8/2017,16.469999313354492,17.014999389648438,16.399999618530273,16.610000610351562,10903400,16.610000610351562
5/5/2017,15.779999732971191,16.010000228881836,15.720000267028809,16,3535300,16
5/4/2017,15.829999923706055,16,15.760000228881836,15.760000228881836,2564600,15.760000228881836
5/3/2017,15.720000267028809,15.8100004196167,15.460000038146973,15.8100004196167,1983700,15.8100004196167
5/2/2017,15.770000457763672,15.869999885559082,15.670000076293945,15.84000015258789,1037000,15.84000015258789
5/1/2017,15.670000076293945,15.850000381469727,15.5600004196167,15.819999694824219,1020300,15.819999694824219
4/28/2017,15.65999984741211,15.675000190734863,15.350000381469727,15.619999885559082,3406900,15.619999885559082
4/27/2017,15.59000015258789,15.704999923706055,15.395999908447266,15.630000114440918,2070200,15.630000114440918
4/26/2017,15.710000038146973,15.789999961853027,15.479999542236328,15.550000190734863,2373000,15.550000190734863
4/25/2017,15.75,15.859999656677246,15.5600004196167,15.75,1881200,15.75
4/24/2017,15.710000038146973,15.71500015258789,15.5,15.640000343322754,2419500,15.640000343322754
4/21/2017,15.59000015258789,15.609999656677246,15.220000267028809,15.460000038146973,2346900,15.460000038146973
4/20/2017,15.460000038146973,15.619999885559082,15.289999961853027,15.609999656677246,1873200,15.609999656677246
4/19/2017,15.289999961853027,15.569999694824219,15.279999732971191,15.399999618530273,3589500,15.399999618530273
4/18/2017,14.859999656677246,15.319999694824219,14.8100004196167,15.229999542236328,5572300,15.229999542236328
4/17/2017,14.890000343322754,15,14.739999771118164,14.949999809265137,2941300,14.949999809265137
4/13/2017,14.9399995803833,15.045000076293945,14.789999961853027,14.8100004196167,5287100,14.8100004196167
4/12/2017,14.880000114440918,15.010000228881836,14.8100004196167,14.960000038146973,2795900,14.960000038146973
4/11/2017,15.039999961853027,15.130000114440918,14.90999984741211,15.010000228881836,3335200,15.010000228881836
4/10/2017,14.949999809265137,15.210000038146973,14.723999977111816,15.109999656677246,4155600,15.109999656677246
4/7/2017,14.829999923706055,15.005000114440918,14.670000076293945,15,2601000,15
4/6/2017,14.850000381469727,14.930000305175781,14.760000228881836,14.859999656677246,3714600,14.859999656677246
4/5/2017,15,15.199999809265137,14.819999694824219,14.84000015258789,3452200,14.84000015258789
4/4/2017,15.199999809265137,15.270000457763672,15,15.079999923706055,2225700,15.079999923706055
4/3/2017,15.529999732971191,15.609999656677246,15.170000076293945,15.220000267028809,2143100,15.220000267028809
3/31/2017,15.6899995803833,15.6899995803833,15.489999771118164,15.5,2741700,15.5
3/30/2017,15.600000381469727,15.729999542236328,15.5,15.710000038146973,2269000,15.710000038146973
3/29/2017,15.640000343322754,15.789999961853027,15.550000190734863,15.649999618530273,2129000,15.649999618530273
3/28/2017,14.930000305175781,15.710000038146973,14.899999618530273,15.65999984741211,5476100,15.65999984741211
3/27/2017,14.890000343322754,15.0600004196167,14.850000381469727,14.989999771118164,4808700,14.989999771118164
3/24/2017,15.079999923706055,15.220000267028809,14.989999771118164,15.130000114440918,2383100,15.130000114440918
3/23/2017,15.029999732971191,15.260000228881836,14.880000114440918,15.029999732971191,2842800,15.029999732971191
3/22/2017,15.1899995803833,15.239999771118164,14.899999618530273,14.989999771118164,5899500,14.989999771118164
3/21/2017,15.600000381469727,15.6899995803833,15.170000076293945,15.1899995803833,5102600,15.1899995803833
3/20/2017,15.899999618530273,15.899999618530273,15.430000305175781,15.579999923706055,5085400,15.579999923706055
3/17/2017,16.149999618530273,16.149999618530273,15.800999641418457,15.930000305175781,4180500,15.930000305175781
3/16/2017,15.989999771118164,16.350000381469727,15.920000076293945,16.149999618530273,4841300,16.149999618530273
3/15/2017,15.9399995803833,15.960000038146973,15.755000114440918,15.90999984741211,3424900,15.90999984741211
3/14/2017,15.9399995803833,15.9399995803833,15.75,15.779999732971191,2848000,15.779999732971191
3/13/2017,16.020000457763672,16.18000030517578,15.944999694824219,16.09000015258789,1634900,16.09000015258789
3/10/2017,16,16.075000762939453,15.890000343322754,16.06999969482422,3210000,16.06999969482422
3/9/2017,15.869999885559082,15.930000305175781,15.739999771118164,15.859999656677246,2330600,15.859999656677246
3/8/2017,15.899999618530273,16.010000228881836,15.789999961853027,15.859999656677246,2035600,15.859999656677246
3/7/2017,15.779999732971191,15.9399995803833,15.729999542236328,15.8100004196167,2915200,15.8100004196167
3/6/2017,16.06999969482422,16.09000015258789,15.875,15.9399995803833,3947500,15.9399995803833
3/3/2017,15.930000305175781,16.139999389648438,15.923999786376953,16.06999969482422,2596300,16.06999969482422
3/2/2017,16.200000762939453,16.229999542236328,15.84000015258789,15.960000038146973,3331900,15.960000038146973
3/1/2017,16.209999084472656,16.360000610351562,16.149999618530273,16.290000915527344,2978700,16.290000915527344
2/28/2017,16.219999313354492,16.219999313354492,16.010000228881836,16.100000381469727,3502000,16.100000381469727
2/27/2017,16.239999771118164,16.360000610351562,16.139999389648438,16.260000228881836,2391200,16.260000228881836
2/24/2017,16.1200008392334,16.329999923706055,16.1200008392334,16.270000457763672,1950300,16.270000457763672
2/23/2017,16.5,16.517000198364258,16.229999542236328,16.31999969482422,3472400,16.31999969482422
2/22/2017,16.59000015258789,16.670000076293945,16.469999313354492,16.5,2776600,16.5
2/21/2017,16.420000076293945,16.635000228881836,16.329999923706055,16.6299991607666,3204300,16.6299991607666
2/17/2017,16.030000686645508,16.3700008392334,16.030000686645508,16.3700008392334,2165400,16.3700008392334
2/16/2017,16.100000381469727,16.295000076293945,16.084999084472656,16.18000030517578,3219900,16.18000030517578
2/15/2017,16.200000762939453,16.450000762939453,16.010000228881836,16.200000762939453,3479800,16.200000762939453
2/14/2017,16.1200008392334,16.440000534057617,16.1200008392334,16.25,4801100,16.25
2/13/2017,16.06999969482422,16.6299991607666,15.760000228881836,16.139999389648438,10863300,16.139999389648438
2/10/2017,15.550000190734863,15.824999809265137,15.449999809265137,15.819999694824219,4820300,15.819999694824219
2/9/2017,15.220000267028809,15.6899995803833,15.199999809265137,15.529999732971191,4567800,15.529999732971191
2/8/2017,15.449999809265137,15.449999809265137,15.020000457763672,15.149999618530273,6611500,15.149999618530273
2/7/2017,15.442999839782715,15.609999656677246,15.430000305175781,15.5,2497900,15.5
2/6/2017,15.640000343322754,15.680000305175781,15.40999984741211,15.539999961853027,2158800,15.539999961853027
2/3/2017,15.300000190734863,15.75,15.260000228881836,15.640000343322754,2986500,15.640000343322754
2/2/2017,15.199999809265137,15.3100004196167,15.15999984741211,15.25,1614100,15.25
2/1/2017,15.489999771118164,15.5,15.119999885559082,15.25,1748300,15.25
1/31/2017,15.329999923706055,15.460000038146973,15.260000228881836,15.34000015258789,1706800,15.34000015258789
1/30/2017,15.350000381469727,15.460000038146973,15.079999923706055,15.449999809265137,1463400,15.449999809265137
1/27/2017,15.569999694824219,15.71500015258789,15.430000305175781,15.470000267028809,2262800,15.470000267028809
1/26/2017,15.890000343322754,15.949999809265137,15.420000076293945,15.680000305175781,2137500,15.680000305175781
1/25/2017,16,16.110000610351562,15.574999809265137,15.920000076293945,5675000,15.920000076293945
1/24/2017,15.520000457763672,15.9399995803833,15.510000228881836,15.829999923706055,2738600,15.829999923706055
1/23/2017,15.819999694824219,15.819999694824219,15.354999542236328,15.40999984741211,3439200,15.40999984741211
1/20/2017,15.630000114440918,15.880000114440918,15.550000190734863,15.789999961853027,2229400,15.789999961853027
1/19/2017,15.399999618530273,15.614999771118164,15.300000190734863,15.609999656677246,1574300,15.609999656677246
1/18/2017,15.1899995803833,15.40999984741211,15.0600004196167,15.40999984741211,1514000,15.40999984741211
1/17/2017,15.399999618530273,15.420000076293945,15.095000267028809,15.119999885559082,2430300,15.119999885559082
1/13/2017,15.470000267028809,15.600000381469727,15.399999618530273,15.430000305175781,1777700,15.430000305175781
1/12/2017,15.369999885559082,15.5,15.204999923706055,15.359999656677246,1707400,15.359999656677246
1/11/2017,15.5,15.649999618530273,15.319999694824219,15.420000076293945,2131500,15.420000076293945
1/10/2017,15.420000076293945,15.550000190734863,15.3100004196167,15.510000228881836,1901100,15.510000228881836
1/9/2017,15.390000343322754,15.920000076293945,15.390000343322754,15.449999809265137,5718300,15.449999809265137
1/6/2017,15.029999732971191,15.515000343322754,15.029999732971191,15.460000038146973,5706100,15.460000038146973
1/5/2017,14.90999984741211,15.539999961853027,14.890000343322754,15.029999732971191,7786400,15.029999732971191
1/4/2017,14.649999618530273,15.260000228881836,14.609999656677246,15.229999542236328,4097700,15.229999542236328
1/3/2017,14.75,14.880000114440918,14.449999809265137,14.880000114440918,2953500,14.880000114440918
12/30/2016,14.329999923706055,14.359999656677246,14.020000457763672,14.1899995803833,1705800,14.1899995803833
12/29/2016,14.699999809265137,14.720000267028809,14.260000228881836,14.279999732971191,2669500,14.279999732971191
12/28/2016,14.880000114440918,14.880000114440918,14.65999984741211,14.720000267028809,2196600,14.720000267028809
12/27/2016,14.449999809265137,14.920000076293945,14.430000305175781,14.779999732971191,1315900,14.779999732971191
12/23/2016,14.550000190734863,14.789999961853027,14.494999885559082,14.680000305175781,1386400,14.680000305175781
12/22/2016,14.520000457763672,14.619999885559082,14.375,14.520000457763672,1707200,14.520000457763672
12/21/2016,14.850000381469727,14.869999885559082,14.6899995803833,14.6899995803833,2010800,14.6899995803833
12/20/2016,14.800000190734863,14.859999656677246,14.699999809265137,14.819999694824219,3260900,14.819999694824219
12/19/2016,14.399999618530273,14.670000076293945,14.305000305175781,14.65999984741211,3115700,14.65999984741211
12/16/2016,14.0600004196167,14.420000076293945,13.989999771118164,14.40999984741211,5874600,14.40999984741211
12/15/2016,14.3100004196167,14.444999694824219,14.199999809265137,14.25,1936100,14.25
12/14/2016,14.640000343322754,14.699999809265137,14.180000305175781,14.210000038146973,2767900,14.210000038146973
12/13/2016,14.479999542236328,14.729999542236328,14.460000038146973,14.619999885559082,3153700,14.619999885559082
12/12/2016,14.609999656677246,14.770000457763672,14.350000381469727,14.399999618530273,2843900,14.399999618530273
12/9/2016,14.710000038146973,14.800000190734863,14.364999771118164,14.619999885559082,4368000,14.619999885559082
12/8/2016,14.3100004196167,14.680000305175781,14.3100004196167,14.569999694824219,4896900,14.569999694824219
12/7/2016,13.989999771118164,14.404999732971191,13.960000038146973,14.3100004196167,4248900,14.3100004196167
12/6/2016,14.1899995803833,14.239999771118164,13.960000038146973,14.020000457763672,6312000,14.020000457763672
12/5/2016,14.489999771118164,14.569999694824219,14.170000076293945,14.1899995803833,2894100,14.1899995803833
12/2/2016,14.149999618530273,14.4399995803833,14.149999618530273,14.399999618530273,4164100,14.399999618530273
12/1/2016,14.619999885559082,14.680999755859375,14.170000076293945,14.229999542236328,4475300,14.229999542236328
11/30/2016,14.949999809265137,15.039999961853027,14.510000228881836,14.569999694824219,25189500,14.569999694824219
11/29/2016,14.970000267028809,15.222000122070312,14.789999961853027,14.850000381469727,2827800,14.850000381469727
11/28/2016,15.420000076293945,15.479999542236328,15.050000190734863,15.0600004196167,3381900,15.0600004196167
11/25/2016,15.5,15.595000267028809,15.279999732971191,15.529999732971191,1339300,15.529999732971191
11/23/2016,15,15.420000076293945,15,15.40999984741211,3063000,15.40999984741211
11/22/2016,15.300000190734863,15.359999656677246,14.949999809265137,14.989999771118164,5387400,14.989999771118164
11/21/2016,15.529999732971191,15.710000038146973,15.15999984741211,15.220000267028809,6760200,15.220000267028809
11/18/2016,15.479999542236328,15.59000015258789,15.359999656677246,15.479999542236328,6056500,15.479999542236328
11/17/2016,15.300000190734863,15.579999923706055,15.194999694824219,15.399999618530273,5112500,15.399999618530273
11/16/2016,14.5,15.34000015258789,14.456000328063965,15.149999618530273,10625100,15.149999618530273
11/15/2016,14.699999809265137,15.020000457763672,14.390000343322754,14.569999694824219,6314100,14.569999694824219
11/14/2016,14.739999771118164,14.875,14.350000381469727,14.520000457763672,4462900,14.520000457763672
11/11/2016,14.109999656677246,14.640000343322754,14.109999656677246,14.600000381469727,4774700,14.600000381469727
11/10/2016,14.300000190734863,14.609999656677246,14.0600004196167,14.140000343322754,6466900,14.140000343322754
11/9/2016,13.8100004196167,14.399999618530273,13.75,14.149999618530273,6699800,14.149999618530273
11/8/2016,14.460000038146973,14.59000015258789,14.119999885559082,14.229999542236328,12913800,14.229999542236328
11/7/2016,14.069999694824219,15.079999923706055,13.739999771118164,14.460000038146973,20995600,14.460000038146973
11/4/2016,13.670000076293945,13.770000457763672,13.010000228881836,13.229999542236328,7416900,13.229999542236328
11/3/2016,13.880000114440918,13.899999618530273,13.670000076293945,13.699999809265137,3766500,13.699999809265137
11/2/2016,13.789999961853027,13.895000457763672,13.65999984741211,13.770000457763672,2835100,13.770000457763672
11/1/2016,13.989999771118164,14.09000015258789,13.65999984741211,13.789999961853027,2707100,13.789999961853027
10/31/2016,14.029999732971191,14.239999771118164,13.970000267028809,13.989999771118164,3305000,13.989999771118164
10/28/2016,13.90999984741211,14.220000267028809,13.829999923706055,14.010000228881836,4200400,14.010000228881836
10/27/2016,14.020000457763672,14.071000099182129,13.75,13.8100004196167,3617300,13.8100004196167
10/26/2016,13.739999771118164,14.135000228881836,13.640000343322754,13.960000038146973,4018400,13.960000038146973
10/25/2016,14.119999885559082,14.260000228881836,13.850000381469727,13.869999885559082,4089100,13.869999885559082
10/24/2016,13.960000038146973,14.354999542236328,13.960000038146973,14.199999809265137,4057600,14.199999809265137
10/21/2016,13.670000076293945,14.029999732971191,13.510000228881836,13.899999618530273,3315200,13.899999618530273
10/20/2016,13.800000190734863,13.949999809265137,13.470000267028809,13.699999809265137,3284100,13.699999809265137
10/19/2016,13.789999961853027,14.0600004196167,13.600000381469727,13.8100004196167,3469300,13.8100004196167
10/18/2016,13.460000038146973,13.845000267028809,13.420000076293945,13.729999542236328,3478800,13.729999542236328
10/17/2016,13.220000267028809,13.404999732971191,13.220000267028809,13.279999732971191,2056800,13.279999732971191
10/14/2016,13.270000457763672,13.59000015258789,13.25,13.279999732971191,2253500,13.279999732971191
10/13/2016,13.220000267028809,13.350000381469727,13.069999694824219,13.239999771118164,2135400,13.239999771118164
10/12/2016,13.199999809265137,13.520000457763672,13.15999984741211,13.34000015258789,5084300,13.34000015258789
10/11/2016,13.319999694824219,13.350000381469727,13.0649995803833,13.170000076293945,4432500,13.170000076293945
10/10/2016,13.399999618530273,13.755000114440918,13.3100004196167,13.380000114440918,4280700,13.380000114440918
10/7/2016,13.270000457763672,13.364999771118164,13.149999618530273,13.300000190734863,5272900,13.300000190734863
10/6/2016,13.25,13.380000114440918,13.149999618530273,13.260000228881836,5652600,13.260000228881836
10/5/2016,13.069999694824219,13.40999984741211,13.069999694824219,13.25,3871800,13.25
10/4/2016,13.260000228881836,13.3149995803833,12.930000305175781,13.029999732971191,2687100,13.029999732971191
10/3/2016,13.050000190734863,13.40999984741211,13.039999961853027,13.289999961853027,3061800,13.289999961853027
9/30/2016,13.149999618530273,13.199999809265137,12.739999771118164,13.15999984741211,5454400,13.15999984741211
9/29/2016,13.289999961853027,13.609999656677246,13.119999885559082,13.130000114440918,3497100,13.130000114440918
9/28/2016,13.239999771118164,13.345000267028809,13.0600004196167,13.300000190734863,2607300,13.300000190734863
9/27/2016,12.989999771118164,13.34000015258789,12.9399995803833,13.229999542236328,11893800,13.229999542236328
9/26/2016,13.039999961853027,13.109999656677246,12.960000038146973,13.050000190734863,4892300,13.050000190734863
9/23/2016,13.229999542236328,13.289999961853027,13.074999809265137,13.149999618530273,3349500,13.149999618530273
9/22/2016,13.399999618530273,13.460000038146973,13.130000114440918,13.289999961853027,4037600,13.289999961853027
9/21/2016,13.5600004196167,13.569999694824219,13.010000228881836,13.300000190734863,8075600,13.300000190734863
9/20/2016,13.5600004196167,13.640000343322754,13.420000076293945,13.460000038146973,2022700,13.460000038146973
9/19/2016,13.850000381469727,13.925000190734863,13.40999984741211,13.449999809265137,4726800,13.449999809265137
9/16/2016,13.84000015258789,13.9399995803833,13.539999961853027,13.770000457763672,4662800,13.770000457763672
9/15/2016,13.920000076293945,14.020000457763672,13.819999694824219,13.90999984741211,2552600,13.90999984741211
9/14/2016,13.829999923706055,14.010000228881836,13.699999809265137,13.920000076293945,3212200,13.920000076293945
9/13/2016,13.800000190734863,13.869999885559082,13.579999923706055,13.770000457763672,2612900,13.770000457763672
9/12/2016,13.449999809265137,14,13.449999809265137,13.949999809265137,2921000,13.949999809265137
9/9/2016,14.1899995803833,14.270000457763672,13.579999923706055,13.720000267028809,6032600,13.720000267028809
9/8/2016,14.350000381469727,14.46500015258789,14.279999732971191,14.359999656677246,2621400,14.359999656677246
9/7/2016,14.15999984741211,14.569999694824219,14.069999694824219,14.479999542236328,6828000,14.479999542236328
9/6/2016,14.399999618530273,14.5,14.09000015258789,14.100000381469727,3896200,14.100000381469727
9/2/2016,14.010000228881836,14.4399995803833,14,14.390000343322754,4521400,14.390000343322754
9/1/2016,13.930000305175781,14.079999923706055,13.819999694824219,13.930000305175781,2351600,13.930000305175781
8/31/2016,13.600000381469727,14,13.5600004196167,13.920000076293945,5984600,13.920000076293945
8/30/2016,13.399999618530273,13.630000114440918,13.270000457763672,13.449999809265137,5178000,13.449999809265137
8/29/2016,13.210000038146973,13.5,13.170000076293945,13.170000076293945,2048600,13.170000076293945
8/26/2016,13.229999542236328,13.329999923706055,13.085000038146973,13.220000267028809,1865700,13.220000267028809
8/25/2016,13.15999984741211,13.260000228881836,13.109999656677246,13.1899995803833,1038800,13.1899995803833
8/24/2016,13.449999809265137,13.479999542236328,13.119999885559082,13.15999984741211,1279500,13.15999984741211
8/23/2016,13.390000343322754,13.5,13.225000381469727,13.40999984741211,1293500,13.40999984741211
8/22/2016,13.140000343322754,13.369999885559082,13.100000381469727,13.359999656677246,2099700,13.359999656677246
8/19/2016,13.289999961853027,13.289999961853027,13.114999771118164,13.199999809265137,1709300,13.199999809265137
8/18/2016,13.119999885559082,13.40999984741211,13.119999885559082,13.329999923706055,3201800,13.329999923706055
8/17/2016,13.279999732971191,13.3100004196167,13.079999923706055,13.170000076293945,1429000,13.170000076293945
8/16/2016,13.15999984741211,13.375,13.09000015258789,13.289999961853027,4383100,13.289999961853027
8/15/2016,13.1899995803833,13.359999656677246,13.109999656677246,13.260000228881836,3387900,13.260000228881836
8/12/2016,13.239999771118164,13.239999771118164,13.085000038146973,13.140000343322754,3352100,13.140000343322754
8/11/2016,13.329999923706055,13.40999984741211,13.130000114440918,13.25,2837500,13.25
8/10/2016,13.109999656677246,13.300000190734863,12.96500015258789,13.289999961853027,2662800,13.289999961853027
8/9/2016,13.119999885559082,13.25,13.039999961853027,13.109999656677246,3441200,13.109999656677246
8/8/2016,13.119999885559082,13.229999542236328,12.944999694824219,13.100000381469727,2798700,13.100000381469727
8/5/2016,12.989999771118164,13.204999923706055,12.899999618530273,13.15999984741211,3703700,13.15999984741211
8/4/2016,13.109999656677246,13.180000305175781,12.779999732971191,12.890000343322754,3902100,12.890000343322754
8/3/2016,13.109999656677246,13.199999809265137,12.710000038146973,13.079999923706055,4767200,13.079999923706055
8/2/2016,12.899999618530273,13.140000343322754,12.770000457763672,13.079999923706055,4337000,13.079999923706055
8/1/2016,12.75,13.380000114440918,12.649999618530273,13.020000457763672,10763900,13.020000457763672
7/29/2016,12.180000305175781,12.524999618530273,11.90999984741211,12.399999618530273,4261100,12.399999618530273
7/28/2016,12.170000076293945,12.229999542236328,11.979999542236328,12.180000305175781,1838600,12.180000305175781
7/27/2016,12.470000267028809,12.470000267028809,11.918000221252441,12.199999809265137,2415000,12.199999809265137
7/26/2016,12.279999732971191,12.470000267028809,12.220000267028809,12.430000305175781,1743500,12.430000305175781
7/25/2016,12.270000457763672,12.404999732971191,12.270000457763672,12.279999732971191,2064800,12.279999732971191
7/22/2016,12.34000015258789,12.444999694824219,12.229999542236328,12.270000457763672,1907300,12.270000457763672
7/21/2016,12.390000343322754,12.494999885559082,12.180000305175781,12.359999656677246,2410300,12.359999656677246
7/20/2016,12.079999923706055,12.479999542236328,11.9350004196167,12.40999984741211,2776900,12.40999984741211
7/19/2016,12.020000457763672,12.15999984741211,11.989999771118164,12,3103500,12
7/18/2016,11.420000076293945,12.010000228881836,11.295000076293945,11.989999771118164,4144300,11.989999771118164
7/15/2016,11.59000015258789,11.59000015258789,11.329999923706055,11.369999885559082,2027800,11.369999885559082
7/14/2016,11.460000038146973,11.630000114440918,11.394000053405762,11.579999923706055,3640200,11.579999923706055
7/13/2016,11.579999923706055,11.600000381469727,11.260000228881836,11.319999694824219,4092400,11.319999694824219
7/12/2016,11.09000015258789,11.579999923706055,11.0600004196167,11.550000190734863,3593900,11.550000190734863
7/11/2016,11.15999984741211,11.25,11,11.010000228881836,3637500,11.010000228881836
7/8/2016,10.819999694824219,11.119999885559082,10.800000190734863,11.109999656677246,4311000,11.109999656677246
7/7/2016,10.649999618530273,10.84000015258789,10.569999694824219,10.680000305175781,2570200,10.680000305175781
7/6/2016,10.529999732971191,10.699999809265137,10.399999618530273,10.65999984741211,3948600,10.65999984741211
7/5/2016,10.930000305175781,11,10.6899995803833,10.75,4248100,10.75
7/1/2016,11.050000190734863,11.1899995803833,10.9399995803833,11.029999732971191,3470800,11.029999732971191
6/30/2016,11.149999618530273,11.220000267028809,10.890000343322754,11.069999694824219,4985300,11.069999694824219
6/29/2016,10.6899995803833,11.149999618530273,10.630000114440918,11.140000343322754,8525600,11.140000343322754
6/28/2016,10.5,10.710000038146973,10.369999885559082,10.5600004196167,7672100,10.5600004196167
6/27/2016,10.8100004196167,10.829999923706055,9.899999618530273,10.130000114440918,8479100,10.130000114440918
6/24/2016,11.279999732971191,11.34000015258789,10.779999732971191,11,21732700,11
6/23/2016,12.359999656677246,12.399999618530273,11.734999656677246,11.829999923706055,34897200,11.829999923706055
6/22/2016,12.25,12.329999923706055,12.130000114440918,12.210000038146973,8585000,12.210000038146973
6/21/2016,12.390000343322754,12.5600004196167,12.220000267028809,12.3100004196167,7065300,12.3100004196167
6/20/2016,12.039999961853027,12.420000076293945,12.039999961853027,12.390000343322754,6659800,12.390000343322754
6/17/2016,11.760000228881836,12.010000228881836,11.739999771118164,11.90999984741211,11275200,11.90999984741211
6/16/2016,11.619999885559082,11.8100004196167,11.350000381469727,11.779999732971191,4700500,11.779999732971191
6/15/2016,11.630000114440918,11.920000076293945,11.545000076293945,11.710000038146973,4798800,11.710000038146973
6/14/2016,11.729999542236328,11.84000015258789,11.449999809265137,11.619999885559082,5194300,11.619999885559082
6/13/2016,12.210000038146973,12.329999923706055,11.729999542236328,11.729999542236328,8659000,11.729999542236328
6/10/2016,12.739999771118164,12.739999771118164,12.210000038146973,12.350000381469727,7133000,12.350000381469727
6/9/2016,13.039999961853027,13.039999961853027,12.779999732971191,12.859999656677246,7598600,12.859999656677246
6/8/2016,12.970000267028809,13.09000015258789,12.8100004196167,13.069999694824219,6813700,13.069999694824219
6/7/2016,12.710000038146973,13,12.680000305175781,12.989999771118164,8253200,12.989999771118164
6/6/2016,12.300000190734863,12.65999984741211,12.260000228881836,12.65999984741211,3782900,12.65999984741211
6/3/2016,12.460000038146973,12.550000190734863,12.180000305175781,12.319999694824219,3610400,12.319999694824219
6/2/2016,12.420000076293945,12.739999771118164,12.270000457763672,12.6899995803833,3769300,12.6899995803833
6/1/2016,12.430000305175781,12.65999984741211,12.270000457763672,12.649999618530273,3075200,12.649999618530273
5/31/2016,12.619999885559082,12.720000267028809,12.40999984741211,12.529999732971191,3629100,12.529999732971191
5/27/2016,12.539999961853027,12.760000228881836,12.34000015258789,12.5,3536600,12.5
5/26/2016,12.630000114440918,12.699999809265137,12.329999923706055,12.430000305175781,3749000,12.430000305175781
5/25/2016,12.489999771118164,12.779999732971191,12.119999885559082,12.260000228881836,6525200,12.260000228881836
5/24/2016,12,12.484999656677246,11.84000015258789,12.34000015258789,6795800,12.34000015258789
5/23/2016,11.979999542236328,12.170000076293945,11.5600004196167,11.920000076293945,11846300,11.920000076293945
5/20/2016,11.109999656677246,11.53499984741211,11.109999656677246,11.40999984741211,7440600,11.40999984741211
5/19/2016,10.640000343322754,11.010000228881836,10.619999885559082,10.949999809265137,5426500,10.949999809265137
5/18/2016,10.609999656677246,10.710000038146973,10.4399995803833,10.699999809265137,7345800,10.699999809265137
5/17/2016,10.6899995803833,10.880000114440918,10.550000190734863,10.619999885559082,3160600,10.619999885559082
5/16/2016,10.960000038146973,11.09000015258789,10.5600004196167,10.670000076293945,5317300,10.670000076293945
5/13/2016,10.930000305175781,11.199999809265137,10.859999656677246,10.949999809265137,1956500,10.949999809265137
5/12/2016,11.100000381469727,11.380000114440918,10.930000305175781,10.979999542236328,3417400,10.979999542236328
5/11/2016,11.069999694824219,11.390000343322754,10.989999771118164,11.0600004196167,3986100,11.0600004196167
5/10/2016,10.960000038146973,11.359999656677246,10.890000343322754,11.130000114440918,4438600,11.130000114440918
5/9/2016,10.739999771118164,11.039999961853027,10.5,10.949999809265137,6344600,10.949999809265137
5/6/2016,11,11.15999984741211,10.649999618530273,10.739999771118164,3766600,10.739999771118164
5/5/2016,11.220000267028809,11.390000343322754,10.90999984741211,11.0600004196167,4157600,11.0600004196167
5/4/2016,10.930000305175781,11.25,10.359999656677246,11.170000076293945,10664700,11.170000076293945
5/3/2016,11.539999961853027,11.739999771118164,10.9399995803833,11.010000228881836,7762000,11.010000228881836
5/2/2016,11.430000305175781,11.720000267028809,11.289999961853027,11.6899995803833,8414000,11.6899995803833
4/29/2016,11.869999885559082,12,11.239999771118164,11.390000343322754,23102000,11.390000343322754
4/28/2016,12.319999694824219,12.579999923706055,11.880000114440918,11.890000343322754,6689600,11.890000343322754
4/27/2016,13,13.270000457763672,12.3100004196167,12.359999656677246,5551500,12.359999656677246
4/26/2016,13.100000381469727,13.425000190734863,12.774999618530273,12.800000190734863,6523400,12.800000190734863
4/25/2016,12.9399995803833,14.25,12.829999923706055,13.34000015258789,11867900,13.34000015258789
4/22/2016,13.029999732971191,13.350000381469727,12.9399995803833,13,4174100,13
4/21/2016,13.270000457763672,13.562999725341797,12.960000038146973,13.09000015258789,3002600,13.09000015258789
4/20/2016,13.210000038146973,13.859999656677246,13.020000457763672,13.289999961853027,4772600,13.289999961853027
4/19/2016,13.239999771118164,13.354999542236328,12.875,13.260000228881836,2790500,13.260000228881836
4/18/2016,12.739999771118164,13.460000038146973,12.734999656677246,13.210000038146973,1818800,13.210000038146973
4/15/2016,12.890000343322754,13.279999732971191,12.8149995803833,13.010000228881836,1378200,13.010000228881836
4/14/2016,12.649999618530273,13.520000457763672,12.569999694824219,13.1899995803833,5950200,13.1899995803833
4/13/2016,12.170000076293945,12.899999618530273,12.09000015258789,12.880000114440918,6393000,12.880000114440918
4/12/2016,11.880000114440918,12.430000305175781,11.789999961853027,12.109999656677246,5270900,12.109999656677246
4/11/2016,12.5,12.579999923706055,12.0600004196167,12.130000114440918,3509100,12.130000114440918
4/8/2016,12.369999885559082,12.899999618530273,12.170000076293945,12.399999618530273,3245700,12.399999618530273
4/7/2016,12.460000038146973,12.75,12.369999885559082,12.449999809265137,2619900,12.449999809265137
4/6/2016,12.449999809265137,12.770000457763672,12.199999809265137,12.6899995803833,2156500,12.6899995803833
4/5/2016,12.550000190734863,12.789999961853027,12.420000076293945,12.619999885559082,1693600,12.619999885559082
4/4/2016,12.460000038146973,13.130000114440918,12.319999694824219,12.65999984741211,3041400,12.65999984741211
4/1/2016,12.829999923706055,12.989999771118164,12.550000190734863,12.649999618530273,3158700,12.649999618530273
3/31/2016,12.399999618530273,13.039999961853027,12,12.9399995803833,2480000,12.9399995803833
3/30/2016,12.710000038146973,13.050000190734863,12.180000305175781,12.460000038146973,2863500,12.460000038146973
3/29/2016,12.020000457763672,12.729999542236328,11.850000381469727,12.680000305175781,2121300,12.680000305175781
3/28/2016,12.369999885559082,12.369999885559082,11.649999618530273,12.050000190734863,2519900,12.050000190734863
3/24/2016,11.5,12.020000457763672,11.25,12.010000228881836,2229900,12.010000228881836
3/23/2016,12.1899995803833,12.255000114440918,11.550000190734863,11.619999885559082,1556600,11.619999885559082
3/22/2016,12.300000190734863,12.3100004196167,12.109999656677246,12.15999984741211,1095500,12.15999984741211
3/21/2016,12.149999618530273,12.380000114440918,12.050000190734863,12.329999923706055,1440800,12.329999923706055
3/18/2016,12.470000267028809,12.680000305175781,12.140000343322754,12.210000038146973,1977400,12.210000038146973
3/17/2016,12.979999542236328,13.079999923706055,12.414999961853027,12.5,5037000,12.5
3/16/2016,12.579999923706055,13.175999641418457,12.539999961853027,12.970000267028809,3590400,12.970000267028809
3/15/2016,12.960000038146973,13.039999961853027,12.369999885559082,12.569999694824219,2491500,12.569999694824219
3/14/2016,13.029999732971191,13.319999694824219,12.979999542236328,13.039999961853027,1863300,13.039999961853027
3/11/2016,13.539999961853027,13.760000228881836,12.90999984741211,13.220000267028809,2731100,13.220000267028809
3/10/2016,13.979999542236328,14.010000228881836,13.210000038146973,13.229999542236328,2393700,13.229999542236328
3/9/2016,12.960000038146973,14,12.960000038146973,13.970000267028809,4305800,13.970000267028809
3/8/2016,13.210000038146973,13.5600004196167,12.850000381469727,13.270000457763672,2341000,13.270000457763672
3/7/2016,13.359999656677246,13.359999656677246,12.880000114440918,13.34000015258789,3420900,13.34000015258789
3/4/2016,12.789999961853027,13.739999771118164,12.710000038146973,13.59000015258789,4145700,13.59000015258789
3/3/2016,12.760000228881836,12.890000343322754,12.550000190734863,12.789999961853027,2968400,12.789999961853027
3/2/2016,12.949999809265137,13.100000381469727,12.510000228881836,12.739999771118164,3395600,12.739999771118164
3/1/2016,12.600000381469727,13.539999961853027,12.489999771118164,12.869999885559082,5035300,12.869999885559082
2/29/2016,12.869999885559082,13.15999984741211,12.430000305175781,12.5,3250600,12.5
2/26/2016,12.40999984741211,12.989999771118164,12.34000015258789,12.920000076293945,4345000,12.920000076293945
2/25/2016,12.40999984741211,12.736000061035156,12.149999618530273,12.350000381469727,2387500,12.350000381469727
2/24/2016,12.09000015258789,12.880000114440918,11.720000267028809,12.520000457763672,3386500,12.520000457763672
2/23/2016,12.289999961853027,12.609999656677246,12.119999885559082,12.329999923706055,5691000,12.329999923706055
2/22/2016,12.029999732971191,12.59000015258789,11.960000038146973,12.3100004196167,4391900,12.3100004196167
2/19/2016,11.529999732971191,11.899999618530273,11.039999961853027,11.859999656677246,3956100,11.859999656677246
2/18/2016,10.920000076293945,11.800000190734863,10.890000343322754,11.399999618530273,6307800,11.399999618530273
2/17/2016,10.289999961853027,11.210000038146973,10.210000038146973,10.670000076293945,4888700,10.670000076293945
2/16/2016,9.789999961853027,10.42199993133545,9.614999771118164,10.220000267028809,3924900,10.220000267028809
2/12/2016,8.819999694824219,9.800000190734863,8.819999694824219,9.4399995803833,7923000,9.4399995803833
2/11/2016,9.449999809265137,9.449999809265137,8.369999885559082,8.670000076293945,14983800,8.670000076293945
2/10/2016,11.020000457763672,11.100000381469727,8.760000228881836,9.350000381469727,21647700,9.350000381469727
2/9/2016,11.020000457763672,11.609999656677246,11,11.100000381469727,6860800,11.100000381469727
2/8/2016,12.739999771118164,12.760000228881836,10.5,11.079999923706055,7687200,11.079999923706055
2/5/2016,12.960000038146973,13.175000190734863,12.680000305175781,12.899999618530273,1844000,12.899999618530273
2/4/2016,12.869999885559082,13.569999694824219,12.869999885559082,13,2287100,13
2/3/2016,12.930000305175781,13.130000114440918,12.609999656677246,12.930000305175781,2381900,12.930000305175781
2/2/2016,13.300000190734863,13.390000343322754,12.609999656677246,12.8100004196167,3558100,12.8100004196167
2/1/2016,13.260000228881836,13.829999923706055,13,13.359999656677246,3167400,13.359999656677246
1/29/2016,13.130000114440918,13.399999618530273,12.5,13.369999885559082,9407600,13.369999885559082
1/28/2016,13.479999542236328,13.760000228881836,13.050000190734863,13.069999694824219,3507100,13.069999694824219
1/27/2016,13.949999809265137,14.109999656677246,13.010000228881836,13.3100004196167,2533200,13.3100004196167
1/26/2016,13.8100004196167,14.149999618530273,13.779999732971191,14.010000228881836,2897600,14.010000228881836
1/25/2016,14.34000015258789,14.569999694824219,13.770000457763672,13.850000381469727,2587900,13.850000381469727
1/22/2016,14.15999984741211,14.640000343322754,13.989999771118164,14.300000190734863,4208500,14.300000190734863
1/21/2016,14.34000015258789,14.420000076293945,13.734999656677246,13.890000343322754,2623700,13.890000343322754
1/20/2016,14.260000228881836,14.670000076293945,13.300000190734863,14.329999923706055,2435100,14.329999923706055
1/19/2016,14.3100004196167,14.75,14.21500015258789,14.520000457763672,3617700,14.520000457763672
1/15/2016,13.90999984741211,14.5600004196167,13.600000381469727,14.220000267028809,5221700,14.220000267028809
1/14/2016,13.779999732971191,14.350000381469727,13.180000305175781,14.260000228881836,4335600,14.260000228881836
1/13/2016,13.829999923706055,14.380000114440918,13.6899995803833,13.710000038146973,4946500,13.710000038146973
1/12/2016,13.989999771118164,14.100000381469727,13.295000076293945,13.729999542236328,4128100,13.729999542236328
1/11/2016,14.239999771118164,14.729999542236328,13.444999694824219,13.829999923706055,4289400,13.829999923706055
1/8/2016,14.640000343322754,14.75,14.010000228881836,14.130000114440918,3881500,14.130000114440918
1/7/2016,15.229999542236328,15.229999542236328,14.4399995803833,14.579999923706055,4087700,14.579999923706055
1/6/2016,15.8100004196167,15.960000038146973,15.430000305175781,15.470000267028809,2346500,15.470000267028809
1/5/2016,15.579999923706055,16.040000915527344,15.550000190734863,15.949999809265137,2088100,15.949999809265137
1/4/2016,15.75,15.789999961853027,15.520000457763672,15.609999656677246,1608100,15.609999656677246
12/31/2015,16.34000015258789,16.40999984741211,16.020000457763672,16.020000457763672,2510700,16.020000457763672
12/30/2015,16.389999389648438,16.559999465942383,16.225000381469727,16.3799991607666,1180400,16.3799991607666
12/29/2015,16.489999771118164,16.719999313354492,16.1200008392334,16.420000076293945,1252900,16.420000076293945
12/28/2015,16.479999542236328,16.600000381469727,16.200000762939453,16.43000030517578,1075600,16.43000030517578
12/24/2015,16.440000534057617,16.690000534057617,16.239999771118164,16.540000915527344,734100,16.540000915527344
12/23/2015,16.40999984741211,16.81999969482422,16.100000381469727,16.489999771118164,1837200,16.489999771118164
12/22/2015,15.600000381469727,16.450000762939453,15.600000381469727,16.399999618530273,3494200,16.399999618530273
12/21/2015,15.739999771118164,15.829999923706055,15.4399995803833,15.600000381469727,2977000,15.600000381469727
12/18/2015,15.579999923706055,16.020000457763672,15.34000015258789,15.520000457763672,21795100,15.520000457763672
12/17/2015,15.960000038146973,16.079999923706055,15.510000228881836,15.550000190734863,4622900,15.550000190734863
12/16/2015,16.110000610351562,16.139999389648438,15.699999809265137,15.859999656677246,3690700,15.859999656677246
12/15/2015,16.079999923706055,16.290000915527344,15.960000038146973,16,3301300,16
12/14/2015,15.930000305175781,16.09000015258789,15.619999885559082,16.020000457763672,4046100,16.020000457763672
12/11/2015,16.469999313354492,16.899999618530273,15.779999732971191,15.899999618530273,4710600,15.899999618530273
12/10/2015,16.5,16.979999542236328,16.280000686645508,16.579999923706055,1963600,16.579999923706055
12/9/2015,17.139999389648438,17.31999969482422,16.690000534057617,16.719999313354492,1898900,16.719999313354492
12/8/2015,17.15999984741211,17.350000381469727,16.895999908447266,17.25,2525200,17.25
12/7/2015,17.110000610351562,17.450000762939453,17.079999923706055,17.25,1678400,17.25
12/4/2015,17.020000457763672,17.290000915527344,16.959999084472656,17.260000228881836,1466500,17.260000228881836
12/3/2015,17.040000915527344,17.094999313354492,16.65999984741211,16.979999542236328,1551900,16.979999542236328
12/2/2015,17.260000228881836,17.260000228881836,16.8799991607666,17,2167000,17
12/1/2015,16.93000030517578,17.329999923706055,16.81999969482422,17.299999237060547,1321200,17.299999237060547
11/30/2015,16.600000381469727,16.860000610351562,16.510000228881836,16.799999237060547,1129500,16.799999237060547
11/27/2015,16.5,16.700000762939453,16.360000610351562,16.600000381469727,284900,16.600000381469727
11/25/2015,16.780000686645508,16.950000762939453,16.299999237060547,16.469999313354492,860900,16.469999313354492
11/24/2015,16.5,16.780000686645508,16.34000015258789,16.690000534057617,2212500,16.690000534057617
11/23/2015,16.329999923706055,16.68000030517578,16.25,16.489999771118164,2513500,16.489999771118164
11/20/2015,16.200000762939453,16.6200008392334,16.110000610351562,16.360000610351562,1866700,16.360000610351562
11/19/2015,16.790000915527344,16.850000381469727,16.049999237060547,16.200000762939453,2316800,16.200000762939453
11/18/2015,16.8700008392334,17.079999923706055,16.690000534057617,16.8799991607666,2519600,16.8799991607666
11/17/2015,16.84000015258789,17,16.719999313354492,16.81999969482422,2068200,16.81999969482422
11/16/2015,16.90999984741211,17,16.420000076293945,16.809999465942383,1935300,16.809999465942383
11/13/2015,17.270000457763672,17.559999465942383,16.899999618530273,16.969999313354492,2665300,16.969999313354492
11/12/2015,17.549999237060547,17.829999923706055,17.350000381469727,17.670000076293945,3546600,17.670000076293945
11/11/2015,17.899999618530273,17.989999771118164,17.510000228881836,17.709999084472656,2074400,17.709999084472656
11/10/2015,17.489999771118164,17.920000076293945,17.40999984741211,17.799999237060547,6404100,17.799999237060547
11/9/2015,17.600000381469727,17.642000198364258,16.739999771118164,17.459999084472656,4339300,17.459999084472656
11/6/2015,16.229999542236328,17.299999237060547,16.209999084472656,17.079999923706055,7998800,17.079999923706055
11/5/2015,16.100000381469727,16.6299991607666,16.010000228881836,16.309999465942383,5831400,16.309999465942383
11/4/2015,16.25,16.260000228881836,16,16.139999389648438,989800,16.139999389648438
11/3/2015,15.930000305175781,16.25,15.619999885559082,16.139999389648438,1228200,16.139999389648438
11/2/2015,15.84000015258789,16.079999923706055,15.550000190734863,15.979999542236328,1004800,15.979999542236328
10/30/2015,15.890000343322754,16.190000534057617,15.770000457763672,15.84000015258789,2612700,15.84000015258789
10/29/2015,15.4399995803833,15.899999618530273,15.420000076293945,15.710000038146973,1899300,15.710000038146973
10/28/2015,15.380000114440918,15.9399995803833,15.199999809265137,15.510000228881836,3887800,15.510000228881836
10/27/2015,16.399999618530273,16.469999313354492,15.149999618530273,15.449999809265137,6652800,15.449999809265137
10/26/2015,16.100000381469727,16.700000762939453,15.819999694824219,16.360000610351562,6008500,16.360000610351562
10/23/2015,16.149999618530273,16.469999313354492,16.010000228881836,16.260000228881836,7586100,16.260000228881836
10/22/2015,15.489999771118164,16.010000228881836,15.220000267028809,16.010000228881836,6227800,16.010000228881836
10/21/2015,15.369999885559082,15.510000228881836,14.989999771118164,15.359999656677246,15941600,15.359999656677246
10/20/2015,15.880000114440918,15.949999809265137,15.359999656677246,15.399999618530273,5049300,15.399999618530273
10/19/2015,16.149999618530273,16.149999618530273,15.760000228881836,15.8100004196167,3437300,15.8100004196167
10/16/2015,15.800000190734863,16.059999465942383,15.430000305175781,16,11192000,16
10/15/2015,16.389999389648438,16.40999984741211,15.649999618530273,15.75,64971400,15.75
