4/22/2019,5.369999885559082,5.460000038146973,5.260000228881836,5.409999847412109,4201500,5.409999847412109
4/18/2019,5.380000114440918,5.440000057220459,5.329999923706055,5.380000114440918,3603600,5.380000114440918
4/17/2019,5.519999980926514,5.539999961853027,5.349999904632568,5.380000114440918,4085900,5.380000114440918
4/16/2019,5.610000133514404,5.630000114440918,5.460000038146973,5.5,3686000,5.5
4/15/2019,5.710000038146973,5.730000019073486,5.409999847412109,5.570000171661377,6337600,5.570000171661377
4/12/2019,5.829999923706055,5.889999866485596,5.679999828338623,5.710000038146973,3297100,5.710000038146973
4/11/2019,5.880000114440918,5.920000076293945,5.769999980926514,5.800000190734863,2570700,5.800000190734863
4/10/2019,5.849999904632568,5.900000095367432,5.800000190734863,5.880000114440918,2950800,5.880000114440918
4/9/2019,5.929999828338623,6.019999980926514,5.800000190734863,5.840000152587891,4326700,5.840000152587891
4/8/2019,5.96999979019165,6.010000228881836,5.929999828338623,5.96999979019165,2414300,5.96999979019165
4/5/2019,5.96999979019165,6.019999980926514,5.900000095367432,5.96999979019165,2982400,5.96999979019165
4/4/2019,5.96999979019165,6.019999980926514,5.889999866485596,5.96999979019165,2662000,5.96999979019165
4/3/2019,5.900000095367432,6.019999980926514,5.900000095367432,5.980000019073486,2902800,5.980000019073486
4/2/2019,5.849999904632568,5.949999809265137,5.821000099182129,5.880000114440918,3161900,5.880000114440918
4/1/2019,5.940000057220459,5.96999979019165,5.820000171661377,5.849999904632568,4008700,5.849999904632568
3/29/2019,5.889999866485596,5.945000171661377,5.829999923706055,5.920000076293945,5209800,5.920000076293945
3/28/2019,5.789999961853027,5.880000114440918,5.730000019073486,5.860000133514404,2923200,5.860000133514404
3/27/2019,5.809999942779541,5.849999904632568,5.650000095367432,5.800000190734863,3204800,5.800000190734863
3/26/2019,5.760000228881836,5.900000095367432,5.760000228881836,5.800000190734863,3213900,5.800000190734863
3/25/2019,5.840000152587891,5.900000095367432,5.670000076293945,5.739999771118164,4608400,5.739999771118164
3/22/2019,6.050000190734863,6.063000202178955,5.809999942779541,5.829999923706055,4151400,5.829999923706055
3/21/2019,5.96999979019165,6.090000152587891,5.934999942779541,6.059999942779541,5304200,6.059999942779541
3/20/2019,5.920000076293945,6.079999923706055,5.909999847412109,5.980000019073486,5230400,5.980000019073486
3/19/2019,5.909999847412109,5.980000019073486,5.860000133514404,5.929999828338623,2739600,5.929999828338623
3/18/2019,5.869999885559082,5.949999809265137,5.829999923706055,5.900000095367432,3710600,5.900000095367432
3/15/2019,5.880000114440918,5.909999847412109,5.820000171661377,5.900000095367432,4166100,5.900000095367432
3/14/2019,5.889999866485596,5.96999979019165,5.849999904632568,5.869999885559082,2996800,5.869999885559082
3/13/2019,5.869999885559082,5.920000076293945,5.78000020980835,5.920000076293945,3853600,5.920000076293945
3/12/2019,5.900000095367432,5.960000038146973,5.800000190734863,5.849999904632568,3330100,5.849999904632568
3/11/2019,5.670000076293945,5.920000076293945,5.670000076293945,5.900000095367432,5865400,5.900000095367432
3/8/2019,5.699999809265137,5.760000228881836,5.590000152587891,5.679999828338623,4825300,5.679999828338623
3/7/2019,6.03000020980835,6.110000133514404,5.699999809265137,5.75,7456400,5.75
3/6/2019,5.949999809265137,6.199999809265137,5.949999809265137,6.03000020980835,7496800,6.03000020980835
3/5/2019,5.940000057220459,6.034999847412109,5.869999885559082,5.920000076293945,5987300,5.920000076293945
3/4/2019,6.179999828338623,6.215000152587891,5.880000114440918,5.940000057220459,8744000,5.940000057220459
3/1/2019,5.989999771118164,6.230000019073486,5.960000038146973,6.139999866485596,9606300,6.139999866485596
2/28/2019,5.900000095367432,6.050000190734863,5.679999828338623,5.920000076293945,22409600,5.920000076293945
2/27/2019,6.699999809265137,6.960000038146973,6.630000114440918,6.869999885559082,17805400,6.869999885559082
2/26/2019,6.5,6.71999979019165,6.409999847412109,6.610000133514404,8337700,6.610000133514404
2/25/2019,6.71999979019165,6.820000171661377,6.559999942779541,6.559999942779541,7365600,6.559999942779541
2/22/2019,6.510000228881836,6.730000019073486,6.360000133514404,6.699999809265137,4749500,6.699999809265137
2/21/2019,6.650000095367432,6.690000057220459,6.550000190734863,6.630000114440918,4222500,6.630000114440918
2/20/2019,6.400000095367432,6.710000038146973,6.389999866485596,6.639999866485596,6329100,6.639999866485596
2/19/2019,6.380000114440918,6.539999961853027,6.360000133514404,6.380000114440918,4039000,6.380000114440918
2/15/2019,6.510000228881836,6.510000228881836,6.389999866485596,6.409999847412109,3195700,6.409999847412109
2/14/2019,6.400000095367432,6.550000190734863,6.239999771118164,6.46999979019165,3981900,6.46999979019165
2/13/2019,6.670000076293945,6.699999809265137,6.429999828338623,6.449999809265137,4860400,6.449999809265137
2/12/2019,6.699999809265137,6.730000019073486,6.610000133514404,6.670000076293945,3872600,6.670000076293945
2/11/2019,6.510000228881836,6.690000057220459,6.449999809265137,6.659999847412109,4950000,6.659999847412109
2/8/2019,6.389999866485596,6.510000228881836,6.340000152587891,6.489999771118164,3004100,6.489999771118164
2/7/2019,6.380000114440918,6.480000019073486,6.264999866485596,6.449999809265137,3199100,6.449999809265137
2/6/2019,6.360000133514404,6.480000019073486,6.210000038146973,6.429999828338623,4831500,6.429999828338623
2/5/2019,6.150000095367432,6.5,6.110000133514404,6.349999904632568,9903200,6.349999904632568
2/4/2019,6.210000038146973,6.25,6.130000114440918,6.170000076293945,2545600,6.170000076293945
2/1/2019,6.179999828338623,6.230000019073486,6.099999904632568,6.199999809265137,3117500,6.199999809265137
1/31/2019,6.079999923706055,6.25,6.079999923706055,6.170000076293945,4203100,6.170000076293945
1/30/2019,6.110000133514404,6.130000114440918,5.960000038146973,6.099999904632568,3171300,6.099999904632568
1/28/2019,6.130000114440918,6.269999980926514,6.0879998207092285,6.179999828338623,2515800,6.179999828338623
1/25/2019,6.230000019073486,6.28000020980835,6.119999885559082,6.21999979019165,2730600,6.21999979019165
1/24/2019,6.059999942779541,6.271999835968018,6.050000190734863,6.190000057220459,3065000,6.190000057220459
1/22/2019,6.019999980926514,6.135000228881836,5.96999979019165,6.059999942779541,3737100,6.059999942779541
1/18/2019,6.130000114440918,6.190000057220459,6.019999980926514,6.050000190734863,4695300,6.050000190734863
1/17/2019,5.980000019073486,6.119999885559082,5.940000057220459,6.110000133514404,3551900,6.110000133514404
1/16/2019,6.059999942779541,6.150000095367432,6.010000228881836,6.03000020980835,3601500,6.03000020980835
1/15/2019,5.909999847412109,6.070000171661377,5.869999885559082,6.059999942779541,3917000,6.059999942779541
1/14/2019,5.920000076293945,5.989999771118164,5.820000171661377,5.909999847412109,3431200,5.909999847412109
1/11/2019,5.699999809265137,6.110000133514404,5.659999847412109,5.989999771118164,6639000,5.989999771118164
1/10/2019,5.630000114440918,5.730000019073486,5.559999942779541,5.71999979019165,2386100,5.71999979019165
1/9/2019,5.699999809265137,5.809999942779541,5.630000114440918,5.679999828338623,3984900,5.679999828338623
1/8/2019,5.599999904632568,5.710000038146973,5.519999980926514,5.679999828338623,4504500,5.679999828338623
1/7/2019,5.480000019073486,5.570000171661377,5.389999866485596,5.570000171661377,4942300,5.570000171661377
1/4/2019,5.329999923706055,5.559999942779541,5.300000190734863,5.429999828338623,5545900,5.429999828338623
1/3/2019,5.300000190734863,5.380000114440918,5.139999866485596,5.179999828338623,4909400,5.179999828338623
1/2/2019,4.869999885559082,5.429999828338623,4.809999942779541,5.369999885559082,5689900,5.369999885559082
12/31/2018,5.070000171661377,5.119999885559082,4.929999828338623,4.96999979019165,3496800,4.96999979019165
12/28/2018,4.949999809265137,5.179999828338623,4.925000190734863,5.03000020980835,4326300,5.03000020980835
12/27/2018,4.880000114440918,4.982999801635742,4.75,4.940000057220459,5031400,4.940000057220459
12/26/2018,4.690000057220459,4.989999771118164,4.585000038146973,4.980000019073486,5186800,4.980000019073486
12/24/2018,4.71999979019165,4.800000190734863,4.619999885559082,4.619999885559082,3308300,4.619999885559082
12/21/2018,5.005000114440918,5.039999961853027,4.730000019073486,4.800000190734863,8165500,4.800000190734863
12/20/2018,5.050000190734863,5.239999771118164,4.869999885559082,4.989999771118164,5584700,4.989999771118164
12/19/2018,5.099999904632568,5.289999961853027,5.059999942779541,5.099999904632568,6560700,5.099999904632568
12/18/2018,4.869999885559082,5.119999885559082,4.864999771118164,5.079999923706055,6313200,5.079999923706055
12/17/2018,4.869999885559082,5.03000020980835,4.809999942779541,4.829999923706055,4712400,4.829999923706055
12/14/2018,4.78000020980835,4.980000019073486,4.699999809265137,4.900000095367432,4818500,4.900000095367432
12/13/2018,5.010000228881836,5.03000020980835,4.710000038146973,4.789999961853027,6998100,4.789999961853027
12/11/2018,5.070000171661377,5.139999866485596,4.869999885559082,4.960000038146973,5624400,4.960000038146973
12/10/2018,4.949999809265137,5.019999980926514,4.760000228881836,4.96999979019165,5495400,4.96999979019165
12/7/2018,5.119999885559082,5.264999866485596,4.949999809265137,4.980000019073486,4191700,4.980000019073486
12/6/2018,5.119999885559082,5.170000076293945,4.929999828338623,5.150000095367432,6664400,5.150000095367432
12/4/2018,5.519999980926514,5.650000095367432,5.175000190734863,5.210000038146973,5701600,5.210000038146973
12/3/2018,5.659999847412109,5.710000038146973,5.46999979019165,5.539999961853027,5374100,5.539999961853027
11/30/2018,5.369999885559082,5.510000228881836,5.315000057220459,5.510000228881836,3560000,5.510000228881836
11/29/2018,5.400000095367432,5.489999771118164,5.360000133514404,5.380000114440918,2399000,5.380000114440918
11/28/2018,5.369999885559082,5.440000057220459,5.260000228881836,5.409999847412109,4352900,5.409999847412109
11/27/2018,5.409999847412109,5.46999979019165,5.289999961853027,5.340000152587891,3175600,5.340000152587891
11/26/2018,5.449999809265137,5.5,5.380000114440918,5.46999979019165,2814700,5.46999979019165
11/23/2018,5.300000190734863,5.480000019073486,5.300000190734863,5.380000114440918,1931200,5.380000114440918
11/21/2018,5.199999809265137,5.449999809265137,5.179999828338623,5.329999923706055,3363600,5.329999923706055
11/20/2018,5.210000038146973,5.315000057220459,5.099999904632568,5.119999885559082,6097900,5.119999885559082
11/19/2018,5.570000171661377,5.579999923706055,5.309999942779541,5.309999942779541,5255500,5.309999942779541
11/16/2018,5.590000152587891,5.690000057220459,5.510000228881836,5.610000133514404,3926800,5.610000133514404
11/15/2018,5.610000133514404,5.670000076293945,5.414999961853027,5.659999847412109,4779500,5.659999847412109
11/14/2018,5.860000133514404,5.929999828338623,5.599999904632568,5.610000133514404,5033000,5.610000133514404
11/13/2018,5.75,5.949999809265137,5.679999828338623,5.760000228881836,5733600,5.760000228881836
11/12/2018,5.920000076293945,5.949999809265137,5.619999885559082,5.739999771118164,6228500,5.739999771118164
11/9/2018,6.28000020980835,6.309999942779541,5.900000095367432,5.960000038146973,7689400,5.960000038146973
11/8/2018,6.260000228881836,6.460000038146973,6.170000076293945,6.360000133514404,5426300,6.360000133514404
11/7/2018,6.28000020980835,6.400000095367432,6.159999847412109,6.309999942779541,6002400,6.309999942779541
11/6/2018,5.889999866485596,6.269999980926514,5.860000133514404,6.239999771118164,9789800,6.239999771118164
11/5/2018,6.070000171661377,6.150000095367432,5.760000228881836,5.900000095367432,9872000,5.900000095367432
11/2/2018,5.96999979019165,6.199999809265137,5.789999961853027,6.099999904632568,16717300,6.099999904632568
11/1/2018,5.480000019073486,6.199999809265137,5.449999809265137,5.949999809265137,48953800,5.949999809265137
10/31/2018,4.53000020980835,4.829999923706055,4.53000020980835,4.730000019073486,10885000,4.730000019073486
10/30/2018,4.309999942779541,4.5,4.260000228881836,4.420000076293945,6041000,4.420000076293945
10/29/2018,4.619999885559082,4.71999979019165,4.230000019073486,4.329999923706055,8974900,4.329999923706055
10/26/2018,4.590000152587891,4.679999828338623,4.400000095367432,4.559999942779541,6306400,4.559999942779541
10/25/2018,4.619999885559082,4.710000038146973,4.53000020980835,4.670000076293945,3697400,4.670000076293945
10/24/2018,4.800000190734863,4.849999904632568,4.570000171661377,4.579999923706055,5520100,4.579999923706055
10/23/2018,4.699999809265137,4.869999885559082,4.599999904632568,4.809999942779541,4237400,4.809999942779541
10/22/2018,4.789999961853027,4.829999923706055,4.630000114440918,4.820000171661377,3588300,4.820000171661377
10/19/2018,4.860000133514404,4.900000095367432,4.71999979019165,4.75,3518200,4.75
10/18/2018,4.949999809265137,4.994999885559082,4.800000190734863,4.840000152587891,3425700,4.840000152587891
10/17/2018,5.059999942779541,5.059999942779541,4.885000228881836,4.980000019073486,4597500,4.980000019073486
10/16/2018,4.880000114440918,5.079999923706055,4.789999961853027,5.079999923706055,6439400,5.079999923706055
10/15/2018,4.599999904632568,5.050000190734863,4.599999904632568,4.840000152587891,7920300,4.840000152587891
10/12/2018,4.829999923706055,4.889999866485596,4.53000020980835,4.619999885559082,9363100,4.619999885559082
10/11/2018,4.610000133514404,4.75,4.460000038146973,4.5,11718700,4.5
10/9/2018,5.050000190734863,5.170000076293945,4.929999828338623,4.940000057220459,4498900,4.940000057220459
10/8/2018,5.039999961853027,5.179999828338623,4.929999828338623,5.070000171661377,4926900,5.070000171661377
10/5/2018,5.019999980926514,5.210000038146973,4.992000102996826,5.039999961853027,6331700,5.039999961853027
10/3/2018,5.159999847412109,5.21999979019165,5.019999980926514,5.139999866485596,8358700,5.139999866485596
10/2/2018,5.340000152587891,5.400000095367432,5.110000133514404,5.110000133514404,5782400,5.110000133514404
10/1/2018,5.400000095367432,5.420000076293945,5.28000020980835,5.349999904632568,6025800,5.349999904632568
9/28/2018,5.53000020980835,5.579999923706055,5.349999904632568,5.349999904632568,5334500,5.349999904632568
9/27/2018,5.519999980926514,5.610000133514404,5.449999809265137,5.550000190734863,3582300,5.550000190734863
9/26/2018,5.710000038146973,5.739999771118164,5.5,5.510000228881836,4532300,5.510000228881836
9/25/2018,5.659999847412109,5.78000020980835,5.610000133514404,5.690000057220459,4134400,5.690000057220459
9/24/2018,5.900000095367432,5.909999847412109,5.630000114440918,5.659999847412109,4998500,5.659999847412109
9/21/2018,6.070000171661377,6.110000133514404,5.909999847412109,5.940000057220459,5706700,5.940000057220459
9/19/2018,6.159999847412109,6.260000228881836,5.820000171661377,6.110000133514404,11634300,6.110000133514404
9/18/2018,5.449999809265137,5.849999904632568,5.445000171661377,5.800000190734863,5154300,5.800000190734863
9/17/2018,5.480000019073486,5.539999961853027,5.320000171661377,5.449999809265137,6283600,5.449999809265137
9/14/2018,5.590000152587891,5.59499979019165,5.400000095367432,5.510000228881836,6188000,5.510000228881836
9/13/2018,5.619999885559082,5.699999809265137,5.510000228881836,5.639999866485596,6019700,5.639999866485596
9/12/2018,5.929999828338623,6.03000020980835,5.510000228881836,5.53000020980835,8900200,5.53000020980835
9/11/2018,5.889999866485596,5.949999809265137,5.769999980926514,5.940000057220459,2999400,5.940000057220459
9/10/2018,5.909999847412109,5.989999771118164,5.880000114440918,5.920000076293945,3332700,5.920000076293945
9/7/2018,5.789999961853027,5.96999979019165,5.769999980926514,5.869999885559082,2315700,5.869999885559082
9/6/2018,5.880000114440918,5.940000057220459,5.769999980926514,5.840000152587891,3085200,5.840000152587891
9/5/2018,5.829999923706055,5.960000038146973,5.800000190734863,5.880000114440918,3915900,5.880000114440918
9/4/2018,6.099999904632568,6.125,5.78000020980835,5.829999923706055,4801800,5.829999923706055
8/31/2018,6.059999942779541,6.110000133514404,5.900000095367432,6.019999980926514,7963300,6.019999980926514
8/30/2018,6.269999980926514,6.269999980926514,5.96999979019165,6.059999942779541,5208000,6.059999942779541
8/29/2018,6.260000228881836,6.309999942779541,6.090000152587891,6.289999961853027,4910500,6.289999961853027
8/28/2018,6.269999980926514,6.380000114440918,6.230000019073486,6.260000228881836,2501800,6.260000228881836
8/24/2018,6.059999942779541,6.099999904632568,5.949999809265137,6.039999961853027,4213700,6.039999961853027
8/23/2018,6.059999942779541,6.139999866485596,6.03000020980835,6.070000171661377,3686000,6.070000171661377
8/22/2018,6.070000171661377,6.179999828338623,6.050000190734863,6.059999942779541,3085300,6.059999942779541
8/21/2018,6.019999980926514,6.199999809265137,5.940000057220459,6.079999923706055,6367700,6.079999923706055
8/20/2018,5.71999979019165,6.050000190734863,5.71999979019165,6.010000228881836,6626600,6.010000228881836
8/17/2018,5.449999809265137,5.75,5.380000114440918,5.699999809265137,3795900,5.699999809265137
8/16/2018,5.320000171661377,5.489999771118164,5.320000171661377,5.460000038146973,2984900,5.460000038146973
8/15/2018,5.389999866485596,5.409999847412109,5.159999847412109,5.28000020980835,6111100,5.28000020980835
8/14/2018,5.409999847412109,5.489999771118164,5.389999866485596,5.420000076293945,2584600,5.420000076293945
8/13/2018,5.539999961853027,5.590000152587891,5.380000114440918,5.400000095367432,3750600,5.400000095367432
8/10/2018,5.570000171661377,5.630000114440918,5.519999980926514,5.519999980926514,2652600,5.519999980926514
8/9/2018,5.599999904632568,5.744999885559082,5.552999973297119,5.619999885559082,3023300,5.619999885559082
8/8/2018,5.590000152587891,5.789999961853027,5.550000190734863,5.599999904632568,4831400,5.599999904632568
8/7/2018,5.449999809265137,5.579999923706055,5.400000095367432,5.559999942779541,4946100,5.559999942779541
8/6/2018,5.46999979019165,5.539999961853027,5.329999923706055,5.449999809265137,7134200,5.449999809265137
8/3/2018,5.46999979019165,5.581999778747559,5.440000057220459,5.460000038146973,4297500,5.460000038146973
8/2/2018,6.099999904632568,6.139999866485596,5.300000190734863,5.449999809265137,20489800,5.449999809265137
8/1/2018,6.050000190734863,6.070000171661377,5.78000020980835,5.920000076293945,14457300,5.920000076293945
7/31/2018,5.71999979019165,6.03000020980835,5.710000038146973,5.929999828338623,5781500,5.929999828338623
7/30/2018,5.730000019073486,5.869999885559082,5.670000076293945,5.71999979019165,4597700,5.71999979019165
7/27/2018,5.980000019073486,6.03000020980835,5.699999809265137,5.75,5709200,5.75
7/26/2018,5.960000038146973,6.070000171661377,5.860000133514404,5.980000019073486,4157300,5.980000019073486
7/25/2018,5.989999771118164,6.085000038146973,5.949999809265137,5.96999979019165,3921700,5.96999979019165
7/23/2018,6.099999904632568,6.139999866485596,5.940000057220459,6.019999980926514,6255300,6.019999980926514
7/20/2018,6.519999980926514,6.519999980926514,6.050000190734863,6.070000171661377,8313800,6.070000171661377
7/19/2018,6.639999866485596,6.639999866485596,6.510000228881836,6.519999980926514,3686300,6.519999980926514
7/18/2018,6.730000019073486,6.75,6.619999885559082,6.650000095367432,2644000,6.650000095367432
7/17/2018,6.630000114440918,6.789999961853027,6.599999904632568,6.739999771118164,3240400,6.739999771118164
7/16/2018,6.639999866485596,6.690000057220459,6.545000076293945,6.670000076293945,2269400,6.670000076293945
7/13/2018,6.639999866485596,6.78000020980835,6.574999809265137,6.650000095367432,2949600,6.650000095367432
7/12/2018,6.659999847412109,6.699999809265137,6.539999961853027,6.650000095367432,2925600,6.650000095367432
7/11/2018,6.860000133514404,6.925000190734863,6.579999923706055,6.599999904632568,4284700,6.599999904632568
7/10/2018,7.050000190734863,7.119999885559082,6.880000114440918,6.929999828338623,3130700,6.929999828338623
7/9/2018,6.960000038146973,7.110000133514404,6.860000133514404,7.050000190734863,4843600,7.050000190734863
7/6/2018,6.610000133514404,6.869999885559082,6.599999904632568,6.860000133514404,4304000,6.860000133514404
7/5/2018,6.590000152587891,6.619999885559082,6.510000228881836,6.610000133514404,4321200,6.610000133514404
7/3/2018,6.610000133514404,6.650000095367432,6.5,6.539999961853027,1947400,6.539999961853027
7/2/2018,6.5,6.619999885559082,6.329999923706055,6.610000133514404,5650300,6.610000133514404
6/29/2018,6.659999847412109,6.739999771118164,6.53000020980835,6.53000020980835,3063900,6.53000020980835
6/28/2018,6.539999961853027,6.670000076293945,6.420000076293945,6.619999885559082,4174800,6.619999885559082
6/27/2018,6.829999923706055,6.889999866485596,6.46999979019165,6.559999942779541,5963900,6.559999942779541
6/26/2018,6.889999866485596,6.949999809265137,6.75,6.829999923706055,4810300,6.829999923706055
6/25/2018,6.909999847412109,6.929999828338623,6.670000076293945,6.769999980926514,7778200,6.769999980926514
6/22/2018,7.199999809265137,7.224999904632568,6.900000095367432,7.010000228881836,9468400,7.010000228881836
6/21/2018,7.449999809265137,7.449999809265137,7.110000133514404,7.119999885559082,6379300,7.119999885559082
6/20/2018,7.230000019073486,7.449999809265137,7.190000057220459,7.429999828338623,7603200,7.429999828338623
6/19/2018,7.130000114440918,7.230000019073486,7.03000020980835,7.190000057220459,5413000,7.190000057220459
6/18/2018,7.210000038146973,7.420000076293945,7.199999809265137,7.230000019073486,7322200,7.230000019073486
6/15/2018,7.329999923706055,7.380000114440918,7.139999866485596,7.210000038146973,8218000,7.210000038146973
6/14/2018,7.369999885559082,7.579999923706055,7.159999847412109,7.420000076293945,12589900,7.420000076293945
6/13/2018,7.670000076293945,7.699999809265137,7.275000095367432,7.389999866485596,18368500,7.389999866485596
6/12/2018,7.349999904632568,7.789999961853027,7.150000095367432,7.590000152587891,31243500,7.590000152587891
6/11/2018,6.429999828338623,7.590000152587891,6.25,7.28000020980835,56876200,7.28000020980835
6/8/2018,6.510000228881836,6.670000076293945,6.119999885559082,6.349999904632568,13604800,6.349999904632568
6/7/2018,6.389999866485596,6.659999847412109,6.360000133514404,6.510000228881836,11428500,6.510000228881836
6/6/2018,6.159999847412109,6.550000190734863,5.809999942779541,6.389999866485596,15926300,6.389999866485596
6/5/2018,5.889999866485596,6.380000114440918,5.869999885559082,6.25,11567800,6.25
6/4/2018,5.670000076293945,5.869999885559082,5.519999980926514,5.860000133514404,6720100,5.860000133514404
6/1/2018,5.480000019073486,5.559999942779541,5.434999942779541,5.519999980926514,3121400,5.519999980926514
5/31/2018,5.400000095367432,5.510000228881836,5.369999885559082,5.429999828338623,2216100,5.429999828338623
5/30/2018,5.429999828338623,5.489999771118164,5.360000133514404,5.389999866485596,2404800,5.389999866485596
5/29/2018,5.480000019073486,5.5,5.239999771118164,5.400000095367432,3414900,5.400000095367432
5/25/2018,5.239999771118164,5.519999980926514,5.23199987411499,5.510000228881836,4415600,5.510000228881836
5/24/2018,5.210000038146973,5.269999980926514,5.170000076293945,5.25,3949900,5.25
5/23/2018,5.230000019073486,5.28000020980835,5.159999847412109,5.21999979019165,2634900,5.21999979019165
5/22/2018,5.25,5.300000190734863,5.21999979019165,5.230000019073486,1789500,5.230000019073486
5/21/2018,5.210000038146973,5.269999980926514,5.179999828338623,5.25,2120500,5.25
5/18/2018,5.210000038146973,5.210000038146973,5.150000095367432,5.190000057220459,2132600,5.190000057220459
5/17/2018,5.210000038146973,5.28000020980835,5.170000076293945,5.190000057220459,2247500,5.190000057220459
5/16/2018,5.179999828338623,5.320000171661377,5.170000076293945,5.199999809265137,2986900,5.199999809265137
5/15/2018,5.139999866485596,5.260000228881836,5.119999885559082,5.260000228881836,2609000,5.260000228881836
5/14/2018,5.230000019073486,5.349999904632568,5.119999885559082,5.190000057220459,3567500,5.190000057220459
5/11/2018,5.289999961853027,5.340000152587891,5.150000095367432,5.210000038146973,3407000,5.210000038146973
5/10/2018,5.340000152587891,5.440000057220459,5.28000020980835,5.289999961853027,3033900,5.289999961853027
5/9/2018,5.059999942779541,5.369999885559082,5.03000020980835,5.360000133514404,4670200,5.360000133514404
5/8/2018,4.960000038146973,5.119999885559082,4.920000076293945,5.079999923706055,4148800,5.079999923706055
5/7/2018,4.96999979019165,4.989999771118164,4.869999885559082,4.980000019073486,4906200,4.980000019073486
5/4/2018,4.889999866485596,5.014999866485596,4.829999923706055,4.949999809265137,5260400,4.949999809265137
5/3/2018,5.21999979019165,5.269999980926514,4.829999923706055,4.840000152587891,14762500,4.840000152587891
5/2/2018,5.510000228881836,5.75,5.440000057220459,5.5,8928400,5.5
5/1/2018,5.510000228881836,5.53000020980835,5.340000152587891,5.5,3412900,5.5
4/30/2018,5.579999923706055,5.820000171661377,5.480000019073486,5.550000190734863,10729800,5.550000190734863
4/27/2018,5.340000152587891,5.359000205993652,5.25,5.300000190734863,2063700,5.300000190734863
4/26/2018,5.239999771118164,5.369999885559082,5.199999809265137,5.360000133514404,2310300,5.360000133514404
4/25/2018,5.269999980926514,5.329999923706055,5.179999828338623,5.230000019073486,2524200,5.230000019073486
4/24/2018,5.150000095367432,5.260000228881836,5.110000133514404,5.25,2378000,5.25
4/23/2018,5.130000114440918,5.170000076293945,5.050000190734863,5.119999885559082,1967100,5.119999885559082
4/20/2018,5.190000057220459,5.210000038146973,5.099999904632568,5.110000133514404,2141700,5.110000133514404
4/19/2018,5.260000228881836,5.320000171661377,5.159999847412109,5.190000057220459,2232800,5.190000057220459
4/18/2018,5.300000190734863,5.340000152587891,5.170000076293945,5.28000020980835,2937800,5.28000020980835
4/17/2018,5.380000114440918,5.429999828338623,5.260000228881836,5.269999980926514,3352300,5.269999980926514
4/16/2018,5.349999904632568,5.429999828338623,5.284999847412109,5.320000171661377,4904900,5.320000171661377
4/13/2018,5.320000171661377,5.440000057220459,5.300000190734863,5.340000152587891,4127900,5.340000152587891
4/12/2018,5.199999809265137,5.340000152587891,5.164999961853027,5.320000171661377,3171800,5.320000171661377
4/11/2018,4.849999904632568,5.179999828338623,4.840000152587891,5.170000076293945,3309400,5.170000076293945
4/10/2018,4.869999885559082,4.994999885559082,4.849999904632568,4.960000038146973,2875500,4.960000038146973
4/9/2018,4.820000171661377,4.860000133514404,4.75,4.829999923706055,2244000,4.829999923706055
4/6/2018,4.880000114440918,4.989999771118164,4.71999979019165,4.789999961853027,2960500,4.789999961853027
4/5/2018,4.800000190734863,4.920000076293945,4.769999980926514,4.909999847412109,2989400,4.909999847412109
4/4/2018,4.550000190734863,4.809999942779541,4.519999980926514,4.78000020980835,4838000,4.78000020980835
4/3/2018,4.579999923706055,4.659999847412109,4.514999866485596,4.639999866485596,5118300,4.639999866485596
4/2/2018,4.829999923706055,4.849999904632568,4.510000228881836,4.619999885559082,15570700,4.619999885559082
3/29/2018,4.949999809265137,5.179999828338623,4.940000057220459,5.099999904632568,4907300,5.099999904632568
3/26/2018,5.079999923706055,5.099999904632568,4.860000133514404,4.949999809265137,4023500,4.949999809265137
3/23/2018,5.119999885559082,5.190000057220459,4.909999847412109,4.940000057220459,4957900,4.940000057220459
3/22/2018,5.179999828338623,5.239999771118164,5.079999923706055,5.110000133514404,3205600,5.110000133514404
3/21/2018,5.320000171661377,5.369999885559082,5.210000038146973,5.269999980926514,3165600,5.269999980926514
3/20/2018,5.380000114440918,5.409999847412109,5.260000228881836,5.28000020980835,3225200,5.28000020980835
3/19/2018,5.409999847412109,5.429999828338623,5.260000228881836,5.369999885559082,4329700,5.369999885559082
3/16/2018,5.25,5.289999961853027,5.170000076293945,5.260000228881836,2890000,5.260000228881836
3/15/2018,5.329999923706055,5.329999923706055,5.15500020980835,5.25,2992300,5.25
3/14/2018,5.409999847412109,5.449999809265137,5.300000190734863,5.309999942779541,3279300,5.309999942779541
3/13/2018,5.340000152587891,5.460000038146973,5.320000171661377,5.389999866485596,6593400,5.389999866485596
3/12/2018,5.230000019073486,5.349999904632568,5.199999809265137,5.309999942779541,4881600,5.309999942779541
3/9/2018,5.130000114440918,5.210000038146973,5.070000171661377,5.190000057220459,3891000,5.190000057220459
3/8/2018,5.239999771118164,5.300000190734863,5.03000020980835,5.119999885559082,4601400,5.119999885559082
3/7/2018,5.179999828338623,5.269999980926514,5.119999885559082,5.260000228881836,3650900,5.260000228881836
3/6/2018,5.139999866485596,5.289999961853027,5.130000114440918,5.239999771118164,6153900,5.239999771118164
3/5/2018,4.889999866485596,5.195000171661377,4.889999866485596,5.130000114440918,7155200,5.130000114440918
3/1/2018,4.78000020980835,4.829999923706055,4.679999828338623,4.800000190734863,7295000,4.800000190734863
2/28/2018,4.820000171661377,4.889999866485596,4.75,4.78000020980835,9636900,4.78000020980835
2/27/2018,4.800000190734863,5.090000152587891,4.670000076293945,4.860000133514404,38413500,4.860000133514404
2/26/2018,5.380000114440918,5.610000133514404,5.349999904632568,5.539999961853027,16186900,5.539999961853027
2/23/2018,5.239999771118164,5.329999923706055,5.21999979019165,5.28000020980835,4484300,5.28000020980835
2/22/2018,5.429999828338623,5.460000038146973,5.190000057220459,5.199999809265137,4545200,5.199999809265137
2/21/2018,5.46999979019165,5.550000190734863,5.400000095367432,5.409999847412109,3164300,5.409999847412109
2/20/2018,5.440000057220459,5.539999961853027,5.409999847412109,5.440000057220459,3317500,5.440000057220459
2/16/2018,5.380000114440918,5.480000019073486,5.349999904632568,5.46999979019165,3732800,5.46999979019165
2/15/2018,5.610000133514404,5.630000114440918,5.369999885559082,5.409999847412109,4979600,5.409999847412109
2/14/2018,5.239999771118164,5.690000057220459,5.150000095367432,5.590000152587891,12145600,5.590000152587891
2/13/2018,5.130000114440918,5.210000038146973,5.059999942779541,5.110000133514404,5138900,5.110000133514404
2/12/2018,5.179999828338623,5.199999809265137,5.03000020980835,5.179999828338623,4269900,5.179999828338623
2/9/2018,5.159999847412109,5.210000038146973,4.900000095367432,5.139999866485596,8393300,5.139999866485596
2/8/2018,5.260000228881836,5.300000190734863,5.085000038146973,5.099999904632568,4279200,5.099999904632568
2/7/2018,5.210000038146973,5.289999961853027,5.178999900817871,5.25,3107600,5.25
2/5/2018,5.159999847412109,5.28000020980835,5.03000020980835,5.03000020980835,5335200,5.03000020980835
2/2/2018,5.170000076293945,5.300000190734863,5.090000152587891,5.199999809265137,4658100,5.199999809265137
2/1/2018,5.130000114440918,5.25,5.079999923706055,5.199999809265137,4198000,5.199999809265137
1/31/2018,5.329999923706055,5.35099983215332,5.110000133514404,5.150000095367432,5612800,5.150000095367432
1/30/2018,5.190000057220459,5.28000020980835,5.079999923706055,5.199999809265137,6282800,5.199999809265137
1/29/2018,5.260000228881836,5.283999919891357,5.150000095367432,5.199999809265137,5944800,5.199999809265137
1/26/2018,5.429999828338623,5.440000057220459,5.230000019073486,5.28000020980835,6400200,5.28000020980835
1/25/2018,5.53000020980835,5.53000020980835,5.360000133514404,5.420000076293945,4342200,5.420000076293945
1/24/2018,5.550000190734863,5.614999771118164,5.449999809265137,5.489999771118164,4574300,5.489999771118164
1/23/2018,5.579999923706055,5.650000095367432,5.489999771118164,5.550000190734863,5382400,5.550000190734863
1/22/2018,5.510000228881836,5.599999904632568,5.369999885559082,5.599999904632568,7160600,5.599999904632568
1/19/2018,5.519999980926514,5.59499979019165,5.46999979019165,5.559999942779541,5310000,5.559999942779541
1/18/2018,5.619999885559082,5.619999885559082,5.510000228881836,5.53000020980835,3653900,5.53000020980835
1/17/2018,5.519999980926514,5.679999828338623,5.480000019073486,5.630000114440918,6754300,5.630000114440918
1/16/2018,5.690000057220459,5.690000057220459,5.480000019073486,5.510000228881836,5166600,5.510000228881836
1/12/2018,5.739999771118164,5.789999961853027,5.599999904632568,5.639999866485596,6743400,5.639999866485596
1/11/2018,5.610000133514404,5.739999771118164,5.550000190734863,5.71999979019165,5937100,5.71999979019165
1/10/2018,5.610000133514404,5.65500020980835,5.539999961853027,5.590000152587891,4027000,5.590000152587891
1/9/2018,5.679999828338623,5.699999809265137,5.5,5.659999847412109,5955900,5.659999847412109
1/8/2018,5.900000095367432,5.960000038146973,5.585000038146973,5.650000095367432,10760400,5.650000095367432
1/5/2018,6.119999885559082,6.119999885559082,5.849999904632568,5.900000095367432,8222700,5.900000095367432
1/4/2018,6.159999847412109,6.190000057220459,5.929999828338623,5.980000019073486,5327900,5.980000019073486
1/2/2018,5.78000020980835,6.039999961853027,5.739999771118164,6.010000228881836,6280600,6.010000228881836
12/29/2017,5.920000076293945,5.940000057220459,5.699999809265137,5.710000038146973,5496300,5.710000038146973
12/28/2017,5.880000114440918,5.949999809265137,5.829999923706055,5.909999847412109,3326400,5.909999847412109
12/27/2017,5.949999809265137,6.054999828338623,5.869999885559082,5.889999866485596,4979100,5.889999866485596
12/26/2017,6.010000228881836,6.070000171661377,5.920000076293945,5.96999979019165,2957600,5.96999979019165
12/22/2017,6.019999980926514,6.050000190734863,5.920000076293945,6.010000228881836,5367600,6.010000228881836
12/21/2017,6.179999828338623,6.199999809265137,6.050000190734863,6.059999942779541,5047500,6.059999942779541
12/20/2017,6.21999979019165,6.229000091552734,6.079999923706055,6.190000057220459,3106900,6.190000057220459
12/19/2017,6.389999866485596,6.449999809265137,6.099999904632568,6.179999828338623,7276500,6.179999828338623
12/18/2017,6.28000020980835,6.429999828338623,6.25,6.389999866485596,4369100,6.389999866485596
12/15/2017,6.380000114440918,6.429999828338623,6.059999942779541,6.300000190734863,14843000,6.300000190734863
12/12/2017,7.179999828338623,7.2210001945495605,6.929999828338623,6.989999771118164,4568600,6.989999771118164
12/11/2017,7.010000228881836,7.320000171661377,6.929999828338623,7.139999866485596,7104100,7.139999866485596
12/8/2017,6.829999923706055,6.989999771118164,6.769999980926514,6.96999979019165,4598100,6.96999979019165
12/7/2017,6.739999771118164,6.929999828338623,6.730000019073486,6.78000020980835,3191800,6.78000020980835
12/6/2017,6.639999866485596,6.789999961853027,6.550000190734863,6.78000020980835,2952800,6.78000020980835
12/5/2017,6.824999809265137,6.848999977111816,6.659999847412109,6.659999847412109,3766700,6.659999847412109
12/4/2017,6.840000152587891,6.900000095367432,6.630000114440918,6.690000057220459,3953800,6.690000057220459
12/1/2017,6.840000152587891,6.929999828338623,6.710000038146973,6.769999980926514,4741800,6.769999980926514
11/30/2017,6.78000020980835,6.949999809265137,6.739999771118164,6.860000133514404,4786800,6.860000133514404
11/29/2017,6.78000020980835,6.949999809265137,6.630000114440918,6.739999771118164,5168900,6.739999771118164
11/28/2017,6.630000114440918,6.75,6.570000171661377,6.739999771118164,2802600,6.739999771118164
11/27/2017,6.710000038146973,6.730000019073486,6.550000190734863,6.619999885559082,4046200,6.619999885559082
11/24/2017,6.690000057220459,6.775000095367432,6.650000095367432,6.710000038146973,1973300,6.710000038146973
11/22/2017,6.489999771118164,6.739999771118164,6.449999809265137,6.650000095367432,6209300,6.650000095367432
11/21/2017,6.380000114440918,6.539999961853027,6.369999885559082,6.480000019073486,4226300,6.480000019073486
11/20/2017,6.25,6.400000095367432,6.224999904632568,6.369999885559082,4838700,6.369999885559082
11/16/2017,6.039999961853027,6.159999847412109,5.994999885559082,6.03000020980835,4260100,6.03000020980835
11/15/2017,5.920000076293945,6.25,5.920000076293945,6.130000114440918,6042000,6.130000114440918
11/10/2017,5.809999942779541,5.980000019073486,5.800000190734863,5.929999828338623,4000700,5.929999828338623
11/9/2017,5.869999885559082,5.929999828338623,5.789999961853027,5.809999942779541,5875300,5.809999942779541
11/8/2017,6.03000020980835,6.050000190734863,5.860000133514404,5.880000114440918,4937100,5.880000114440918
11/3/2017,5.96999979019165,6.070000171661377,5.949999809265137,6.019999980926514,4369500,6.019999980926514
11/2/2017,6.079999923706055,6.079999923706055,5.610000133514404,5.96999979019165,11551200,5.96999979019165
11/1/2017,6.25,6.380000114440918,6.199999809265137,6.25,10553100,6.25
10/31/2017,6.110000133514404,6.239999771118164,6.110000133514404,6.139999866485596,5549200,6.139999866485596
10/30/2017,6.039999961853027,6.210000038146973,6.03000020980835,6.099999904632568,3669700,6.099999904632568
10/27/2017,6.03000020980835,6.159999847412109,6.019999980926514,6.059999942779541,4573000,6.059999942779541
10/26/2017,6.099999904632568,6.119999885559082,5.960000038146973,6.03000020980835,3463400,6.03000020980835
10/25/2017,6.099999904632568,6.130000114440918,5.880000114440918,6.110000133514404,5343400,6.110000133514404
10/24/2017,6.110000133514404,6.21999979019165,6.03000020980835,6.059999942779541,4746100,6.059999942779541
10/23/2017,6.150000095367432,6.170000076293945,6.039999961853027,6.070000171661377,3742500,6.070000171661377
10/20/2017,6.21999979019165,6.309999942779541,6.119999885559082,6.119999885559082,6009400,6.119999885559082
10/19/2017,6.289999961853027,6.349999904632568,6.090000152587891,6.110000133514404,6682600,6.110000133514404
10/18/2017,6.449999809265137,6.525000095367432,6.320000171661377,6.349999904632568,5290300,6.349999904632568
10/17/2017,6.539999961853027,6.630000114440918,6.349999904632568,6.420000076293945,5191500,6.420000076293945
10/16/2017,6.650000095367432,6.739999771118164,6.510000228881836,6.519999980926514,4408200,6.519999980926514
10/13/2017,6.739999771118164,6.760000228881836,6.610000133514404,6.619999885559082,3121900,6.619999885559082
10/12/2017,6.559999942779541,6.795000076293945,6.550000190734863,6.690000057220459,5786500,6.690000057220459
10/11/2017,6.610000133514404,6.630000114440918,6.53000020980835,6.559999942779541,2500500,6.559999942779541
10/10/2017,6.599999904632568,6.639999866485596,6.5,6.610000133514404,3393100,6.610000133514404
10/9/2017,6.519999980926514,6.699999809265137,6.508999824523926,6.590000152587891,4793500,6.590000152587891
10/6/2017,6.460000038146973,6.570000171661377,6.420000076293945,6.510000228881836,3247900,6.510000228881836
10/5/2017,6.53000020980835,6.599999904632568,6.400000095367432,6.460000038146973,5362700,6.460000038146973
10/4/2017,6.670000076293945,6.7179999351501465,6.5,6.519999980926514,4889700,6.519999980926514
10/3/2017,6.710000038146973,6.855000019073486,6.559999942779541,6.659999847412109,9016400,6.659999847412109
10/2/2017,6.940000057220459,6.949999809265137,6.800000190734863,6.900000095367432,4640000,6.900000095367432
9/29/2017,6.929999828338623,6.980000019073486,6.800000190734863,6.960000038146973,6067000,6.960000038146973
9/28/2017,7.050000190734863,7.059999942779541,6.800000190734863,6.909999847412109,6445400,6.909999847412109
9/27/2017,6.650000095367432,7.090000152587891,6.639999866485596,6.980000019073486,10356200,6.980000019073486
9/26/2017,6.440000057220459,6.590000152587891,6.434000015258789,6.570000171661377,6169900,6.570000171661377
9/25/2017,6.340000152587891,6.570000171661377,6.340000152587891,6.440000057220459,5322600,6.440000057220459
9/22/2017,6.260000228881836,6.409999847412109,6.230000019073486,6.309999942779541,3451000,6.309999942779541
9/21/2017,6.289999961853027,6.429999828338623,6.230999946594238,6.289999961853027,4919500,6.289999961853027
9/20/2017,6.230000019073486,6.349999904632568,6.199999809265137,6.269999980926514,5804300,6.269999980926514
9/19/2017,6.510000228881836,6.559999942779541,6.210000038146973,6.239999771118164,7987200,6.239999771118164
9/18/2017,6.610000133514404,6.679999828338623,6.505000114440918,6.559999942779541,4622000,6.559999942779541
9/15/2017,6.869999885559082,6.869999885559082,6.5,6.590000152587891,10684600,6.590000152587891
9/14/2017,6.75,6.900000095367432,6.570000171661377,6.880000114440918,10519900,6.880000114440918
9/13/2017,6.21999979019165,6.75,6.21999979019165,6.650000095367432,10587700,6.650000095367432
9/12/2017,6.199999809265137,6.46999979019165,6.090000152587891,6.260000228881836,9442100,6.260000228881836
9/11/2017,6.360000133514404,6.420000076293945,6.199999809265137,6.260000228881836,6225700,6.260000228881836
9/8/2017,6.639999866485596,6.769999980926514,6.269999980926514,6.289999961853027,10496800,6.289999961853027
9/7/2017,6.159999847412109,6.78000020980835,6.139999866485596,6.489999771118164,20996000,6.489999771118164
9/6/2017,5.909999847412109,6.019999980926514,5.840000152587891,5.909999847412109,3758100,5.909999847412109
9/5/2017,5.800000190734863,5.880000114440918,5.690000057220459,5.869999885559082,4549100,5.869999885559082
9/1/2017,6.039999961853027,6.079999923706055,5.860000133514404,5.889999866485596,4697600,5.889999866485596
8/31/2017,6.03000020980835,6.099999904632568,5.980000019073486,6.03000020980835,4597500,6.03000020980835
8/30/2017,5.949999809265137,6.039999961853027,5.809999942779541,5.96999979019165,5297100,5.96999979019165
8/29/2017,5.949999809265137,6.070000171661377,5.920000076293945,5.929999828338623,9041900,5.929999828338623
8/28/2017,5.75,6.170000076293945,5.739999771118164,5.940000057220459,13491700,5.940000057220459
8/25/2017,5.699999809265137,5.829999923706055,5.599999904632568,5.730000019073486,5340500,5.730000019073486
8/24/2017,5.480000019073486,5.769999980926514,5.480000019073486,5.659999847412109,6029700,5.659999847412109
8/23/2017,5.28000020980835,5.510000228881836,5.199999809265137,5.489999771118164,4528400,5.489999771118164
8/22/2017,5.199999809265137,5.364999771118164,5.170000076293945,5.320000171661377,6589500,5.320000171661377
8/21/2017,5.25,5.309999942779541,5.039999961853027,5.059999942779541,7607500,5.059999942779541
8/18/2017,5.21999979019165,5.309999942779541,5.190000057220459,5.230000019073486,4346700,5.230000019073486
8/17/2017,5.429999828338623,5.505000114440918,5.230000019073486,5.260000228881836,6878800,5.260000228881836
8/16/2017,5.519999980926514,5.579999923706055,5.400000095367432,5.480000019073486,5038700,5.480000019073486
8/15/2017,5.690000057220459,5.809999942779541,5.510000228881836,5.519999980926514,5245700,5.519999980926514
8/14/2017,5.630000114440918,5.800000190734863,5.579999923706055,5.690000057220459,5619800,5.690000057220459
8/11/2017,5.619999885559082,5.690000057220459,5.480000019073486,5.570000171661377,5625700,5.570000171661377
8/10/2017,5.869999885559082,6.010000228881836,5.599999904632568,5.639999866485596,7642800,5.639999866485596
8/9/2017,5.840000152587891,6.050000190734863,5.78000020980835,5.929999828338623,5807600,5.929999828338623
8/8/2017,5.670000076293945,6.090000152587891,5.670000076293945,5.889999866485596,11080700,5.889999866485596
8/7/2017,5.610000133514404,5.809999942779541,5.570000171661377,5.730000019073486,5767500,5.730000019073486
8/4/2017,5.820000171661377,5.889999866485596,5.610000133514404,5.630000114440918,11167300,5.630000114440918
8/3/2017,5.400000095367432,5.900000095367432,5.300000190734863,5.840000152587891,24466700,5.840000152587891
8/1/2017,5.159999847412109,5.210000038146973,5.019999980926514,5.079999923706055,6013000,5.079999923706055
7/31/2017,5.239999771118164,5.260000228881836,5.099999904632568,5.159999847412109,4103800,5.159999847412109
7/28/2017,5.230000019073486,5.320000171661377,5.210000038146973,5.21999979019165,3845800,5.21999979019165
7/27/2017,5.420000076293945,5.420000076293945,5.170000076293945,5.269999980926514,8687100,5.269999980926514
7/26/2017,5.710000038146973,5.755000114440918,5.389999866485596,5.400000095367432,7822300,5.400000095367432
7/25/2017,5.599999904632568,5.789999961853027,5.590000152587891,5.769999980926514,4092400,5.769999980926514
7/24/2017,5.619999885559082,5.670000076293945,5.519999980926514,5.630000114440918,3409400,5.630000114440918
7/21/2017,5.78000020980835,5.809999942779541,5.590000152587891,5.610000133514404,3641500,5.610000133514404
7/20/2017,5.75,5.840000152587891,5.7129998207092285,5.760000228881836,3272500,5.760000228881836
7/19/2017,5.670000076293945,5.78000020980835,5.619999885559082,5.769999980926514,3039300,5.769999980926514
7/18/2017,5.710000038146973,5.769999980926514,5.510000228881836,5.670000076293945,7603400,5.670000076293945
7/17/2017,5.760000228881836,5.940000057220459,5.670000076293945,5.71999979019165,5088500,5.71999979019165
7/14/2017,5.670000076293945,5.769999980926514,5.550000190734863,5.769999980926514,4712900,5.769999980926514
7/13/2017,5.320000171661377,5.784999847412109,5.300000190734863,5.690000057220459,10636100,5.690000057220459
7/12/2017,5.239999771118164,5.429999828338623,5.2220001220703125,5.360000133514404,6701200,5.360000133514404
7/11/2017,5.170000076293945,5.239999771118164,5.119999885559082,5.239999771118164,4664000,5.239999771118164
7/10/2017,5.260000228881836,5.300000190734863,5.150000095367432,5.230000019073486,4609000,5.230000019073486
7/7/2017,5.230000019073486,5.340000152587891,5.179999828338623,5.239999771118164,3904200,5.239999771118164
7/6/2017,5.309999942779541,5.369999885559082,5.199999809265137,5.21999979019165,5461200,5.21999979019165
7/5/2017,5.309999942779541,5.360000133514404,5.210000038146973,5.320000171661377,4726800,5.320000171661377
7/3/2017,5.320000171661377,5.380000114440918,5.25,5.320000171661377,2561100,5.320000171661377
6/30/2017,5.400000095367432,5.400000095367432,5.230000019073486,5.309999942779541,5127000,5.309999942779541
6/29/2017,5.320000171661377,5.460000038146973,5.260000228881836,5.400000095367432,4957000,5.400000095367432
6/28/2017,5.329999923706055,5.46999979019165,5.269999980926514,5.300000190734863,4840400,5.300000190734863
6/27/2017,5.460000038146973,5.579999923706055,5.289999961853027,5.309999942779541,7333300,5.309999942779541
6/26/2017,5.190000057220459,5.5,5.130000114440918,5.440000057220459,10918200,5.440000057220459
6/23/2017,5.159999847412109,5.170000076293945,5.019999980926514,5.159999847412109,20386500,5.159999847412109
6/22/2017,4.980000019073486,5.150000095367432,4.900000095367432,5.090000152587891,6166400,5.090000152587891
6/21/2017,5.010000228881836,5.090000152587891,4.96999979019165,4.989999771118164,5686400,4.989999771118164
6/16/2017,5.090000152587891,5.119999885559082,4.989999771118164,5.059999942779541,7144500,5.059999942779541
6/15/2017,5.119999885559082,5.170000076293945,5.079999923706055,5.110000133514404,3632400,5.110000133514404
6/14/2017,5.21999979019165,5.260000228881836,5.119999885559082,5.139999866485596,4436800,5.139999866485596
6/13/2017,5.25,5.289999961853027,5.169000148773193,5.21999979019165,3745900,5.21999979019165
6/12/2017,5.150000095367432,5.309999942779541,5.139999866485596,5.239999771118164,5547900,5.239999771118164
6/9/2017,5.329999923706055,5.349999904632568,5.119999885559082,5.150000095367432,7796800,5.150000095367432
6/8/2017,5.289999961853027,5.409999847412109,5.230000019073486,5.320000171661377,4636100,5.320000171661377
6/7/2017,5.400000095367432,5.489999771118164,5.235000133514404,5.260000228881836,6378400,5.260000228881836
6/6/2017,5.269999980926514,5.440000057220459,5.269999980926514,5.340000152587891,4449100,5.340000152587891
6/5/2017,5.46999979019165,5.510000228881836,5.369999885559082,5.420000076293945,4553400,5.420000076293945
6/2/2017,5.550000190734863,5.550000190734863,5.420000076293945,5.510000228881836,5760000,5.510000228881836
6/1/2017,5.260000228881836,5.699999809265137,5.21999979019165,5.570000171661377,11903500,5.570000171661377
5/31/2017,5.329999923706055,5.349999904632568,5.034999847412109,5.230000019073486,9616300,5.230000019073486
5/30/2017,5.28000020980835,5.429999828338623,5.244999885559082,5.320000171661377,5996600,5.320000171661377
5/26/2017,5.460000038146973,5.489999771118164,5.28000020980835,5.309999942779541,6423500,5.309999942779541
5/25/2017,5.519999980926514,5.545000076293945,5.380000114440918,5.389999866485596,4969000,5.389999866485596
5/24/2017,5.579999923706055,5.635000228881836,5.449999809265137,5.489999771118164,5894000,5.489999771118164
5/23/2017,5.639999866485596,5.679999828338623,5.559999942779541,5.559999942779541,4168700,5.559999942779541
5/22/2017,5.5,5.690000057220459,5.460000038146973,5.610000133514404,4300600,5.610000133514404
5/19/2017,5.440000057220459,5.550000190734863,5.409999847412109,5.5,7156400,5.5
5/18/2017,5.519999980926514,5.610000133514404,5.380000114440918,5.409999847412109,8791800,5.409999847412109
5/17/2017,5.679999828338623,5.718999862670898,5.5,5.559999942779541,7322400,5.559999942779541
5/16/2017,5.769999980926514,5.869999885559082,5.730000019073486,5.739999771118164,7319000,5.739999771118164
5/15/2017,5.769999980926514,5.949999809265137,5.769999980926514,5.900000095367432,5255400,5.900000095367432
5/11/2017,6.099999904632568,6.110000133514404,5.960000038146973,5.980000019073486,6177300,5.980000019073486
5/10/2017,6.230000019073486,6.25,6.050000190734863,6.130000114440918,8504200,6.130000114440918
5/9/2017,6.329999923706055,6.349999904632568,6.110000133514404,6.239999771118164,11158600,6.239999771118164
5/8/2017,6.150000095367432,6.550000190734863,6.139999866485596,6.340000152587891,10198200,6.340000152587891
5/5/2017,6.239999771118164,6.25,6.010000228881836,6.150000095367432,20674500,6.150000095367432
5/4/2017,6.110000133514404,6.800000190734863,6.070000171661377,6.369999885559082,35057900,6.369999885559082
5/3/2017,5.809999942779541,5.860000133514404,5.579999923706055,5.679999828338623,10752200,5.679999828338623
5/2/2017,5.710000038146973,5.840000152587891,5.699999809265137,5.809999942779541,4250300,5.809999942779541
5/1/2017,5.71999979019165,5.769999980926514,5.639999866485596,5.690000057220459,5127900,5.690000057220459
4/28/2017,5.849999904632568,5.920000076293945,5.710000038146973,5.71999979019165,4950200,5.71999979019165
4/27/2017,5.929999828338623,5.960000038146973,5.78000020980835,5.929999828338623,4350700,5.929999828338623
4/26/2017,5.800000190734863,5.989999771118164,5.769999980926514,5.900000095367432,6240200,5.900000095367432
4/25/2017,5.78000020980835,5.809999942779541,5.710000038146973,5.789999961853027,4862600,5.789999961853027
4/24/2017,5.590000152587891,5.730000019073486,5.570000171661377,5.659999847412109,4891900,5.659999847412109
4/21/2017,5.71999979019165,5.739999771118164,5.610000133514404,5.610000133514404,2875600,5.610000133514404
4/20/2017,5.71999979019165,5.75,5.659999847412109,5.71999979019165,3342700,5.71999979019165
4/19/2017,5.639999866485596,5.769999980926514,5.630000114440918,5.699999809265137,6977900,5.699999809265137
4/18/2017,5.460000038146973,5.599999904632568,5.409999847412109,5.570000171661377,4903100,5.570000171661377
4/17/2017,5.369999885559082,5.5,5.369999885559082,5.480000019073486,4139800,5.480000019073486
4/13/2017,5.449999809265137,5.460000038146973,5.320000171661377,5.369999885559082,7362600,5.369999885559082
4/12/2017,5.559999942779541,5.650000095367432,5.420000076293945,5.480000019073486,6217500,5.480000019073486
4/11/2017,5.730000019073486,5.789999961853027,5.559999942779541,5.579999923706055,7599200,5.579999923706055
4/10/2017,5.53000020980835,5.789999961853027,5.489999771118164,5.769999980926514,7029800,5.769999980926514
4/7/2017,5.630000114440918,5.695000171661377,5.5,5.510000228881836,7475300,5.510000228881836
4/6/2017,5.670000076293945,5.75,5.570000171661377,5.659999847412109,6270600,5.659999847412109
4/5/2017,5.71999979019165,5.84499979019165,5.659999847412109,5.710000038146973,8175600,5.710000038146973
4/4/2017,5.789999961853027,5.820000171661377,5.599999904632568,5.659999847412109,5605300,5.659999847412109
4/3/2017,5.929999828338623,5.940000057220459,5.730000019073486,5.820000171661377,8461200,5.820000171661377
3/31/2017,5.849999904632568,5.980000019073486,5.849999904632568,5.920000076293945,5268500,5.920000076293945
3/30/2017,5.860000133514404,5.929999828338623,5.820000171661377,5.840000152587891,4184200,5.840000152587891
3/29/2017,5.75,5.960000038146973,5.75,5.869999885559082,5921200,5.869999885559082
3/28/2017,5.659999847412109,5.789999961853027,5.639999866485596,5.75,5110000,5.75
3/27/2017,5.329999923706055,5.739999771118164,5.309999942779541,5.690000057220459,9502400,5.690000057220459
3/24/2017,5.409999847412109,5.46999979019165,5.329999923706055,5.400000095367432,3911500,5.400000095367432
3/23/2017,5.429999828338623,5.53000020980835,5.380000114440918,5.389999866485596,7079600,5.389999866485596
3/22/2017,5.670000076293945,5.670000076293945,5.380000114440918,5.46999979019165,10988700,5.46999979019165
3/21/2017,5.75,5.900000095367432,5.559999942779541,5.599999904632568,16525700,5.599999904632568
3/20/2017,5.78000020980835,5.840000152587891,5.650000095367432,5.739999771118164,9186000,5.739999771118164
3/17/2017,6.099999904632568,6.099999904632568,5.659999847412109,5.679999828338623,19987900,5.679999828338623
3/16/2017,5.75,6.179999828338623,5.730000019073486,6.099999904632568,14368300,6.099999904632568
3/15/2017,5.53000020980835,5.755000114440918,5.460000038146973,5.699999809265137,8805200,5.699999809265137
3/14/2017,5.599999904632568,5.610000133514404,5.449999809265137,5.539999961853027,8916900,5.539999961853027
3/13/2017,5.78000020980835,5.800000190734863,5.550000190734863,5.639999866485596,15606100,5.639999866485596
3/10/2017,5.889999866485596,5.949999809265137,5.820000171661377,5.860000133514404,6784700,5.860000133514404
3/9/2017,5.900000095367432,5.920000076293945,5.760000228881836,5.849999904632568,7103400,5.849999904632568
3/7/2017,6.070000171661377,6.135000228881836,5.840000152587891,5.889999866485596,7559400,5.889999866485596
3/3/2017,6.159999847412109,6.239999771118164,6.070000171661377,6.070000171661377,6471800,6.070000171661377
3/2/2017,6.159999847412109,6.28000020980835,6.040999889373779,6.139999866485596,11631200,6.139999866485596
3/1/2017,6.25,6.400000095367432,6.199999809265137,6.25,7811200,6.25
2/28/2017,6.320000171661377,6.389999866485596,6.199999809265137,6.210000038146973,8058600,6.210000038146973
2/27/2017,6.150000095367432,6.480000019073486,6.050000190734863,6.380000114440918,12318900,6.380000114440918
2/24/2017,5.96999979019165,6.170000076293945,5.75,6.150000095367432,16425900,6.150000095367432
2/23/2017,5.920000076293945,6.090000152587891,5.71999979019165,6.070000171661377,14400600,6.070000171661377
2/22/2017,6.110000133514404,6.139999866485596,5.800000190734863,5.880000114440918,12318800,5.880000114440918
2/17/2017,6.079999923706055,6.090000152587891,5.909999847412109,5.960000038146973,6654400,5.960000038146973
2/16/2017,5.949999809265137,6.130000114440918,5.900000095367432,6.059999942779541,12384300,6.059999942779541
2/15/2017,5.900000095367432,5.954999923706055,5.860000133514404,5.929999828338623,6606400,5.929999828338623
2/14/2017,5.75,5.940000057220459,5.75,5.860000133514404,6397200,5.860000133514404
2/13/2017,5.909999847412109,5.909999847412109,5.71999979019165,5.730000019073486,7011300,5.730000019073486
2/10/2017,5.75,5.949999809265137,5.75,5.860000133514404,5640200,5.860000133514404
2/9/2017,5.809999942779541,5.809999942779541,5.619999885559082,5.769999980926514,8634500,5.769999980926514
2/8/2017,5.789999961853027,5.829999923706055,5.690000057220459,5.809999942779541,7993600,5.809999942779541
2/6/2017,6.059999942779541,6.090000152587891,5.940000057220459,5.949999809265137,10232700,5.949999809265137
2/1/2017,5.980000019073486,6.010000228881836,5.809999942779541,5.940000057220459,11336800,5.940000057220459
1/31/2017,5.96999979019165,6.039999961853027,5.909999847412109,6.010000228881836,12600400,6.010000228881836
1/30/2017,7.210000038146973,7.210000038146973,5.900000095367432,6.059999942779541,48169500,6.059999942779541
1/27/2017,7.389999866485596,7.389999866485596,7.150000095367432,7.210000038146973,6570400,7.210000038146973
1/26/2017,7.309999942779541,7.46999979019165,7.300000190734863,7.409999847412109,8462400,7.409999847412109
1/25/2017,7.260000228881836,7.329999923706055,7.130000114440918,7.300000190734863,9253800,7.300000190734863
1/24/2017,7.070000171661377,7.289999961853027,7.070000171661377,7.239999771118164,11393700,7.239999771118164
1/23/2017,7.139999866485596,7.199999809265137,7.019999980926514,7.099999904632568,6871100,7.099999904632568
1/20/2017,7.070000171661377,7.139999866485596,6.96999979019165,7.130000114440918,9999800,7.130000114440918
1/19/2017,7.199999809265137,7.260000228881836,7.010000228881836,7.050000190734863,10727000,7.050000190734863
1/18/2017,7.360000133514404,7.369999885559082,7.119999885559082,7.239999771118164,11661700,7.239999771118164
1/17/2017,7.420000076293945,7.590000152587891,7.329999923706055,7.369999885559082,11478200,7.369999885559082
1/13/2017,7.460000038146973,7.619999885559082,7.440000057220459,7.440000057220459,8424000,7.440000057220459
1/12/2017,7.46999979019165,7.489999771118164,7.309999942779541,7.460000038146973,11400300,7.460000038146973
1/11/2017,7.380000114440918,7.46999979019165,7.309999942779541,7.460000038146973,11136100,7.460000038146973
1/10/2017,7.739999771118164,7.739999771118164,7.300000190734863,7.329999923706055,21914100,7.329999923706055
1/9/2017,7.96999979019165,8.039999961853027,7.760000228881836,7.789999961853027,8692100,7.789999961853027
1/6/2017,7.889999866485596,8.029999732971191,7.710000038146973,7.900000095367432,12272700,7.900000095367432
1/5/2017,8.199999809265137,8.229999542236328,7.840000152587891,7.860000133514404,20728800,7.860000133514404
1/4/2017,7.949999809265137,8.399999618530273,7.949999809265137,8.119999885559082,21870200,8.119999885559082
1/3/2017,7.440000057220459,8.0600004196167,7.400000095367432,7.940000057220459,18495400,7.940000057220459
12/30/2016,7.409999847412109,7.489999771118164,7.28000020980835,7.320000171661377,11253400,7.320000171661377
12/29/2016,7.409999847412109,7.489999771118164,7.315000057220459,7.400000095367432,11089600,7.400000095367432
12/28/2016,8.020000457763672,8.079999923706055,7.349999904632568,7.429999828338623,18734400,7.429999828338623
12/27/2016,7.349999904632568,7.96999979019165,7.289999961853027,7.829999923706055,16056200,7.829999923706055
12/23/2016,7.25,7.360000133514404,7.199999809265137,7.289999961853027,7710300,7.289999961853027
12/22/2016,7.309999942779541,7.420000076293945,7.309999942779541,7.349999904632568,8888900,7.349999904632568
12/21/2016,7.420000076293945,7.489999771118164,7.300000190734863,7.360000133514404,11697400,7.360000133514404
12/20/2016,7.5,7.570000171661377,7.420000076293945,7.440000057220459,7213400,7.440000057220459
12/19/2016,7.5,7.550000190734863,7.420000076293945,7.489999771118164,9056300,7.489999771118164
12/16/2016,7.599999904632568,7.690000057220459,7.420000076293945,7.480000019073486,13615900,7.480000019073486
12/15/2016,7.5,7.685999870300293,7.440000057220459,7.590000152587891,8733500,7.590000152587891
12/14/2016,7.659999847412109,7.670000076293945,7.480000019073486,7.5,8882500,7.5
12/13/2016,7.789999961853027,7.875,7.619999885559082,7.650000095367432,7853400,7.650000095367432
12/12/2016,7.800000190734863,7.889999866485596,7.599999904632568,7.730000019073486,9778200,7.730000019073486
12/9/2016,7.949999809265137,7.989999771118164,7.699999809265137,7.820000171661377,10916800,7.820000171661377
12/8/2016,7.840000152587891,7.989999771118164,7.760000228881836,7.920000076293945,10890200,7.920000076293945
12/7/2016,8.210000038146973,8.239999771118164,7.960000038146973,7.96999979019165,8468900,7.96999979019165
12/5/2016,8.180000305175781,8.300000190734863,7.980000019073486,8.029999732971191,12727900,8.029999732971191
12/2/2016,8.399999618530273,8.449999809265137,8.119999885559082,8.140000343322754,8951900,8.140000343322754
12/1/2016,8.399999618530273,8.59000015258789,8.350000381469727,8.420000076293945,8985500,8.420000076293945
11/30/2016,8.3100004196167,8.430000305175781,8.265000343322754,8.359999656677246,7484400,8.359999656677246
11/29/2016,8.449999809265137,8.489999771118164,8.199999809265137,8.279999732971191,8462700,8.279999732971191
11/28/2016,8.5,8.539999961853027,8.364999771118164,8.399999618530273,6674400,8.399999618530273
11/25/2016,8.6899995803833,8.729999542236328,8.479999542236328,8.510000228881836,4275600,8.510000228881836
11/23/2016,8.649999618530273,8.720000267028809,8.420000076293945,8.680000305175781,8623600,8.680000305175781
11/22/2016,8.75,8.779999732971191,8.371000289916992,8.579999923706055,14070500,8.579999923706055
11/21/2016,8.760000228881836,9.050000190734863,8.65999984741211,8.6899995803833,11145500,8.6899995803833
11/18/2016,8.75,8.829999923706055,8.619999885559082,8.75,8202000,8.75
11/17/2016,9.420000076293945,9.420000076293945,8.729999542236328,8.819999694824219,15437100,8.819999694824219
11/16/2016,9.729999542236328,9.75,9.399999618530273,9.460000038146973,8085300,9.460000038146973
11/15/2016,9.59000015258789,9.609999656677246,9.430000305175781,9.5600004196167,5759200,9.5600004196167
11/14/2016,9.479999542236328,9.630000114440918,9.329999923706055,9.420000076293945,7976400,9.420000076293945
11/11/2016,8.970000267028809,9.3100004196167,8.680000305175781,9.220000267028809,10533700,9.220000267028809
11/10/2016,8.550000190734863,9.274999618530273,8.399999618530273,8.859999656677246,25190700,8.859999656677246
11/9/2016,8.430000305175781,8.649999618530273,8.324999809265137,8.550000190734863,14223400,8.550000190734863
11/8/2016,8.5600004196167,8.779999732971191,8.470000267028809,8.699999809265137,9206600,8.699999809265137
11/7/2016,8.899999618530273,8.930000305175781,8.529999732971191,8.6899995803833,11304000,8.6899995803833
11/3/2016,12.8100004196167,12.8100004196167,8.369999885559082,8.510000228881836,72925800,8.510000228881836
11/2/2016,13.050000190734863,13.390000343322754,12.670000076293945,12.8100004196167,17609400,12.8100004196167
11/1/2016,13.220000267028809,13.319999694824219,12.920000076293945,13.0600004196167,7595400,13.0600004196167
10/31/2016,13.489999771118164,13.520000457763672,13.069999694824219,13.260000228881836,6833800,13.260000228881836
10/28/2016,13.729999542236328,14.010000228881836,13.470000267028809,13.489999771118164,7291800,13.489999771118164
10/27/2016,14.260000228881836,14.260000228881836,13.739999771118164,13.779999732971191,4791000,13.779999732971191
10/26/2016,13.699999809265137,14.1899995803833,13.699999809265137,14.100000381469727,5969700,14.100000381469727
10/25/2016,13.84000015258789,13.850000381469727,13.630000114440918,13.779999732971191,4185500,13.779999732971191
10/24/2016,14.199999809265137,14.239999771118164,13.84000015258789,13.850000381469727,4636000,13.850000381469727
10/21/2016,14.09000015258789,14.260000228881836,13.951000213623047,14.199999809265137,4714700,14.199999809265137
10/20/2016,13.989999771118164,14.270000457763672,13.920000076293945,14.149999618530273,5872300,14.149999618530273
10/19/2016,13.539999961853027,14.15999984741211,13.460000038146973,14.0600004196167,7625400,14.0600004196167
10/18/2016,13.199999809265137,13.579999923706055,13.130000114440918,13.539999961853027,5365100,13.539999961853027
10/17/2016,13.279999732971191,13.3100004196167,12.979999542236328,13.100000381469727,4736000,13.100000381469727
10/14/2016,13.380000114440918,13.529999732971191,13.03499984741211,13.100000381469727,8493100,13.100000381469727
10/13/2016,13.260000228881836,13.479999542236328,13.140000343322754,13.34000015258789,5895300,13.34000015258789
10/12/2016,13.470000267028809,13.619999885559082,13.220000267028809,13.420000076293945,6280100,13.420000076293945
10/11/2016,13.930000305175781,14,13.335000038146973,13.489999771118164,10831000,13.489999771118164
10/10/2016,14.140000343322754,14.1899995803833,13.760000228881836,13.899999618530273,8866300,13.899999618530273
10/7/2016,14.479999542236328,14.609999656677246,14,14.039999961853027,10246100,14.039999961853027
10/6/2016,14.899999618530273,14.9399995803833,14.460000038146973,14.609999656677246,6691300,14.609999656677246
10/5/2016,14.770000457763672,15.050000190734863,14.708000183105469,14.770000457763672,6476200,14.770000457763672
10/4/2016,14.800000190734863,15.079999923706055,14.699999809265137,14.720000267028809,5772200,14.720000267028809
10/3/2016,14.880000114440918,15.029999732971191,14.600000381469727,14.779999732971191,6367700,14.779999732971191
9/30/2016,15.100000381469727,15.1899995803833,14.800000190734863,14.84000015258789,8003400,14.84000015258789
9/29/2016,15.789999961853027,15.8100004196167,14.781000137329102,14.819999694824219,24561900,14.819999694824219
9/28/2016,16.579999923706055,16.78499984741211,16.420000076293945,16.700000762939453,4132100,16.700000762939453
9/27/2016,16.530000686645508,16.81999969482422,16.209999084472656,16.530000686645508,5803500,16.530000686645508
9/26/2016,16.829999923706055,16.969999313354492,16.31999969482422,16.479999542236328,6751700,16.479999542236328
9/23/2016,16.739999771118164,17.18000030517578,16.729999542236328,16.979999542236328,8349800,16.979999542236328
9/22/2016,16.5,16.850000381469727,16.40999984741211,16.760000228881836,7689400,16.760000228881836
9/21/2016,16.049999237060547,16.3700008392334,15.850000381469727,16.270000457763672,5861700,16.270000457763672
9/20/2016,16.260000228881836,16.299999237060547,15.800000190734863,15.9399995803833,6067000,15.9399995803833
9/19/2016,16.09000015258789,16.760000228881836,16.09000015258789,16.309999465942383,11913500,16.309999465942383
9/16/2016,15.899999618530273,16.100000381469727,15.729999542236328,15.949999809265137,11588900,15.949999809265137
9/15/2016,14.84000015258789,16.045000076293945,14.84000015258789,16.030000686645508,15509100,16.030000686645508
9/14/2016,14.699999809265137,14.920999526977539,14.649999618530273,14.760000228881836,5353100,14.760000228881836
9/13/2016,14.800000190734863,15,14.600000381469727,14.699999809265137,6938700,14.699999809265137
9/12/2016,14.399999618530273,15.140000343322754,14.35200023651123,14.850000381469727,7854900,14.850000381469727
9/9/2016,14.630000114440918,14.819999694824219,14.42199993133545,14.569999694824219,8148400,14.569999694824219
9/8/2016,14.65999984741211,14.84000015258789,14.460000038146973,14.720000267028809,7885200,14.720000267028809
9/7/2016,15,15.380000114440918,14.6899995803833,14.800000190734863,11748200,14.800000190734863
9/6/2016,15.039999961853027,15.350000381469727,14.92300033569336,15.109999656677246,7806900,15.109999656677246
9/2/2016,15.020000457763672,15.149999618530273,14.819999694824219,14.960000038146973,5810400,14.960000038146973
9/1/2016,15.479999542236328,15.510000228881836,14.680000305175781,14.949999809265137,13782700,14.949999809265137
8/31/2016,15.550000190734863,15.800000190734863,15.350000381469727,15.479999542236328,9591900,15.479999542236328
8/30/2016,15.130000114440918,15.539999961853027,15.029999732971191,15.369999885559082,10353400,15.369999885559082
8/29/2016,14.720000267028809,15.0600004196167,14.479999542236328,14.9399995803833,8689900,14.9399995803833
8/26/2016,14.729999542236328,14.9399995803833,14.470000267028809,14.670000076293945,6227300,14.670000076293945
8/25/2016,14.699999809265137,15.020000457763672,14.699999809265137,14.789999961853027,4525200,14.789999961853027
8/24/2016,15.300000190734863,15.3100004196167,14.720000267028809,14.8100004196167,9103000,14.8100004196167
8/23/2016,14.819999694824219,15.130000114440918,14.800000190734863,14.880000114440918,7813000,14.880000114440918
8/22/2016,14.40999984741211,14.75,14.399999618530273,14.4399995803833,4653200,14.4399995803833
8/19/2016,14.5,14.739999771118164,14.359999656677246,14.529999732971191,4516000,14.529999732971191
8/18/2016,14.770000457763672,14.9399995803833,14.520000457763672,14.569999694824219,5276000,14.569999694824219
8/17/2016,15.3100004196167,15.34000015258789,14.699999809265137,14.779999732971191,9095800,14.779999732971191
8/16/2016,15.649999618530273,16,15.255000114440918,15.40999984741211,7583500,15.40999984741211
8/15/2016,14.989999771118164,15.880000114440918,14.979999542236328,15.649999618530273,11029400,15.649999618530273
8/12/2016,14.869999885559082,15.100000381469727,14.850000381469727,14.970000267028809,3810600,14.970000267028809
8/11/2016,15.039999961853027,15.180000305175781,14.890000343322754,14.899999618530273,4795200,14.899999618530273
8/10/2016,15.5,15.539999961853027,14.859999656677246,15.039999961853027,10312600,15.039999961853027
8/9/2016,15.770000457763672,15.960000038146973,15.59000015258789,15.649999618530273,6998700,15.649999618530273
8/8/2016,15.399999618530273,16.040000915527344,15.25,15.6899995803833,10758400,15.6899995803833
8/5/2016,15.470000267028809,15.59000015258789,15.02299976348877,15.399999618530273,11092200,15.399999618530273
8/4/2016,15.210000038146973,15.729999542236328,15.130000114440918,15.430000305175781,19277200,15.430000305175781
8/3/2016,14.109999656677246,15.220000267028809,13.920000076293945,14.930000305175781,37562400,14.930000305175781
8/2/2016,13.779999732971191,13.975000381469727,13.029999732971191,13.15999984741211,20077500,13.15999984741211
8/1/2016,13.699999809265137,13.869999885559082,13.479999542236328,13.6899995803833,8479400,13.6899995803833
7/29/2016,13.600000381469727,13.720000267028809,13.430000305175781,13.65999984741211,5349700,13.65999984741211
7/28/2016,13.430000305175781,13.630000114440918,13.210000038146973,13.579999923706055,7603800,13.579999923706055
7/27/2016,13.449999809265137,13.5,13.229999542236328,13.319999694824219,4932700,13.319999694824219
7/26/2016,12.979999542236328,13.390000343322754,12.949999809265137,13.229999542236328,6053900,13.229999542236328
7/25/2016,12.789999961853027,13.050000190734863,12.755000114440918,13.020000457763672,4239200,13.020000457763672
7/22/2016,12.800000190734863,12.930000305175781,12.65999984741211,12.819999694824219,5817100,12.819999694824219
7/21/2016,12.920000076293945,13.039999961853027,12.789999961853027,12.800000190734863,5036000,12.800000190734863
7/20/2016,13,13.069999694824219,12.630000114440918,12.979999542236328,10749300,12.979999542236328
7/19/2016,13.319999694824219,13.46500015258789,12.850000381469727,12.859999656677246,6803100,12.859999656677246
7/18/2016,13.199999809265137,13.579999923706055,13.109999656677246,13.380000114440918,6419300,13.380000114440918
7/15/2016,13.760000228881836,13.770000457763672,13.100000381469727,13.149999618530273,7323100,13.149999618530273
7/14/2016,13.75,13.90999984741211,13.619999885559082,13.770000457763672,5328100,13.770000457763672
7/13/2016,13.510000228881836,13.800000190734863,13.420000076293945,13.5600004196167,4866900,13.5600004196167
7/12/2016,13.390000343322754,13.75,13.199999809265137,13.510000228881836,7741200,13.510000228881836
7/11/2016,13.569999694824219,13.829999923706055,13.550000190734863,13.680000305175781,5186100,13.680000305175781
7/8/2016,13.300000190734863,13.6899995803833,13.180000305175781,13.430000305175781,9538700,13.430000305175781
7/7/2016,12.630000114440918,13.300000190734863,12.600000381469727,13.069999694824219,9367700,13.069999694824219
7/6/2016,12.199999809265137,12.539999961853027,12.0600004196167,12.510000228881836,7739100,12.510000228881836
7/5/2016,12.369999885559082,12.399999618530273,12.050000190734863,12.3100004196167,6515300,12.3100004196167
7/1/2016,12.149999618530273,12.600000381469727,12.130000114440918,12.479999542236328,6720000,12.479999542236328
6/30/2016,12.010000228881836,12.270000457763672,11.699999809265137,12.220000267028809,7851100,12.220000267028809
6/29/2016,12.199999809265137,12.234999656677246,11.649999618530273,12.130000114440918,8059500,12.130000114440918
6/28/2016,12.25,12.430000305175781,11.800000190734863,12,10139800,12
6/27/2016,12.600000381469727,12.649999618530273,11.850000381469727,11.890000343322754,10049900,11.890000343322754
6/24/2016,12.5,13.03499984741211,12.5,12.710000038146973,13667500,12.710000038146973
6/23/2016,12.949999809265137,13.390000343322754,12.8100004196167,13.289999961853027,10273700,13.289999961853027
6/22/2016,13.399999618530273,13.40999984741211,12.720000267028809,12.789999961853027,11663200,12.789999961853027
6/21/2016,13.25,13.579999923706055,13.239999771118164,13.5,6500600,13.5
6/20/2016,13.069999694824219,13.5600004196167,13.050000190734863,13.180000305175781,6962900,13.180000305175781
6/17/2016,12.729999542236328,13,12.65999984741211,12.829999923706055,10055500,12.829999923706055
6/16/2016,13.140000343322754,13.210000038146973,12.359999656677246,12.710000038146973,11439000,12.710000038146973
6/15/2016,13.100000381469727,13.569999694824219,13.079999923706055,13.239999771118164,8196300,13.239999771118164
6/14/2016,13.699999809265137,13.829999923706055,12.970000267028809,13.010000228881836,12948400,13.010000228881836
6/13/2016,14.0600004196167,14.319999694824219,13.789999961853027,13.819999694824219,4968600,13.819999694824219
6/10/2016,14.40999984741211,14.420000076293945,14,14.100000381469727,7253700,14.100000381469727
6/9/2016,14.34000015258789,14.670000076293945,14.180000305175781,14.550000190734863,8276800,14.550000190734863
6/8/2016,14.260000228881836,14.5,14.079999923706055,14.100000381469727,5352500,14.100000381469727
6/7/2016,14.300000190734863,14.4399995803833,14.210000038146973,14.3100004196167,4925700,14.3100004196167
6/6/2016,14.479999542236328,14.600000381469727,14.170000076293945,14.359999656677246,8938200,14.359999656677246
6/3/2016,14.5600004196167,14.75,14.4399995803833,14.630000114440918,3723000,14.630000114440918
6/2/2016,14.300000190734863,14.789999961853027,14.260000228881836,14.760000228881836,4769500,14.760000228881836
6/1/2016,14,14.510000228881836,13.90999984741211,14.510000228881836,4544200,14.510000228881836
5/31/2016,14.300000190734863,14.350000381469727,14.029999732971191,14.180000305175781,6241900,14.180000305175781
5/27/2016,14.199999809265137,14.420000076293945,14.100000381469727,14.319999694824219,4566500,14.319999694824219
5/26/2016,14.3100004196167,14.574000358581543,14.119999885559082,14.15999984741211,6036500,14.15999984741211
5/25/2016,14.140000343322754,14.149999618530273,13.600000381469727,14.0600004196167,8943200,14.0600004196167
5/24/2016,14.619999885559082,14.65999984741211,13.805999755859375,13.899999618530273,10732500,13.899999618530273
5/23/2016,14.520000457763672,14.729999542236328,14.42300033569336,14.569999694824219,5654000,14.569999694824219
5/20/2016,14,14.600000381469727,14,14.600000381469727,6643900,14.600000381469727
5/19/2016,13.739999771118164,14.09000015258789,13.510000228881836,13.989999771118164,7964600,13.989999771118164
5/18/2016,14.25,14.430000305175781,14.039999961853027,14.130000114440918,4660300,14.130000114440918
5/17/2016,14.050000190734863,14.390000343322754,13.979999542236328,14.170000076293945,5062700,14.170000076293945
5/16/2016,13.550000190734863,14.09000015258789,13.550000190734863,14.050000190734863,4844600,14.050000190734863
5/13/2016,13.529999732971191,13.970000267028809,13.449999809265137,13.770000457763672,5299200,13.770000457763672
5/12/2016,14.020000457763672,14.09000015258789,13.34000015258789,13.520000457763672,6337200,13.520000457763672
5/11/2016,13.880000114440918,14.390000343322754,13.699999809265137,13.920000076293945,7247900,13.920000076293945
5/10/2016,13.930000305175781,14.020000457763672,13.4399995803833,14.020000457763672,8497300,14.020000457763672
5/9/2016,13.770000457763672,14.119999885559082,13.600000381469727,13.899999618530273,8581900,13.899999618530273
5/6/2016,13.829999923706055,13.949999809265137,12.960000038146973,13.619999885559082,18637900,13.619999885559082
5/5/2016,14.859999656677246,15.199999809265137,13.869999885559082,13.880000114440918,31925900,13.880000114440918
5/4/2016,17.020000457763672,17.479999542236328,16.440000534057617,17.100000381469727,13740700,17.100000381469727
5/3/2016,17.94499969482422,18,16.950000762939453,17.18000030517578,16133800,17.18000030517578
5/2/2016,18.389999389648438,18.389999389648438,17.719999313354492,18.3700008392334,6859100,18.3700008392334
4/29/2016,18.190000534057617,18.280000686645508,17.75,18.25,7937900,18.25
4/28/2016,18.5,18.850000381469727,17.920000076293945,18.100000381469727,8983600,18.100000381469727
4/27/2016,17.25,17.950000762939453,17.1299991607666,17.8799991607666,8231800,17.8799991607666
4/26/2016,17.40999984741211,17.5,17.15999984741211,17.389999389648438,4459100,17.389999389648438
4/25/2016,17.510000228881836,17.780000686645508,16.950000762939453,17.40999984741211,10539600,17.40999984741211
4/22/2016,17.350000381469727,17.649999618530273,17.209999084472656,17.579999923706055,4610300,17.579999923706055
4/21/2016,17.989999771118164,18.280000686645508,17.111000061035156,17.459999084472656,7683100,17.459999084472656
4/20/2016,17.420000076293945,18.190000534057617,17.34000015258789,17.690000534057617,10621800,17.690000534057617
4/19/2016,17.229999542236328,17.5,16.809999465942383,17.34000015258789,7646000,17.34000015258789
4/18/2016,17,17.5,16.969999313354492,17.040000915527344,9313700,17.040000915527344
4/15/2016,16.3700008392334,17.450000762939453,16.3700008392334,17.200000762939453,12381500,17.200000762939453
4/14/2016,16.969999313354492,17.09000015258789,16.270000457763672,16.329999923706055,11586100,16.329999923706055
4/13/2016,15.899999618530273,17.187999725341797,15.75,17.010000228881836,22044900,17.010000228881836
4/12/2016,14.930000305175781,15.359999656677246,14.890000343322754,15.149999618530273,4971100,15.149999618530273
4/11/2016,14.850000381469727,15.520000457763672,14.770000457763672,14.84000015258789,8962500,14.84000015258789
4/8/2016,15.109999656677246,15.220000267028809,14.399999618530273,14.5,7373800,14.5
4/7/2016,15.359999656677246,15.720000267028809,14.8100004196167,14.859999656677246,6914700,14.859999656677246
4/6/2016,15.260000228881836,15.680000305175781,15.199999809265137,15.479999542236328,5286600,15.479999542236328
4/5/2016,15.300000190734863,15.569999694824219,15.029999732971191,15.100000381469727,6583800,15.100000381469727
4/4/2016,15,15.75,14.75,15.510000228881836,10429000,15.510000228881836
4/1/2016,14.899999618530273,15.720000267028809,14.710000038146973,14.920000076293945,14749400,14.920000076293945
3/31/2016,14.0600004196167,15.229999542236328,13.819999694824219,15.149999618530273,21246800,15.149999618530273
3/30/2016,14,14,12.930000305175781,13.399999618530273,16561400,13.399999618530273
3/29/2016,13.479999542236328,14.119999885559082,13.3100004196167,14.010000228881836,6293600,14.010000228881836
3/28/2016,14.529999732971191,14.548999786376953,13.359999656677246,13.550000190734863,10160700,13.550000190734863
3/24/2016,14.369999885559082,14.630000114440918,14.140000343322754,14.579999923706055,5351200,14.579999923706055
3/23/2016,15.279999732971191,15.579999923706055,14.539999961853027,14.550000190734863,7652600,14.550000190734863
3/22/2016,14.800000190734863,15.90999984741211,14.779999732971191,15.279999732971191,11900100,15.279999732971191
3/21/2016,14.329999923706055,14.899999618530273,14.25,14.899999618530273,6453100,14.899999618530273
3/18/2016,14.399999618530273,14.618000030517578,14.130000114440918,14.380000114440918,6594300,14.380000114440918
3/17/2016,14.229999542236328,14.789999961853027,14.109999656677246,14.470000267028809,5770500,14.470000267028809
3/16/2016,14.170000076293945,14.489999771118164,13.9399995803833,14.319999694824219,5594300,14.319999694824219
3/15/2016,14.430000305175781,14.449999809265137,13.569999694824219,13.930000305175781,7378800,13.930000305175781
3/14/2016,14.489999771118164,14.800000190734863,14.270000457763672,14.470000267028809,6662600,14.470000267028809
3/11/2016,13.649999618530273,14.609999656677246,13.569999694824219,14.510000228881836,14229700,14.510000228881836
3/10/2016,13.350000381469727,13.789999961853027,13.229999542236328,13.529999732971191,9014700,13.529999732971191
3/9/2016,13.170000076293945,13.270000457763672,12.515000343322754,13.220000267028809,12095300,13.220000267028809
3/8/2016,13.1899995803833,13.850000381469727,12.949999809265137,13.050000190734863,18447200,13.050000190734863
3/7/2016,12.859999656677246,13.300000190734863,12.770000457763672,13.029999732971191,7295800,13.029999732971191
3/4/2016,12.529999732971191,13.180000305175781,12.470000267028809,12.859999656677246,11833800,12.859999656677246
3/3/2016,12.819999694824219,12.850000381469727,12.260000228881836,12.470000267028809,11271600,12.470000267028809
3/2/2016,12.470000267028809,13.050000190734863,12.359999656677246,12.869999885559082,10259300,12.869999885559082
3/1/2016,12.350000381469727,12.479999542236328,12.100000381469727,12.40999984741211,9012700,12.40999984741211
2/29/2016,12.380000114440918,12.380000114440918,12,12.229999542236328,9949100,12.229999542236328
2/26/2016,12.40999984741211,12.550000190734863,12.140000343322754,12.149999618530273,7201700,12.149999618530273
2/25/2016,12.170000076293945,12.770000457763672,12.050000190734863,12.260000228881836,13007100,12.260000228881836
2/24/2016,12.739999771118164,12.739999771118164,11.90999984741211,12.329999923706055,16943600,12.329999923706055
2/23/2016,14.029999732971191,14.300000190734863,12.970000267028809,13.079999923706055,40612200,13.079999923706055
2/22/2016,15.949999809265137,16.75,15.600000381469727,16.520000457763672,22222200,16.520000457763672
2/19/2016,15.800000190734863,15.960000038146973,15.550000190734863,15.600000381469727,5837800,15.600000381469727
2/18/2016,16.149999618530273,16.350000381469727,15.609999656677246,16,5240000,16
2/17/2016,15.199999809265137,16.440000534057617,14.800000190734863,15.890000343322754,7753800,15.890000343322754
2/16/2016,14.390000343322754,15.09000015258789,13.8100004196167,14.899999618530273,5082500,14.899999618530273
2/12/2016,14.180000305175781,14.489999771118164,13.800000190734863,13.9399995803833,4665400,13.9399995803833
2/11/2016,14,14.184000015258789,12.899999618530273,13.779999732971191,13818900,13.779999732971191
2/10/2016,14.819999694824219,15.880000114440918,14.3100004196167,14.680000305175781,6349500,14.680000305175781
2/9/2016,14.029999732971191,15.579999923706055,13.989999771118164,14.300000190734863,6893600,14.300000190734863
2/8/2016,15.420000076293945,15.420000076293945,14.15999984741211,14.380000114440918,5787600,14.380000114440918
2/5/2016,16.950000762939453,16.96500015258789,15.680000305175781,15.729999542236328,6141400,15.729999542236328
2/4/2016,16.030000686645508,17.25,15.979999542236328,16.93000030517578,5693000,16.93000030517578
2/3/2016,16.450000762939453,16.572999954223633,15.600000381469727,16.040000915527344,4454500,16.040000915527344
2/2/2016,16.920000076293945,17.040000915527344,16,16.09000015258789,3806700,16.09000015258789
2/1/2016,16.5,17.049999237060547,16.020000457763672,16.709999084472656,4275800,16.709999084472656
1/29/2016,15.789999961853027,16.68000030517578,15.710000038146973,16.600000381469727,4443400,16.600000381469727
1/28/2016,16.260000228881836,16.645000457763672,15.600000381469727,15.6899995803833,4196600,15.6899995803833
1/27/2016,17.290000915527344,17.290000915527344,16.010000228881836,16.049999237060547,5306700,16.049999237060547
1/26/2016,17.329999923706055,17.66900062561035,16.670000076293945,16.770000457763672,4262100,16.770000457763672
1/25/2016,18.579999923706055,18.724000930786133,17.149999618530273,17.290000915527344,4026100,17.290000915527344
1/22/2016,18.5,19.344999313354492,18.209999084472656,18.809999465942383,3433700,18.809999465942383
1/21/2016,18.579999923706055,18.6200008392334,17.297000885009766,18.190000534057617,5743200,18.190000534057617
1/20/2016,16.850000381469727,18.280000686645508,15.52400016784668,17.790000915527344,7861800,17.790000915527344
1/19/2016,18.31999969482422,18.790000915527344,17.25,17.65999984741211,4529300,17.65999984741211
1/15/2016,17.56999969482422,18.34000015258789,17.299999237060547,17.969999313354492,5383800,17.969999313354492
1/14/2016,19.200000762939453,19.41699981689453,17.770000457763672,18.8700008392334,7268000,18.8700008392334
1/13/2016,19.649999618530273,20.479999542236328,19.170000076293945,19.850000381469727,5863000,19.850000381469727
1/12/2016,19.360000610351562,19.75,18.899999618530273,19.6299991607666,5176900,19.6299991607666
1/11/2016,21.43000030517578,21.6200008392334,18.350000381469727,18.850000381469727,13836500,18.850000381469727
1/8/2016,22.200000762939453,22.59000015258789,21.360000610351562,21.520000457763672,6441900,21.520000457763672
1/7/2016,22.15999984741211,23.280000686645508,20.25,21.5,17043600,21.5
1/6/2016,23.729999542236328,24.18000030517578,22.639999389648438,22.899999618530273,13673000,22.899999618530273
1/5/2016,30.209999084472656,30.959999084472656,24.030000686645508,24.299999237060547,30670400,24.299999237060547
1/4/2016,28.649999618530273,29.989999771118164,28.1200008392334,29.760000228881836,4567000,29.760000228881836
12/31/2015,29.09000015258789,30,29,29.59000015258789,3725700,29.59000015258789
12/30/2015,29,29.739999771118164,28.739999771118164,29.6299991607666,3414300,29.6299991607666
12/29/2015,30.5,30.75,29.100000381469727,29.350000381469727,5978400,29.350000381469727
12/28/2015,30.219999313354492,30.649999618530273,29.559999465942383,29.860000610351562,7954500,29.860000610351562
12/24/2015,28.3799991607666,29.200000762939453,28.360000610351562,28.90999984741211,1603600,28.90999984741211
12/23/2015,28.920000076293945,28.920000076293945,28.260000228881836,28.6299991607666,3628200,28.6299991607666
12/22/2015,29.100000381469727,29.200000762939453,28.260000228881836,28.65999984741211,3481000,28.65999984741211
12/21/2015,29.09000015258789,29.450000762939453,28.020000457763672,29.100000381469727,7395500,29.100000381469727
12/18/2015,28.1299991607666,28.209999084472656,27.06999969482422,27.729999542236328,4677900,27.729999542236328
12/17/2015,29.700000762939453,29.75,27.639999389648438,27.809999465942383,5676200,27.809999465942383
12/16/2015,30.299999237060547,30.540000915527344,29.049999237060547,29.469999313354492,3868600,29.469999313354492
12/15/2015,29.049999237060547,30.790000915527344,28.239999771118164,29.84000015258789,6587100,29.84000015258789
12/14/2015,29.229999542236328,29.75,27.670000076293945,29.149999618530273,3682700,29.149999618530273
12/11/2015,30.690000534057617,30.8799991607666,29.229999542236328,29.5,4438500,29.5
12/10/2015,31.309999465942383,31.850000381469727,30.600000381469727,30.770000457763672,3470600,30.770000457763672
12/9/2015,32.400001525878906,33.349998474121094,30.770000457763672,31.25,4645000,31.25
12/8/2015,33.189998626708984,33.9900016784668,32.279998779296875,32.34000015258789,5084200,32.34000015258789
12/7/2015,33.9900016784668,34.68000030517578,32.61000061035156,34.099998474121094,9306100,34.099998474121094
12/4/2015,30.5,33.369998931884766,30.329999923706055,33.369998931884766,9524600,33.369998931884766
12/3/2015,29.979999542236328,30.84000015258789,29.450000762939453,30.139999389648438,6884200,30.139999389648438
12/2/2015,29.299999237060547,29.809999465942383,28.56999969482422,29.3700008392334,4883200,29.3700008392334
12/1/2015,29.190000534057617,29.850000381469727,27.93000030517578,29.219999313354492,7264100,29.219999313354492
11/30/2015,29.09000015258789,29.219999313354492,28.450000762939453,28.719999313354492,6908800,28.719999313354492
11/27/2015,28.260000228881836,28.549999237060547,27.6299991607666,27.84000015258789,2070000,27.84000015258789
11/25/2015,26.959999084472656,28.559999465942383,26.65999984741211,27.989999771118164,4834900,27.989999771118164
11/24/2015,26.81999969482422,27.479999542236328,26.610000610351562,26.8700008392334,3886300,26.8700008392334
11/23/2015,27.889999389648438,27.979999542236328,26.461999893188477,27.030000686645508,8393100,27.030000686645508
11/20/2015,29.229999542236328,29.25,27.56999969482422,27.59000015258789,7429900,27.59000015258789
11/19/2015,29.139999389648438,29.399999618530273,28.709999084472656,29.010000228881836,5388600,29.010000228881836
11/18/2015,28.81999969482422,28.899999618530273,27.5,28.670000076293945,6065200,28.670000076293945
11/17/2015,29.40999984741211,30.020000457763672,28.260000228881836,28.729999542236328,10054100,28.729999542236328
11/16/2015,28,28.850000381469727,27.549999237060547,28.760000228881836,6350900,28.760000228881836
11/13/2015,29.020000457763672,29.399999618530273,26.799999237060547,27.860000610351562,30545600,27.860000610351562
11/12/2015,33.72999954223633,34,31.5,31.68000030517578,7115800,31.68000030517578
11/11/2015,36.040000915527344,36.34000015258789,34.209999084472656,34.310001373291016,2691800,34.310001373291016
11/10/2015,37.08000183105469,38.13999938964844,35.560001373291016,35.91999816894531,4465100,35.91999816894531
11/9/2015,37.79999923706055,38.150001525878906,36.599998474121094,37.459999084472656,2460200,37.459999084472656
11/6/2015,36.86000061035156,37.95000076293945,36.02000045776367,37.91999816894531,4283900,37.91999816894531
11/5/2015,37.54999923706055,37.7400016784668,36.599998474121094,36.86000061035156,3092100,36.86000061035156
11/4/2015,37.97999954223633,38.439998626708984,37.5,37.81999969482422,4824700,37.81999969482422
11/3/2015,38,39.130001068115234,37.16999816894531,37.310001373291016,14193400,37.310001373291016
11/2/2015,41.529998779296875,41.970001220703125,39.93000030517578,40.79999923706055,12417100,40.79999923706055
10/30/2015,38.20000076293945,40.779998779296875,37.65999984741211,40.540000915527344,5732200,40.540000915527344
10/29/2015,38.209999084472656,38.70000076293945,37,37.56999969482422,3474700,37.56999969482422
10/28/2015,38.29999923706055,39.40999984741211,37.81999969482422,39.09000015258789,2262700,39.09000015258789
10/27/2015,37.25,37.900001525878906,36.88999938964844,37.66999816894531,1042000,37.66999816894531
10/26/2015,38.18000030517578,38.779998779296875,37.25,37.369998931884766,1688400,37.369998931884766
10/23/2015,37.81999969482422,38.599998474121094,37.5,38.470001220703125,2055700,38.470001220703125
10/22/2015,37.599998474121094,38.060001373291016,35.81999969482422,37.09000015258789,2095100,37.09000015258789
10/21/2015,39.189998626708984,39.5,35.41999816894531,36.81999969482422,3102800,36.81999969482422
10/20/2015,39.209999084472656,41.11000061035156,38.099998474121094,38.5,6836100,38.5
10/19/2015,36.75,38.97999954223633,36.54999923706055,37.40999984741211,2893800,37.40999984741211
10/16/2015,37.2599983215332,37.599998474121094,36.529998779296875,36.900001525878906,1215700,36.900001525878906
10/15/2015,35.5,37.11000061035156,35.439998626708984,37.099998474121094,1357300,37.099998474121094
10/14/2015,36.25,36.3129997253418,34.95000076293945,35.599998474121094,1241000,35.599998474121094
10/13/2015,36.31999969482422,37.880001068115234,34.7599983215332,36.16999816894531,3128400,36.16999816894531
10/12/2015,36.02000045776367,36.47999954223633,35.75,36.099998474121094,1284300,36.099998474121094
10/9/2015,35.099998474121094,36.099998474121094,34.650001525878906,35.36000061035156,1829100,35.36000061035156
10/8/2015,34.790000915527344,35.77000045776367,33.43000030517578,34.66999816894531,2678700,34.66999816894531
10/7/2015,36.70000076293945,36.880001068115234,33.65999984741211,35.25,3506200,35.25
10/6/2015,38.0099983215332,38.099998474121094,35.83000183105469,36.400001525878906,2675900,36.400001525878906
10/5/2015,37.849998474121094,38.970001220703125,37.31999969482422,38.099998474121094,3231600,38.099998474121094
10/2/2015,37.150001525878906,38.400001525878906,37,37.29999923706055,2106900,37.29999923706055
10/1/2015,37.2400016784668,38.529998779296875,36.310001373291016,38.04999923706055,2506500,38.04999923706055
9/30/2015,35.59000015258789,37.689998626708984,34.709999084472656,37.689998626708984,5047700,37.689998626708984
9/29/2015,36.040000915527344,36.27000045776367,34.2599983215332,35.29999923706055,2651300,35.29999923706055
9/28/2015,36.91999816894531,37.15999984741211,35.2599983215332,36.04999923706055,2802100,36.04999923706055
9/25/2015,39.70000076293945,40.2400016784668,37.29999923706055,37.599998474121094,3207400,37.599998474121094
9/24/2015,38.29999923706055,38.95000076293945,37,38.790000915527344,2766400,38.790000915527344
9/23/2015,39.93000030517578,40.367000579833984,38.650001525878906,39.11000061035156,3037100,39.11000061035156
9/22/2015,36.9900016784668,39.88999938964844,36.72999954223633,39.4900016784668,5301100,39.4900016784668
9/21/2015,41.75,41.91999816894531,37.75,38.09000015258789,8257800,38.09000015258789
9/18/2015,39.25,42.040000915527344,38.599998474121094,40.720001220703125,13646300,40.720001220703125
9/17/2015,36.459999084472656,40.89899826049805,36.099998474121094,39.880001068115234,18266700,39.880001068115234
9/16/2015,34.61000061035156,38.45000076293945,33.849998474121094,37.099998474121094,10125400,37.099998474121094
9/15/2015,33.25,33.9900016784668,32.40999984741211,33.040000915527344,5203300,33.040000915527344
9/14/2015,33.130001068115234,33.20000076293945,31.709999084472656,32,2215100,32
9/11/2015,33.79999923706055,34,31.280000686645508,32.400001525878906,4948300,32.400001525878906
9/10/2015,35.560001373291016,35.9900016784668,33.79999923706055,34.22999954223633,3044600,34.22999954223633
9/9/2015,36.689998626708984,37.38999938964844,35.310001373291016,35.95000076293945,4540800,35.95000076293945
9/8/2015,34.72999954223633,35.88999938964844,34.099998474121094,35.459999084472656,6704000,35.459999084472656
9/4/2015,32.25,32.70000076293945,31.25,31.8799991607666,1795900,31.8799991607666
9/3/2015,33.599998474121094,34.25,32.52199935913086,33.04999923706055,2058300,33.04999923706055
9/2/2015,33.40999984741211,33.599998474121094,32.68000030517578,33.56999969482422,1774600,33.56999969482422
9/1/2015,33.099998474121094,34.09000015258789,32.400001525878906,32.88999938964844,2785100,32.88999938964844
8/31/2015,34.2400016784668,35.5,33.75,34.4900016784668,4621200,34.4900016784668
8/28/2015,34.31999969482422,35,33.2599983215332,33.79999923706055,4249200,33.79999923706055
8/27/2015,39.790000915527344,40,33.540000915527344,34.970001220703125,8588700,34.970001220703125
8/26/2015,38.15999984741211,38.5,36.25,38.400001525878906,2905200,38.400001525878906
8/25/2015,40.08000183105469,40.08000183105469,36.529998779296875,36.77000045776367,3220700,36.77000045776367
8/24/2015,32.290000915527344,37.36000061035156,30.510000228881836,37.36000061035156,8051100,37.36000061035156
8/21/2015,38.54999923706055,40.400001525878906,37.689998626708984,38.650001525878906,6946900,38.650001525878906
8/20/2015,41.880001068115234,42.5,41,41.40999984741211,3656000,41.40999984741211
8/19/2015,43.130001068115234,43.720001220703125,42.790000915527344,43.099998474121094,1954800,43.099998474121094
8/18/2015,44.54999923706055,44.88999938964844,42.65999984741211,43.77000045776367,3472400,43.77000045776367
8/17/2015,44.63999938964844,45.25,43.709999084472656,44.93000030517578,3287800,44.93000030517578
8/14/2015,43.09000015258789,44.97999954223633,42.81999969482422,44.650001525878906,5341300,44.650001525878906
8/13/2015,42.25,42.9900016784668,41.5099983215332,42.25,3396900,42.25
8/12/2015,41.7599983215332,42.40999984741211,39.20000076293945,41.18000030517578,7352500,41.18000030517578
8/11/2015,42.900001525878906,44.099998474121094,42.25,42.93000030517578,3355500,42.93000030517578
8/10/2015,43.209999084472656,44.400001525878906,42.5099983215332,43.150001525878906,6029000,43.150001525878906
8/7/2015,45.08000183105469,45.5099983215332,41.5,42.68000030517578,9449900,42.68000030517578
8/6/2015,46.63999938964844,47.900001525878906,43.560001373291016,44.599998474121094,22572800,44.599998474121094
8/5/2015,50.349998474121094,51.900001525878906,49.470001220703125,51.63999938964844,20018400,51.63999938964844
8/4/2015,50,50.637001037597656,48.25,49.689998626708984,7803700,49.689998626708984
8/3/2015,49.13999938964844,50.9900016784668,48.04999923706055,48.959999084472656,15411200,48.959999084472656
7/31/2015,45,47.84000015258789,44.45000076293945,47.599998474121094,5661000,47.599998474121094
7/30/2015,44.290000915527344,45.41999816894531,42.63999938964844,45.189998626708984,2980900,45.189998626708984
7/29/2015,45.400001525878906,45.650001525878906,43.779998779296875,44.06999969482422,2711100,44.06999969482422
7/28/2015,44.310001373291016,45.81999969482422,43.400001525878906,45.470001220703125,3738800,45.470001220703125
7/27/2015,45,45.22999954223633,41.70000076293945,43.93000030517578,7137200,43.93000030517578
7/24/2015,46.70000076293945,46.70000076293945,45.18000030517578,45.540000915527344,3305800,45.540000915527344
7/23/2015,46.709999084472656,47.25,45.83000183105469,46.20000076293945,4668700,46.20000076293945
7/22/2015,46.099998474121094,47.43000030517578,45.02000045776367,45.529998779296875,5160300,45.529998779296875
7/21/2015,43.95000076293945,47.029998779296875,43.5099983215332,46.869998931884766,7239500,46.869998931884766
7/20/2015,45.900001525878906,47.20000076293945,43.06999969482422,44.470001220703125,13186100,44.470001220703125
7/17/2015,47.2400016784668,47.400001525878906,46.25,47.16999816894531,6670400,47.16999816894531
7/16/2015,47.849998474121094,48,46.0099983215332,47.779998779296875,9294600,47.779998779296875
7/15/2015,46.869998931884766,48.97800064086914,45.2599983215332,47.290000915527344,18440300,47.290000915527344
7/14/2015,44.70000076293945,46,43.7599983215332,46,14656800,46
7/13/2015,43.290000915527344,44.59000015258789,42.75,43.47999954223633,14892500,43.47999954223633
7/10/2015,43.2599983215332,43.599998474121094,41.880001068115234,42.099998474121094,7193700,42.099998474121094
7/9/2015,43.22999954223633,44,42.20000076293945,42.25,10483800,42.25
7/8/2015,41.369998931884766,42.93000030517578,40.61000061035156,41.7400016784668,10754800,41.7400016784668
7/7/2015,42.36000061035156,42.97999954223633,39,42.150001525878906,20890700,42.150001525878906
7/6/2015,41.150001525878906,43,39.75,40.189998626708984,9343300,40.189998626708984
7/2/2015,41.81999969482422,44.380001068115234,41.4900016784668,42.2400016784668,17679300,42.2400016784668
7/1/2015,39.290000915527344,42.380001068115234,38.380001068115234,42.380001068115234,27215100,42.380001068115234
6/30/2015,35.04999923706055,38.22999954223633,34.5,38.22999954223633,12612100,38.22999954223633
6/29/2015,33.099998474121094,34.400001525878906,32.5,33.279998779296875,5568200,33.279998779296875
6/26/2015,36.900001525878906,36.93000030517578,33.650001525878906,34.75,7374600,34.75
6/25/2015,37.52000045776367,37.54999923706055,36.11000061035156,36.59000015258789,7786800,36.59000015258789
6/24/2015,36.52000045776367,36.75,35.25,36.0099983215332,13661800,36.0099983215332
6/23/2015,39.84000015258789,40.380001068115234,37.099998474121094,37.880001068115234,20986400,37.880001068115234
6/22/2015,35.650001525878906,40.45000076293945,35,37.060001373291016,33816800,37.060001373291016
6/19/2015,31.15999984741211,33.95000076293945,30.329999923706055,32.5,25871400,32.5
6/18/2015,30.399999618530273,31.899999618530273,29.5,29.68000030517578,52076000,29.68000030517578
