4/22/2019,18.81999969482422,19.040000915527344,18.440000534057617,18.540000915527344,424200,18.540000915527344
4/18/2019,18.959999084472656,19.110000610351562,18.81999969482422,18.850000381469727,312100,18.850000381469727
4/17/2019,19.969999313354492,20.059999465942383,18.6299991607666,19.09000015258789,957700,19.09000015258789
4/16/2019,20.549999237060547,20.60300064086914,19.8700008392334,20.139999389648438,574600,20.139999389648438
4/15/2019,20.700000762939453,20.93000030517578,19.889999389648438,20.5,483100,20.5
4/12/2019,20.959999084472656,21.100000381469727,20.520000457763672,20.709999084472656,271700,20.709999084472656
4/11/2019,21.270000457763672,21.389999389648438,20.68000030517578,20.809999465942383,317200,20.809999465942383
4/10/2019,21.030000686645508,21.3700008392334,20.649999618530273,21.299999237060547,314100,21.299999237060547
4/9/2019,21.34000015258789,21.540000915527344,20.65999984741211,20.75,353500,20.75
4/8/2019,21.959999084472656,22.010000228881836,20.93000030517578,21.450000762939453,318900,21.450000762939453
4/5/2019,21.68000030517578,22.049999237060547,21.68000030517578,21.940000534057617,276700,21.940000534057617
4/4/2019,21.860000610351562,22.3799991607666,21.440000534057617,21.6200008392334,342100,21.6200008392334
4/3/2019,21.719999313354492,22,21.5,21.860000610351562,332900,21.860000610351562
4/2/2019,21.59000015258789,21.777999877929688,21.3799991607666,21.56999969482422,347000,21.56999969482422
4/1/2019,21.950000762939453,22,21.200000762939453,21.670000076293945,446100,21.670000076293945
3/29/2019,21.610000610351562,21.809999465942383,21.25,21.719999313354492,535000,21.719999313354492
3/28/2019,21.059999465942383,21.625,20.690000534057617,21.56999969482422,710400,21.56999969482422
3/27/2019,21.010000228881836,21.3439998626709,20.190000534057617,20.950000762939453,570200,20.950000762939453
3/26/2019,21.260000228881836,22.450000762939453,20.84000015258789,21.049999237060547,652800,21.049999237060547
3/25/2019,20.299999237060547,21.559999465942383,20.079999923706055,21.030000686645508,586100,21.030000686645508
3/22/2019,21.149999618530273,21.257999420166016,20.110000610351562,20.3799991607666,457800,20.3799991607666
3/21/2019,21.280000686645508,21.360000610351562,20.90999984741211,21.1299991607666,337400,21.1299991607666
3/20/2019,21.34000015258789,21.75,21.110000610351562,21.280000686645508,433300,21.280000686645508
3/19/2019,21.479999542236328,22.049999237060547,21.100000381469727,21.389999389648438,519300,21.389999389648438
3/18/2019,21.75,21.81999969482422,20.489999771118164,21.5,707800,21.5
3/15/2019,21.25,21.709999084472656,21.200000762939453,21.65999984741211,776600,21.65999984741211
3/14/2019,20.469999313354492,21.329999923706055,20.43000030517578,21.100000381469727,896200,21.100000381469727
3/13/2019,20,20.600000381469727,19.795000076293945,20.40999984741211,844600,20.40999984741211
3/12/2019,19.450000762939453,20.170000076293945,19.299999237060547,19.850000381469727,777300,19.850000381469727
3/11/2019,20.079999923706055,20.1200008392334,18.690000534057617,19.459999084472656,1237400,19.459999084472656
3/8/2019,18.290000915527344,20.18000030517578,18.290000915527344,19.799999237060547,2026600,19.799999237060547
3/7/2019,18.709999084472656,19.077999114990234,17.75,17.790000915527344,763700,17.790000915527344
3/6/2019,18.889999389648438,19.75,18.549999237060547,18.700000762939453,476200,18.700000762939453
3/5/2019,19.979999542236328,20,18.6200008392334,18.790000915527344,971300,18.790000915527344
3/4/2019,21,21.139999389648438,19.8700008392334,19.889999389648438,873900,19.889999389648438
3/1/2019,24.219999313354492,24.30500030517578,19.8700008392334,20.920000076293945,4436900,20.920000076293945
2/28/2019,20.479999542236328,20.889999389648438,19.886999130249023,19.889999389648438,1189900,19.889999389648438
2/27/2019,19.920000076293945,20.281999588012695,19.700000762939453,20.149999618530273,358200,20.149999618530273
2/26/2019,20,20.389999389648438,19.899999618530273,19.959999084472656,606400,19.959999084472656
2/25/2019,19.75,20.110000610351562,19.610000610351562,19.969999313354492,686100,19.969999313354492
2/22/2019,19.18000030517578,19.700000762939453,19.100000381469727,19.559999465942383,504700,19.559999465942383
2/21/2019,19.139999389648438,19.3799991607666,18.809999465942383,19.079999923706055,371900,19.079999923706055
2/20/2019,19.229999542236328,20.030000686645508,18.790000915527344,19.139999389648438,669000,19.139999389648438
2/19/2019,18.209999084472656,19.049999237060547,18.200000762939453,18.950000762939453,458200,18.950000762939453
2/15/2019,18.670000076293945,18.770000457763672,18.030000686645508,18.190000534057617,301700,18.190000534057617
2/14/2019,18.5,18.760000228881836,18.170000076293945,18.639999389648438,298000,18.639999389648438
2/13/2019,18.239999771118164,18.670000076293945,18.040000915527344,18.639999389648438,332300,18.639999389648438
2/12/2019,17.530000686645508,18.420000076293945,17.510000228881836,18.219999313354492,386200,18.219999313354492
2/11/2019,17.420000076293945,17.68000030517578,16.829999923706055,17.520000457763672,262100,17.520000457763672
2/8/2019,17.06999969482422,17.475000381469727,16.809999465942383,17.43000030517578,155100,17.43000030517578
2/7/2019,17.010000228881836,17.280000686645508,16.260000228881836,17.270000457763672,230000,17.270000457763672
2/6/2019,17.40999984741211,17.770000457763672,16.93000030517578,17.100000381469727,213300,17.100000381469727
2/5/2019,18.020000457763672,18.12700080871582,17.190000534057617,17.459999084472656,268000,17.459999084472656
2/4/2019,17.709999084472656,18.451000213623047,17.709999084472656,18.020000457763672,250900,18.020000457763672
2/1/2019,17.299999237060547,17.80500030517578,16.930999755859375,17.780000686645508,299700,17.780000686645508
1/31/2019,16.989999771118164,17.389999389648438,16.600000381469727,17.350000381469727,338800,17.350000381469727
1/30/2019,17.450000762939453,17.450000762939453,16.559999465942383,17,324600,17
1/29/2019,17.389999389648438,17.75,17.200000762939453,17.299999237060547,245600,17.299999237060547
1/28/2019,17.799999237060547,18.190000534057617,16.040000915527344,17.34000015258789,573900,17.34000015258789
1/25/2019,17.200000762939453,18.170000076293945,17.194000244140625,17.850000381469727,569500,17.850000381469727
1/24/2019,16.040000915527344,17.209999084472656,15.98900032043457,17.049999237060547,385700,17.049999237060547
1/23/2019,16.1200008392334,16.479999542236328,15.699999809265137,15.960000038146973,466800,15.960000038146973
1/22/2019,16.25,16.25,15.529999732971191,16.040000915527344,297100,16.040000915527344
1/18/2019,16.290000915527344,16.670000076293945,16.25,16.40999984741211,287600,16.40999984741211
1/17/2019,15.6899995803833,16.459999084472656,15.649999618530273,16.15999984741211,206200,16.15999984741211
1/16/2019,16.309999465942383,16.434999465942383,15.670000076293945,15.899999618530273,230600,15.899999618530273
1/15/2019,16,16.309999465942383,15.805000305175781,16.149999618530273,251100,16.149999618530273
1/14/2019,16.149999618530273,17.5,15.90999984741211,15.979999542236328,605000,15.979999542236328
1/11/2019,16.079999923706055,16.3799991607666,15.600000381469727,16.209999084472656,267700,16.209999084472656
1/10/2019,15.960000038146973,16.43000030517578,15.5,16.15999984741211,504700,16.15999984741211
1/9/2019,15,16.260000228881836,14.979999542236328,16.25,612900,16.25
1/8/2019,15.029999732971191,15.130000114440918,14.539999961853027,14.9399995803833,285700,14.9399995803833
1/7/2019,13.989999771118164,15.09000015258789,13.869999885559082,14.970000267028809,399200,14.970000267028809
1/4/2019,13.970000267028809,14.600000381469727,13.75,14,386700,14
1/3/2019,14.140000343322754,14.140000343322754,13.399999618530273,13.6899995803833,375500,13.6899995803833
1/2/2019,12.930000305175781,14.399999618530273,12.890000343322754,14.119999885559082,438300,14.119999885559082
12/31/2018,13.279999732971191,13.354999542236328,12.649999618530273,13.149999618530273,255900,13.149999618530273
12/28/2018,12.859999656677246,13.409000396728516,12.859999656677246,13.109999656677246,377500,13.109999656677246
12/27/2018,12.489999771118164,12.979999542236328,12.210000038146973,12.970000267028809,292100,12.970000267028809
12/26/2018,11.859999656677246,12.800000190734863,11.729999542236328,12.710000038146973,370100,12.710000038146973
12/24/2018,11.5,11.970000267028809,11.220000267028809,11.65999984741211,252500,11.65999984741211
12/21/2018,12.510000228881836,12.729999542236328,11.5,11.569999694824219,484300,11.569999694824219
12/20/2018,12.529999732971191,12.760000228881836,12.029999732971191,12.510000228881836,455500,12.510000228881836
12/19/2018,13.100000381469727,13.579000473022461,12.520000457763672,12.529999732971191,372400,12.529999732971191
12/18/2018,13.579999923706055,13.689000129699707,13.100000381469727,13.140000343322754,339100,13.140000343322754
12/17/2018,13.369999885559082,13.989999771118164,13.069999694824219,13.600000381469727,323600,13.600000381469727
12/14/2018,13.6899995803833,14.069999694824219,13.151000022888184,13.380000114440918,361800,13.380000114440918
12/13/2018,14.5,14.729999542236328,13.529999732971191,13.710000038146973,263300,13.710000038146973
12/12/2018,14.289999961853027,14.748000144958496,14.020000457763672,14.3100004196167,379200,14.3100004196167
12/11/2018,15.140000343322754,15.199999809265137,13.779999732971191,14.039999961853027,420300,14.039999961853027
12/10/2018,14.149999618530273,15.050000190734863,14.029999732971191,14.800000190734863,328500,14.800000190734863
12/7/2018,14.550000190734863,14.84000015258789,14.079999923706055,14.369999885559082,245600,14.369999885559082
12/6/2018,14.220000267028809,14.885000228881836,14,14.8100004196167,328200,14.8100004196167
12/4/2018,14.65999984741211,15.1899995803833,14.550000190734863,14.760000228881836,413100,14.760000228881836
12/3/2018,15.319999694824219,15.630000114440918,14.25,14.779999732971191,678100,14.779999732971191
11/30/2018,15.9399995803833,16.239999771118164,14.720000267028809,15.029999732971191,623300,15.029999732971191
11/29/2018,15.65999984741211,16.469999313354492,15.5,16.06999969482422,305000,16.06999969482422
11/28/2018,15.829999923706055,15.899999618530273,14.920000076293945,15.859999656677246,306900,15.859999656677246
11/27/2018,15.800000190734863,15.829999923706055,15.199999809265137,15.460000038146973,273100,15.460000038146973
11/26/2018,15.680000305175781,16.086999893188477,15.5,15.890000343322754,202600,15.890000343322754
11/23/2018,15.329999923706055,15.880000114440918,15.199999809265137,15.59000015258789,96100,15.59000015258789
11/21/2018,15.680000305175781,15.883999824523926,15.25,15.649999618530273,338500,15.649999618530273
11/20/2018,15,15.220000267028809,14.229999542236328,15.130000114440918,445400,15.130000114440918
11/19/2018,16.040000915527344,16.48699951171875,15.119999885559082,15.1899995803833,601600,15.1899995803833
11/16/2018,16.649999618530273,17.25,15.800000190734863,16.229999542236328,385600,16.229999542236328
11/15/2018,16.3799991607666,17.097000122070312,15.819999694824219,17.040000915527344,434600,17.040000915527344
11/14/2018,15.75,17.06999969482422,15.75,16.610000610351562,501300,16.610000610351562
11/13/2018,15.829999923706055,16.200000762939453,15.279999732971191,15.59000015258789,523700,15.59000015258789
11/12/2018,16.5,16.799999237060547,15.020000457763672,15.850000381469727,1305600,15.850000381469727
11/9/2018,17.1299991607666,18.600000381469727,15.050000190734863,15.670000076293945,2416800,15.670000076293945
11/8/2018,20.969999313354492,21.100000381469727,19.90999984741211,19.950000762939453,588100,19.950000762939453
11/7/2018,20.110000610351562,21.299999237060547,19.950000762939453,20.969999313354492,426300,20.969999313354492
11/6/2018,19.459999084472656,20.295000076293945,19.290000915527344,19.790000915527344,351700,19.790000915527344
11/5/2018,20.65999984741211,20.68000030517578,18.90999984741211,19.450000762939453,418100,19.450000762939453
11/2/2018,19.65999984741211,20.809999465942383,19.579999923706055,20.59000015258789,491300,20.59000015258789
11/1/2018,18.899999618530273,19.639999389648438,18.290000915527344,19.459999084472656,365100,19.459999084472656
10/31/2018,19.15999984741211,19.77400016784668,18.540000915527344,18.850000381469727,310600,18.850000381469727
10/30/2018,17.950000762939453,18.989999771118164,17.65999984741211,18.90999984741211,292800,18.90999984741211
10/29/2018,18.280000686645508,18.75,17.799999237060547,18.020000457763672,322300,18.020000457763672
10/26/2018,18.1299991607666,18.790000915527344,17.56999969482422,17.889999389648438,354900,17.889999389648438
10/25/2018,18.299999237060547,19.059999465942383,18.25,18.84000015258789,283900,18.84000015258789
10/24/2018,19.020000457763672,19.399999618530273,18.030000686645508,18.09000015258789,311800,18.09000015258789
10/23/2018,19.68000030517578,19.809999465942383,18.459999084472656,19.149999618530273,566400,19.149999618530273
10/22/2018,19.290000915527344,20.43000030517578,18.770000457763672,20.079999923706055,593100,20.079999923706055
10/19/2018,18.700000762939453,19.40999984741211,18.149999618530273,18.219999313354492,404800,18.219999313354492
10/18/2018,18.84000015258789,19.200000762939453,18.25,18.31999969482422,192800,18.31999969482422
10/17/2018,19.719999313354492,19.799999237060547,18.850000381469727,19.030000686645508,346600,19.030000686645508
10/16/2018,19.200000762939453,19.920000076293945,18.719999313354492,19.790000915527344,389200,19.790000915527344
10/15/2018,18.649999618530273,19.177000045776367,18,19.010000228881836,378500,19.010000228881836
10/12/2018,18.25,20.367000579833984,17.92099952697754,18.610000610351562,1456600,18.610000610351562
10/11/2018,17.3799991607666,18.426000595092773,17.010000228881836,17.43000030517578,559000,17.43000030517578
10/10/2018,19.25,19.599000930786133,17.6560001373291,17.799999237060547,699200,17.799999237060547
10/9/2018,20.209999084472656,20.5,19.152999877929688,19.299999237060547,390600,19.299999237060547
10/8/2018,19.3799991607666,20.81999969482422,19.020000457763672,20.450000762939453,326100,20.450000762939453
10/5/2018,19.739999771118164,20.15999984741211,19,19.469999313354492,412600,19.469999313354492
10/4/2018,20.06999969482422,20.364999771118164,18.90999984741211,19.780000686645508,573800,19.780000686645508
10/3/2018,20.110000610351562,20.829999923706055,20.041000366210938,20.31999969482422,355700,20.31999969482422
10/2/2018,21.549999237060547,21.878000259399414,19.940000534057617,20.139999389648438,699800,20.139999389648438
10/1/2018,24.059999465942383,24.399999618530273,21.229999542236328,21.420000076293945,1078100,21.420000076293945
9/28/2018,22.739999771118164,24.020000457763672,22.399999618530273,23.690000534057617,784800,23.690000534057617
9/27/2018,21.610000610351562,23.709999084472656,21.18000030517578,22.899999618530273,815600,22.899999618530273
9/26/2018,21.06999969482422,21.780000686645508,20.440000534057617,21.5,544400,21.5
9/25/2018,21.31999969482422,21.329999923706055,20.600000381469727,20.969999313354492,482600,20.969999313354492
9/24/2018,20.6200008392334,21.68000030517578,20.47599983215332,21.290000915527344,638600,21.290000915527344
9/21/2018,20.040000915527344,20.719999313354492,19.68400001525879,20.719999313354492,640200,20.719999313354492
9/20/2018,20.68000030517578,20.823999404907227,19.680999755859375,20.030000686645508,759100,20.030000686645508
9/19/2018,21.059999465942383,22.329999923706055,20.194000244140625,20.8799991607666,1639600,20.8799991607666
9/18/2018,19.969999313354492,21.18000030517578,18.559999465942383,20.969999313354492,2353200,20.969999313354492
9/17/2018,20.649999618530273,20.760000228881836,19.299999237060547,20.030000686645508,2277400,20.030000686645508
9/14/2018,22.84000015258789,23.270000457763672,20.950000762939453,20.979999542236328,1325200,20.979999542236328
9/13/2018,23.90999984741211,26.219999313354492,23.020000457763672,23.1200008392334,1604300,23.1200008392334
9/12/2018,24.100000381469727,24.989999771118164,21.299999237060547,24.549999237060547,4938800,24.549999237060547
9/11/2018,30.950000762939453,30.950000762939453,25.110000610351562,25.520000457763672,4157900,25.520000457763672
9/10/2018,29.56999969482422,31.1200008392334,29.559999465942383,31.049999237060547,1274500,31.049999237060547
9/7/2018,28.15999984741211,29.719999313354492,27.799999237060547,28.850000381469727,1179800,28.850000381469727
9/6/2018,27.149999618530273,28.3799991607666,27.020000457763672,27.719999313354492,1001200,27.719999313354492
9/5/2018,26.81999969482422,27.893999099731445,25.5,27.059999465942383,995900,27.059999465942383
9/4/2018,25.959999084472656,26.93000030517578,25.200000762939453,26.6200008392334,738600,26.6200008392334
8/31/2018,24.110000610351562,25.610000610351562,24,25.420000076293945,488400,25.420000076293945
8/30/2018,23.6299991607666,24.649999618530273,23.270000457763672,24.270000457763672,291600,24.270000457763672
8/29/2018,23.31999969482422,23.969999313354492,22.969999313354492,23.770000457763672,275900,23.770000457763672
8/28/2018,24.049999237060547,24.30699920654297,22.899999618530273,23.299999237060547,390100,23.299999237060547
8/27/2018,23.299999237060547,24.790000915527344,23.299999237060547,23.889999389648438,579200,23.889999389648438
8/24/2018,23.010000228881836,23.420000076293945,22.42099952697754,23.260000228881836,494400,23.260000228881836
8/23/2018,23.059999465942383,23.6299991607666,22.549999237060547,22.969999313354492,678300,22.969999313354492
8/22/2018,21.6299991607666,23.670000076293945,21.360000610351562,23,1041800,23
8/21/2018,20.959999084472656,21.860000610351562,20.959999084472656,21.549999237060547,566900,21.549999237060547
8/20/2018,20.229999542236328,21.040000915527344,20.150999069213867,20.920000076293945,748100,20.920000076293945
8/17/2018,19.389999389648438,20.249000549316406,18.18000030517578,19.84000015258789,983100,19.84000015258789
8/16/2018,20.270000457763672,20.549999237060547,19.110000610351562,19.5,808400,19.5
8/15/2018,20.440000534057617,20.709999084472656,19.735000610351562,20.219999313354492,766000,20.219999313354492
8/14/2018,21.639999389648438,22.6200008392334,19.5,20.600000381469727,1820300,20.600000381469727
8/13/2018,21.049999237060547,21.770000457763672,20.809999465942383,21.549999237060547,1445100,21.549999237060547
8/10/2018,20.610000610351562,21.850000381469727,19.809999465942383,20.84000015258789,1617300,20.84000015258789
8/9/2018,19.229999542236328,20.190000534057617,19.229999542236328,20.1200008392334,1052600,20.1200008392334
8/8/2018,19.889999389648438,20.09600067138672,19.010000228881836,19.200000762939453,649600,19.200000762939453
8/7/2018,18.639999389648438,20.68000030517578,18.639999389648438,19.969999313354492,1533100,19.969999313354492
8/6/2018,18.639999389648438,19.860000610351562,18.524999618530273,19.540000915527344,1147300,19.540000915527344
8/3/2018,17.559999465942383,18.770000457763672,17.440000534057617,18.450000762939453,819800,18.450000762939453
8/2/2018,16.559999465942383,17.40999984741211,16.31999969482422,17.3700008392334,364900,17.3700008392334
8/1/2018,17.43000030517578,17.726999282836914,16.540000915527344,16.610000610351562,590200,16.610000610351562
7/31/2018,16.93000030517578,17.799999237060547,16.7810001373291,17.559999465942383,508300,17.559999465942383
7/30/2018,16.700000762939453,17.260000228881836,16.559999465942383,16.90999984741211,258800,16.90999984741211
7/27/2018,17.420000076293945,17.6299991607666,16.610000610351562,16.719999313354492,364400,16.719999313354492
7/26/2018,16.25,17.56999969482422,16,17.3700008392334,740500,17.3700008392334
7/25/2018,17.899999618530273,17.979999542236328,15.5,16.110000610351562,1298900,16.110000610351562
7/24/2018,18.59000015258789,18.790000915527344,17.450000762939453,17.829999923706055,1101800,17.829999923706055
7/23/2018,16.850000381469727,18.399999618530273,16.84000015258789,17.950000762939453,865700,17.950000762939453
7/20/2018,17.530000686645508,17.860000610351562,16.611000061035156,16.75,602100,16.75
7/19/2018,16.739999771118164,17.979999542236328,15.84000015258789,17.530000686645508,1423000,17.530000686645508
7/18/2018,17.059999465942383,18.459999084472656,16.06999969482422,16.31999969482422,2918800,16.31999969482422
7/17/2018,15.569999694824219,16.06999969482422,15.536999702453613,15.600000381469727,237100,15.600000381469727
7/16/2018,15.890000343322754,16.200000762939453,15.3100004196167,15.6899995803833,549800,15.6899995803833
7/13/2018,15.319999694824219,17.18000030517578,15.319999694824219,16.110000610351562,1232100,16.110000610351562
7/12/2018,13.890000343322754,15.449999809265137,13.755000114440918,15.210000038146973,498400,15.210000038146973
7/11/2018,13.850000381469727,14.059000015258789,13.300000190734863,13.550000190734863,249400,13.550000190734863
7/10/2018,13.960000038146973,14.449000358581543,13.850000381469727,14.130000114440918,360100,14.130000114440918
7/9/2018,15,15.15999984741211,13.470000267028809,13.819999694824219,765800,13.819999694824219
7/6/2018,14.260000228881836,15.0600004196167,14.218000411987305,14.869999885559082,680900,14.869999885559082
7/5/2018,13.529999732971191,14.430000305175781,13.529999732971191,14.180000305175781,493100,14.180000305175781
7/3/2018,13.5,13.699999809265137,13.260000228881836,13.40999984741211,367400,13.40999984741211
7/2/2018,12.5,13.869999885559082,12.479999542236328,13.229999542236328,607800,13.229999542236328
6/29/2018,11.989999771118164,12.579999923706055,11.840999603271484,12.550000190734863,522300,12.550000190734863
6/28/2018,11.729999542236328,12.0600004196167,11.579999923706055,11.960000038146973,199600,11.960000038146973
6/27/2018,11.800000190734863,11.979999542236328,11.680000305175781,11.710000038146973,144900,11.710000038146973
6/26/2018,12.020000457763672,12.109999656677246,11.5600004196167,11.75,193300,11.75
6/25/2018,11.9399995803833,12.020000457763672,11.510000228881836,11.970000267028809,270900,11.970000267028809
6/22/2018,11.430000305175781,12.25,11.399999618530273,11.8100004196167,1360300,11.8100004196167
6/21/2018,11.539999961853027,11.54800033569336,11.260000228881836,11.380000114440918,133700,11.380000114440918
6/20/2018,11.5,11.6899995803833,11.475000381469727,11.520000457763672,259000,11.520000457763672
6/19/2018,11.470000267028809,11.550000190734863,11.029999732971191,11.5,193100,11.5
6/18/2018,11.319999694824219,11.699999809265137,11.25100040435791,11.510000228881836,258400,11.510000228881836
6/15/2018,11.630000114440918,11.75,11.34000015258789,11.390000343322754,203700,11.390000343322754
6/14/2018,11.59000015258789,11.800000190734863,11.59000015258789,11.630000114440918,115300,11.630000114440918
6/13/2018,11.869999885559082,12,11.5,11.59000015258789,282800,11.59000015258789
6/12/2018,11.899999618530273,12.050000190734863,11.75100040435791,11.859999656677246,152600,11.859999656677246
6/11/2018,12.100000381469727,12.25,11.770000457763672,11.920000076293945,191400,11.920000076293945
6/8/2018,11.670000076293945,12.369999885559082,11.670000076293945,11.989999771118164,658700,11.989999771118164
6/7/2018,10.829999923706055,11.34000015258789,10.800000190734863,11.300000190734863,226400,11.300000190734863
6/6/2018,10.75,10.84000015258789,10.710000038146973,10.779999732971191,166700,10.779999732971191
6/5/2018,10.510000228881836,10.739999771118164,10.510000228881836,10.6899995803833,212500,10.6899995803833
6/4/2018,10.260000228881836,10.5649995803833,10.260000228881836,10.510000228881836,202200,10.510000228881836
6/1/2018,10.010000228881836,10.25,10.010000228881836,10.199999809265137,129700,10.199999809265137
5/31/2018,10.09000015258789,10.180000305175781,9.899999618530273,9.9399995803833,81600,9.9399995803833
5/30/2018,9.90999984741211,10.22700023651123,9.819999694824219,10.039999961853027,211600,10.039999961853027
5/29/2018,9.899999618530273,9.949999809265137,9.770000457763672,9.899999618530273,144500,9.899999618530273
5/25/2018,9.789999961853027,9.850000381469727,9.760000228881836,9.8100004196167,70800,9.8100004196167
5/24/2018,9.699999809265137,9.829999923706055,9.600000381469727,9.770000457763672,76100,9.770000457763672
5/23/2018,9.529999732971191,9.800000190734863,9.46399974822998,9.699999809265137,115400,9.699999809265137
5/22/2018,9.75,9.859999656677246,9.5,9.569999694824219,104300,9.569999694824219
5/21/2018,9.710000038146973,9.819999694824219,9.369999885559082,9.779999732971191,164000,9.779999732971191
5/18/2018,9.600000381469727,9.739999771118164,9.45199966430664,9.710000038146973,106100,9.710000038146973
5/17/2018,9.739999771118164,9.760000228881836,9.520000457763672,9.550000190734863,138000,9.550000190734863
5/16/2018,9.720000267028809,9.760000228881836,9.479999542236328,9.739999771118164,130000,9.739999771118164
5/15/2018,9.380000114440918,9.680000305175781,9.210000038146973,9.670000076293945,228900,9.670000076293945
5/14/2018,9.649999618530273,9.718999862670898,9.359999656677246,9.449999809265137,223500,9.449999809265137
5/11/2018,9.359999656677246,9.789999961853027,9.300000190734863,9.569999694824219,268500,9.569999694824219
5/10/2018,9.390000343322754,9.579999923706055,9.350000381469727,9.520000457763672,410400,9.520000457763672
5/9/2018,9.270000457763672,9.359999656677246,9.128999710083008,9.34000015258789,147300,9.34000015258789
5/8/2018,9.15999984741211,9.260000228881836,9.119999885559082,9.239999771118164,113600,9.239999771118164
5/7/2018,9.079999923706055,9.204999923706055,9.029999732971191,9.140000343322754,160900,9.140000343322754
5/3/2018,9.010000228881836,9.100000381469727,8.873000144958496,9.050000190734863,101800,9.050000190734863
5/2/2018,8.970000267028809,9.069999694824219,8.930000305175781,9.020000457763672,113400,9.020000457763672
5/1/2018,8.770000457763672,9.029999732971191,8.760000228881836,8.949999809265137,187600,8.949999809265137
4/30/2018,8.859999656677246,8.859999656677246,8.65999984741211,8.789999961853027,180400,8.789999961853027
4/27/2018,8.779999732971191,8.960000038146973,8.760000228881836,8.8100004196167,151500,8.8100004196167
4/26/2018,8.779999732971191,8.880000114440918,8.65999984741211,8.770000457763672,143000,8.770000457763672
4/25/2018,8.779999732971191,8.829999923706055,8.65999984741211,8.75,164700,8.75
4/24/2018,8.5600004196167,8.949999809265137,8.369999885559082,8.720000267028809,631500,8.720000267028809
4/23/2018,8.270000457763672,8.550000190734863,8.244999885559082,8.489999771118164,258600,8.489999771118164
4/20/2018,8.199999809265137,8.34000015258789,8.199999809265137,8.270000457763672,142900,8.270000457763672
4/19/2018,8.199999809265137,8.260000228881836,8.140000343322754,8.25,90800,8.25
4/18/2018,8.109999656677246,8.300000190734863,8.109999656677246,8.180000305175781,95600,8.180000305175781
4/17/2018,8.199999809265137,8.3100004196167,8.055000305175781,8.109999656677246,124700,8.109999656677246
4/16/2018,8.1899995803833,8.25,8.119999885559082,8.15999984741211,93700,8.15999984741211
4/13/2018,8.180000305175781,8.199999809265137,8.050000190734863,8.119999885559082,120800,8.119999885559082
4/12/2018,8.270000457763672,8.414999961853027,8.079999923706055,8.15999984741211,129600,8.15999984741211
4/11/2018,8.34000015258789,8.34000015258789,8.154999732971191,8.239999771118164,206400,8.239999771118164
4/10/2018,8.369999885559082,8.390000343322754,8.050000190734863,8.359999656677246,245400,8.359999656677246
4/9/2018,8.199999809265137,8.350000381469727,8.125,8.25,372600,8.25
4/6/2018,8.149999618530273,8.25,8.050000190734863,8.140000343322754,276300,8.140000343322754
4/5/2018,8.34000015258789,8.34000015258789,8.029999732971191,8.220000267028809,205400,8.220000267028809
4/4/2018,8.149999618530273,8.350000381469727,7.880000114440918,8.279999732971191,248500,8.279999732971191
4/3/2018,8.140000343322754,8.3100004196167,7.929999828338623,8.25,110800,8.25
4/2/2018,8.170000076293945,8.25,7.949999809265137,8.09000015258789,179600,8.09000015258789
3/29/2018,8.100000381469727,8.210000038146973,7.929999828338623,8.210000038146973,168600,8.210000038146973
3/28/2018,7.989999771118164,8.210000038146973,7.96999979019165,8.210000038146973,231800,8.210000038146973
3/27/2018,7.619999885559082,8.239999771118164,7.460000038146973,8.020000457763672,477900,8.020000457763672
3/26/2018,7.75,8.010000228881836,7.420000076293945,7.579999923706055,359600,7.579999923706055
3/23/2018,8.039999961853027,8.069999694824219,7.760000228881836,7.78000020980835,252100,7.78000020980835
3/22/2018,8.149999618530273,8.270000457763672,8.020000457763672,8.050000190734863,137300,8.050000190734863
3/21/2018,8.220000267028809,8.390000343322754,8.149999618530273,8.1899995803833,119900,8.1899995803833
3/20/2018,8.380000114440918,8.380000114440918,8.130000114440918,8.260000228881836,231100,8.260000228881836
3/19/2018,8.4399995803833,8.59000015258789,8.350000381469727,8.390000343322754,178500,8.390000343322754
3/16/2018,8.550000190734863,8.640000343322754,8.449999809265137,8.479999542236328,252800,8.479999542236328
3/15/2018,8.800000190734863,8.800000190734863,8.550000190734863,8.550000190734863,165800,8.550000190734863
3/13/2018,8.90999984741211,9.140000343322754,8.767000198364258,8.890000343322754,489100,8.890000343322754
3/12/2018,8.479999542236328,8.979999542236328,8.350000381469727,8.869999885559082,406000,8.869999885559082
3/9/2018,9.09000015258789,9.140000343322754,8.210000038146973,8.430000305175781,1244400,8.430000305175781
3/8/2018,7.869999885559082,7.965000152587891,7.639999866485596,7.940000057220459,218400,7.940000057220459
3/7/2018,7.800000190734863,7.929999828338623,7.789999961853027,7.869999885559082,110200,7.869999885559082
3/6/2018,7.980000019073486,7.980000019073486,7.699999809265137,7.880000114440918,152800,7.880000114440918
3/5/2018,7.679999828338623,7.949999809265137,7.550000190734863,7.940000057220459,198800,7.940000057220459
3/2/2018,7.400000095367432,7.75,7.349999904632568,7.690000057220459,130100,7.690000057220459
3/1/2018,7.360000133514404,7.579999923706055,7.349999904632568,7.449999809265137,129000,7.449999809265137
2/28/2018,7.619999885559082,7.679999828338623,7.380000114440918,7.380000114440918,164700,7.380000114440918
2/27/2018,7.400000095367432,7.710000038146973,7.339000225067139,7.639999866485596,211900,7.639999866485596
2/26/2018,7.340000152587891,7.449999809265137,7.25,7.440000057220459,81300,7.440000057220459
2/23/2018,7.260000228881836,7.360000133514404,7.199999809265137,7.309999942779541,66400,7.309999942779541
2/22/2018,7.409999847412109,7.447000026702881,7.139999866485596,7.25,111000,7.25
2/21/2018,7.260000228881836,7.409999847412109,7.236000061035156,7.360000133514404,114600,7.360000133514404
2/20/2018,7.099999904632568,7.340000152587891,7.099999904632568,7.199999809265137,163700,7.199999809265137
2/16/2018,7.170000076293945,7.25,7.099999904632568,7.150000095367432,84500,7.150000095367432
2/13/2018,7.099999904632568,7.210000038146973,7.070000171661377,7.079999923706055,230100,7.079999923706055
2/12/2018,7.349999904632568,7.349999904632568,7.144999980926514,7.230000019073486,113000,7.230000019073486
2/9/2018,7.28000020980835,7.389999866485596,7.099999904632568,7.320000171661377,171100,7.320000171661377
2/8/2018,7.349999904632568,7.349999904632568,7.119999885559082,7.239999771118164,178200,7.239999771118164
2/7/2018,7.239999771118164,7.400000095367432,7.239999771118164,7.320000171661377,124600,7.320000171661377
2/6/2018,7.239999771118164,7.360000133514404,7.130000114440918,7.260000228881836,227600,7.260000228881836
2/5/2018,7.300000190734863,7.46999979019165,7.199999809265137,7.360000133514404,182900,7.360000133514404
2/2/2018,7.400000095367432,7.550000190734863,7.260000228881836,7.409999847412109,273900,7.409999847412109
2/1/2018,7.360000133514404,7.480000019073486,7.199999809265137,7.46999979019165,197600,7.46999979019165
1/31/2018,7.480000019073486,7.489999771118164,7.349999904632568,7.369999885559082,224600,7.369999885559082
1/30/2018,7.409999847412109,7.479000091552734,7.349999904632568,7.460000038146973,158900,7.460000038146973
1/29/2018,7.309999942779541,7.419000148773193,7.309999942779541,7.369999885559082,179600,7.369999885559082
1/26/2018,7.21999979019165,7.349999904632568,7.181000232696533,7.309999942779541,175700,7.309999942779541
1/25/2018,7.079999923706055,7.389999866485596,7.079999923706055,7.25,137700,7.25
1/24/2018,7.239999771118164,7.360000133514404,7.059999942779541,7.099999904632568,537500,7.099999904632568
1/23/2018,7.099999904632568,7.25,7.099999904632568,7.199999809265137,252900,7.199999809265137
1/22/2018,7.050000190734863,7.25,7.03000020980835,7.090000152587891,220000,7.090000152587891
1/18/2018,7.239999771118164,7.239999771118164,7.010000228881836,7.079999923706055,390500,7.079999923706055
1/17/2018,7.019999980926514,7.25,7.019999980926514,7.239999771118164,262700,7.239999771118164
1/16/2018,7.300000190734863,7.489999771118164,6.860000133514404,6.949999809265137,496100,6.949999809265137
1/12/2018,7.099999904632568,7.320000171661377,6.900000095367432,7.300000190734863,570100,7.300000190734863
1/11/2018,6.659999847412109,7.170000076293945,6.659999847412109,7.119999885559082,748200,7.119999885559082
1/10/2018,6.130000114440918,6.78000020980835,6.114999771118164,6.690000057220459,460700,6.690000057220459
1/9/2018,6.159999847412109,6.300000190734863,6.150000095367432,6.159999847412109,207000,6.159999847412109
1/8/2018,6.130000114440918,6.3379998207092285,6.130000114440918,6.150000095367432,650400,6.150000095367432
1/5/2018,6.340000152587891,6.38700008392334,6.110000133514404,6.119999885559082,307000,6.119999885559082
1/4/2018,6.409999847412109,6.429999828338623,6.210000038146973,6.340000152587891,313900,6.340000152587891
1/3/2018,6.550000190734863,6.586999893188477,6.329999923706055,6.420000076293945,362900,6.420000076293945
1/2/2018,6.650000095367432,6.729000091552734,6.400000095367432,6.590000152587891,547400,6.590000152587891
12/29/2017,6.579999923706055,6.730000019073486,6.579999923706055,6.650000095367432,418400,6.650000095367432
12/28/2017,6.539999961853027,6.650000095367432,6.449999809265137,6.539999961853027,351300,6.539999961853027
12/27/2017,6.25,6.590000152587891,6.159999847412109,6.510000228881836,479500,6.510000228881836
12/20/2017,6.349999904632568,6.539999961853027,6.309999942779541,6.360000133514404,552000,6.360000133514404
12/19/2017,6.619999885559082,6.675000190734863,6.269999980926514,6.349999904632568,1291300,6.349999904632568
12/18/2017,7.239999771118164,7.514999866485596,7.079999923706055,7.139999866485596,835100,7.139999866485596
12/15/2017,7.699999809265137,7.900000095367432,7.230000019073486,7.25,2209500,7.25
12/13/2017,7.989999771118164,8.029999732971191,7.769999980926514,7.889999866485596,725100,7.889999866485596
12/12/2017,8.130000114440918,8.199999809265137,7.980000019073486,8.039999961853027,476500,8.039999961853027
12/11/2017,8.039999961853027,8.1899995803833,7.900000095367432,8.0600004196167,596300,8.0600004196167
12/6/2017,9.850000381469727,9.850000381469727,8.640000343322754,8.670000076293945,994900,8.670000076293945
12/5/2017,9.800000190734863,9.899999618530273,9.25,9.300000190734863,800900,9.300000190734863
12/4/2017,9.75,9.880000114440918,9.199999809265137,9.710000038146973,752400,9.710000038146973
12/1/2017,8.880000114440918,9.5600004196167,8.880000114440918,9.40999984741211,801200,9.40999984741211
11/30/2017,8.75,9.079999923706055,8.699999809265137,8.880000114440918,867400,8.880000114440918
11/29/2017,8.600000381469727,8.75,8.260000228881836,8.670000076293945,560000,8.670000076293945
11/28/2017,8.729999542236328,8.770000457763672,8.279999732971191,8.399999618530273,745800,8.399999618530273
11/27/2017,8.5,8.699999809265137,8.359999656677246,8.449999809265137,1568000,8.449999809265137
11/22/2017,7.829999923706055,8.170000076293945,7.760000228881836,8.119999885559082,348200,8.119999885559082
11/21/2017,7.570000171661377,7.869999885559082,7.5,7.840000152587891,288700,7.840000152587891
11/20/2017,7.400000095367432,7.739999771118164,7.389999866485596,7.570000171661377,376600,7.570000171661377
11/17/2017,7.619999885559082,7.619999885559082,7.349999904632568,7.409999847412109,313700,7.409999847412109
11/16/2017,7.570000171661377,7.670000076293945,7.309999942779541,7.639999866485596,369500,7.639999866485596
11/15/2017,7.760000228881836,7.760000228881836,7.349999904632568,7.550000190734863,438900,7.550000190734863
11/13/2017,8.050000190734863,8.239999771118164,7.889999866485596,7.949999809265137,346000,7.949999809265137
11/10/2017,7.869999885559082,8.029999732971191,7.849999904632568,7.889999866485596,372200,7.889999866485596
11/8/2017,8.25,8.350000381469727,7.949999809265137,8.100000381469727,570900,8.100000381469727
11/7/2017,7.949999809265137,8.364999771118164,7.880000114440918,8.199999809265137,2023900,8.199999809265137
11/6/2017,7.199999809265137,7.849999904632568,7.110000133514404,7.75,1465100,7.75
