4/22/2019,4.989999771118164,5.035999774932861,4.679999828338623,4.71999979019165,156900,4.71999979019165
4/18/2019,4.829999923706055,5.079999923706055,4.829999923706055,5.010000228881836,246200,5.010000228881836
4/17/2019,4.659999847412109,4.940000057220459,4.590000152587891,4.849999904632568,224000,4.849999904632568
4/16/2019,4.349999904632568,4.699999809265137,4.349999904632568,4.610000133514404,199900,4.610000133514404
4/15/2019,4.53000020980835,4.559999942779541,4.260000228881836,4.349999904632568,110900,4.349999904632568
4/12/2019,4.440000057220459,4.639999866485596,4.349999904632568,4.539999961853027,206900,4.539999961853027
4/11/2019,4.25,4.429999828338623,4.199999809265137,4.380000114440918,179300,4.380000114440918
4/10/2019,4.190000057220459,4.289999961853027,4.130000114440918,4.239999771118164,180100,4.239999771118164
4/9/2019,4.460000038146973,4.460000038146973,4.130000114440918,4.179999828338623,184600,4.179999828338623
4/8/2019,4.389999866485596,4.559999942779541,4.295000076293945,4.519999980926514,206800,4.519999980926514
4/5/2019,4.349999904632568,4.53000020980835,4.34499979019165,4.429999828338623,389500,4.429999828338623
4/4/2019,4.099999904632568,4.389999866485596,4.099999904632568,4.340000152587891,603800,4.340000152587891
4/3/2019,4.420000076293945,4.420000076293945,4.045000076293945,4.099999904632568,340500,4.099999904632568
4/2/2019,4.110000133514404,4.429999828338623,4.059999942779541,4.369999885559082,642500,4.369999885559082
4/1/2019,4.230000019073486,4.329999923706055,4.059999942779541,4.099999904632568,195400,4.099999904632568
3/29/2019,4.300000190734863,4.449999809265137,4.119999885559082,4.21999979019165,157800,4.21999979019165
3/26/2019,4.150000095367432,4.159999847412109,3.990000009536743,4.130000114440918,175700,4.130000114440918
3/25/2019,4.059999942779541,4.144999980926514,3.940000057220459,4.099999904632568,167500,4.099999904632568
3/22/2019,4.230000019073486,4.230000019073486,3.859999895095825,4.090000152587891,440900,4.090000152587891
3/21/2019,4.050000190734863,4.340000152587891,4.050000190734863,4.289999961853027,239300,4.289999961853027
3/19/2019,4.300000190734863,4.789999961853027,4.300000190734863,4.579999923706055,440600,4.579999923706055
3/18/2019,3.7899999618530273,4.130000114440918,3.7899999618530273,4.070000171661377,419500,4.070000171661377
3/15/2019,4.239999771118164,4.260000228881836,3.4000000953674316,3.7899999618530273,1965600,3.7899999618530273
3/14/2019,4.28000020980835,4.619999885559082,4.239999771118164,4.239999771118164,398200,4.239999771118164
3/13/2019,4.809999942779541,4.949999809265137,4.210000038146973,4.239999771118164,613500,4.239999771118164
3/12/2019,4.929999828338623,4.96999979019165,4.590000152587891,4.800000190734863,464200,4.800000190734863
3/11/2019,4.46999979019165,5.590000152587891,4.170000076293945,5.079999923706055,976200,5.079999923706055
3/8/2019,4.340000152587891,4.510000228881836,4.320000171661377,4.400000095367432,225000,4.400000095367432
3/7/2019,4.739999771118164,4.75,4.269999980926514,4.349999904632568,178000,4.349999904632568
3/6/2019,4.820000171661377,5.130000114440918,4.739999771118164,4.75,60200,4.75
3/5/2019,5.21999979019165,5.21999979019165,4.599999904632568,4.809999942779541,157600,4.809999942779541
3/4/2019,5.320000171661377,5.480000019073486,5.150000095367432,5.170000076293945,87300,5.170000076293945
3/1/2019,5.269999980926514,5.599999904632568,5.150000095367432,5.300000190734863,61500,5.300000190734863
2/28/2019,5.21999979019165,5.28000020980835,5.21999979019165,5.25,82600,5.25
2/27/2019,6.010000228881836,6.010000228881836,5.190000057220459,5.199999809265137,308100,5.199999809265137
2/26/2019,6.099999904632568,6.170000076293945,5.980000019073486,6.090000152587891,140900,6.090000152587891
2/25/2019,5.940000057220459,6.170000076293945,5.894999980926514,6.099999904632568,58200,6.099999904632568
2/21/2019,5.699999809265137,5.840000152587891,5.5320000648498535,5.820000171661377,98800,5.820000171661377
2/20/2019,5.690000057220459,5.800000190734863,5.650000095367432,5.690000057220459,76100,5.690000057220459
2/19/2019,5.369999885559082,5.840000152587891,5.369999885559082,5.699999809265137,319700,5.699999809265137
2/15/2019,5.360000133514404,5.5289998054504395,5.360000133514404,5.46999979019165,222700,5.46999979019165
2/14/2019,5.190000057220459,5.349999904632568,4.949999809265137,5.289999961853027,108100,5.289999961853027
2/13/2019,5.079999923706055,5.289999961853027,5.079999923706055,5.260000228881836,67500,5.260000228881836
2/12/2019,5.139999866485596,5.28000020980835,5.019999980926514,5.110000133514404,78400,5.110000133514404
2/11/2019,4.920000076293945,5.090000152587891,4.829999923706055,5.059999942779541,49900,5.059999942779541
2/7/2019,5.210000038146973,5.210000038146973,4.829999923706055,4.949999809265137,187600,4.949999809265137
2/6/2019,5.230000019073486,5.380000114440918,5.230000019073486,5.300000190734863,106500,5.300000190734863
2/5/2019,5.079999923706055,5.255000114440918,5.079999923706055,5.239999771118164,94000,5.239999771118164
2/4/2019,4.989999771118164,5.099999904632568,4.989999771118164,5.099999904632568,58400,5.099999904632568
2/1/2019,5.150000095367432,5.239999771118164,4.929999828338623,5.019999980926514,115100,5.019999980926514
1/31/2019,4.820000171661377,5.139999866485596,4.739999771118164,5.130000114440918,194900,5.130000114440918
1/30/2019,4.710000038146973,4.860000133514404,4.630000114440918,4.860000133514404,83300,4.860000133514404
1/29/2019,4.769999980926514,4.769999980926514,4.630000114440918,4.659999847412109,115000,4.659999847412109
1/28/2019,4.840000152587891,4.929999828338623,4.699999809265137,4.760000228881836,111700,4.760000228881836
1/25/2019,4.78000020980835,4.920000076293945,4.71999979019165,4.869999885559082,163900,4.869999885559082
1/24/2019,4.550000190734863,4.78000020980835,4.5,4.710000038146973,147500,4.710000038146973
1/23/2019,4.679999828338623,4.769999980926514,4.389999866485596,4.539999961853027,144800,4.539999961853027
1/22/2019,4.760000228881836,4.949999809265137,4.5,4.53000020980835,299200,4.53000020980835
1/18/2019,4.840000152587891,4.889999866485596,4.760000228881836,4.840000152587891,201900,4.840000152587891
1/17/2019,4.690000057220459,4.909999847412109,4.670000076293945,4.809999942779541,79900,4.809999942779541
1/16/2019,4.710000038146973,4.894999980926514,4.688000202178955,4.71999979019165,116900,4.71999979019165
1/15/2019,4.679999828338623,4.769999980926514,4.519999980926514,4.690000057220459,234400,4.690000057220459
1/14/2019,4.619999885559082,4.739999771118164,4.449999809265137,4.679999828338623,146600,4.679999828338623
1/11/2019,4.53000020980835,4.840000152587891,4.28000020980835,4.690000057220459,239800,4.690000057220459
1/10/2019,4.579999923706055,4.639999866485596,4.400000095367432,4.619999885559082,126000,4.619999885559082
1/9/2019,4.639999866485596,4.71999979019165,4.236999988555908,4.650000095367432,138400,4.650000095367432
1/8/2019,4.460000038146973,4.639999866485596,4.320000171661377,4.630000114440918,152300,4.630000114440918
1/7/2019,4.239999771118164,4.659999847412109,4.170000076293945,4.380000114440918,223100,4.380000114440918
1/4/2019,3.9100000858306885,4.28000020980835,3.9000000953674316,4.25,299000,4.25
1/3/2019,4.119999885559082,4.150000095367432,3.9000000953674316,3.9000000953674316,223200,3.9000000953674316
1/2/2019,3.6500000953674316,4.260000228881836,3.6500000953674316,4.230000019073486,272300,4.230000019073486
12/31/2018,3.880000114440918,3.950000047683716,3.549999952316284,3.759999990463257,472800,3.759999990463257
12/28/2018,3.859999895095825,4.050000190734863,3.7200000286102295,3.819999933242798,316000,3.819999933242798
12/27/2018,3.509999990463257,3.950000047683716,3.5,3.940000057220459,191500,3.940000057220459
12/26/2018,3.9100000858306885,4.043000221252441,3.25,3.5799999237060547,773800,3.5799999237060547
12/24/2018,3.549999952316284,4.039000034332275,3.25,3.880000114440918,427100,3.880000114440918
12/21/2018,3.799999952316284,3.950000047683716,3.4600000381469727,3.549999952316284,900500,3.549999952316284
12/19/2018,4.099999904632568,4.34499979019165,4.010000228881836,4.039999961853027,345900,4.039999961853027
12/18/2018,4.159999847412109,4.506999969482422,4.090000152587891,4.090000152587891,277200,4.090000152587891
12/17/2018,4.119999885559082,4.329999923706055,4.079999923706055,4.099999904632568,195600,4.099999904632568
12/14/2018,4.369999885559082,4.46999979019165,4.039999961853027,4.170000076293945,397600,4.170000076293945
12/13/2018,4.590000152587891,4.686999797821045,4.360000133514404,4.380000114440918,349300,4.380000114440918
12/11/2018,5.260000228881836,5.269999980926514,4.800000190734863,4.809999942779541,391800,4.809999942779541
12/10/2018,4.699999809265137,5.289999961853027,4.25,5.210000038146973,792300,5.210000038146973
12/7/2018,4.96999979019165,5.300000190734863,4.679999828338623,4.739999771118164,317100,4.739999771118164
12/6/2018,4.949999809265137,5.110000133514404,4.803999900817871,4.974999904632568,111900,4.974999904632568
12/4/2018,5.400000095367432,5.619999885559082,4.90500020980835,4.960000038146973,269300,4.960000038146973
12/3/2018,4.989999771118164,5.650000095367432,4.989999771118164,5.460000038146973,503700,5.460000038146973
11/30/2018,5.059999942779541,5.059999942779541,4.760000228881836,4.900000095367432,280600,4.900000095367432
11/29/2018,5.309999942779541,5.360000133514404,5.070000171661377,5.090000152587891,155300,5.090000152587891
11/27/2018,4.650000095367432,4.989999771118164,4.650000095367432,4.949999809265137,119200,4.949999809265137
11/26/2018,4.590000152587891,4.739999771118164,4.534999847412109,4.71999979019165,125300,4.71999979019165
11/23/2018,4.239999771118164,4.599999904632568,4.239999771118164,4.53000020980835,86200,4.53000020980835
11/21/2018,4.5,4.686999797821045,4.320000171661377,4.349999904632568,340400,4.349999904632568
11/20/2018,4.5,4.676000118255615,4.190000057220459,4.429999828338623,311100,4.429999828338623
11/19/2018,4.679999828338623,4.840000152587891,4.539999961853027,4.579999923706055,134800,4.579999923706055
11/16/2018,4.699999809265137,4.78000020980835,4.445000171661377,4.710000038146973,215400,4.710000038146973
11/15/2018,4.809999942779541,4.849999904632568,4.5,4.71999979019165,318600,4.71999979019165
11/14/2018,5.099999904632568,5.239999771118164,4.820000171661377,4.860000133514404,243000,4.860000133514404
11/13/2018,5.099999904632568,5.300000190734863,5.025000095367432,5.070000171661377,201200,5.070000171661377
11/12/2018,5.440000057220459,5.510000228881836,5.039999961853027,5.050000190734863,979600,5.050000190734863
11/9/2018,5.659999847412109,5.659999847412109,5.449999809265137,5.460000038146973,451300,5.460000038146973
11/8/2018,6.139999866485596,6.190000057220459,5.599999904632568,5.635000228881836,356700,5.635000228881836
11/7/2018,6.539999961853027,6.539999961853027,5.940000057220459,6.239999771118164,411800,6.239999771118164
11/6/2018,4.800000190734863,6.827000141143799,4.75,6.014999866485596,989300,6.014999866485596
11/5/2018,5.289999961853027,5.349999904632568,5.03000020980835,5.289999961853027,337000,5.289999961853027
11/2/2018,4.909999847412109,5.28000020980835,4.869999885559082,5.269999980926514,342300,5.269999980926514
11/1/2018,4.559999942779541,5.025000095367432,4.550000190734863,4.889999866485596,497700,4.889999866485596
10/31/2018,4.590000152587891,4.71999979019165,4.489999771118164,4.510000228881836,248600,4.510000228881836
10/30/2018,4.510000228881836,4.800000190734863,4.5,4.570000171661377,294200,4.570000171661377
10/29/2018,4.699999809265137,5.010000228881836,4.389999866485596,4.53000020980835,276600,4.53000020980835
10/26/2018,4.980000019073486,5.010000228881836,4.539999961853027,4.579999923706055,1198600,4.579999923706055
10/25/2018,4.880000114440918,5.050000190734863,4.849999904632568,4.980000019073486,255800,4.980000019073486
10/24/2018,4.840000152587891,5.099999904632568,4.699999809265137,4.849999904632568,265600,4.849999904632568
10/19/2018,5.059999942779541,5.179999828338623,4.840000152587891,4.96999979019165,384600,4.96999979019165
10/18/2018,5.380000114440918,5.440000057220459,4.46999979019165,5.050000190734863,1002300,5.050000190734863
10/17/2018,5.599999904632568,5.690000057220459,5.329999923706055,5.449999809265137,275000,5.449999809265137
10/16/2018,5.429999828338623,5.71999979019165,5.269999980926514,5.650000095367432,421800,5.650000095367432
10/15/2018,5.480000019073486,5.559999942779541,5.25,5.369999885559082,374700,5.369999885559082
10/12/2018,5.71999979019165,5.979000091552734,5.400000095367432,5.559999942779541,272600,5.559999942779541
10/11/2018,6.150000095367432,6.230000019073486,5.579999923706055,5.585000038146973,814300,5.585000038146973
10/10/2018,6.71999979019165,6.769999980926514,6.159999847412109,6.210000038146973,489600,6.210000038146973
10/9/2018,7.320000171661377,7.610000133514404,6.679999828338623,6.710000038146973,818200,6.710000038146973
10/8/2018,7.309999942779541,7.46999979019165,7.21999979019165,7.360000133514404,96600,7.360000133514404
10/5/2018,7.409999847412109,7.505000114440918,7.269999980926514,7.340000152587891,218300,7.340000152587891
10/4/2018,7.46999979019165,7.590000152587891,7.375,7.449999809265137,107600,7.449999809265137
10/3/2018,7.489999771118164,7.570000171661377,7.300000190734863,7.480000019073486,99600,7.480000019073486
10/2/2018,7.460000038146973,7.730000019073486,7.429999828338623,7.480000019073486,167000,7.480000019073486
10/1/2018,7.519999980926514,7.71999979019165,7.460000038146973,7.480000019073486,135100,7.480000019073486
9/28/2018,7.400000095367432,7.630000114440918,7.309999942779541,7.460000038146973,571600,7.460000038146973
9/27/2018,7.389999866485596,7.619999885559082,7.28000020980835,7.389999866485596,466700,7.389999866485596
9/26/2018,7.699999809265137,7.71999979019165,7.329999923706055,7.340000152587891,267000,7.340000152587891
9/25/2018,7.880000114440918,7.900000095367432,7.650000095367432,7.659999847412109,146300,7.659999847412109
9/24/2018,7.920000076293945,8.010000228881836,7.579999923706055,7.869999885559082,312400,7.869999885559082
9/21/2018,7.989999771118164,8.180000305175781,7.900000095367432,7.96999979019165,586800,7.96999979019165
9/20/2018,8.270000457763672,8.538999557495117,7.960000038146973,7.989999771118164,241000,7.989999771118164
9/19/2018,8.0600004196167,8.520000457763672,8.0600004196167,8.220000267028809,237000,8.220000267028809
9/18/2018,8.15999984741211,8.279999732971191,7.940000057220459,8.09000015258789,188100,8.09000015258789
9/17/2018,7.96999979019165,8.279999732971191,7.855000019073486,8.109999656677246,473400,8.109999656677246
9/14/2018,8.069999694824219,8.13599967956543,7.860000133514404,7.909999847412109,87700,7.909999847412109
9/13/2018,8.09000015258789,8.279999732971191,7.809999942779541,8.130000114440918,251400,8.130000114440918
9/12/2018,8.279999732971191,8.279999732971191,8.010000228881836,8.029999732971191,167200,8.029999732971191
9/11/2018,8.369999885559082,8.539999961853027,8.020000457763672,8.270000457763672,370400,8.270000457763672
9/10/2018,8.65999984741211,8.65999984741211,8.34000015258789,8.380000114440918,165900,8.380000114440918
9/7/2018,8.770000457763672,8.890000343322754,8.630000114440918,8.65999984741211,76800,8.65999984741211
9/6/2018,8.979999542236328,8.979999542236328,8.59000015258789,8.8100004196167,116800,8.8100004196167
9/5/2018,8.75,8.970000267028809,8.579999923706055,8.970000267028809,177800,8.970000267028809
9/4/2018,8.420000076293945,8.800000190734863,8.420000076293945,8.739999771118164,203500,8.739999771118164
8/30/2018,9.039999961853027,9.079999923706055,8.640999794006348,8.739999771118164,324700,8.739999771118164
8/28/2018,9.180000305175781,9.3100004196167,8.979999542236328,9.100000381469727,90100,9.100000381469727
8/27/2018,9.15999984741211,9.321999549865723,9.01200008392334,9.130000114440918,205900,9.130000114440918
8/24/2018,9.180000305175781,9.180000305175781,9.010000228881836,9.100000381469727,122200,9.100000381469727
8/23/2018,9.470000267028809,9.470000267028809,9.140000343322754,9.15999984741211,135700,9.15999984741211
8/22/2018,9.489999771118164,9.710000038146973,9.34000015258789,9.489999771118164,190300,9.489999771118164
8/21/2018,9.260000228881836,9.625,9.25,9.470000267028809,143900,9.470000267028809
8/20/2018,9.279999732971191,9.350000381469727,9.029999732971191,9.220000267028809,102200,9.220000267028809
8/17/2018,9.0600004196167,9.279999732971191,8.944999694824219,9.220000267028809,205100,9.220000267028809
8/16/2018,9.319999694824219,9.479999542236328,9.039999961853027,9.079999923706055,125300,9.079999923706055
8/15/2018,9.399999618530273,9.430000305175781,8.829999923706055,9.300000190734863,114400,9.300000190734863
8/14/2018,9.329999923706055,9.670000076293945,9.3100004196167,9.460000038146973,125800,9.460000038146973
8/13/2018,9.529999732971191,9.928999900817871,9.029999732971191,9.289999961853027,450300,9.289999961853027
8/10/2018,9.550000190734863,9.600000381469727,9.130000114440918,9.5,242400,9.5
8/9/2018,9.75,9.899999618530273,8.729999542236328,9.600000381469727,432000,9.600000381469727
8/6/2018,8.489999771118164,8.859999656677246,8.489999771118164,8.75,138400,8.75
8/3/2018,8.40999984741211,8.520000457763672,8.220000267028809,8.489999771118164,129300,8.489999771118164
8/2/2018,8.520000457763672,8.649999618530273,8.40999984741211,8.460000038146973,111900,8.460000038146973
8/1/2018,9.010000228881836,9.079999923706055,8.380000114440918,8.529999732971191,230800,8.529999732971191
7/31/2018,8.680000305175781,9.239999771118164,8.569999694824219,9.050000190734863,247100,9.050000190734863
7/30/2018,8.470000267028809,8.8100004196167,8.399999618530273,8.710000038146973,232000,8.710000038146973
7/27/2018,8.579999923706055,8.649999618530273,8.329999923706055,8.479999542236328,125000,8.479999542236328
7/26/2018,8.489999771118164,8.899999618530273,8.380000114440918,8.460000038146973,235300,8.460000038146973
7/25/2018,8.329999923706055,8.581999778747559,7.900000095367432,8.5600004196167,267700,8.5600004196167
7/24/2018,7.929999828338623,8.729999542236328,7.659999847412109,8.34000015258789,302200,8.34000015258789
7/23/2018,7.849999904632568,8.029999732971191,7.690000057220459,7.909999847412109,138600,7.909999847412109
7/20/2018,8.130000114440918,8.15999984741211,7.809999942779541,7.869999885559082,120500,7.869999885559082
7/19/2018,7.739999771118164,8.319999694824219,7.739999771118164,8.149999618530273,185300,8.149999618530273
7/18/2018,7.960000038146973,8.15999984741211,7.920000076293945,8.020000457763672,242700,8.020000457763672
7/17/2018,7.869999885559082,8.210000038146973,7.559999942779541,7.920000076293945,156000,7.920000076293945
7/16/2018,8.479999542236328,8.479999542236328,7.71999979019165,7.880000114440918,241800,7.880000114440918
7/13/2018,8.670000076293945,8.829999923706055,8.380000114440918,8.460000038146973,202400,8.460000038146973
7/12/2018,8.800000190734863,8.800000190734863,8.529999732971191,8.680000305175781,146300,8.680000305175781
7/11/2018,8.949999809265137,8.949999809265137,8.65999984741211,8.75,274800,8.75
7/10/2018,9.050000190734863,9.149999618530273,8.75,9.020000457763672,291400,9.020000457763672
7/9/2018,9.899999618530273,9.920000076293945,8.8149995803833,9.0600004196167,617600,9.0600004196167
7/6/2018,9.6899995803833,9.935999870300293,9.539999961853027,9.819999694824219,176200,9.819999694824219
7/5/2018,9.569999694824219,9.746999740600586,9.307999610900879,9.65999984741211,146300,9.65999984741211
7/3/2018,9.59000015258789,9.6899995803833,9.399999618530273,9.470000267028809,101400,9.470000267028809
7/2/2018,9.65999984741211,9.670000076293945,9.390999794006348,9.489999771118164,187300,9.489999771118164
6/29/2018,9.819999694824219,10.029999732971191,9.5600004196167,9.729999542236328,342700,9.729999542236328
6/28/2018,9.609999656677246,9.75,9.430000305175781,9.739999771118164,186600,9.739999771118164
6/27/2018,9.949999809265137,10.024999618530273,9.399999618530273,9.609999656677246,238600,9.609999656677246
6/26/2018,9.609999656677246,10.039999961853027,9.5600004196167,9.899999618530273,302700,9.899999618530273
6/25/2018,9.869999885559082,10.119999885559082,9.390000343322754,9.550000190734863,321900,9.550000190734863
6/22/2018,9.930000305175781,10.029999732971191,9.730999946594238,10.029999732971191,601800,10.029999732971191
6/21/2018,10.239999771118164,10.359999656677246,9.550000190734863,9.819999694824219,269600,9.819999694824219
6/20/2018,10.279999732971191,10.399999618530273,9.949999809265137,10.279999732971191,255500,10.279999732971191
6/19/2018,10.130000114440918,10.470000267028809,10.09000015258789,10.210000038146973,434700,10.210000038146973
6/18/2018,9.739999771118164,10.199999809265137,9.720000267028809,10.170000076293945,217600,10.170000076293945
6/15/2018,10.029999732971191,10.270000457763672,9.59000015258789,9.760000228881836,550300,9.760000228881836
6/14/2018,9.800000190734863,10.170000076293945,9.800000190734863,10.039999961853027,223400,10.039999961853027
6/13/2018,9.569999694824219,10.100000381469727,9.5600004196167,9.8100004196167,378600,9.8100004196167
6/12/2018,9.25,9.550000190734863,9.1899995803833,9.520000457763672,376700,9.520000457763672
6/11/2018,9.079999923706055,9.579999923706055,9.050000190734863,9.229999542236328,452800,9.229999542236328
6/8/2018,9.010000228881836,9.199999809265137,8.989999771118164,9.079999923706055,370900,9.079999923706055
6/7/2018,8.8100004196167,9.050000190734863,8.699999809265137,9.010000228881836,172700,9.010000228881836
6/6/2018,8.75,8.850000381469727,8.673999786376953,8.8100004196167,300800,8.8100004196167
6/5/2018,8.569999694824219,8.760000228881836,8.569999694824219,8.739999771118164,146600,8.739999771118164
6/4/2018,8.4399995803833,8.640000343322754,8.300000190734863,8.609999656677246,121500,8.609999656677246
6/1/2018,8.739999771118164,8.90999984741211,8.3100004196167,8.40999984741211,206500,8.40999984741211
5/31/2018,8.4399995803833,8.75,8.4399995803833,8.670000076293945,317100,8.670000076293945
5/30/2018,8.84000015258789,8.960000038146973,8.739999771118164,8.800000190734863,167100,8.800000190734863
5/29/2018,8.699999809265137,8.90999984741211,8.60099983215332,8.789999961853027,186200,8.789999961853027
5/25/2018,8.729999542236328,8.90999984741211,8.656999588012695,8.720000267028809,147900,8.720000267028809
5/24/2018,8.75,8.819999694824219,8.510000228881836,8.770000457763672,154300,8.770000457763672
5/23/2018,8.760000228881836,8.914999961853027,8.5600004196167,8.739999771118164,213900,8.739999771118164
5/22/2018,8.890000343322754,8.960000038146973,8.729999542236328,8.8100004196167,185500,8.8100004196167
5/21/2018,8.829999923706055,8.949999809265137,8.729999542236328,8.829999923706055,172000,8.829999923706055
5/18/2018,8.75,8.930000305175781,8.520999908447266,8.789999961853027,221500,8.789999961853027
5/17/2018,8.90999984741211,8.949999809265137,8.630000114440918,8.739999771118164,234200,8.739999771118164
5/16/2018,8.90999984741211,9.020000457763672,8.8100004196167,8.869999885559082,286100,8.869999885559082
5/15/2018,8.609999656677246,8.960000038146973,8.47599983215332,8.869999885559082,281200,8.869999885559082
5/14/2018,8.989999771118164,9.329999923706055,8.670000076293945,8.680000305175781,476400,8.680000305175781
5/11/2018,8.149999618530273,8.960000038146973,8.149999618530273,8.829999923706055,734700,8.829999923706055
5/10/2018,7.699999809265137,8.204999923706055,7.690000057220459,8.09000015258789,520100,8.09000015258789
5/9/2018,7.849999904632568,8.029999732971191,7.619999885559082,7.699999809265137,449200,7.699999809265137
5/8/2018,6.619999885559082,8.229999542236328,6.619999885559082,7.829999923706055,1335600,7.829999923706055
5/7/2018,6.980000019073486,7.269999980926514,6.860000133514404,7.019999980926514,445700,7.019999980926514
5/4/2018,6.889999866485596,7.03000020980835,6.78000020980835,6.920000076293945,238100,6.920000076293945
5/3/2018,7.179999828338623,7.179999828338623,6.789999961853027,6.920000076293945,537500,6.920000076293945
5/2/2018,7.25,7.46999979019165,7.110000133514404,7.170000076293945,619300,7.170000076293945
5/1/2018,7.360000133514404,7.429999828338623,7.090000152587891,7.239999771118164,371600,7.239999771118164
4/30/2018,7.519999980926514,7.53000020980835,7.320000171661377,7.340000152587891,288600,7.340000152587891
4/27/2018,7.610000133514404,7.789999961853027,7.329999923706055,7.480000019073486,267600,7.480000019073486
4/26/2018,7.5,7.590000152587891,7.449999809265137,7.545000076293945,568500,7.545000076293945
4/25/2018,8.569999694824219,8.569999694824219,7.300000190734863,7.5,1026800,7.5
4/24/2018,8.779999732971191,8.829999923706055,8.510000228881836,8.539999961853027,144600,8.539999961853027
4/23/2018,9.010000228881836,9.029999732971191,8.699999809265137,8.770000457763672,90800,8.770000457763672
4/20/2018,9.050000190734863,9.100000381469727,8.84000015258789,9.029999732971191,267200,9.029999732971191
4/19/2018,9.100000381469727,9.199999809265137,8.979999542236328,9.0600004196167,130100,9.0600004196167
4/18/2018,8.859999656677246,9.220000267028809,8.520999908447266,9.130000114440918,306800,9.130000114440918
4/17/2018,8.649999618530273,8.9399995803833,8.621000289916992,8.789999961853027,266000,8.789999961853027
4/16/2018,8.380000114440918,8.649999618530273,8.3100004196167,8.619999885559082,239800,8.619999885559082
4/13/2018,8.420000076293945,8.420000076293945,8.199999809265137,8.3100004196167,156900,8.3100004196167
4/12/2018,8.40999984741211,8.470000267028809,8.300000190734863,8.380000114440918,118800,8.380000114440918
4/11/2018,8.420000076293945,8.480999946594238,8.34000015258789,8.399999618530273,107500,8.399999618530273
4/10/2018,8.229999542236328,8.489999771118164,8.1899995803833,8.460000038146973,182800,8.460000038146973
4/9/2018,8.350000381469727,8.470000267028809,8.119999885559082,8.119999885559082,186500,8.119999885559082
4/6/2018,8.569999694824219,8.630000114440918,8.109999656677246,8.3100004196167,222100,8.3100004196167
4/5/2018,8.210000038146973,8.699999809265137,8.210000038146973,8.600000381469727,243300,8.600000381469727
4/4/2018,7.860000133514404,8.239999771118164,7.760000228881836,8.140000343322754,232100,8.140000343322754
4/3/2018,7.96999979019165,8.079999923706055,7.619999885559082,7.980000019073486,382800,7.980000019073486
4/2/2018,8.350000381469727,8.470000267028809,7.840000152587891,7.96999979019165,380500,7.96999979019165
3/29/2018,8.430000305175781,8.614999771118164,8.289999961853027,8.319999694824219,543000,8.319999694824219
3/28/2018,8.350000381469727,8.640000343322754,8.229999542236328,8.359999656677246,309400,8.359999656677246
3/27/2018,8.149999618530273,8.529999732971191,8.043999671936035,8.319999694824219,338600,8.319999694824219
3/26/2018,8.4399995803833,8.4399995803833,7.869999885559082,8.09000015258789,307100,8.09000015258789
3/23/2018,8.380000114440918,8.604999542236328,8.220000267028809,8.3100004196167,443200,8.3100004196167
3/22/2018,8.319999694824219,8.619999885559082,8.220000267028809,8.369999885559082,366600,8.369999885559082
3/21/2018,8.3100004196167,8.640000343322754,8.180000305175781,8.390000343322754,263900,8.390000343322754
3/20/2018,8.399999618530273,8.539999961853027,8.220000267028809,8.300000190734863,265400,8.300000190734863
3/19/2018,8.739999771118164,8.739999771118164,8.15999984741211,8.430000305175781,468800,8.430000305175781
3/16/2018,7.809999942779541,8.819999694824219,7.809999942779541,8.739999771118164,1477100,8.739999771118164
3/15/2018,8.5600004196167,8.600000381469727,7.710000038146973,7.78000020980835,855500,7.78000020980835
3/14/2018,8.640000343322754,8.67300033569336,8.380000114440918,8.579999923706055,332800,8.579999923706055
3/13/2018,8.760000228881836,8.920000076293945,8.420000076293945,8.569999694824219,432600,8.569999694824219
3/12/2018,8.640000343322754,8.680000305175781,8.220999717712402,8.630000114440918,541300,8.630000114440918
3/9/2018,8.390000343322754,8.770000457763672,8.199999809265137,8.75,745900,8.75
3/8/2018,8.329999923706055,8.628000259399414,8.050000190734863,8.399999618530273,636400,8.399999618530273
3/6/2018,7.75,7.900000095367432,7.599999904632568,7.769999980926514,442700,7.769999980926514
3/5/2018,7.599999904632568,7.959000110626221,7.460000038146973,7.75,225400,7.75
3/2/2018,7.260000228881836,7.78000020980835,7.159999847412109,7.710000038146973,327800,7.710000038146973
3/1/2018,7.050000190734863,7.420000076293945,6.802000045776367,7.289999961853027,521800,7.289999961853027
2/28/2018,7.309999942779541,7.420000076293945,7.019999980926514,7.090000152587891,258500,7.090000152587891
2/27/2018,7.670000076293945,7.78000020980835,7.210000038146973,7.269999980926514,430600,7.269999980926514
2/26/2018,7.420000076293945,7.739999771118164,7.25,7.710000038146973,235000,7.710000038146973
2/23/2018,7.639999866485596,7.639999866485596,7.300000190734863,7.409999847412109,301400,7.409999847412109
2/22/2018,7.599999904632568,7.849999904632568,7.480000019073486,7.590000152587891,244800,7.590000152587891
2/21/2018,7.699999809265137,8.029999732971191,7.561999797821045,7.599999904632568,290200,7.599999904632568
2/20/2018,7.909999847412109,8.100000381469727,7.619999885559082,7.650000095367432,304700,7.650000095367432
2/16/2018,7.369999885559082,8.119999885559082,7.260000228881836,7.960000038146973,503000,7.960000038146973
2/15/2018,7.239999771118164,7.46999979019165,7.150000095367432,7.409999847412109,332200,7.409999847412109
2/14/2018,7.269999980926514,7.429999828338623,7.130000114440918,7.230000019073486,322300,7.230000019073486
2/13/2018,7.260000228881836,7.639999866485596,7.210000038146973,7.300000190734863,423500,7.300000190734863
2/12/2018,7.409999847412109,7.461999893188477,7.091000080108643,7.269999980926514,373200,7.269999980926514
2/7/2018,7.300000190734863,7.409999847412109,6.909999847412109,6.96999979019165,573700,6.96999979019165
2/6/2018,6.889999866485596,7.449999809265137,6.7210001945495605,7.300000190734863,666000,7.300000190734863
2/5/2018,7.050000190734863,7.210000038146973,6.769999980926514,7.03000020980835,689900,7.03000020980835
2/2/2018,6.940000057220459,7.320000171661377,6.760000228881836,7.099999904632568,559600,7.099999904632568
2/1/2018,6.929999828338623,7.480000019073486,6.5,7.010000228881836,918400,7.010000228881836
1/31/2018,8.1899995803833,8.1899995803833,6.110000133514404,6.949999809265137,5104900,6.949999809265137
1/30/2018,8.180000305175781,8.960000038146973,8.170000076293945,8.779999732971191,588100,8.779999732971191
1/29/2018,8.449999809265137,8.640000343322754,8.119999885559082,8.199999809265137,699900,8.199999809265137
1/26/2018,8.859999656677246,8.890000343322754,8.34000015258789,8.539999961853027,719900,8.539999961853027
1/25/2018,9.029999732971191,9.199999809265137,8.6899995803833,8.859999656677246,368600,8.859999656677246
1/24/2018,9.34000015258789,9.64900016784668,8.779999732971191,8.930000305175781,839400,8.930000305175781
1/23/2018,9.729999542236328,9.84000015258789,9.119999885559082,9.279999732971191,658500,9.279999732971191
1/22/2018,9.520000457763672,9.90999984741211,9.319999694824219,9.699999809265137,386000,9.699999809265137
1/19/2018,9.40999984741211,9.539999961853027,9.3100004196167,9.479999542236328,210100,9.479999542236328
1/18/2018,9.350000381469727,9.619999885559082,9.25,9.4399995803833,670600,9.4399995803833
1/17/2018,9.739999771118164,10.09000015258789,9.210000038146973,9.350000381469727,833200,9.350000381469727
1/16/2018,10.449999809265137,10.779999732971191,9.489999771118164,9.699999809265137,703500,9.699999809265137
1/12/2018,10.680000305175781,11.010000228881836,10.329999923706055,10.350000381469727,461000,10.350000381469727
1/11/2018,10.649999618530273,10.890000343322754,10.4399995803833,10.65999984741211,294900,10.65999984741211
1/10/2018,11.380000114440918,11.399999618530273,10.35099983215332,10.680000305175781,721700,10.680000305175781
1/9/2018,11.420000076293945,12.303000450134277,11.399999618530273,11.4399995803833,852700,11.4399995803833
1/8/2018,11.039999961853027,11.380000114440918,10.651000022888184,11.350000381469727,777200,11.350000381469727
1/5/2018,11.3100004196167,11.3100004196167,10.729999542236328,11.010000228881836,616100,11.010000228881836
1/4/2018,11.930000305175781,11.979999542236328,11.149999618530273,11.300000190734863,585300,11.300000190734863
1/3/2018,11.670000076293945,12.09000015258789,11.600000381469727,11.869999885559082,566900,11.869999885559082
1/2/2018,11.180000305175781,11.680000305175781,11.039999961853027,11.65999984741211,633100,11.65999984741211
12/29/2017,11.25,11.420000076293945,10.84000015258789,11.100000381469727,1009100,11.100000381469727
12/28/2017,10.609999656677246,11.300000190734863,10.515000343322754,11.25,672400,11.25
12/27/2017,11.109999656677246,11.109999656677246,10.279999732971191,10.649999618530273,730200,10.649999618530273
12/26/2017,10.029999732971191,11.3100004196167,10.029999732971191,11.130000114440918,894100,11.130000114440918
12/22/2017,10.09000015258789,10.239999771118164,9.720000267028809,10.010000228881836,335800,10.010000228881836
12/21/2017,9.949999809265137,10.402000427246094,9.819999694824219,10.0600004196167,763200,10.0600004196167
12/20/2017,10.789999961853027,10.789999961853027,9.6899995803833,9.949999809265137,861400,9.949999809265137
12/19/2017,10.609999656677246,11.069999694824219,10.539999961853027,10.699999809265137,879100,10.699999809265137
12/18/2017,11.020000457763672,11.59000015258789,10.229999542236328,10.630000114440918,1191700,10.630000114440918
12/15/2017,9.600000381469727,10.890000343322754,9.479999542236328,10.829999923706055,1201200,10.829999923706055
12/14/2017,9.470000267028809,9.84000015258789,9.3100004196167,9.479999542236328,1397800,9.479999542236328
12/13/2017,9.15999984741211,9.470000267028809,9.069999694824219,9.359999656677246,265700,9.359999656677246
12/12/2017,9.3100004196167,9.420000076293945,9.079999923706055,9.15999984741211,308500,9.15999984741211
12/11/2017,9.34000015258789,9.439000129699707,9.020000457763672,9.350000381469727,427000,9.350000381469727
12/8/2017,8.890000343322754,9.520000457763672,8.86400032043457,9.180000305175781,509700,9.180000305175781
12/7/2017,8.75,8.989999771118164,8.414999961853027,8.84000015258789,374800,8.84000015258789
12/6/2017,9.140000343322754,9.350000381469727,8.680000305175781,8.75,534400,8.75
12/5/2017,9.180000305175781,9.470000267028809,8.946000099182129,9.119999885559082,733400,9.119999885559082
12/4/2017,9.569999694824219,9.880000114440918,9.15999984741211,9.220000267028809,859800,9.220000267028809
12/1/2017,9.979999542236328,9.979999542236328,9.079999923706055,9.350000381469727,727100,9.350000381469727
11/30/2017,9.539999961853027,9.850000381469727,9.460000038146973,9.84000015258789,953100,9.84000015258789
11/29/2017,9.800000190734863,10.300000190734863,9.168999671936035,9.489999771118164,993900,9.489999771118164
11/28/2017,8.739999771118164,9.920000076293945,8.739999771118164,9.800000190734863,1946000,9.800000190734863
11/27/2017,9.119999885559082,9.39900016784668,8.65999984741211,8.680000305175781,648600,8.680000305175781
11/24/2017,9.220000267028809,9.800000190734863,9.069999694824219,9.104999542236328,380100,9.104999542236328
11/21/2017,8.829999923706055,9.010000228881836,8.789999961853027,8.960000038146973,437500,8.960000038146973
11/17/2017,8.720000267028809,8.979999542236328,8.720000267028809,8.9399995803833,604100,8.9399995803833
11/16/2017,8.649999618530273,8.949999809265137,8.494999885559082,8.739999771118164,841100,8.739999771118164
11/15/2017,8.079999923706055,8.649999618530273,7.699999809265137,8.569999694824219,1080900,8.569999694824219
11/14/2017,8.989999771118164,9.149999618530273,8.09000015258789,8.255000114440918,1323200,8.255000114440918
11/13/2017,8.489999771118164,8.989999771118164,8.079999923706055,8.949999809265137,1508700,8.949999809265137
11/10/2017,8.079999923706055,8.600000381469727,7.929999828338623,8.539999961853027,1487800,8.539999961853027
11/9/2017,7.460000038146973,8.529999732971191,7.309999942779541,8.210000038146973,3234700,8.210000038146973
11/8/2017,5.380000114440918,8.039999961853027,5.380000114440918,7.670000076293945,9045700,7.670000076293945
11/7/2017,4.949999809265137,5.119999885559082,4.760000228881836,5.059999942779541,1211500,5.059999942779541
11/6/2017,4.96999979019165,5.119999885559082,4.929999828338623,5.010000228881836,1001000,5.010000228881836
11/3/2017,4.909999847412109,5.090000152587891,4.889999866485596,4.929999828338623,572600,4.929999828338623
11/2/2017,4.96999979019165,5.03000020980835,4.880000114440918,4.909999847412109,442300,4.909999847412109
10/31/2017,5.119999885559082,5.28000020980835,4.889999866485596,4.960000038146973,872000,4.960000038146973
10/30/2017,5.119999885559082,5.289999961853027,4.949999809265137,5.090000152587891,663600,5.090000152587891
10/27/2017,4.960000038146973,5.199999809265137,4.909999847412109,5.139999866485596,797000,5.139999866485596
10/26/2017,5.119999885559082,5.159999847412109,4.945000171661377,4.96999979019165,710900,4.96999979019165
10/25/2017,5.159999847412109,5.300000190734863,5.059999942779541,5.090000152587891,757000,5.090000152587891
10/24/2017,5.139999866485596,5.369999885559082,5.10099983215332,5.199999809265137,809900,5.199999809265137
10/20/2017,5.090000152587891,5.150000095367432,4.900000095367432,5.010000228881836,589100,5.010000228881836
10/19/2017,4.840000152587891,5.070000171661377,4.820000171661377,5.010000228881836,499300,5.010000228881836
10/18/2017,4.800000190734863,4.989999771118164,4.800000190734863,4.889999866485596,532300,4.889999866485596
10/16/2017,5.380000114440918,5.449999809265137,4.980000019073486,5.03000020980835,931100,5.03000020980835
10/13/2017,5.449999809265137,5.480000019073486,5.289999961853027,5.329999923706055,466300,5.329999923706055
10/12/2017,5.369999885559082,5.429999828338623,5.039999961853027,5.340000152587891,1083600,5.340000152587891
10/11/2017,5.449999809265137,5.579999923706055,5.210000038146973,5.349999904632568,1826900,5.349999904632568
10/10/2017,5.320000171661377,5.619999885559082,5.239999771118164,5.409999847412109,1195700,5.409999847412109
10/9/2017,5.079999923706055,5.670000076293945,5.070000171661377,5.269999980926514,1372900,5.269999980926514
10/6/2017,4.96999979019165,5.190000057220459,4.820000171661377,5.070000171661377,654300,5.070000171661377
10/4/2017,4.78000020980835,4.980000019073486,4.71999979019165,4.940000057220459,730300,4.940000057220459
10/3/2017,4.760000228881836,4.860000133514404,4.561999797821045,4.829999923706055,807100,4.829999923706055
10/2/2017,4.53000020980835,4.730000019073486,4.449999809265137,4.71999979019165,617900,4.71999979019165
9/29/2017,4.5,4.590000152587891,4.369999885559082,4.5,618400,4.5
9/28/2017,4.570000171661377,4.739999771118164,4.409999847412109,4.449999809265137,772700,4.449999809265137
9/27/2017,4.440000057220459,4.75,4.420000076293945,4.570000171661377,1058400,4.570000171661377
9/26/2017,4.230000019073486,4.420000076293945,4.230000019073486,4.389999866485596,614800,4.389999866485596
9/25/2017,4.5,4.550000190734863,4.159999847412109,4.230000019073486,819900,4.230000019073486
9/22/2017,4.420000076293945,4.53000020980835,4.28000020980835,4.46999979019165,1251300,4.46999979019165
9/21/2017,4.409999847412109,4.739999771118164,4.320000171661377,4.460000038146973,1211400,4.460000038146973
9/20/2017,3.940000057220459,4.409999847412109,3.9000000953674316,4.360000133514404,1718900,4.360000133514404
9/19/2017,4.170000076293945,4.190000057220459,3.9000000953674316,3.930000066757202,1029500,3.930000066757202
9/18/2017,4.25,4.300000190734863,4.070000171661377,4.119999885559082,1478400,4.119999885559082
9/15/2017,4.5,4.559999942779541,4.110000133514404,4.110000133514404,2856000,4.110000133514404
9/14/2017,4.46999979019165,4.550000190734863,4.25,4.460000038146973,1535100,4.460000038146973
9/13/2017,5.019999980926514,5.019999980926514,4.389999866485596,4.449999809265137,2044400,4.449999809265137
9/12/2017,4.599999904632568,5.25,4.599999904632568,4.639999866485596,4905900,4.639999866485596
9/11/2017,3.940000057220459,4.300000190734863,3.8499999046325684,4.230000019073486,1680200,4.230000019073486
9/8/2017,4.050000190734863,4.590000152587891,3.6600000858306885,3.819999933242798,4926300,3.819999933242798
9/7/2017,3.1600000858306885,4.159999847412109,3.119999885559082,3.950000047683716,4088500,3.950000047683716
9/6/2017,3.059999942779541,3.200000047683716,3.059999942779541,3.140000104904175,1473500,3.140000104904175
9/5/2017,3.359999895095825,3.359999895095825,3.0199999809265137,3.059999942779541,1235500,3.059999942779541
9/1/2017,3.3499999046325684,3.4000000953674316,3.259999990463257,3.3399999141693115,676500,3.3399999141693115
8/31/2017,3.5999999046325684,3.5999999046325684,3.309999942779541,3.319999933242798,1189800,3.319999933242798
8/30/2017,3.690000057220459,3.7300000190734863,3.390000104904175,3.4800000190734863,1515900,3.4800000190734863
8/29/2017,3.759999990463257,3.930000066757202,3.680000066757202,3.690000057220459,1516200,3.690000057220459
8/28/2017,4.570000171661377,4.570000171661377,3.640000104904175,3.7799999713897705,3601400,3.7799999713897705
8/25/2017,4.239999771118164,4.639999866485596,4.159999847412109,4.579999923706055,817300,4.579999923706055
8/24/2017,4.25,4.40500020980835,4.150000095367432,4.190000057220459,393700,4.190000057220459
8/23/2017,4.260000228881836,4.315000057220459,4.150000095367432,4.239999771118164,494600,4.239999771118164
8/22/2017,4.190000057220459,4.440000057220459,4.139999866485596,4.289999961853027,647800,4.289999961853027
8/21/2017,4.429999828338623,4.5,4.150000095367432,4.179999828338623,657300,4.179999828338623
8/18/2017,4.5,4.630000114440918,4.389999866485596,4.460000038146973,1012600,4.460000038146973
8/17/2017,4.789999961853027,4.888000011444092,4.519999980926514,4.570000171661377,1086600,4.570000171661377
8/14/2017,4.639999866485596,5.550000190734863,4.369999885559082,4.440000057220459,7095500,4.440000057220459
8/11/2017,3.4700000286102295,4.639999866485596,3.190000057220459,4.639999866485596,5033300,4.639999866485596
8/10/2017,6.079999923706055,6.199999809265137,3.5,3.509999990463257,7387800,3.509999990463257
8/9/2017,8.75,8.78499984741211,8.100000381469727,8.270000457763672,748800,8.270000457763672
8/8/2017,8.949999809265137,9.03499984741211,8.699999809265137,8.800000190734863,524300,8.800000190734863
8/7/2017,8.600000381469727,8.970000267028809,8.600000381469727,8.920000076293945,322900,8.920000076293945
8/4/2017,8.449999809265137,8.739999771118164,8.329999923706055,8.670000076293945,381800,8.670000076293945
8/3/2017,8.779999732971191,8.90999984741211,8.420000076293945,8.449999809265137,373800,8.449999809265137
8/2/2017,8.789999961853027,8.829999923706055,8.428999900817871,8.770000457763672,683500,8.770000457763672
8/1/2017,8.890000343322754,8.890000343322754,8.579999923706055,8.8100004196167,322400,8.8100004196167
7/31/2017,8.850000381469727,9.020000457763672,8.6850004196167,8.930000305175781,322000,8.930000305175781
7/28/2017,8.869999885559082,8.989999771118164,8.63599967956543,8.8100004196167,320100,8.8100004196167
7/27/2017,8.850000381469727,9.020000457763672,8.710000038146973,8.930000305175781,432400,8.930000305175781
7/26/2017,8.979999542236328,9.09000015258789,8.670000076293945,8.829999923706055,336100,8.829999923706055
7/25/2017,8.949999809265137,9.239999771118164,8.930000305175781,8.979999542236328,307900,8.979999542236328
7/24/2017,9.020000457763672,9.020000457763672,8.720000267028809,8.920000076293945,379500,8.920000076293945
7/21/2017,9.079999923706055,9.100000381469727,8.8100004196167,9.020000457763672,440600,9.020000457763672
7/20/2017,8.699999809265137,9.100000381469727,8.529999732971191,9.020000457763672,543900,9.020000457763672
7/19/2017,8.34000015258789,8.699999809265137,8.319999694824219,8.6899995803833,451300,8.6899995803833
7/18/2017,8.34000015258789,8.420000076293945,8.199999809265137,8.359999656677246,212400,8.359999656677246
7/17/2017,8.449999809265137,8.479999542236328,8.180000305175781,8.350000381469727,327800,8.350000381469727
7/14/2017,8.380000114440918,8.65999984741211,8.34000015258789,8.470000267028809,391500,8.470000267028809
7/13/2017,8.479999542236328,8.609999656677246,8.270000457763672,8.569999694824219,313100,8.569999694824219
7/12/2017,8.430000305175781,8.699999809265137,8.390000343322754,8.520000457763672,370800,8.520000457763672
7/11/2017,8.140000343322754,8.399999618530273,8.0600004196167,8.390000343322754,400200,8.390000343322754
7/7/2017,8.010000228881836,8.239999771118164,7.809999942779541,8.079999923706055,338000,8.079999923706055
7/6/2017,8.079999923706055,8.270000457763672,7.849999904632568,8.029999732971191,397200,8.029999732971191
7/3/2017,8.300000190734863,8.529999732971191,8.149999618530273,8.489999771118164,176500,8.489999771118164
6/30/2017,8.350000381469727,8.40999984741211,7.980000019073486,8.229999542236328,398600,8.229999542236328
6/29/2017,8.270000457763672,8.390000343322754,8.0600004196167,8.300000190734863,430900,8.300000190734863
6/28/2017,8.380000114440918,8.621000289916992,8.100000381469727,8.319999694824219,493600,8.319999694824219
6/27/2017,8.930000305175781,9.026000022888184,8.260000228881836,8.300000190734863,1050000,8.300000190734863
6/26/2017,7.849999904632568,9.272000312805176,7.800000190734863,8.920000076293945,1836700,8.920000076293945
6/23/2017,7.449999809265137,7.78000020980835,7.321000099182129,7.730000019073486,977900,7.730000019073486
6/22/2017,7.019999980926514,8.279999732971191,6.949999809265137,7.550000190734863,1654400,7.550000190734863
6/21/2017,7.300000190734863,7.372000217437744,6.880000114440918,7.059999942779541,928300,7.059999942779541
6/20/2017,6.610000133514404,7.519999980926514,6.429999828338623,7.28000020980835,1674000,7.28000020980835
6/19/2017,6.449999809265137,6.739999771118164,6.329999923706055,6.639999866485596,1381400,6.639999866485596
6/16/2017,6.010000228881836,6.434999942779541,6.010000228881836,6.409999847412109,1228700,6.409999847412109
6/15/2017,6.199999809265137,6.309999942779541,6.025000095367432,6.050000190734863,854800,6.050000190734863
6/14/2017,6.28000020980835,6.340000152587891,6.090000152587891,6.230000019073486,955100,6.230000019073486
6/13/2017,6.190000057220459,6.425000190734863,6.119999885559082,6.269999980926514,521100,6.269999980926514
6/12/2017,6.389999866485596,6.440000057220459,6.21999979019165,6.230000019073486,553200,6.230000019073486
6/9/2017,6.820000171661377,6.949999809265137,6.409999847412109,6.420000076293945,772800,6.420000076293945
6/8/2017,6.619999885559082,7.070000171661377,6.53000020980835,6.849999904632568,1389800,6.849999904632568
6/6/2017,7.550000190734863,7.550000190734863,6.840000152587891,6.940000057220459,1613600,6.940000057220459
6/5/2017,7.690000057220459,7.770999908447266,7.360000133514404,7.539999961853027,532600,7.539999961853027
6/2/2017,7.71999979019165,7.829999923706055,7.400000095367432,7.639999866485596,979300,7.639999866485596
6/1/2017,7.21999979019165,7.650000095367432,7.059999942779541,7.510000228881836,1173400,7.510000228881836
5/31/2017,7.670000076293945,7.699999809265137,7.010000228881836,7.190000057220459,2758500,7.190000057220459
5/26/2017,8.170000076293945,8.670000076293945,7.96999979019165,7.980000019073486,850900,7.980000019073486
5/25/2017,8.069999694824219,8.470000267028809,7.840000152587891,8.199999809265137,1095200,8.199999809265137
5/24/2017,8.460000038146973,8.640000343322754,7.909999847412109,7.940000057220459,1263500,7.940000057220459
5/22/2017,10.600000381469727,10.640000343322754,8.857999801635742,8.90999984741211,2681900,8.90999984741211
5/19/2017,10.779999732971191,10.899999618530273,10.100000381469727,10.539999961853027,829100,10.539999961853027
5/18/2017,11.359999656677246,11.699999809265137,10.479999542236328,10.6899995803833,1708800,10.6899995803833
5/17/2017,12.850000381469727,12.960000038146973,10.789999961853027,11.34000015258789,2392600,11.34000015258789
5/16/2017,14.1899995803833,14.1899995803833,12.850000381469727,12.989999771118164,2132200,12.989999771118164
5/15/2017,16.549999237060547,17.190000534057617,13.8100004196167,14.930000305175781,4933800,14.930000305175781
5/12/2017,19.760000228881836,19.920000076293945,19.59000015258789,19.719999313354492,446800,19.719999313354492
5/11/2017,19.719999313354492,19.829999923706055,19.15999984741211,19.75,242700,19.75
5/10/2017,19.8700008392334,20.46500015258789,19.559999465942383,19.84000015258789,236600,19.84000015258789
5/9/2017,19.709999084472656,19.889999389648438,19.43000030517578,19.8799991607666,307600,19.8799991607666
5/8/2017,20.219999313354492,20.219999313354492,19.56399917602539,19.84000015258789,145300,19.84000015258789
5/5/2017,19.829999923706055,20.280000686645508,19.780000686645508,20.260000228881836,161400,20.260000228881836
5/4/2017,19.649999618530273,20.1299991607666,19.41900062561035,19.790000915527344,63200,19.790000915527344
5/3/2017,19.549999237060547,19.808000564575195,19.299999237060547,19.649999618530273,116700,19.649999618530273
5/2/2017,19.270000457763672,19.81999969482422,19.200000762939453,19.65999984741211,150600,19.65999984741211
5/1/2017,19.280000686645508,19.860000610351562,19.1299991607666,19.209999084472656,190200,19.209999084472656
4/28/2017,19.56999969482422,19.610000610351562,18.979999542236328,19.239999771118164,149900,19.239999771118164
4/27/2017,19.190000534057617,19.6200008392334,19.100000381469727,19.540000915527344,98300,19.540000915527344
4/26/2017,18.68000030517578,19.15999984741211,18.549999237060547,19.100000381469727,125500,19.100000381469727
4/25/2017,18.729999542236328,18.850000381469727,18.5,18.700000762939453,156700,18.700000762939453
4/24/2017,18.59000015258789,18.799999237060547,18.34000015258789,18.59000015258789,99800,18.59000015258789
4/21/2017,17.950000762939453,18.829999923706055,17.799999237060547,18.34000015258789,291500,18.34000015258789
4/20/2017,18.350000381469727,18.440000534057617,17.860000610351562,17.940000534057617,185100,17.940000534057617
4/19/2017,17.84000015258789,18.299999237060547,17.709999084472656,18.280000686645508,196900,18.280000686645508
4/18/2017,17.579999923706055,17.8799991607666,17.540000915527344,17.690000534057617,144900,17.690000534057617
4/17/2017,17.739999771118164,17.90999984741211,17.559999465942383,17.729999542236328,246400,17.729999542236328
4/13/2017,18.020000457763672,18.3700008392334,17.68000030517578,17.729999542236328,239100,17.729999542236328
4/12/2017,18.290000915527344,18.5,17.850000381469727,18.020000457763672,128600,18.020000457763672
4/11/2017,17.940000534057617,18.40999984741211,17.8700008392334,18.3799991607666,115200,18.3799991607666
4/10/2017,17.600000381469727,18.190000534057617,17.520000457763672,17.959999084472656,142400,17.959999084472656
4/7/2017,17.829999923706055,17.989999771118164,17.549999237060547,17.59000015258789,187300,17.59000015258789
4/6/2017,18.010000228881836,18.040000915527344,17.6299991607666,17.850000381469727,218500,17.850000381469727
4/5/2017,18.489999771118164,18.709999084472656,17.760000228881836,17.8700008392334,237700,17.8700008392334
4/4/2017,18.5,18.860000610351562,18.020000457763672,18.40999984741211,501700,18.40999984741211
4/3/2017,19.43000030517578,19.43000030517578,18.440000534057617,18.5,287300,18.5
3/31/2017,19.59000015258789,19.799999237060547,19.020000457763672,19.5,233700,19.5
3/30/2017,16.75,19.815000534057617,16.725000381469727,19.6299991607666,821000,19.6299991607666
3/29/2017,18,18.84000015258789,17.860000610351562,18.670000076293945,309300,18.670000076293945
3/28/2017,18.1299991607666,18.1299991607666,17.709999084472656,17.979999542236328,190700,17.979999542236328
3/27/2017,17.719999313354492,17.80500030517578,17.309999465942383,17.690000534057617,93000,17.690000534057617
3/24/2017,18.139999389648438,18.399999618530273,17.690000534057617,17.8799991607666,101100,17.8799991607666
3/23/2017,17.399999618530273,18.170000076293945,17.399999618530273,18.1200008392334,214400,18.1200008392334
3/22/2017,18.420000076293945,18.492000579833984,17.340999603271484,17.5,227000,17.5
3/21/2017,18.940000534057617,19.06999969482422,18.280000686645508,18.350000381469727,221000,18.350000381469727
3/20/2017,19.260000228881836,19.3700008392334,18.770000457763672,18.959999084472656,115800,18.959999084472656
3/17/2017,18.850000381469727,19.3700008392334,18.850000381469727,19.31999969482422,260800,19.31999969482422
3/16/2017,18.940000534057617,19.059999465942383,18.739999771118164,18.809999465942383,205700,18.809999465942383
3/15/2017,19.040000915527344,19.139999389648438,18.729999542236328,18.889999389648438,312000,18.889999389648438
3/14/2017,19.200000762939453,19.31999969482422,18.829999923706055,18.959999084472656,210500,18.959999084472656
3/13/2017,19.270000457763672,19.709999084472656,19.219999313354492,19.299999237060547,176200,19.299999237060547
3/10/2017,19.329999923706055,19.389999389648438,19.010000228881836,19.350000381469727,137300,19.350000381469727
3/9/2017,19.209999084472656,19.3799991607666,19.15999984741211,19.200000762939453,142000,19.200000762939453
3/8/2017,19.299999237060547,19.509000778198242,19.18000030517578,19.209999084472656,170300,19.209999084472656
3/7/2017,19.850000381469727,20,19.34000015258789,19.43000030517578,270000,19.43000030517578
3/6/2017,20,20.200000762939453,19.510000228881836,19.8700008392334,328500,19.8700008392334
3/3/2017,20.3799991607666,20.469999313354492,20.079999923706055,20.100000381469727,142300,20.100000381469727
3/2/2017,20.5,20.600000381469727,20.100000381469727,20.329999923706055,225600,20.329999923706055
3/1/2017,20.270000457763672,20.579999923706055,19.959999084472656,20.5,242000,20.5
2/28/2017,20.190000534057617,20.43000030517578,19.729999542236328,19.829999923706055,729300,19.829999923706055
2/27/2017,19.3700008392334,20.260000228881836,19.110000610351562,20.190000534057617,299900,20.190000534057617
2/24/2017,19.040000915527344,19.450000762939453,18.6299991607666,19.280000686645508,358200,19.280000686645508
2/23/2017,18.600000381469727,19.020000457763672,18.440000534057617,18.75,189500,18.75
2/22/2017,18.559999465942383,18.780000686645508,18.43000030517578,18.520000457763672,114600,18.520000457763672
2/21/2017,18.860000610351562,18.892000198364258,18.459999084472656,18.65999984741211,240000,18.65999984741211
2/17/2017,18.600000381469727,18.790000915527344,18.350000381469727,18.760000228881836,161000,18.760000228881836
2/16/2017,18.979999542236328,19,18.549999237060547,18.6299991607666,199900,18.6299991607666
2/15/2017,18.920000076293945,19.1299991607666,18.809999465942383,19.030000686645508,104700,19.030000686645508
2/14/2017,19,19.170000076293945,18.850000381469727,18.920000076293945,186400,18.920000076293945
2/13/2017,19.100000381469727,19.389999389648438,19.020000457763672,19.149999618530273,191800,19.149999618530273
2/10/2017,19.079999923706055,19.100000381469727,18.940000534057617,18.979999542236328,106700,18.979999542236328
2/9/2017,18.920000076293945,19.184999465942383,18.889999389648438,18.950000762939453,131700,18.950000762939453
2/8/2017,18.959999084472656,19.059999465942383,18.799999237060547,19,204700,19
2/7/2017,19.06999969482422,19.149999618530273,18.850000381469727,19.010000228881836,163100,19.010000228881836
2/6/2017,19.040000915527344,19.31999969482422,18.790000915527344,19.010000228881836,112500,19.010000228881836
2/3/2017,19.139999389648438,19.239999771118164,18.920000076293945,19.010000228881836,131000,19.010000228881836
2/2/2017,19.09000015258789,19.25,18.860000610351562,19.010000228881836,189300,19.010000228881836
2/1/2017,19.25,19.40999984741211,19.079999923706055,19.25,209500,19.25
1/31/2017,19.049999237060547,19.260000228881836,18.889999389648438,19.239999771118164,183200,19.239999771118164
1/30/2017,19.5,19.739999771118164,19.059999465942383,19.270000457763672,134100,19.270000457763672
1/27/2017,19.6200008392334,19.799999237060547,19.350000381469727,19.639999389648438,307900,19.639999389648438
1/26/2017,19.6299991607666,19.950000762939453,19.6299991607666,19.68000030517578,157300,19.68000030517578
1/25/2017,19.709999084472656,20,19.200000762939453,19.6299991607666,266700,19.6299991607666
1/24/2017,18.889999389648438,19.479999542236328,18.719999313354492,19.399999618530273,489300,19.399999618530273
1/23/2017,19.43000030517578,19.90999984741211,18.690000534057617,18.719999313354492,463600,18.719999313354492
1/20/2017,19.329999923706055,19.8700008392334,19.273000717163086,19.469999313354492,345900,19.469999313354492
1/19/2017,19.09000015258789,19.3799991607666,19,19.270000457763672,243600,19.270000457763672
1/18/2017,19.5,19.549999237060547,19.040000915527344,19.149999618530273,289600,19.149999618530273
1/17/2017,19.649999618530273,19.969999313354492,19.479999542236328,19.56999969482422,225400,19.56999969482422
1/13/2017,19,19.75,18.950000762939453,19.729999542236328,526800,19.729999542236328
1/12/2017,19.719999313354492,19.719999313354492,18.739999771118164,18.989999771118164,401200,18.989999771118164
1/11/2017,19.329999923706055,19.889999389648438,19.329999923706055,19.75,395800,19.75
1/10/2017,19.81999969482422,19.81999969482422,18.93000030517578,19.5,473900,19.5
1/9/2017,20.25,20.25,19.709999084472656,19.739999771118164,239000,19.739999771118164
1/6/2017,20.3700008392334,20.899999618530273,20.219999313354492,20.329999923706055,320000,20.329999923706055
1/5/2017,21.209999084472656,21.25,20.15999984741211,20.209999084472656,370000,20.209999084472656
1/4/2017,22.1299991607666,22.219999313354492,21.030000686645508,21.209999084472656,221100,21.209999084472656
1/3/2017,21.899999618530273,22.43000030517578,21.739999771118164,21.979999542236328,225500,21.979999542236328
12/30/2016,22.139999389648438,22.139999389648438,21.530000686645508,21.65999984741211,150900,21.65999984741211
12/29/2016,22.09000015258789,22.579999923706055,21.857999801635742,22,146300,22
12/28/2016,22.309999465942383,22.59000015258789,21.84000015258789,22,172000,22
12/27/2016,22.329999923706055,22.760000228881836,22.010000228881836,22.399999618530273,339600,22.399999618530273
12/23/2016,21.93000030517578,22.139999389648438,21.600000381469727,22.09000015258789,120400,22.09000015258789
12/22/2016,21.09000015258789,21.979999542236328,21.06800079345703,21.81999969482422,376200,21.81999969482422
12/21/2016,20.649999618530273,21.06999969482422,20.450000762939453,21.040000915527344,299600,21.040000915527344
12/20/2016,19.950000762939453,20.719999313354492,19.881999969482422,20.639999389648438,237700,20.639999389648438
12/19/2016,19.610000610351562,19.950000762939453,19.420000076293945,19.8700008392334,268900,19.8700008392334
12/16/2016,18.8799991607666,19.969999313354492,18.8799991607666,19.520000457763672,3551200,19.520000457763672
12/15/2016,18.700000762939453,19.670000076293945,18.309999465942383,19.299999237060547,1192700,19.299999237060547
12/14/2016,19.739999771118164,19.8700008392334,18.1200008392334,18.25,740600,18.25
12/13/2016,20.309999465942383,20.32900047302246,19.260000228881836,19.829999923706055,442300,19.829999923706055
12/12/2016,19.969999313354492,20.155000686645508,19.610000610351562,20.030000686645508,655500,20.030000686645508
12/9/2016,19.049999237060547,19.84000015258789,19.049999237060547,19.610000610351562,485000,19.610000610351562
12/8/2016,19.309999465942383,19.604999542236328,18.950000762939453,19.06999969482422,356800,19.06999969482422
12/7/2016,19.56999969482422,20,19.200000762939453,19.3799991607666,312000,19.3799991607666
12/6/2016,19.540000915527344,20,19.3700008392334,19.459999084472656,232000,19.459999084472656
12/5/2016,19.639999389648438,20.299999237060547,19.239999771118164,19.549999237060547,589800,19.549999237060547
12/2/2016,20.170000076293945,20.3700008392334,19.450000762939453,19.530000686645508,334600,19.530000686645508
12/1/2016,19.8799991607666,20.3799991607666,19.15999984741211,20.010000228881836,588200,20.010000228881836
11/30/2016,19.280000686645508,19.969999313354492,19.25,19.809999465942383,930400,19.809999465942383
11/29/2016,19.149999618530273,19.40999984741211,18.608999252319336,19.139999389648438,515700,19.139999389648438
11/28/2016,19.950000762939453,19.950000762939453,18.799999237060547,19.079999923706055,466000,19.079999923706055
11/25/2016,19.149999618530273,19.950000762939453,19.149999618530273,19.850000381469727,240500,19.850000381469727
11/23/2016,19.010000228881836,19.25,18.579999923706055,19.06999969482422,351100,19.06999969482422
11/22/2016,19,19.290000915527344,18.5,18.8799991607666,505400,18.8799991607666
11/21/2016,18.219999313354492,19.530000686645508,18.150999069213867,19,603700,19
11/18/2016,17.799999237060547,18.198999404907227,17.670000076293945,18.100000381469727,998600,18.100000381469727
11/17/2016,18.34000015258789,18.43000030517578,17.84000015258789,17.850000381469727,468100,17.850000381469727
11/16/2016,18.15999984741211,18.459999084472656,17.770000457763672,18.200000762939453,790300,18.200000762939453
11/15/2016,19.06999969482422,19.229999542236328,18.110000610351562,18.329999923706055,399600,18.329999923706055
11/14/2016,18.670000076293945,19.079999923706055,18.360000610351562,18.979999542236328,1460100,18.979999542236328
11/11/2016,18.100000381469727,18.450000762939453,18.010000228881836,18.40999984741211,739000,18.40999984741211
11/10/2016,18.200000762939453,18.290000915527344,17.809999465942383,18.010000228881836,646700,18.010000228881836
11/9/2016,17.25,18.190000534057617,16.992000579833984,17.729999542236328,993600,17.729999542236328
11/8/2016,17.049999237060547,17.100000381469727,16.899999618530273,16.920000076293945,161000,16.920000076293945
11/7/2016,17.100000381469727,17.222000122070312,16.899999618530273,17.059999465942383,245600,17.059999465942383
11/4/2016,16.799999237060547,17.06999969482422,16.75,17.010000228881836,155100,17.010000228881836
11/3/2016,17.05500030517578,17.1299991607666,16.75,16.84000015258789,248400,16.84000015258789
11/2/2016,17.190000534057617,17.219999313354492,16.850000381469727,16.989999771118164,1094500,16.989999771118164
11/1/2016,17.299999237060547,17.399999618530273,17.100000381469727,17.1200008392334,404100,17.1200008392334
10/31/2016,17.010000228881836,17.450000762939453,17,17.200000762939453,638800,17.200000762939453
10/28/2016,16.850000381469727,16.950000762939453,16.799999237060547,16.93000030517578,470900,16.93000030517578
10/27/2016,16.760000228881836,17.149999618530273,16.760000228881836,16.809999465942383,513900,16.809999465942383
10/26/2016,16.8700008392334,16.959999084472656,16.510000228881836,16.790000915527344,178400,16.790000915527344
10/25/2016,17,17.239999771118164,16.75,16.8700008392334,545900,16.8700008392334
10/24/2016,17.010000228881836,17.290000915527344,16.899999618530273,17.100000381469727,557400,17.100000381469727
10/21/2016,16.399999618530273,17.170000076293945,16.399999618530273,17,1646600,17
10/20/2016,16.610000610351562,16.84000015258789,16.239999771118164,16.5,8592300,16.5
