4/22/2019,37.810001373291016,38.97999954223633,37.70000076293945,38.70000076293945,555500,38.70000076293945
4/18/2019,37.790000915527344,38.349998474121094,36.77000045776367,38.130001068115234,922300,38.130001068115234
4/17/2019,40.029998779296875,40.43000030517578,37.880001068115234,38.029998779296875,745400,38.029998779296875
4/16/2019,40.08000183105469,40.56999969482422,38.88999938964844,39.63999938964844,1233400,39.63999938964844
4/15/2019,40.900001525878906,41.27000045776367,39.22999954223633,39.7400016784668,597900,39.7400016784668
4/12/2019,41.720001220703125,41.96500015258789,40.599998474121094,40.869998931884766,625300,40.869998931884766
4/11/2019,41.560001373291016,41.849998474121094,40.68000030517578,41.459999084472656,596200,41.459999084472656
4/10/2019,41.27000045776367,41.88199996948242,41.09000015258789,41.439998626708984,430400,41.439998626708984
4/9/2019,41.27000045776367,41.650001525878906,41,41.119998931884766,392400,41.119998931884766
4/8/2019,41.63999938964844,41.65999984741211,40.70100021362305,41.45000076293945,313700,41.45000076293945
4/5/2019,40.43000030517578,42.10499954223633,40.36000061035156,41.65999984741211,1078500,41.65999984741211
4/4/2019,43.41999816894531,43.52399826049805,39.900001525878906,40.43000030517578,695600,40.43000030517578
4/3/2019,43.2599983215332,44.060001373291016,43.2400016784668,43.529998779296875,397400,43.529998779296875
4/2/2019,42.029998779296875,43.05500030517578,41.53799819946289,42.900001525878906,791700,42.900001525878906
4/1/2019,42.45000076293945,42.84000015258789,41.441001892089844,42.02000045776367,517900,42.02000045776367
3/29/2019,42.02000045776367,42.5,41.630001068115234,41.90999984741211,395800,41.90999984741211
3/28/2019,42.22999954223633,42.81999969482422,41.75,41.84000015258789,400100,41.84000015258789
3/27/2019,44.52000045776367,44.689998626708984,41.380001068115234,42.220001220703125,449600,42.220001220703125
3/26/2019,44.279998779296875,45.040000915527344,44.084999084472656,44.470001220703125,316100,44.470001220703125
3/25/2019,43.650001525878906,44.20000076293945,42.81999969482422,43.86000061035156,323300,43.86000061035156
3/22/2019,46.02000045776367,46.040000915527344,43.68000030517578,43.72999954223633,345700,43.72999954223633
3/21/2019,45.06999969482422,46.43000030517578,44.79999923706055,46.38999938964844,259200,46.38999938964844
3/20/2019,44.630001068115234,45.77000045776367,44.06999969482422,45.22999954223633,547200,45.22999954223633
3/19/2019,44.369998931884766,45.25,43.91600036621094,44.61000061035156,486600,44.61000061035156
3/18/2019,44.22999954223633,44.79999923706055,43.66999816894531,44.31999969482422,325700,44.31999969482422
3/15/2019,44.16999816894531,44.880001068115234,43.71500015258789,44.220001220703125,1051100,44.220001220703125
3/14/2019,43.54999923706055,44.696998596191406,43.54999923706055,43.970001220703125,646000,43.970001220703125
3/13/2019,43.029998779296875,44.540000915527344,42.83000183105469,44.09000015258789,910700,44.09000015258789
3/12/2019,42.349998474121094,43.150001525878906,41.779998779296875,42.88999938964844,486400,42.88999938964844
3/11/2019,42.95000076293945,43.5,42.1510009765625,42.61000061035156,620700,42.61000061035156
3/8/2019,41.7400016784668,43,41.689998626708984,42.61000061035156,445500,42.61000061035156
3/7/2019,41.75,42.5,40.880001068115234,42.33000183105469,691700,42.33000183105469
3/6/2019,41.90999984741211,42.35499954223633,41.43299865722656,41.939998626708984,619700,41.939998626708984
3/5/2019,43.5,43.5,41.939998626708984,42.029998779296875,747600,42.029998779296875
3/4/2019,43.2400016784668,43.9900016784668,41.69499969482422,42.95000076293945,889700,42.95000076293945
3/1/2019,41.540000915527344,43.59000015258789,41.1510009765625,43.2599983215332,1018900,43.2599983215332
2/28/2019,41.11000061035156,41.590999603271484,40.349998474121094,41.540000915527344,1363500,41.540000915527344
2/27/2019,39.72999954223633,41.59000015258789,39.56999969482422,41.5099983215332,1115800,41.5099983215332
2/26/2019,38.869998931884766,40.099998474121094,38.459999084472656,40.060001373291016,940400,40.060001373291016
2/25/2019,39.150001525878906,39.375,38.36000061035156,38.869998931884766,693300,38.869998931884766
2/22/2019,39,39.220001220703125,38.709999084472656,39.06999969482422,245500,39.06999969482422
2/21/2019,38.779998779296875,39.099998474121094,38.380001068115234,38.779998779296875,403100,38.779998779296875
2/20/2019,38.7599983215332,39.20500183105469,38.04499816894531,38.81999969482422,681000,38.81999969482422
2/19/2019,38,38.93000030517578,37.400001525878906,38.900001525878906,1157500,38.900001525878906
2/15/2019,38.400001525878906,38.72999954223633,37.7400016784668,38.04999923706055,843100,38.04999923706055
2/14/2019,37.75,38.439998626708984,37.4900016784668,38.04999923706055,564400,38.04999923706055
2/13/2019,37.939998626708984,38.56999969482422,36.70000076293945,38.02000045776367,705500,38.02000045776367
2/12/2019,36.54999923706055,38.43000030517578,36.15999984741211,37.90999984741211,748700,37.90999984741211
2/11/2019,36.11000061035156,37.97999954223633,36.11000061035156,36.5,1263600,36.5
2/8/2019,33.790000915527344,36.560001373291016,33.279998779296875,36.439998626708984,2356200,36.439998626708984
2/7/2019,31.34000015258789,31.575000762939453,30.3700008392334,30.920000076293945,647300,30.920000076293945
2/6/2019,32.029998779296875,32.209999084472656,31.479999542236328,31.850000381469727,335300,31.850000381469727
2/5/2019,32.029998779296875,32.52000045776367,31.809999465942383,32.20000076293945,258200,32.20000076293945
2/4/2019,31,32.099998474121094,30.760000228881836,32.040000915527344,317200,32.040000915527344
2/1/2019,30.1200008392334,31.469999313354492,30.1200008392334,30.860000610351562,246100,30.860000610351562
1/31/2019,29.670000076293945,30.829999923706055,29.670000076293945,30.5,418800,30.5
1/30/2019,29.579999923706055,29.8700008392334,29.010000228881836,29.860000610351562,198300,29.860000610351562
1/29/2019,29.049999237060547,29.68000030517578,29,29.270000457763672,241500,29.270000457763672
1/28/2019,29.549999237060547,29.809999465942383,28.68000030517578,29.06999969482422,154900,29.06999969482422
1/25/2019,29,29.34000015258789,28.639999389648438,29.290000915527344,405700,29.290000915527344
1/24/2019,27.950000762939453,29.049999237060547,27.950000762939453,28.68000030517578,364200,28.68000030517578
1/23/2019,27.68000030517578,28.530000686645508,27.34000015258789,28,534200,28
1/22/2019,27.420000076293945,27.729999542236328,26.799999237060547,27.260000228881836,302000,27.260000228881836
1/18/2019,27.940000534057617,28.020000457763672,27.420000076293945,27.780000686645508,532600,27.780000686645508
1/17/2019,26.6299991607666,28.479999542236328,26.420000076293945,27.889999389648438,477200,27.889999389648438
1/16/2019,26.1299991607666,26.969999313354492,25.6299991607666,26.709999084472656,924900,26.709999084472656
1/15/2019,25.59000015258789,26.33099937438965,25.59000015258789,26.079999923706055,471300,26.079999923706055
1/14/2019,26.170000076293945,26.549999237060547,25.540000915527344,25.739999771118164,270000,25.739999771118164
1/11/2019,26.719999313354492,26.75,26.049999237060547,26.489999771118164,394600,26.489999771118164
1/10/2019,26.34000015258789,27.31999969482422,26.18000030517578,27.010000228881836,632500,27.010000228881836
1/9/2019,27.280000686645508,27.5,26.520000457763672,26.610000610351562,494900,26.610000610351562
1/8/2019,27.040000915527344,27.280000686645508,26.479999542236328,27.239999771118164,625800,27.239999771118164
1/7/2019,25.860000610351562,27.3700008392334,25.780000686645508,26.729999542236328,471800,26.729999542236328
1/4/2019,24.979999542236328,25.989999771118164,24.739999771118164,25.899999618530273,378400,25.899999618530273
1/3/2019,25.010000228881836,25.15999984741211,24.239999771118164,24.459999084472656,244200,24.459999084472656
1/2/2019,25.31999969482422,25.809999465942383,24.920000076293945,25.360000610351562,292000,25.360000610351562
12/31/2018,26.600000381469727,27.170000076293945,25.719999313354492,25.989999771118164,364100,25.989999771118164
12/28/2018,25.950000762939453,27.040000915527344,25.65999984741211,26.469999313354492,498600,26.469999313354492
12/27/2018,24.75,25.850000381469727,24.56999969482422,25.84000015258789,301700,25.84000015258789
12/26/2018,23.639999389648438,25.729999542236328,23.639999389648438,25.25,702200,25.25
12/24/2018,22.190000534057617,23.860000610351562,22.010000228881836,23.540000915527344,272700,23.540000915527344
12/21/2018,24.610000610351562,24.6299991607666,22.420000076293945,22.540000915527344,939500,22.540000915527344
12/20/2018,24.579999923706055,25.510000228881836,24.10700035095215,24.6299991607666,477600,24.6299991607666
12/19/2018,24.579999923706055,25.719999313354492,24.450000762939453,24.93000030517578,442800,24.93000030517578
12/18/2018,24.920000076293945,25.139999389648438,24.239999771118164,24.610000610351562,435500,24.610000610351562
12/17/2018,26,26.079999923706055,24.540000915527344,24.68000030517578,426700,24.68000030517578
12/14/2018,26.959999084472656,27.670000076293945,26.110000610351562,26.290000915527344,298100,26.290000915527344
12/13/2018,28,28.350000381469727,27.110000610351562,27.5,631800,27.5
12/12/2018,26.559999465942383,27.579999923706055,26.329999923706055,26.790000915527344,403700,26.790000915527344
12/11/2018,27.239999771118164,27.239999771118164,25.815000534057617,26.170000076293945,277000,26.170000076293945
12/10/2018,25.700000762939453,26.889999389648438,25.56999969482422,26.709999084472656,412700,26.709999084472656
12/7/2018,26.649999618530273,27.15999984741211,25.40999984741211,25.799999237060547,244100,25.799999237060547
12/6/2018,25.809999465942383,26.969999313354492,25.610000610351562,26.90999984741211,336100,26.90999984741211
12/4/2018,27.40999984741211,27.809999465942383,26.239999771118164,26.56999969482422,714400,26.56999969482422
12/3/2018,27.559999465942383,28.15999984741211,27.280000686645508,27.700000762939453,494300,27.700000762939453
11/30/2018,26.280000686645508,27.360000610351562,25.981000900268555,27.149999618530273,413300,27.149999618530273
11/29/2018,25.850000381469727,26.899999618530273,25.65999984741211,26.40999984741211,338400,26.40999984741211
11/28/2018,24.940000534057617,25.770000457763672,24.790000915527344,25.709999084472656,502300,25.709999084472656
11/27/2018,25.270000457763672,25.56999969482422,24.68000030517578,24.920000076293945,334000,24.920000076293945
11/26/2018,24.6299991607666,25.65999984741211,24.513999938964844,25.559999465942383,419400,25.559999465942383
11/23/2018,24.540000915527344,24.81999969482422,24.34000015258789,24.469999313354492,139300,24.469999313354492
11/21/2018,24.030000686645508,25.43000030517578,24.030000686645508,24.649999618530273,780900,24.649999618530273
11/20/2018,23.68000030517578,24.709999084472656,22.799999237060547,24.06999969482422,397400,24.06999969482422
11/19/2018,25.850000381469727,26.06999969482422,23.8799991607666,24.399999618530273,501100,24.399999618530273
11/16/2018,25.729999542236328,26.280000686645508,25.34000015258789,26.06999969482422,390200,26.06999969482422
11/15/2018,25.579999923706055,26.290000915527344,25.030000686645508,26.18000030517578,366800,26.18000030517578
11/14/2018,25.75,26.299999237060547,25.399999618530273,25.90999984741211,754700,25.90999984741211
11/13/2018,26.729999542236328,26.93000030517578,24.940000534057617,25.399999618530273,816100,25.399999618530273
11/12/2018,27.690000534057617,28.049999237060547,26.450000762939453,26.989999771118164,501100,26.989999771118164
11/9/2018,31.520000457763672,31.700000762939453,27.5,27.59000015258789,1196300,27.59000015258789
11/8/2018,28.1200008392334,28.579999923706055,27.709999084472656,28.110000610351562,439800,28.110000610351562
11/7/2018,27.290000915527344,29.290000915527344,27.290000915527344,27.979999542236328,452600,27.979999542236328
11/6/2018,26.899999618530273,27.65999984741211,26.639999389648438,27.190000534057617,225300,27.190000534057617
11/5/2018,27.5,27.79400062561035,26.280000686645508,26.8700008392334,256500,26.8700008392334
11/2/2018,27.899999618530273,28.25,27.125,27.389999389648438,376200,27.389999389648438
11/1/2018,27.68000030517578,28.25,27.350000381469727,27.729999542236328,376900,27.729999542236328
10/31/2018,26.739999771118164,27.979000091552734,26.559999465942383,27.540000915527344,350800,27.540000915527344
10/30/2018,26.3700008392334,26.729999542236328,25.280000686645508,26.110000610351562,519400,26.110000610351562
10/29/2018,28.530000686645508,28.530000686645508,26.010000228881836,26.440000534057617,407500,26.440000534057617
10/26/2018,27.40999984741211,28.920000076293945,27.156999588012695,27.959999084472656,509800,27.959999084472656
10/25/2018,26.8799991607666,28.709999084472656,26.8799991607666,28.270000457763672,558800,28.270000457763672
10/24/2018,28.5,29.030000686645508,26.5,26.610000610351562,421300,26.610000610351562
10/23/2018,28.239999771118164,28.725000381469727,28.06999969482422,28.389999389648438,331000,28.389999389648438
10/22/2018,29.020000457763672,29.15999984741211,28.315000534057617,28.920000076293945,309700,28.920000076293945
10/19/2018,29.670000076293945,30.010000228881836,28.469999313354492,28.799999237060547,499700,28.799999237060547
10/18/2018,31.229999542236328,31.229999542236328,29.450000762939453,29.690000534057617,347000,29.690000534057617
10/17/2018,30.190000534057617,30.290000915527344,29.110000610351562,29.920000076293945,293800,29.920000076293945
10/16/2018,29.299999237060547,30.3700008392334,28.90999984741211,30.219999313354492,429000,30.219999313354492
10/15/2018,30.030000686645508,30.329999923706055,28.68000030517578,28.8799991607666,486100,28.8799991607666
10/12/2018,31.329999923706055,31.329999923706055,29.56999969482422,30.329999923706055,318200,30.329999923706055
10/11/2018,30,30.780000686645508,29.600000381469727,29.84000015258789,728900,29.84000015258789
10/10/2018,33.18000030517578,33.18000030517578,30.110000610351562,30.190000534057617,724900,30.190000534057617
10/9/2018,33.41999816894531,34.11000061035156,32.7400016784668,33.13999938964844,394900,33.13999938964844
10/8/2018,34.27000045776367,34.88999938964844,32.619998931884766,33.52000045776367,422600,33.52000045776367
10/5/2018,35.869998931884766,35.959999084472656,34.27000045776367,34.70000076293945,341800,34.70000076293945
10/4/2018,37.209999084472656,37.79800033569336,35.70000076293945,35.79999923706055,292600,35.79999923706055
10/3/2018,36.310001373291016,37.29999923706055,36.130001068115234,37.189998626708984,435700,37.189998626708984
10/2/2018,36.689998626708984,36.99599838256836,36.04999923706055,36.29999923706055,327600,36.29999923706055
10/1/2018,37.619998931884766,38.209999084472656,36.43000030517578,36.56999969482422,502800,36.56999969482422
9/28/2018,38.790000915527344,38.994998931884766,37.48500061035156,37.7599983215332,544300,37.7599983215332
9/27/2018,39.650001525878906,39.8849983215332,38.279998779296875,38.63999938964844,366700,38.63999938964844
9/26/2018,40.400001525878906,40.849998474121094,39.150001525878906,39.2400016784668,257200,39.2400016784668
9/25/2018,40.220001220703125,40.529998779296875,39.790000915527344,40.459999084472656,467700,40.459999084472656
9/24/2018,39.560001373291016,40.36000061035156,39.02000045776367,39.970001220703125,459000,39.970001220703125
9/21/2018,39.88999938964844,40.959999084472656,39.0099983215332,40.18000030517578,1990700,40.18000030517578
9/20/2018,38.70000076293945,39.59000015258789,38.25,39.470001220703125,629400,39.470001220703125
9/19/2018,39.040000915527344,39.25,37.58000183105469,38.11000061035156,361100,38.11000061035156
9/18/2018,38.220001220703125,39.349998474121094,38.220001220703125,39,536400,39
9/17/2018,37.9900016784668,39,37.685001373291016,38.04999923706055,780900,38.04999923706055
9/14/2018,37.849998474121094,38.630001068115234,36.84000015258789,38.25,672900,38.25
9/13/2018,37.45000076293945,39.36000061035156,37.0099983215332,37.22999954223633,798800,37.22999954223633
9/12/2018,37.34000015258789,37.81999969482422,35.90999984741211,37.7400016784668,650200,37.7400016784668
9/11/2018,36.5,37.5,35.90999984741211,37.27000045776367,649700,37.27000045776367
9/10/2018,36.689998626708984,36.869998931884766,35.75,36.41999816894531,404900,36.41999816894531
9/7/2018,35.90999984741211,36.53499984741211,35.61899948120117,36.31999969482422,489200,36.31999969482422
9/6/2018,35.029998779296875,35.9900016784668,34.630001068115234,35.90999984741211,358900,35.90999984741211
9/5/2018,35.84000015258789,35.91999816894531,34.13999938964844,34.529998779296875,425700,34.529998779296875
9/4/2018,35.810001373291016,36.125,35.5,35.970001220703125,461300,35.970001220703125
8/31/2018,35.25,36.220001220703125,35.25,36.06999969482422,653000,36.06999969482422
8/30/2018,35.9900016784668,36,35.27000045776367,35.4900016784668,245300,35.4900016784668
8/29/2018,36,36.0099983215332,35.13999938964844,35.97999954223633,326900,35.97999954223633
8/28/2018,35.5,36,34.93000030517578,35.790000915527344,214100,35.790000915527344
8/27/2018,35.9900016784668,35.9900016784668,35.02000045776367,35.310001373291016,465500,35.310001373291016
8/24/2018,34.630001068115234,35.61000061035156,34.540000915527344,35.380001068115234,362900,35.380001068115234
8/23/2018,34.369998931884766,35.150001525878906,33.779998779296875,34.70000076293945,266200,34.70000076293945
8/22/2018,33.560001373291016,34.77000045776367,33.560001373291016,34.56999969482422,264800,34.56999969482422
8/21/2018,32.83000183105469,33.7599983215332,32.604000091552734,33.630001068115234,456500,33.630001068115234
8/20/2018,32.720001220703125,32.90999984741211,32.18000030517578,32.58000183105469,714100,32.58000183105469
8/17/2018,32.790000915527344,33.560001373291016,32.06999969482422,32.810001373291016,318400,32.810001373291016
8/16/2018,32.09000015258789,32.7400016784668,31.795000076293945,32.70000076293945,791800,32.70000076293945
8/15/2018,32.040000915527344,32.84000015258789,31.65999984741211,32.16999816894531,522800,32.16999816894531
8/14/2018,33.75,33.75,31.799999237060547,31.989999771118164,750400,31.989999771118164
8/13/2018,36,36.15999984741211,33.61000061035156,33.880001068115234,1158900,33.880001068115234
8/10/2018,34.5,36.20000076293945,32.790000915527344,35.970001220703125,1952800,35.970001220703125
8/9/2018,36.79999923706055,38.2599983215332,36.310001373291016,37.86000061035156,1348600,37.86000061035156
8/8/2018,36.38999938964844,36.959999084472656,36.0099983215332,36.29999923706055,476200,36.29999923706055
8/7/2018,36.61000061035156,36.9900016784668,35.849998474121094,36.18000030517578,387100,36.18000030517578
8/6/2018,35.400001525878906,36.810001373291016,35.400001525878906,36.560001373291016,373200,36.560001373291016
8/3/2018,36.45000076293945,36.45000076293945,35.2599983215332,35.56999969482422,263400,35.56999969482422
8/2/2018,35.77000045776367,36.2599983215332,35.77000045776367,36.09000015258789,307000,36.09000015258789
8/1/2018,33.68000030517578,35.88999938964844,33.68000030517578,35.77000045776367,407500,35.77000045776367
7/31/2018,34.560001373291016,34.77000045776367,33.79999923706055,33.959999084472656,325300,33.959999084472656
7/30/2018,35.900001525878906,35.92399978637695,34.22999954223633,34.279998779296875,408600,34.279998779296875
7/27/2018,38,38.400001525878906,35.65999984741211,35.709999084472656,833100,35.709999084472656
7/26/2018,37.9900016784668,38.220001220703125,37.380001068115234,38.040000915527344,396400,38.040000915527344
7/25/2018,36.90999984741211,38,36.68000030517578,37.95000076293945,188000,37.95000076293945
7/24/2018,37.7599983215332,38.150001525878906,36.70000076293945,37.040000915527344,433300,37.040000915527344
7/23/2018,37.18000030517578,37.93000030517578,36.255001068115234,37.599998474121094,416600,37.599998474121094
7/20/2018,37.099998474121094,38,36.70000076293945,37,391600,37
7/19/2018,36.720001220703125,38.45000076293945,36.5,37.06999969482422,896600,37.06999969482422
7/18/2018,36.380001068115234,36.66999816894531,35.779998779296875,36.599998474121094,323200,36.599998474121094
7/17/2018,35.310001373291016,36.63999938964844,34.29999923706055,36.45000076293945,306900,36.45000076293945
7/16/2018,36.060001373291016,36.18000030517578,35.349998474121094,35.77000045776367,267200,35.77000045776367
7/13/2018,36.43000030517578,36.61000061035156,35.72999954223633,36.27000045776367,390700,36.27000045776367
7/12/2018,35.459999084472656,36.52000045776367,35.040000915527344,36.5099983215332,414100,36.5099983215332
7/11/2018,34.7599983215332,35.709999084472656,34.68000030517578,35.290000915527344,544200,35.290000915527344
7/10/2018,36.16999816894531,36.16999816894531,34.400001525878906,34.939998626708984,1230900,34.939998626708984
7/9/2018,36.220001220703125,36.54999923706055,35.72999954223633,36.52000045776367,551400,36.52000045776367
7/6/2018,35.93000030517578,36.150001525878906,35.79999923706055,36,355100,36
7/5/2018,35.439998626708984,36,34.81999969482422,35.93000030517578,513500,35.93000030517578
7/3/2018,35.2400016784668,35.849998474121094,34.58000183105469,35.779998779296875,321900,35.779998779296875
7/2/2018,34.220001220703125,35.310001373291016,34.11000061035156,35.29999923706055,648800,35.29999923706055
6/29/2018,33.54999923706055,34.43000030517578,33.380001068115234,34.2599983215332,408700,34.2599983215332
6/28/2018,33.04999923706055,33.40999984741211,32.77000045776367,33.290000915527344,632800,33.290000915527344
6/27/2018,33.16999816894531,33.86000061035156,33,33.02000045776367,624200,33.02000045776367
6/26/2018,32.779998779296875,33.55500030517578,32.52000045776367,33.2599983215332,455600,33.2599983215332
6/25/2018,33.97999954223633,33.97999954223633,32.569000244140625,32.77000045776367,843800,32.77000045776367
6/22/2018,35.16999816894531,35.16999816894531,33.5,34.04999923706055,3679000,34.04999923706055
6/21/2018,34.4900016784668,35.45000076293945,33.720001220703125,35.279998779296875,596500,35.279998779296875
6/20/2018,35.709999084472656,35.709999084472656,34.34000015258789,34.4900016784668,1063300,34.4900016784668
6/19/2018,35.68000030517578,36.09000015258789,34.459999084472656,36.02000045776367,1184600,36.02000045776367
6/18/2018,35.88999938964844,37.43000030517578,35.599998474121094,36.43000030517578,743700,36.43000030517578
6/15/2018,35.15999984741211,36.66999816894531,34.529998779296875,36.150001525878906,1355100,36.150001525878906
6/14/2018,34.52000045776367,36,34.130001068115234,35.380001068115234,1436900,35.380001068115234
6/13/2018,32.33000183105469,34.93000030517578,32.244998931884766,34.5,1401400,34.5
6/12/2018,32.16999816894531,32.64500045776367,32.02000045776367,32.16999816894531,924900,32.16999816894531
6/11/2018,31.190000534057617,32.29999923706055,31.190000534057617,32.16999816894531,593500,32.16999816894531
6/8/2018,31.43000030517578,31.674999237060547,31.045000076293945,31.420000076293945,347600,31.420000076293945
6/7/2018,32.25,32.279998779296875,31.360000610351562,31.649999618530273,581100,31.649999618530273
6/6/2018,32.36000061035156,32.68000030517578,31.900999069213867,32.06999969482422,855600,32.06999969482422
6/5/2018,30.959999084472656,32.5,30.909000396728516,32.31999969482422,1658500,32.31999969482422
6/4/2018,30.260000228881836,30.93000030517578,29.920000076293945,30.729999542236328,523500,30.729999542236328
6/1/2018,30.34000015258789,30.43000030517578,29.895000457763672,30.049999237060547,585000,30.049999237060547
5/31/2018,29.65999984741211,30.200000762939453,29.350000381469727,30.079999923706055,1218100,30.079999923706055
5/30/2018,29.81999969482422,30.350000381469727,29.739999771118164,29.850000381469727,606500,29.850000381469727
5/29/2018,29.979999542236328,30.2549991607666,29.799999237060547,29.93000030517578,319500,29.93000030517578
5/25/2018,30.149999618530273,30.579999923706055,30.149999618530273,30.290000915527344,185200,30.290000915527344
5/24/2018,30.239999771118164,30.788000106811523,29.969999313354492,30.489999771118164,525400,30.489999771118164
5/23/2018,30.06999969482422,30.790000915527344,30.06999969482422,30.540000915527344,241000,30.540000915527344
5/22/2018,30.520000457763672,31.270000457763672,30.520000457763672,30.670000076293945,290000,30.670000076293945
5/21/2018,30.799999237060547,31.200000762939453,30.610000610351562,31,395300,31
5/18/2018,30.989999771118164,31.1200008392334,30.549999237060547,31.09000015258789,324600,31.09000015258789
5/17/2018,30.510000228881836,31.18000030517578,30.280000686645508,31.040000915527344,477500,31.040000915527344
5/16/2018,30.25,30.549999237060547,29.760000228881836,30.5,542700,30.5
5/15/2018,30,31.200000762939453,29.920000076293945,30.420000076293945,680100,30.420000076293945
5/14/2018,30.079999923706055,30.459999084472656,29.079999923706055,29.920000076293945,1239400,29.920000076293945
5/11/2018,32.5,33,30.450000762939453,30.549999237060547,1298400,30.549999237060547
5/10/2018,31.8700008392334,31.8700008392334,29.899999618530273,30.299999237060547,897500,30.299999237060547
5/9/2018,32.08000183105469,32.439998626708984,30.424999237060547,31,849300,31
5/8/2018,32.45000076293945,32.779998779296875,32.060001373291016,32.439998626708984,345400,32.439998626708984
5/7/2018,32.060001373291016,32.959999084472656,32.0099983215332,32.560001373291016,459800,32.560001373291016
5/4/2018,32,32.70000076293945,31.790000915527344,32.130001068115234,323200,32.130001068115234
5/3/2018,32.130001068115234,32.7400016784668,31.75,31.969999313354492,559100,31.969999313354492
5/2/2018,32,33,31.75,32.29999923706055,1033200,32.29999923706055
5/1/2018,31.81999969482422,32.20000076293945,31.360000610351562,31.989999771118164,472600,31.989999771118164
4/30/2018,32.459999084472656,33.310001373291016,31.8799991607666,31.989999771118164,495700,31.989999771118164
4/27/2018,32.59000015258789,32.77000045776367,31.746000289916992,32.15999984741211,414100,32.15999984741211
4/26/2018,31.690000534057617,33,31.690000534057617,32.06999969482422,755100,32.06999969482422
4/25/2018,32.52000045776367,32.97999954223633,30.65999984741211,32.7599983215332,947800,32.7599983215332
4/24/2018,33.810001373291016,34.4900016784668,32.84000015258789,33.36000061035156,450500,33.36000061035156
4/23/2018,36.220001220703125,36.7400016784668,33.5,33.79999923706055,446700,33.79999923706055
4/20/2018,35.970001220703125,37.8129997253418,35.459999084472656,36.099998474121094,1192900,36.099998474121094
4/19/2018,34.599998474121094,35.91999816894531,34.27000045776367,35.86000061035156,365900,35.86000061035156
4/18/2018,36.97999954223633,37.209999084472656,34.400001525878906,34.709999084472656,485900,34.709999084472656
4/17/2018,35.689998626708984,37.029998779296875,35.689998626708984,36.65999984741211,520200,36.65999984741211
4/16/2018,34.400001525878906,36.970001220703125,34.060001373291016,35.45000076293945,741200,35.45000076293945
4/13/2018,33,33.18000030517578,32.7599983215332,32.93000030517578,124000,32.93000030517578
4/12/2018,32.869998931884766,32.939998626708984,32.11399841308594,32.86000061035156,194900,32.86000061035156
4/11/2018,31.969999313354492,32.70000076293945,31.889999389648438,32.540000915527344,188900,32.540000915527344
4/10/2018,32.029998779296875,33.04999923706055,31.31999969482422,32.27000045776367,198500,32.27000045776367
4/9/2018,33.290000915527344,33.459999084472656,31.40999984741211,31.540000915527344,148500,31.540000915527344
4/6/2018,32.70000076293945,33.31999969482422,32.56100082397461,32.90999984741211,299800,32.90999984741211
4/5/2018,33.09000015258789,33.65999984741211,32.40999984741211,32.939998626708984,467700,32.939998626708984
4/4/2018,30.5,32.40999984741211,30.030000686645508,32.220001220703125,480500,32.220001220703125
4/3/2018,30.81999969482422,31.420000076293945,30.280000686645508,31.1200008392334,355600,31.1200008392334
4/2/2018,32.27000045776367,32.54999923706055,29.610000610351562,30.34000015258789,285000,30.34000015258789
3/29/2018,31.239999771118164,32.66999816894531,31.100000381469727,32.439998626708984,1085500,32.439998626708984
3/28/2018,31.450000762939453,31.899999618530273,30.3700008392334,30.899999618530273,415600,30.899999618530273
3/27/2018,31.31999969482422,32.630001068115234,31.219999313354492,31.700000762939453,461500,31.700000762939453
3/26/2018,30.989999771118164,31.54800033569336,30.290000915527344,31.010000228881836,826600,31.010000228881836
3/23/2018,30.40999984741211,31.75,30.399999618530273,30.520000457763672,350800,30.520000457763672
3/22/2018,30.479999542236328,31.809999465942383,30.049999237060547,30.40999984741211,551200,30.40999984741211
3/21/2018,30.5,31.799999237060547,30,30.8700008392334,3184700,30.8700008392334
3/20/2018,30.270000457763672,30.68000030517578,29.15999984741211,29.25,543100,29.25
3/19/2018,33.41999816894531,33.41999816894531,29.989999771118164,31.100000381469727,454900,31.100000381469727
3/16/2018,33.72999954223633,36.15999984741211,33.44499969482422,34.47999954223633,669700,34.47999954223633
3/15/2018,34.38999938964844,34.72999954223633,33.0099983215332,33.77000045776367,117700,33.77000045776367
3/14/2018,35.7400016784668,36.150001525878906,34.310001373291016,34.34000015258789,84500,34.34000015258789
3/13/2018,36.130001068115234,37.66699981689453,35.08000183105469,35.5,131900,35.5
3/12/2018,34.18000030517578,37.790000915527344,33.840999603271484,35.93000030517578,379100,35.93000030517578
3/9/2018,34.04999923706055,34.59000015258789,33.470001220703125,33.95000076293945,112200,33.95000076293945
3/8/2018,34.61000061035156,34.79999923706055,33.29999923706055,33.84000015258789,138400,33.84000015258789
3/7/2018,33.630001068115234,34.79999923706055,33.630001068115234,34.4900016784668,236200,34.4900016784668
3/6/2018,33.04999923706055,34.290000915527344,32.95000076293945,34.08000183105469,96500,34.08000183105469
3/5/2018,32.290000915527344,33.77000045776367,31.641000747680664,32.63999938964844,222700,32.63999938964844
3/2/2018,29.3799991607666,32.29999923706055,29.3799991607666,32.29999923706055,92100,32.29999923706055
3/1/2018,30.09000015258789,30.219999313354492,29.149999618530273,29.739999771118164,76600,29.739999771118164
2/28/2018,30.229999542236328,31.260000228881836,29.719999313354492,29.780000686645508,65500,29.780000686645508
2/27/2018,30.5,30.829999923706055,29.795000076293945,30.110000610351562,36400,30.110000610351562
2/26/2018,30.239999771118164,30.5,30,30.399999618530273,25700,30.399999618530273
2/23/2018,29.360000610351562,30.219999313354492,29.020000457763672,30.18000030517578,62500,30.18000030517578
2/22/2018,29.170000076293945,29.709999084472656,28.829999923706055,29.040000915527344,124800,29.040000915527344
2/21/2018,29.649999618530273,30.489999771118164,29.06999969482422,29.079999923706055,151000,29.079999923706055
2/20/2018,29.290000915527344,30.219999313354492,29,29.459999084472656,71500,29.459999084472656
2/16/2018,29.709999084472656,29.850000381469727,29.200000762939453,29.450000762939453,45800,29.450000762939453
2/15/2018,29.770000457763672,30.200000762939453,29.051000595092773,29.920000076293945,71100,29.920000076293945
2/14/2018,27.3700008392334,29.780000686645508,27.350000381469727,29.690000534057617,149000,29.690000534057617
2/13/2018,27.229999542236328,28.239999771118164,27.229999542236328,27.56999969482422,83800,27.56999969482422
2/12/2018,28.469999313354492,28.649999618530273,27.219999313354492,27.3799991607666,187500,27.3799991607666
2/9/2018,29.3700008392334,30.729000091552734,26.850000381469727,28.15999984741211,283400,28.15999984741211
2/8/2018,33.18000030517578,33.18000030517578,28.649999618530273,28.709999084472656,342600,28.709999084472656
2/7/2018,32.58000183105469,32.790000915527344,31.479999542236328,32.59000015258789,127800,32.59000015258789
2/6/2018,29,33.20500183105469,29,32.779998779296875,205000,32.779998779296875
2/5/2018,29.440000534057617,30.429000854492188,29.329999923706055,29.5,95100,29.5
2/2/2018,29.5,29.950000762939453,29.260000228881836,29.6299991607666,64600,29.6299991607666
2/1/2018,30.139999389648438,30.610000610351562,29.483999252319336,29.690000534057617,141600,29.690000534057617
1/31/2018,31.510000228881836,31.520000457763672,30.31999969482422,30.420000076293945,100500,30.420000076293945
1/30/2018,32.310001373291016,33.7400016784668,30.770000457763672,31.079999923706055,141100,31.079999923706055
1/29/2018,33.11000061035156,33.720001220703125,31.923999786376953,32.150001525878906,86300,32.150001525878906
1/26/2018,34.189998626708984,34.189998626708984,32.82500076293945,33.119998931884766,167500,33.119998931884766
1/25/2018,33.86000061035156,34.999000549316406,33.000999450683594,33.97999954223633,129100,33.97999954223633
1/24/2018,33.81999969482422,34.4900016784668,32.81999969482422,33.58000183105469,262500,33.58000183105469
1/23/2018,32.72999954223633,33.790000915527344,32.36000061035156,33.5,233600,33.5
1/22/2018,32.34000015258789,33.03499984741211,32.06999969482422,32.88999938964844,96700,32.88999938964844
1/19/2018,31.6299991607666,32.7599983215332,30.489999771118164,32.70000076293945,128900,32.70000076293945
1/18/2018,31.6299991607666,32.11000061035156,30.829999923706055,31.3799991607666,129400,31.3799991607666
1/17/2018,30.989999771118164,32.67499923706055,30.22100067138672,31.559999465942383,111800,31.559999465942383
1/16/2018,33.709999084472656,33.709999084472656,30.59000015258789,30.969999313354492,151300,30.969999313354492
1/12/2018,32.68000030517578,34.189998626708984,32.400001525878906,33.689998626708984,154200,33.689998626708984
1/11/2018,30.43000030517578,32.599998474121094,30,32.599998474121094,101200,32.599998474121094
1/10/2018,30.489999771118164,30.8799991607666,29.75,30.450000762939453,67400,30.450000762939453
1/9/2018,30.200000762939453,30.649999618530273,29.649999618530273,30.540000915527344,136900,30.540000915527344
1/8/2018,28.889999389648438,31,28.889999389648438,30.170000076293945,223200,30.170000076293945
1/5/2018,28.700000762939453,29.84000015258789,28.46500015258789,28.889999389648438,103900,28.889999389648438
1/4/2018,29.940000534057617,30.135000228881836,28.385000228881836,28.610000610351562,125500,28.610000610351562
1/3/2018,30.940000534057617,31.114999771118164,29.649999618530273,29.889999389648438,138600,29.889999389648438
1/2/2018,31.90999984741211,32.67900085449219,30.770000457763672,30.969999313354492,131700,30.969999313354492
12/29/2017,31.81999969482422,31.899999618530273,31.149999618530273,31.889999389648438,57200,31.889999389648438
12/28/2017,30.149999618530273,31.729999542236328,29.670000076293945,31.690000534057617,151400,31.690000534057617
12/27/2017,30.43000030517578,31.56999969482422,29.325000762939453,29.6299991607666,194200,29.6299991607666
12/26/2017,32.060001373291016,32.060001373291016,30.3799991607666,30.40999984741211,175900,30.40999984741211
12/22/2017,31.979999542236328,31.979999542236328,31.09000015258789,31.889999389648438,73700,31.889999389648438
12/21/2017,32.25,32.494998931884766,31.1299991607666,31.989999771118164,126700,31.989999771118164
12/20/2017,30.43000030517578,32.04999923706055,30.065000534057617,31.979999542236328,115400,31.979999542236328
12/19/2017,31.059999465942383,31.059999465942383,29.40999984741211,30.450000762939453,229800,30.450000762939453
12/18/2017,31.75,32.09000015258789,30.5,31.190000534057617,150300,31.190000534057617
12/15/2017,30.1299991607666,32.58000183105469,29.100000381469727,31.15999984741211,1411200,31.15999984741211
12/14/2017,28.399999618530273,30.079999923706055,28.179000854492188,29.059999465942383,207700,29.059999465942383
12/13/2017,27.670000076293945,28.440000534057617,27.31999969482422,28.299999237060547,162200,28.299999237060547
12/12/2017,28.350000381469727,28.940000534057617,27.250999450683594,27.479999542236328,127500,27.479999542236328
12/11/2017,27.549999237060547,28.950000762939453,27.089000701904297,28,348900,28
12/8/2017,25.049999237060547,28,24.450000762939453,27.649999618530273,423200,27.649999618530273
12/7/2017,23,23.950000762939453,22.270000457763672,22.969999313354492,213700,22.969999313354492
12/6/2017,21.84000015258789,23.25,21.559999465942383,22.889999389648438,116500,22.889999389648438
12/5/2017,22.690000534057617,23.132999420166016,21.899999618530273,21.920000076293945,110200,21.920000076293945
12/4/2017,24.739999771118164,24.969999313354492,22.56999969482422,22.600000381469727,117000,22.600000381469727
12/1/2017,24.31999969482422,25,23.540000915527344,24.479999542236328,91200,24.479999542236328
11/30/2017,22.770000457763672,24.540000915527344,22.510000228881836,24.1200008392334,225500,24.1200008392334
11/29/2017,24.200000762939453,24.90999984741211,22.020000457763672,22.40999984741211,480300,22.40999984741211
11/28/2017,27.100000381469727,27.3700008392334,24.15999984741211,24.350000381469727,328000,24.350000381469727
11/27/2017,29.239999771118164,29.239999771118164,26.899999618530273,26.90999984741211,107000,26.90999984741211
11/24/2017,29.110000610351562,29.530000686645508,28.010000228881836,28.65999984741211,92800,28.65999984741211
11/22/2017,27.969999313354492,28.8700008392334,27.774999618530273,28.489999771118164,137800,28.489999771118164
11/21/2017,26.940000534057617,27.989999771118164,26.940000534057617,27.329999923706055,185000,27.329999923706055
11/20/2017,25.6200008392334,26.979999542236328,25.277999877929688,26.940000534057617,230600,26.940000534057617
11/17/2017,25.270000457763672,25.7189998626709,24.422000885009766,25.549999237060547,41300,25.549999237060547
11/16/2017,24.309999465942383,26,24.309999465942383,25.510000228881836,70400,25.510000228881836
11/15/2017,25,25.389999389648438,24.850000381469727,24.989999771118164,27800,24.989999771118164
11/14/2017,24.860000610351562,25.399999618530273,24.530000686645508,25.110000610351562,44500,25.110000610351562
11/13/2017,25,25.799999237060547,24.59000015258789,24.90999984741211,119600,24.90999984741211
11/10/2017,24.540000915527344,25.139999389648438,24.200000762939453,25.1200008392334,127700,25.1200008392334
11/9/2017,25,25,24.010000228881836,24.469999313354492,122600,24.469999313354492
11/8/2017,25.219999313354492,25.290000915527344,24.780000686645508,25.06999969482422,102400,25.06999969482422
11/7/2017,25.290000915527344,25.450000762939453,24.780000686645508,25.06999969482422,58800,25.06999969482422
11/6/2017,25,25.200000762939453,24.940000534057617,25.1299991607666,32900,25.1299991607666
11/3/2017,24.670000076293945,25.5,24.670000076293945,25,178000,25
11/2/2017,25.950000762939453,26.198999404907227,24.75,24.790000915527344,89100,24.790000915527344
11/1/2017,25.809999465942383,26.399999618530273,25.572999954223633,25.8700008392334,241000,25.8700008392334
10/31/2017,24.899999618530273,26.25,24.450000762939453,25.850000381469727,560700,25.850000381469727
10/30/2017,25.600000381469727,25.600000381469727,24.059999465942383,25,572900,25
10/27/2017,26.25,27,24.68000030517578,25.5,5875152,25.5
10/26/2017,25.099000930786133,25.099000930786133,25.06399917602539,25.079999923706055,4400,25.079999923706055
