4/22/2019,87.93000030517578,88.51499938964844,87.5999984741211,88.36000061035156,1229600,88.36000061035156
4/18/2019,88.04000091552734,88.69999694824219,87.75,88.5,1468100,88.5
4/17/2019,88.37000274658203,88.62000274658203,87.5999984741211,87.61000061035156,1012900,87.61000061035156
4/16/2019,88,88.19999694824219,87.37000274658203,87.63999938964844,1040300,87.63999938964844
4/15/2019,87.83999633789062,88.36000061035156,87.2300033569336,87.81999969482422,726300,87.81999969482422
4/12/2019,87.31999969482422,87.83000183105469,87.19999694824219,87.66000366210938,905900,87.66000366210938
4/11/2019,86.29000091552734,87.06999969482422,85.80999755859375,86.8499984741211,1925700,86.8499984741211
4/10/2019,86.25,86.27999877929688,85.80999755859375,86.02999877929688,1445300,86.02999877929688
4/9/2019,86.33999633789062,86.62000274658203,85.83000183105469,86.12000274658203,748700,86.12000274658203
4/8/2019,86.48999786376953,86.94499969482422,85.91999816894531,86.93000030517578,1325300,86.93000030517578
4/5/2019,86.62000274658203,86.94000244140625,86.31999969482422,86.7300033569336,1583400,86.7300033569336
4/4/2019,86.6500015258789,87.1500015258789,86.19999694824219,86.30000305175781,909000,86.30000305175781
4/3/2019,86.27999877929688,86.94999694824219,86.06999969482422,86.5199966430664,896800,86.5199966430664
4/2/2019,85.38999938964844,85.80999755859375,85,85.68000030517578,755800,85.68000030517578
4/1/2019,84.63999938964844,85.19999694824219,84.30000305175781,85.06999969482422,1166900,85.06999969482422
3/29/2019,83.5999984741211,84.05000305175781,83.27999877929688,83.88999938964844,1248200,83.88999938964844
3/28/2019,82.55999755859375,83.41999816894531,82.38999938964844,82.94000244140625,1205000,82.94000244140625
3/27/2019,83.83999633789062,83.94000244140625,82.22000122070312,82.33999633789062,1293900,82.33999633789062
3/26/2019,83.01000213623047,83.94999694824219,82.80000305175781,83.58000183105469,1422500,83.58000183105469
3/25/2019,82.2300033569336,82.94000244140625,82,82.5999984741211,661200,82.5999984741211
3/22/2019,83.80000305175781,83.97000122070312,82.20999908447266,82.2300033569336,1137300,82.2300033569336
3/21/2019,82.87000274658203,84.44999694824219,82.77999877929688,84.22000122070312,908300,84.22000122070312
3/20/2019,83.16999816894531,83.56999969482422,82.29000091552734,82.98999786376953,1380200,82.98999786376953
3/19/2019,83.56999969482422,83.78500366210938,82.75,83.05000305175781,1689900,83.05000305175781
3/18/2019,82.61000061035156,83.66000366210938,82.5199966430664,83.41000366210938,1032300,83.41000366210938
3/15/2019,82.58000183105469,83.1500015258789,82.43000030517578,82.54000091552734,1849400,82.54000091552734
3/14/2019,82.88999938964844,83.34500122070312,82.54000091552734,82.63999938964844,1339300,82.63999938964844
3/13/2019,82.62000274658203,83.69999694824219,82.43000030517578,83.18000030517578,1540400,83.18000030517578
3/12/2019,82.33999633789062,82.60099792480469,81.79000091552734,82.12000274658203,1397300,82.12000274658203
3/11/2019,80.52999877929688,82.20999908447266,80.52999877929688,82.18000030517578,1472700,82.18000030517578
3/8/2019,80.23999786376953,81.01000213623047,79.58999633789062,80.4000015258789,1544200,80.4000015258789
3/7/2019,81.98999786376953,81.98999786376953,80.68000030517578,81.05999755859375,1539600,81.05999755859375
3/6/2019,82.29000091552734,82.71499633789062,81.94999694824219,82.04000091552734,1051100,82.04000091552734
3/5/2019,82.70999908447266,83.04000091552734,82.25,82.25,1083400,82.25
3/4/2019,82.88999938964844,83.52999877929688,81.94999694824219,82.58000183105469,1760000,82.58000183105469
3/1/2019,82.05999755859375,82.79000091552734,81.88500213623047,82.55999755859375,1306500,82.55999755859375
2/28/2019,81.58999633789062,82.06999969482422,81.06999969482422,81.56999969482422,1909100,81.56999969482422
2/27/2019,81.63999938964844,81.80999755859375,81.11499786376953,81.70999908447266,1207400,81.70999908447266
2/26/2019,81.37999725341797,82.02999877929688,81.27999877929688,81.73999786376953,1816200,81.73999786376953
2/25/2019,81.87000274658203,82.2699966430664,81.13999938964844,81.5999984741211,1765000,81.5999984741211
2/22/2019,81.05999755859375,81.41000366210938,80.69000244140625,81.37000274658203,901400,81.37000274658203
2/21/2019,80.8499984741211,81.18000030517578,80.05500030517578,80.61000061035156,1783300,80.61000061035156
2/20/2019,80.66000366210938,81.72000122070312,80.66000366210938,81.05999755859375,2979300,80.98999786376953
2/19/2019,81.16999816894531,81.52999877929688,80.12999725341797,80.4800033569336,2222500,80.41050720214844
2/15/2019,81.30000305175781,81.83000183105469,80.94999694824219,81.80000305175781,1852200,81.72936248779297
2/14/2019,80.18000030517578,80.98999786376953,79.69999694824219,80.44999694824219,2127900,80.38052368164062
2/13/2019,79.0999984741211,80.48999786376953,78.87999725341797,80.44000244140625,2688500,80.37053680419922
2/12/2019,77.69000244140625,79.11000061035156,77.30000305175781,78.81999969482422,2188400,78.75193786621094
2/11/2019,76.76000213623047,77.2699966430664,75.9000015258789,77.16000366210938,2031900,77.09336853027344
2/8/2019,75.4000015258789,77.48999786376953,74.4000015258789,76.81999969482422,3042100,76.753662109375
2/7/2019,74.19999694824219,74.56999969482422,73.56999969482422,74.41999816894531,1939500,74.3557357788086
2/6/2019,74.25,75.20500183105469,74.18000030517578,74.94999694824219,1699400,74.8852767944336
2/5/2019,74.47000122070312,74.97000122070312,74.05000305175781,74.52999877929688,2240900,74.46563720703125
2/4/2019,74.55000305175781,74.55000305175781,73.69999694824219,74.30000305175781,1686600,74.23583984375
2/1/2019,75.11000061035156,75.47000122070312,74.12000274658203,74.33000183105469,1285300,74.26581573486328
1/31/2019,74.70999908447266,75.19000244140625,73.91999816894531,74.98999786376953,1102900,74.92523956298828
1/30/2019,74.19000244140625,75.19000244140625,73.25,74.7300033569336,1047600,74.66546630859375
1/29/2019,72.06999969482422,74.08000183105469,72.06999969482422,73.69000244140625,1788500,73.6263656616211
1/28/2019,71.20999908447266,71.91000366210938,70.7699966430664,71.88999938964844,840900,71.82791900634766
1/25/2019,71.77999877929688,72.33999633789062,71.47000122070312,72.25,1464200,72.18760681152344
1/24/2019,71.16999816894531,71.61000061035156,70.91000366210938,70.98999786376953,1179200,70.92869567871094
1/23/2019,71.95999908447266,72.63999938964844,70.66000366210938,71.13999938964844,1046300,71.07856750488281
1/22/2019,72.44000244140625,72.44000244140625,71.19499969482422,71.66999816894531,1195000,71.60810852050781
1/18/2019,71.80000305175781,73.2300033569336,71.80000305175781,73.02999877929688,1811700,72.96693420410156
1/17/2019,69.66000366210938,71.55000305175781,69.66000366210938,71.37999725341797,1151700,71.318359375
1/16/2019,69.87000274658203,70.47000122070312,69.70999908447266,70.0199966430664,1137000,69.95953369140625
1/15/2019,69.72000122070312,70,69,69.98999786376953,1225600,69.92955780029297
1/14/2019,69.0999984741211,69.88999938964844,69.0199966430664,69.62999725341797,1123900,69.56986999511719
1/11/2019,69.2300033569336,69.56999969482422,68.87000274658203,69.51000213623047,1102700,69.4499740600586
1/10/2019,68.75,69.9800033569336,68.5199966430664,69.87999725341797,1203700,69.81964874267578
1/9/2019,68.11000061035156,69.44999694824219,68.08000183105469,69.2300033569336,1400600,69.17021942138672
1/8/2019,68.66999816894531,68.75,67.2699966430664,68.11000061035156,1521700,68.05118560791016
1/7/2019,67.3499984741211,68.2300033569336,67.23500061035156,67.80000305175781,1556400,67.741455078125
1/4/2019,65.73999786376953,67.47000122070312,65.45999908447266,67.45999908447266,1651900,67.40174102783203
1/3/2019,66.23999786376953,66.43000030517578,64.38999938964844,64.62999725341797,1938400,64.57418823242188
1/2/2019,66.62000274658203,67.44999694824219,66.31999969482422,67.3499984741211,1161200,67.29183959960938
12/31/2018,66.91000366210938,67.70999908447266,66.77999877929688,67.66000366210938,1222000,67.60157775878906
12/28/2018,67.19000244140625,67.4800033569336,65.80000305175781,66.69999694824219,1450400,66.64239501953125
12/27/2018,64.9000015258789,66.88999938964844,64.36000061035156,66.88999938964844,1288400,66.83223724365234
12/26/2018,63.84000015258789,65.76000213623047,62.88999938964844,65.69999694824219,1574800,65.64326477050781
12/24/2018,64.83000183105469,64.95999908447266,62.970001220703125,63.63999938964844,1527800,63.58504104614258
12/21/2018,65.16000366210938,66.62000274658203,64.5,65.5,6031400,65.44343566894531
12/20/2018,65.94999694824219,66.58999633789062,63.70000076293945,65.16000366210938,2955100,65.1037368774414
12/19/2018,68,68.9800033569336,66.20999908447266,66.58000183105469,1990900,66.52250671386719
12/18/2018,68.75,68.75,67.31999969482422,68.0999984741211,2502000,68.04119110107422
12/17/2018,68.37999725341797,69.12999725341797,67.44999694824219,67.94999694824219,3170200,67.89131927490234
12/14/2018,69.38999938964844,70.02999877929688,68.55999755859375,68.86000061035156,1531900,68.800537109375
12/13/2018,70.97000122070312,71.19999694824219,69.75,69.94999694824219,1575200,69.88959503173828
12/12/2018,71.16999816894531,72.30000305175781,70.72000122070312,70.7699966430664,1398300,70.7088851928711
12/11/2018,71.76000213623047,72.08000183105469,69.72000122070312,70.05999755859375,1299700,69.99949645996094
12/10/2018,69.72000122070312,71,69.20999908447266,70.72000122070312,2044200,70.65892791748047
12/7/2018,72.16999816894531,72.75,69.55999755859375,69.94000244140625,2329700,69.87960815429688
12/6/2018,71.72000122070312,72.30000305175781,70.44999694824219,72.13999938964844,2980600,72.07770538330078
12/4/2018,75.94999694824219,76.12000274658203,72.69000244140625,72.8499984741211,3309800,72.7870864868164
12/3/2018,77.08999633789062,77.5199966430664,75.52999877929688,75.95999908447266,2061300,75.89440155029297
11/30/2018,73.9800033569336,76.44999694824219,73.83000183105469,76.06999969482422,3020100,76.00431060791016
11/29/2018,74.83999633789062,75.01499938964844,73.41999816894531,74.12999725341797,1980100,74.06597900390625
11/28/2018,74,75.0199966430664,72.66000366210938,74.98999786376953,1772500,74.85530090332031
11/27/2018,72.73999786376953,73.94999694824219,71.9000015258789,73.76000213623047,1945700,73.62751007080078
11/26/2018,73.47000122070312,74,72.3499984741211,73.19999694824219,2016200,73.06851196289062
11/23/2018,73.12000274658203,73.52999877929688,72.73999786376953,72.80000305175781,907100,72.66924285888672
11/21/2018,73.13999938964844,74.30999755859375,72.87000274658203,73.86000061035156,1378900,73.72733306884766
11/20/2018,73.06999969482422,73.56999969482422,72.30000305175781,72.58999633789062,1400900,72.45960998535156
11/19/2018,75.51000213623047,75.56999969482422,73.41999816894531,73.76000213623047,1381500,73.62751007080078
11/16/2018,75.26000213623047,76.37999725341797,75.125,75.44999694824219,1918800,75.3144760131836
11/15/2018,73.18000030517578,75.80999755859375,72.73999786376953,75.7300033569336,2344400,75.5939712524414
11/14/2018,75.37000274658203,75.87000274658203,73.38999938964844,73.5999984741211,2338300,73.4677963256836
11/13/2018,74.88999938964844,76.91999816894531,74.88999938964844,75.20999908447266,2033400,75.07490539550781
11/12/2018,75.19000244140625,75.58000183105469,74.6050033569336,74.95999908447266,1523400,74.82535552978516
11/9/2018,76.47000122070312,76.66999816894531,74.86000061035156,75.22000122070312,1468700,75.08489227294922
11/8/2018,76.11000061035156,77.79000091552734,75.81999969482422,76.88999938964844,1735800,76.75188446044922
11/7/2018,76.61000061035156,76.61000061035156,75.44999694824219,76.12999725341797,1394900,75.99324798583984
11/6/2018,75.08999633789062,76.08999633789062,74.04000091552734,75.87999725341797,1274900,75.74369812011719
11/5/2018,74.9800033569336,75.37000274658203,74.0999984741211,75.0999984741211,1436300,74.96510314941406
11/2/2018,75.55999755859375,76.27999877929688,74.5,74.86000061035156,1791400,74.72554016113281
11/1/2018,74.54000091552734,75.16000366210938,73.72000122070312,74.80999755859375,2094900,74.67562103271484
10/31/2018,72.62000274658203,75.13999938964844,72.48999786376953,74.25,3466400,74.11663055419922
10/30/2018,72.19999694824219,72.5999984741211,70.80000305175781,71.68000030517578,5129500,71.5512466430664
10/29/2018,73.8499984741211,74.20999908447266,71.55999755859375,72.19999694824219,5514500,72.07030487060547
10/26/2018,73.22000122070312,75.48999786376953,69.16000366210938,73.05999755859375,10320200,72.92876434326172
10/25/2018,74.5199966430664,76.69499969482422,74.51000213623047,76.33000183105469,4050500,76.1928939819336
10/24/2018,77.20999908447266,77.37000274658203,74,74.08000183105469,2804400,73.94693756103516
10/23/2018,76.33000183105469,77.24500274658203,75.52999877929688,77.05000305175781,2836000,76.91160583496094
10/22/2018,80.06999969482422,80.17500305175781,77.6500015258789,77.69000244140625,3557600,77.55046081542969
10/19/2018,80.05000305175781,80.9000015258789,79.3499984741211,79.79000091552734,3728900,79.64668273925781
10/18/2018,79.91999816894531,80.8499984741211,79.73999786376953,80.02999877929688,2618000,79.88624572753906
10/17/2018,79.66999816894531,80.30999755859375,79.02999877929688,80.22000122070312,2620800,80.07591247558594
10/16/2018,79.54000091552734,80.06999969482422,79,79.77999877929688,2516400,79.6366958618164
10/15/2018,78.9800033569336,79.5999984741211,78.19999694824219,78.94000244140625,1949000,78.79821014404297
10/12/2018,79.83000183105469,80.08000183105469,78.19000244140625,79.19999694824219,2263900,79.0577392578125
10/11/2018,80.02999877929688,80.43000030517578,78.41999816894531,78.58000183105469,5227500,78.43885803222656
10/10/2018,81.83999633789062,82.11000061035156,80.22000122070312,80.22000122070312,5049300,80.07591247558594
10/9/2018,83.26000213623047,83.2699966430664,82.12999725341797,82.19999694824219,5700700,82.05235290527344
10/8/2018,83.69000244140625,84.22000122070312,83.15499877929688,83.6500015258789,4388100,83.49974822998047
10/5/2018,83.80999755859375,84.41000366210938,83.05999755859375,83.9800033569336,5873800,83.82915496826172
10/4/2018,83.7300033569336,84.30000305175781,83.38999938964844,83.94999694824219,6543900,83.79920959472656
10/3/2018,84.20999908447266,84.43000030517578,83.62000274658203,83.73999786376953,5831600,83.58958435058594
10/2/2018,84.33000183105469,84.33000183105469,83.5999984741211,83.62000274658203,25991800,83.46980285644531
10/1/2018,84.72000122070312,84.98999786376953,84.13999938964844,84.43000030517578,18123300,84.2783432006836
9/28/2018,84.66000366210938,84.69999694824219,83.68000030517578,84.19999694824219,5018100,84.04875946044922
9/27/2018,85.30999755859375,85.51000213623047,84.4000015258789,84.63999938964844,3841900,84.48796844482422
9/26/2018,85.83000183105469,86.62999725341797,84.5,85.02999877929688,36147700,84.87726593017578
9/25/2018,86.47000122070312,86.9000015258789,85.52999877929688,86,15940900,85.84552764892578
9/24/2018,86.79000091552734,87.33000183105469,86.11000061035156,86.33000183105469,17764100,86.17493438720703
9/21/2018,87.94999694824219,88.33999633789062,86.75,86.9800033569336,39671800,86.82376861572266
9/20/2018,86.73999786376953,87.76000213623047,86.23999786376953,87.37000274658203,16821600,87.21306610107422
9/19/2018,87.56999969482422,87.77999877929688,85.58999633789062,85.98999786376953,15628200,85.83554077148438
9/18/2018,87.12000274658203,87.86000061035156,86.30000305175781,87.37999725341797,13247400,87.2230453491211
9/17/2018,87,87.72000122070312,86.63999938964844,87.12000274658203,13341000,86.96351623535156
9/14/2018,86.37000274658203,87.63999938964844,86.30000305175781,86.9800033569336,11724300,86.82376861572266
9/13/2018,85.83999633789062,86.73999786376953,85.5999984741211,86.5,5916900,86.3446273803711
9/12/2018,85.08000183105469,85.62000274658203,84.66999816894531,85.30999755859375,6033800,85.1567611694336
9/11/2018,84.77999877929688,85.12000274658203,84.37000274658203,85.0199966430664,6983800,84.8672866821289
9/10/2018,85,85.2699966430664,84.5199966430664,84.69000244140625,5034200,84.53787994384766
9/7/2018,84.04000091552734,84.9800033569336,83.66999816894531,84.58999633789062,3740100,84.43804931640625
9/6/2018,84.36000061035156,84.69999694824219,83.7300033569336,84.16000366210938,4013900,84.00883483886719
9/5/2018,83.16000366210938,84.76000213623047,83.02999877929688,84.33999633789062,6595500,84.18850708007812
9/4/2018,83.5,83.80000305175781,82.50499725341797,83.45999908447266,4994200,83.31008911132812
8/31/2018,83.54000091552734,84.45999908447266,83.5,83.9800033569336,3626500,83.82915496826172
8/30/2018,84,85.12000274658203,83.48999786376953,83.73999786376953,3470100,83.58958435058594
8/29/2018,82.19999694824219,84.20999908447266,82.01000213623047,83.87999725341797,4702000,83.65945434570312
8/28/2018,82,82.38999938964844,81.70999908447266,82.06999969482422,3927600,81.85421752929688
8/27/2018,80.52999877929688,81.79000091552734,80.52999877929688,81.68000030517578,2082800,81.46524047851562
8/24/2018,80.22000122070312,80.2699966430664,79.9000015258789,80.12999725341797,678000,79.91931915283203
8/23/2018,80.05999755859375,80.13999938964844,79.62000274658203,80.0199966430664,1317600,79.80960083007812
8/22/2018,80.38999938964844,80.38999938964844,79.7300033569336,79.91999816894531,1029700,79.70986938476562
8/21/2018,80.66000366210938,80.79000091552734,80.0999984741211,80.38999938964844,1625400,80.17863464355469
8/20/2018,80.58999633789062,80.98999786376953,80.22000122070312,80.5999984741211,1815400,80.3880844116211
8/17/2018,80.58000183105469,80.58000183105469,80.16999816894531,80.25,2439400,80.03900146484375
8/16/2018,80.16000366210938,81.0199966430664,79.93000030517578,80.33999633789062,1277300,80.1287612915039
8/15/2018,79.37999725341797,79.80999755859375,78.80999755859375,79.69000244140625,1307800,79.48048400878906
8/14/2018,79.18000030517578,79.9739990234375,79.01200103759766,79.55999755859375,1089100,79.35081481933594
8/13/2018,79.61000061035156,80.41000366210938,79.01000213623047,79.30999755859375,1494500,79.1014633178711
8/10/2018,80.04000091552734,80.2300033569336,79.43000030517578,79.69999694824219,1980300,79.49044799804688
8/9/2018,80.72000122070312,81.05000305175781,80.19999694824219,80.23999786376953,746500,80.0290298461914
8/8/2018,81.16999816894531,81.27999877929688,80.37000274658203,80.77999877929688,893400,80.5676040649414
8/7/2018,81.16999816894531,81.63999938964844,81,81.27999877929688,832800,81.06629180908203
8/6/2018,81.08000183105469,81.25,80.80999755859375,80.95999908447266,1286100,80.74713134765625
8/3/2018,80.5,81.4800033569336,80.5,81.20999908447266,1010500,80.9964828491211
8/2/2018,80.5,81.13999938964844,79.9800033569336,80.93000030517578,1486400,80.71721649169922
8/1/2018,82.27999877929688,82.62999725341797,80.87999725341797,80.94000244140625,2233300,80.72718811035156
7/31/2018,80.52999877929688,82.25,80.1500015258789,82.08000183105469,2756900,81.86418914794922
7/30/2018,80,81.66000366210938,79.51499938964844,79.75,2577600,79.54031372070312
7/27/2018,80.75,80.97000122070312,78.76000213623047,79.80999755859375,2233300,79.60015869140625
7/26/2018,79.5,81.30999755859375,78.75,81.20999908447266,2990400,80.9964828491211
7/25/2018,77.48999786376953,79.08999633789062,77.25,79.02999877929688,2122100,78.82221221923828
7/24/2018,76.5,77.45999908447266,76.5,77.41000366210938,2075400,77.20647430419922
7/23/2018,77.43000030517578,77.55999755859375,76.12000274658203,76.18000030517578,1443200,75.97969818115234
7/20/2018,77.12000274658203,78.19999694824219,76.95999908447266,77.63999938964844,1872600,77.43586730957031
7/19/2018,77.48999786376953,77.8499984741211,76.87000274658203,77.62000274658203,1307500,77.41592407226562
7/18/2018,78,78,77.26000213623047,77.5199966430664,1381700,77.31617736816406
7/17/2018,76.56999969482422,77.68000030517578,76.4000015258789,77.56999969482422,963500,77.36604309082031
7/16/2018,77.02999877929688,77.08000183105469,76.22000122070312,76.45999908447266,1069600,76.25897216796875
7/13/2018,77.05999755859375,77.4000015258789,76.79000091552734,77.22000122070312,1003100,77.01697540283203
7/12/2018,76.58999633789062,77.19999694824219,76.12999725341797,76.94999694824219,1589000,76.74767303466797
7/11/2018,76.80999755859375,77.05999755859375,76.19999694824219,76.23999786376953,1286500,76.03955078125
7/10/2018,77.79000091552734,78.05999755859375,76.63999938964844,77.05999755859375,1227900,76.85739135742188
7/9/2018,77.1500015258789,78.0999984741211,77.12000274658203,77.9000015258789,1723300,77.69518280029297
7/6/2018,77.19999694824219,77.66999816894531,76.8499984741211,77.22000122070312,920400,77.01697540283203
7/5/2018,77.04000091552734,77.30999755859375,76.5999984741211,77.13999938964844,1343600,76.93717956542969
7/3/2018,77.11000061035156,77.77999877929688,76.44999694824219,76.54000091552734,797300,76.33876037597656
7/2/2018,76.51000213623047,76.79000091552734,75.66999816894531,76.76000213623047,1477100,76.55818176269531
6/29/2018,76.22000122070312,77.61000061035156,76.22000122070312,77.11000061035156,3437000,76.90725708007812
6/28/2018,75.06999969482422,76.16000366210938,74.19999694824219,75.80000305175781,3478300,75.6007080078125
6/27/2018,75.5,76.01499938964844,74.7300033569336,74.79000091552734,5353700,74.5933609008789
6/26/2018,77.25,77.25,75.12999725341797,75.19999694824219,6011400,75.00227355957031
6/25/2018,77.43000030517578,77.8499984741211,76.76000213623047,77.62999725341797,1902100,77.42588806152344
6/22/2018,78.83000183105469,78.8499984741211,77.7699966430664,77.83999633789062,2094100,77.63533782958984
6/21/2018,78.51000213623047,78.80000305175781,77.47000122070312,78.0999984741211,1268100,77.8946533203125
6/20/2018,79.0999984741211,79.20999908447266,78.38999938964844,78.80000305175781,1123100,78.59281921386719
6/19/2018,79.48999786376953,79.58999633789062,78.33000183105469,79.01000213623047,1870800,78.80226135253906
6/18/2018,80.37999725341797,80.6500015258789,79.44000244140625,80.37000274658203,1939000,80.15869903564453
6/15/2018,79.6500015258789,81.51000213623047,79.36000061035156,81.06999969482422,3365100,80.85684204101562
6/14/2018,78.30000305175781,80.44999694824219,78.30000305175781,80.12999725341797,2548400,79.91931915283203
6/13/2018,78.44000244140625,78.97000122070312,78.05000305175781,78.08999633789062,1153700,77.88468170166016
6/12/2018,78.37999725341797,78.66999816894531,77.94000244140625,78.29000091552734,1080800,78.08415985107422
6/11/2018,78.19999694824219,78.55000305175781,77.94000244140625,78.37000274658203,1100400,78.16394805908203
6/8/2018,77.95999908447266,78.4000015258789,77.52999877929688,78.19999694824219,1447800,77.99439239501953
6/7/2018,77.31999969482422,78.16999816894531,76.97000122070312,77.9800033569336,2649400,77.77497863769531
6/6/2018,74.45999908447266,74.95999908447266,74.12999725341797,74.95999908447266,1345700,74.76290893554688
6/5/2018,74.47000122070312,74.7300033569336,74.01000213623047,74.30000305175781,856700,74.10464477539062
6/4/2018,74.2300033569336,74.80000305175781,73.68000030517578,74.25,1600300,74.05477905273438
6/1/2018,73.41999816894531,74.2699966430664,73.02999877929688,73.80999755859375,1183300,73.61592864990234
5/31/2018,74.13999938964844,74.15899658203125,72.48999786376953,72.69000244140625,2277000,72.4988784790039
5/30/2018,74.02999877929688,74.66999816894531,73.86000061035156,74.19000244140625,1310600,73.99493408203125
5/29/2018,74.91999816894531,75.20999908447266,73.5199966430664,74.0199966430664,1511100,73.82538604736328
5/25/2018,76.0199966430664,76.44999694824219,74.98999786376953,75.51000213623047,817600,75.31146240234375
5/24/2018,75.72000122070312,76.52999877929688,75.51000213623047,76.16000366210938,1459500,75.95976257324219
5/23/2018,75.73999786376953,76.29000091552734,75.20999908447266,76.18000030517578,1222200,75.90988159179688
5/22/2018,77.61000061035156,77.75,76.08999633789062,76.11000061035156,1555000,75.84014129638672
5/21/2018,78.13999938964844,78.61499786376953,77.30000305175781,77.61000061035156,1185300,77.3348159790039
5/18/2018,77.33999633789062,77.95999908447266,77.02999877929688,77.87000274658203,2049300,77.5938949584961
5/17/2018,76.72000122070312,77.48999786376953,76.4000015258789,77.3499984741211,1246800,77.07573699951172
5/16/2018,76.16000366210938,76.91000366210938,76.12999725341797,76.77999877929688,987500,76.50776672363281
5/15/2018,76.0199966430664,76.2699966430664,75.51000213623047,76.25,1144100,75.97965240478516
5/14/2018,75.75,76.72000122070312,75.70999908447266,76.30000305175781,1753100,76.02947235107422
5/11/2018,75.62000274658203,75.97000122070312,75.19999694824219,75.62000274658203,1009400,75.35187530517578
5/10/2018,75.48999786376953,75.63999938964844,75.11000061035156,75.54000091552734,919600,75.27216339111328
5/9/2018,74.26000213623047,75.30999755859375,74,75.22000122070312,1251200,74.95330047607422
5/8/2018,73.54000091552734,74.2699966430664,73.3499984741211,74.25,1129200,73.98673248291016
5/7/2018,73.38999938964844,73.9000015258789,73.16000366210938,73.54000091552734,1316400,73.27924346923828
5/4/2018,71.98999786376953,73.38999938964844,71.77999877929688,73.29000091552734,1253400,73.03013610839844
5/3/2018,70.88999938964844,72.73999786376953,70.58999633789062,72.51000213623047,1898000,72.25289916992188
5/2/2018,72,72.36000061035156,71.20500183105469,71.5199966430664,1990000,71.26640319824219
5/1/2018,70.33000183105469,72.05999755859375,69.86000061035156,72.04000091552734,1975700,71.7845687866211
4/30/2018,71.6500015258789,71.91000366210938,70.30999755859375,70.30999755859375,1668700,70.0606918334961
4/27/2018,71.6500015258789,71.82499694824219,69.08000183105469,71.30999755859375,3691800,71.0571517944336
4/26/2018,72.44999694824219,72.71499633789062,71.69999694824219,72.2699966430664,2671100,72.01375579833984
4/25/2018,72.81999969482422,73.10600280761719,71.98999786376953,72.19999694824219,1756400,71.9439926147461
4/24/2018,76.66999816894531,76.92900085449219,72.26000213623047,73.05000305175781,1818500,72.79098510742188
4/23/2018,76.94999694824219,77,76.08000183105469,76.30000305175781,1133500,76.02947235107422
4/20/2018,76.94999694824219,77.08999633789062,76.16999816894531,76.73999786376953,1323400,76.46790313720703
4/19/2018,77.12000274658203,77.44999694824219,76.36000061035156,76.7699966430664,1087300,76.49779510498047
4/18/2018,77.2300033569336,77.79000091552734,76.66500091552734,77.13999938964844,954700,76.86648559570312
4/17/2018,75.80999755859375,77.55500030517578,75.70999908447266,76.7300033569336,2105600,76.45793914794922
4/16/2018,75.4000015258789,75.58000183105469,74.88999938964844,75.26000213623047,1432100,74.99315643310547
4/13/2018,75.36000061035156,75.82499694824219,74.16000366210938,74.69999694824219,2477000,74.43513488769531
4/12/2018,75,75.37999725341797,74.62999725341797,74.75,1329300,74.48495483398438
4/11/2018,75.12999725341797,75.37000274658203,74.36000061035156,74.44999694824219,1128100,74.18601989746094
4/10/2018,75.13999938964844,75.97000122070312,74.97000122070312,75.80000305175781,1590600,75.53124237060547
4/9/2018,74.94000244140625,75.58000183105469,73.94000244140625,74.11000061035156,2083500,73.84723663330078
4/6/2018,76.69000244140625,77.01000213623047,73.87999725341797,74.72000122070312,1619100,74.455078125
4/5/2018,77.33000183105469,78.08000183105469,76.87999725341797,77.41999816894531,1310800,77.14549255371094
4/4/2018,75.01000213623047,76.66999816894531,74.4000015258789,76.62999725341797,1794600,76.35829162597656
4/3/2018,75.66999816894531,76.3499984741211,74.83999633789062,76.30000305175781,1604700,76.02947235107422
4/2/2018,77.19000244140625,77.39399719238281,74.55999755859375,75.44000244140625,1681700,75.17251586914062
3/29/2018,77.0199966430664,77.95999908447266,76.5999984741211,77.5199966430664,1374900,77.24513244628906
3/28/2018,76.98999786376953,77.0999984741211,75.77999877929688,76.6500015258789,1813600,76.37822723388672
3/27/2018,78.12000274658203,78.47000122070312,76.47000122070312,76.80000305175781,1570600,76.5276870727539
3/26/2018,77.30999755859375,78.19000244140625,76.6449966430664,78.08999633789062,1729900,77.81311798095703
3/23/2018,76.75,77.68000030517578,75.97000122070312,76.0199966430664,2109000,75.75045776367188
3/22/2018,77.55999755859375,78.2300033569336,76.5199966430664,76.69000244140625,1542300,76.41808319091797
3/21/2018,78.20999908447266,79.2020034790039,77.52999877929688,78.3499984741211,1149000,78.07219696044922
3/20/2018,78.0999984741211,78.4800033569336,77.77999877929688,78.16000366210938,1295000,77.88287353515625
3/19/2018,78.19000244140625,78.19000244140625,77.01000213623047,77.77999877929688,937000,77.50420379638672
3/16/2018,78.0199966430664,78.43000030517578,77.61000061035156,78.2300033569336,2018000,77.95262145996094
3/15/2018,77.7699966430664,78.41999816894531,77.22000122070312,78.0999984741211,724800,77.82308197021484
3/14/2018,78.44999694824219,78.9000015258789,77.41999816894531,77.61000061035156,1180200,77.3348159790039
3/13/2018,78.73999786376953,79.21499633789062,77.80999755859375,77.98999786376953,1618900,77.7134780883789
3/12/2018,80.19999694824219,80.21499633789062,77.98999786376953,78.52999877929688,1216300,78.2515640258789
3/9/2018,78.81999969482422,80.30999755859375,78.12999725341797,80.2699966430664,2108300,79.98538970947266
3/8/2018,78.2300033569336,78.45999908447266,77.37999725341797,78.36000061035156,2252900,78.08216094970703
3/7/2018,74.9000015258789,78.08999633789062,73.41000366210938,77.95999908447266,2932600,77.6835708618164
3/6/2018,74.66999816894531,75.48999786376953,74.11000061035156,75.12000274658203,1404400,74.85365295410156
3/5/2018,73.52999877929688,74.61000061035156,73.11000061035156,74.26000213623047,1280300,73.9967041015625
3/2/2018,74.01000213623047,74.4800033569336,73.29000091552734,73.98999786376953,1936200,73.72764587402344
3/1/2018,77.05999755859375,77.12999725341797,74.22000122070312,74.69999694824219,1623200,74.43513488769531
2/28/2018,78.04000091552734,78.26000213623047,76.79000091552734,76.80000305175781,1799300,76.5276870727539
2/27/2018,78.08000183105469,78.83000183105469,77.73999786376953,77.76000213623047,1013200,77.48429107666016
2/26/2018,77.29000091552734,78.12999725341797,76.9749984741211,77.95999908447266,1461500,77.6835708618164
2/23/2018,77.1500015258789,77.2300033569336,76.43299865722656,77.13999938964844,1298100,76.86648559570312
2/22/2018,76.33999633789062,77.18000030517578,76.11000061035156,76.68000030517578,1058100,76.40811920166016
2/21/2018,76.11000061035156,77.22000122070312,75.98999786376953,76.01000213623047,1269700,75.67073822021484
2/20/2018,75.33999633789062,76.20999908447266,75.26499938964844,75.8499984741211,1647200,75.51145935058594
2/16/2018,75.08000183105469,75.9800033569336,74.80999755859375,75.6500015258789,2116600,75.31234741210938
2/15/2018,74.86000061035156,75.08999633789062,74.0999984741211,75.08000183105469,1765100,74.7448959350586
2/14/2018,73.75,74.41999816894531,73.4749984741211,74.19000244140625,1788700,73.8588638305664
2/13/2018,74.08999633789062,74.75,73.80000305175781,74.13999938964844,3148600,73.80908203125
2/12/2018,72.80000305175781,74.9800033569336,72.80000305175781,74.30000305175781,3466900,73.96837615966797
2/9/2018,75.80999755859375,75.80999755859375,69.51000213623047,72.44999694824219,4139700,72.12663269042969
2/8/2018,71.70999908447266,72.30000305175781,69.02999877929688,69.13999938964844,2367700,68.83140563964844
2/7/2018,71.91999816894531,73.05000305175781,71.68000030517578,71.69000244140625,2533300,71.37002563476562
2/6/2018,70.33000183105469,72.58999633789062,69.44999694824219,72.11000061035156,2852900,71.78814697265625
2/5/2018,75.04000091552734,75.41500091552734,71.6500015258789,71.66000366210938,1982100,71.34015655517578
2/2/2018,75.33999633789062,76.29000091552734,75,75.3499984741211,1406300,75.01367950439453
2/1/2018,75.5199966430664,76.56999969482422,75.20500183105469,75.55000305175781,1440500,75.21279907226562
1/31/2018,76.33000183105469,76.52999877929688,75.62000274658203,76.0199966430664,1287200,75.6806869506836
1/30/2018,75.9000015258789,76.43000030517578,75.62999725341797,76.02999877929688,1333500,75.6906509399414
1/29/2018,76.19999694824219,76.66999816894531,76,76.37999725341797,1625600,76.03909301757812
1/26/2018,75.20999908447266,76.58999633789062,74.56999969482422,76.56999969482422,2205200,76.22824096679688
1/25/2018,75.79000091552734,75.8949966430664,74.55999755859375,74.80999755859375,1440600,74.47608947753906
1/24/2018,75.4800033569336,76.68000030517578,75.05999755859375,75.36000061035156,1576800,75.02364349365234
1/23/2018,74.44000244140625,75.25,73.77999877929688,75.05999755859375,1591000,74.7249755859375
1/22/2018,74.55000305175781,75.06999969482422,73.8499984741211,74.19999694824219,1364800,73.86882019042969
1/19/2018,74.62999725341797,74.94499969482422,74,74.55999755859375,1811700,74.22720336914062
1/18/2018,74.86000061035156,75.23999786376953,74.25,74.45999908447266,864300,74.12765502929688
1/17/2018,74.47000122070312,75.23999786376953,74.0199966430664,74.73999786376953,1525100,74.4063949584961
1/16/2018,74.81999969482422,75.62999725341797,73.72000122070312,73.98999786376953,1339400,73.65975189208984
1/12/2018,73.94000244140625,74.77999877929688,73.76000213623047,74.47000122070312,1283200,74.13761138916016
1/11/2018,73.12999725341797,73.80999755859375,73.01000213623047,73.70999908447266,1179500,73.38099670410156
1/10/2018,73.41000366210938,73.83000183105469,72.52999877929688,73.0199966430664,889100,72.69408416748047
1/9/2018,73.22000122070312,74.47000122070312,73.19999694824219,73.77999877929688,1139100,73.45069885253906
1/8/2018,73.16000366210938,73.5,73.05999755859375,73.25,1010400,72.92304992675781
1/5/2018,74.41999816894531,74.61000061035156,72.87000274658203,73.4000015258789,2134300,73.07238006591797
1/4/2018,72.72000122070312,74.3499984741211,72.43000030517578,74.25,1528200,73.91858673095703
1/3/2018,72.23999786376953,72.56999969482422,71.2699966430664,72.41999816894531,1566900,72.09675598144531
1/2/2018,72.98999786376953,73.18000030517578,71.83499908447266,72.37999725341797,1088500,72.05693817138672
12/29/2017,72.7699966430664,73,72.3499984741211,72.3499984741211,843000,72.0270767211914
12/28/2017,72.5,72.66000366210938,72.04000091552734,72.5,798100,72.17640686035156
12/27/2017,72.52999877929688,72.88999938964844,72.2300033569336,72.37000274658203,780600,72.04698181152344
12/26/2017,72.69000244140625,72.76000213623047,72.23999786376953,72.62000274658203,417300,72.2958755493164
12/22/2017,72.83999633789062,72.83999633789062,72.1500015258789,72.47000122070312,981700,72.14654541015625
12/21/2017,73.2699966430664,73.30999755859375,72.62000274658203,72.80000305175781,830800,72.47506713867188
12/20/2017,73.2300033569336,73.44000244140625,72.9000015258789,72.98999786376953,767200,72.66422271728516
12/19/2017,72.93000030517578,73.0999984741211,72.01000213623047,72.7300033569336,944200,72.40538024902344
12/18/2017,72.37999725341797,73.12000274658203,72.0999984741211,72.7300033569336,1083700,72.40538024902344
12/15/2017,71.83000183105469,72.31999969482422,71.70999908447266,72.05999755859375,2613500,71.73836517333984
12/14/2017,72.62999725341797,72.79000091552734,71.37000274658203,71.4000015258789,1094400,71.08130645751953
12/13/2017,72.47000122070312,73.02999877929688,72.18000030517578,72.41000366210938,943400,72.08680725097656
12/12/2017,72.94999694824219,72.94999694824219,72.26000213623047,72.5199966430664,767100,72.1963119506836
12/11/2017,73.83000183105469,73.98999786376953,72.86000061035156,73.01000213623047,960900,72.68412780761719
12/8/2017,73.95999908447266,74.23999786376953,73.27999877929688,73.69000244140625,1000600,73.36109161376953
12/7/2017,73.55000305175781,74.2300033569336,73.19999694824219,73.5999984741211,899100,73.27149200439453
12/6/2017,72.98999786376953,73.66000366210938,72.68499755859375,73.29000091552734,1119600,72.96287536621094
12/5/2017,74.43000030517578,74.54000091552734,72.87999725341797,72.94999694824219,1140300,72.62438201904297
12/4/2017,75.06999969482422,75.54000091552734,74.2300033569336,74.2300033569336,1074800,73.89869689941406
12/1/2017,75.55000305175781,75.69000244140625,73.55000305175781,74.58000183105469,1322300,74.24712371826172
11/30/2017,73.48999786376953,74.75,73.43000030517578,74.6500015258789,1571000,74.31680297851562
11/29/2017,73.37999725341797,73.4800033569336,72.66999816894531,73.41999816894531,920000,73.09230041503906
11/28/2017,73.05999755859375,73.83000183105469,72.58999633789062,73.29000091552734,1304600,72.96287536621094
11/27/2017,72.33000183105469,73.03500366210938,72.21499633789062,72.76000213623047,958900,72.43524932861328
11/24/2017,72.06999969482422,72.4000015258789,72.05999755859375,72.12999725341797,363000,71.80805969238281
11/22/2017,72.37999725341797,72.52999877929688,71.75599670410156,72,1932800,71.67864227294922
11/21/2017,72.88999938964844,73.16000366210938,72.41000366210938,72.44999694824219,1263600,72.05694580078125
11/20/2017,72.37999725341797,73.16000366210938,72.25,72.80999755859375,873300,72.41497802734375
11/17/2017,72.08999633789062,72.70899963378906,71.75,72.25,2945400,71.85802459716797
11/16/2017,72.19000244140625,72.93000030517578,72.02999877929688,72.44000244140625,982700,72.0469970703125
11/15/2017,72.58999633789062,72.70999908447266,71.66999816894531,71.8499984741211,1726000,71.46018981933594
11/14/2017,72.2300033569336,72.69499969482422,72.13999938964844,72.66999816894531,1224000,72.27574920654297
11/13/2017,72.26000213623047,72.69999694824219,72.05000305175781,72.5999984741211,833400,72.20612335205078
11/10/2017,72.27999877929688,72.79499816894531,71.9000015258789,72.6500015258789,1825200,72.255859375
11/9/2017,72.44999694824219,72.8499984741211,72.10099792480469,72.62999725341797,1015700,72.2359619140625
11/8/2017,73.20999908447266,73.25,72.68000030517578,72.7699966430664,1130300,72.37519836425781
11/7/2017,72.80000305175781,73.47000122070312,72.66999816894531,73.47000122070312,1072500,73.0714111328125
11/6/2017,73.5,73.58999633789062,72.76000213623047,72.86000061035156,831600,72.46470642089844
11/3/2017,73.30000305175781,73.9800033569336,73.30000305175781,73.63999938964844,1009800,73.240478515625
11/2/2017,72.9000015258789,73.49500274658203,72.63999938964844,73.30999755859375,987200,72.91226959228516
11/1/2017,72.7300033569336,73.06999969482422,72.25,72.86000061035156,1221700,72.46470642089844
10/31/2017,72.61000061035156,72.7699966430664,72.21499633789062,72.26000213623047,1234900,71.86797332763672
10/30/2017,73.75,73.88999938964844,72.37999725341797,72.45999908447266,1583400,72.06688690185547
10/27/2017,72.19999694824219,74.37999725341797,70.01000213623047,74.0999984741211,2011600,73.69799041748047
10/26/2017,73.0999984741211,73.76000213623047,72.56999969482422,73.47000122070312,1765700,73.0714111328125
10/25/2017,72.94999694824219,73.37000274658203,72.05000305175781,72.47000122070312,1730700,72.07683563232422
10/24/2017,72.30999755859375,73.33999633789062,72.30999755859375,73.30999755859375,1287800,72.91226959228516
10/23/2017,72.01000213623047,72.30999755859375,71.44000244140625,72.08999633789062,1030200,71.69888305664062
10/20/2017,71.5,72.0719985961914,71.26000213623047,72.01000213623047,1564800,71.61932373046875
10/19/2017,71.37999725341797,71.58499908447266,71.00499725341797,71.0999984741211,1111600,70.7142562866211
10/18/2017,71.5,71.94999694824219,71.37999725341797,71.62000274658203,855800,71.2314453125
10/17/2017,72.08000183105469,72.27999877929688,71.4800033569336,71.48999786376953,1318200,71.10213470458984
10/16/2017,72.44000244140625,72.69999694824219,71.9000015258789,72.0199966430664,1097200,71.6292724609375
10/13/2017,73.18000030517578,73.20999908447266,72.19000244140625,72.3499984741211,721200,71.95748138427734
10/12/2017,72.48999786376953,73.01000213623047,72.2699966430664,72.88999938964844,978400,72.49455261230469
10/11/2017,72.05999755859375,72.55000305175781,71.8499984741211,72.3499984741211,989000,71.95748138427734
10/10/2017,72.25,72.30999755859375,71.4000015258789,71.91999816894531,976700,71.52982330322266
10/9/2017,71.76000213623047,72.0999984741211,71.4800033569336,71.9000015258789,649100,71.50992584228516
10/6/2017,71.45999908447266,71.87999725341797,71.29000091552734,71.55000305175781,1050800,71.16181945800781
10/5/2017,72.01000213623047,72.01000213623047,71.13999938964844,71.56999969482422,1268900,71.18171691894531
10/4/2017,71.43000030517578,71.94000244140625,71.33999633789062,71.91000366210938,1057600,71.51988220214844
10/3/2017,71.73999786376953,71.91000366210938,71.27999877929688,71.4800033569336,905700,71.09220886230469
10/2/2017,71.02999877929688,71.55000305175781,70.9000015258789,71.55000305175781,893800,71.16181945800781
9/29/2017,69.88999938964844,71.06999969482422,69.75,70.79000091552734,1060900,70.40594482421875
9/28/2017,69.97000122070312,70.27999877929688,69.69999694824219,69.91999816894531,1324500,69.5406723022461
9/27/2017,69.8499984741211,70.2699966430664,69.68000030517578,70.20999908447266,906400,69.82909393310547
9/26/2017,70.04000091552734,70.36000061035156,69.80000305175781,69.8499984741211,1183700,69.4710464477539
9/25/2017,70.08000183105469,70.25,69.58999633789062,70.02999877929688,982700,69.65007781982422
9/22/2017,69.86000061035156,70.125,69.58999633789062,70.02999877929688,2310300,69.65007781982422
9/21/2017,70.19999694824219,70.41000366210938,69.80999755859375,69.93000030517578,1067200,69.55062103271484
9/20/2017,70.22000122070312,70.66000366210938,69.94000244140625,70.16999816894531,2028300,69.789306640625
9/19/2017,70.30999755859375,70.52999877929688,70.01000213623047,70.08000183105469,961900,69.6998062133789
9/18/2017,69.48999786376953,70.4800033569336,69.31999969482422,70.30999755859375,1321600,69.92855072021484
9/15/2017,70.06999969482422,70.20999908447266,69.05000305175781,69.36000061035156,2711700,68.98370361328125
9/14/2017,68.3499984741211,69.19999694824219,67.94999694824219,69.19000244140625,1816100,68.81462097167969
9/13/2017,67.7300033569336,68.70999908447266,67.52999877929688,68.69000244140625,1895200,68.31734466552734
9/12/2017,67.61000061035156,68.08000183105469,67.61000061035156,67.87000274658203,845900,67.50178527832031
9/11/2017,66.9800033569336,67.61000061035156,66.62000274658203,67.5199966430664,1462200,67.1536865234375
9/8/2017,65.52999877929688,67.08999633789062,65.4800033569336,66.4800033569336,1115100,66.11933898925781
9/7/2017,64.94000244140625,65.63999938964844,64.62000274658203,65.56999969482422,816600,65.2142562866211
9/6/2017,65.5,65.98999786376953,64.64399719238281,64.7300033569336,1907800,64.37882995605469
9/5/2017,64.98999786376953,65.73999786376953,64.8499984741211,65.08999633789062,1043000,64.73686981201172
9/1/2017,65.25,65.4000015258789,64.91999816894531,65.0999984741211,814200,64.74681091308594
8/31/2017,64.8499984741211,65.13999938964844,64.69000244140625,64.97000122070312,1293300,64.6175308227539
8/30/2017,64.41999816894531,64.94000244140625,64.3499984741211,64.80000305175781,1586100,64.44844055175781
8/29/2017,64.26000213623047,64.56999969482422,63.97100067138672,64.45999908447266,1812800,64.11027526855469
8/28/2017,64.94999694824219,65.05999755859375,64.24500274658203,64.48999786376953,697200,64.14012908935547
8/25/2017,65.05000305175781,65.25,64.0999984741211,64.69000244140625,1407800,64.33903503417969
8/24/2017,65.12000274658203,65.33999633789062,64.62999725341797,64.87999725341797,1167300,64.52801513671875
8/23/2017,65.63999938964844,65.69999694824219,64.9800033569336,65.02999877929688,641200,64.67718505859375
8/22/2017,65.58999633789062,66,65.58999633789062,65.86000061035156,777900,65.43307495117188
8/21/2017,65,65.5199966430664,64.63999938964844,65.41999816894531,710600,64.99591827392578
8/18/2017,64.94999694824219,65.38999938964844,64.68000030517578,65.02999877929688,963500,64.60844421386719
8/17/2017,65.87000274658203,66.0479965209961,65.11000061035156,65.16000366210938,545700,64.73761749267578
8/16/2017,66.30999755859375,66.62999725341797,66,66.1500015258789,645200,65.72119903564453
8/15/2017,66.19999694824219,66.37999725341797,65.91999816894531,66.12000274658203,595500,65.69139099121094
8/14/2017,66.0999984741211,66.37999725341797,65.9800033569336,66.25,494600,65.82054138183594
8/11/2017,65.62000274658203,66.08000183105469,65.4000015258789,65.5999984741211,705300,65.17476654052734
8/10/2017,66.55000305175781,66.72000122070312,65.51000213623047,65.52999877929688,1037700,65.10520935058594
8/9/2017,66.86000061035156,66.9800033569336,66.54499816894531,66.81999969482422,949900,66.38684844970703
8/8/2017,66.97000122070312,67.19999694824219,66.8499984741211,66.91999816894531,1172700,66.4862060546875
8/7/2017,67,67.4800033569336,66.72000122070312,67.22000122070312,1466500,66.78425598144531
8/4/2017,66.68000030517578,67.19999694824219,66.5199966430664,67.16999816894531,1117700,66.73457336425781
8/3/2017,66.3499984741211,66.54000091552734,66.05999755859375,66.52999877929688,1102800,66.0987319946289
8/2/2017,65.30999755859375,66.54000091552734,65.30000305175781,66.27999877929688,1813300,65.85034942626953
8/1/2017,64.79000091552734,65.7300033569336,64.26000213623047,65.19999694824219,1849700,64.77735137939453
7/31/2017,64.76000213623047,64.91000366210938,64.20999908447266,64.73999786376953,1986000,64.32032775878906
7/28/2017,63.5,64.81999969482422,62.638999938964844,64.47000122070312,2210700,64.05208587646484
7/27/2017,62.15999984741211,62.790000915527344,62.04999923706055,62.58000183105469,1840200,62.17433166503906
7/26/2017,63.11000061035156,63.220001220703125,62.13999938964844,62.18000030517578,1740900,61.77692413330078
7/25/2017,63.56999969482422,63.72999954223633,62.970001220703125,63.06999969482422,1716700,62.661163330078125
7/24/2017,63.33000183105469,63.400001525878906,63.04999923706055,63.290000915527344,1203500,62.87973403930664
7/21/2017,63.2400016784668,63.4900016784668,63.08000183105469,63.25,1284200,62.839988708496094
7/20/2017,64.01000213623047,64.1500015258789,62.83000183105469,63.5,1558100,63.0883674621582
7/19/2017,63.939998626708984,63.9900016784668,63.58000183105469,63.970001220703125,1400600,63.55532455444336
7/18/2017,64.02999877929688,64.22000122070312,63.630001068115234,63.75,1029900,63.33674621582031
7/17/2017,64.56999969482422,64.56999969482422,63.779998779296875,64.13999938964844,1388200,63.72421646118164
7/14/2017,64.41999816894531,64.79000091552734,64.31999969482422,64.55999755859375,1113400,64.14148712158203
7/13/2017,64.75,64.86000061035156,64.30999755859375,64.38999938964844,869400,63.972599029541016
7/12/2017,64.23999786376953,64.9000015258789,64.19999694824219,64.69999694824219,1118500,64.28059387207031
7/11/2017,64.68000030517578,64.68000030517578,63.380001068115234,63.970001220703125,1104800,63.55532455444336
7/10/2017,63.81999969482422,64.94499969482422,63.7599983215332,64.5999984741211,1975100,64.18124389648438
7/7/2017,63.61000061035156,64,63.459999084472656,63.849998474121094,1114100,63.43610382080078
7/6/2017,63.400001525878906,63.779998779296875,63.220001220703125,63.33000183105469,1475700,62.91947555541992
7/5/2017,63.630001068115234,63.97999954223633,63.185001373291016,63.61000061035156,892200,63.19765853881836
7/3/2017,63.650001525878906,63.72999954223633,63.189998626708984,63.33000183105469,652600,62.91947555541992
6/30/2017,62.91999816894531,63.68000030517578,62.900001525878906,63.349998474121094,1176900,62.9393424987793
6/29/2017,64.37000274658203,64.37000274658203,62.75,62.86000061035156,1291200,62.4525146484375
6/28/2017,63.790000915527344,64.55000305175781,63.595001220703125,64.41000366210938,830200,63.992462158203125
6/27/2017,63.790000915527344,64.08999633789062,63.369998931884766,63.369998931884766,697800,62.959205627441406
6/26/2017,64.30000305175781,64.72000122070312,63.939998626708984,64.11000061035156,1009500,63.694419860839844
6/23/2017,63.95000076293945,64.16000366210938,63.66999816894531,64.0999984741211,7313000,63.68447494506836
6/22/2017,64.33999633789062,64.52999877929688,63.90999984741211,64.0999984741211,1043500,63.68447494506836
6/21/2017,64.5199966430664,64.69999694824219,64.27999877929688,64.37000274658203,1462500,63.952735900878906
6/20/2017,64.5,65.20999908447266,64.30000305175781,64.47000122070312,1760800,64.05208587646484
6/19/2017,64.30999755859375,64.83000183105469,64.19000244140625,64.79000091552734,1373600,64.37000274658203
6/16/2017,63.16999816894531,64.05999755859375,62.869998931884766,64.05000305175781,1676700,63.63481140136719
6/15/2017,62.65999984741211,63.2599983215332,62.380001068115234,63.040000915527344,1172000,62.631351470947266
6/14/2017,63.279998779296875,63.47999954223633,62.93000030517578,62.95000076293945,1378800,62.54193878173828
6/13/2017,62.68000030517578,63.290000915527344,62.43000030517578,63.27000045776367,1013700,62.859859466552734
6/12/2017,63.040000915527344,63.345001220703125,62.198001861572266,62.459999084472656,1138200,62.05510711669922
6/9/2017,64,64,62.560001373291016,63.09000015258789,1027100,62.681026458740234
6/8/2017,63.36000061035156,63.75,62.810001373291016,63.70000076293945,982400,63.28707504272461
6/7/2017,63.25,63.7599983215332,63.06999969482422,63.36000061035156,786000,62.949275970458984
6/6/2017,63.2400016784668,63.45000076293945,63.040000915527344,63.20000076293945,1376800,62.79031753540039
6/5/2017,63.2400016784668,63.560001373291016,63.220001220703125,63.31999969482422,839500,62.9095344543457
6/2/2017,62.900001525878906,63.83000183105469,62.845001220703125,63.40999984741211,1187700,62.99894714355469
6/1/2017,62.72999954223633,63.43000030517578,62.474998474121094,62.9900016784668,1105500,62.5816764831543
5/31/2017,63.41999816894531,63.560001373291016,61.79999923706055,62.45000076293945,3926600,62.0451774597168
5/30/2017,63.2400016784668,63.790000915527344,63.029998779296875,63.349998474121094,1775800,62.9393424987793
5/26/2017,63.68000030517578,63.900001525878906,63.380001068115234,63.5099983215332,1176200,63.09831237792969
5/25/2017,63.119998931884766,63.869998931884766,62.75,63.63999938964844,1039100,63.227455139160156
5/24/2017,62.7400016784668,63.220001220703125,62.630001068115234,63.08000183105469,1357900,62.67109298706055
5/23/2017,62.38999938964844,62.70000076293945,62.130001068115234,62.61000061035156,769500,62.13459777832031
5/22/2017,62.09000015258789,62.5,61.900001525878906,62.400001525878906,771700,61.92619323730469
5/19/2017,61.47999954223633,62.02000045776367,60.994998931884766,61.84000015258789,1867600,61.370445251464844
5/18/2017,60.75,61.59000015258789,60.400001525878906,61.15999984741211,1377800,60.69560623168945
5/17/2017,62.33000183105469,62.33000183105469,61.130001068115234,61.20000076293945,1235900,60.73530197143555
5/16/2017,62.45000076293945,62.45000076293945,62.04999923706055,62.33000183105469,889400,61.856719970703125
5/15/2017,62.29999923706055,62.63999938964844,62.189998626708984,62.220001220703125,981500,61.74755859375
5/12/2017,62.439998626708984,62.52799987792969,62,62.18000030517578,1005100,61.707855224609375
5/11/2017,62.18000030517578,62.70000076293945,62.08000183105469,62.619998931884766,591300,62.14452362060547
5/10/2017,62.529998779296875,62.810001373291016,62.2400016784668,62.56999969482422,1048500,62.09489822387695
5/9/2017,62.939998626708984,63.43000030517578,62.459999084472656,62.70000076293945,826000,62.223915100097656
5/8/2017,63.09000015258789,63.36000061035156,62.73500061035156,62.88999938964844,1791500,62.412471771240234
5/5/2017,62.86000061035156,63.15999984741211,62.47999954223633,63.13999938964844,595400,62.66056442260742
5/4/2017,62.630001068115234,63.11000061035156,62.560001373291016,62.81999969482422,819900,62.342994689941406
5/3/2017,61.95000076293945,62.720001220703125,61.779998779296875,62.66999816894531,976800,62.19413375854492
5/2/2017,61.83000183105469,62.31999969482422,61.099998474121094,62.18000030517578,1505200,61.707855224609375
5/1/2017,63.61000061035156,63.650001525878906,62.11000061035156,62.34000015258789,1759100,61.86664581298828
4/28/2017,62.959999084472656,64.2699966430664,62.5,63.2599983215332,2401500,62.77965545654297
4/27/2017,62.2400016784668,63.0099983215332,62.06999969482422,62.31999969482422,1945700,61.84679412841797
4/26/2017,62.29999923706055,62.72999954223633,62.11000061035156,62.25,1303600,61.7773323059082
4/25/2017,61.790000915527344,62.540000915527344,61.70000076293945,62.33000183105469,1472000,61.856719970703125
4/24/2017,60.790000915527344,61.540000915527344,60.68000030517578,61.43000030517578,1269300,60.963558197021484
4/21/2017,60.59000015258789,60.70000076293945,59.974998474121094,60.0099983215332,1389900,59.55432891845703
4/20/2017,60.2599983215332,60.849998474121094,59.880001068115234,60.61000061035156,1502700,60.149784088134766
4/19/2017,60.290000915527344,60.689998626708984,59.880001068115234,60.0099983215332,1963300,59.55432891845703
4/18/2017,60.119998931884766,60.48400115966797,59.994998931884766,60.27000045776367,1563000,59.8123664855957
4/17/2017,60.5,60.56999969482422,60.064998626708984,60.47999954223633,978300,60.02076721191406
4/13/2017,60.5,60.91999816894531,60.290000915527344,60.33000183105469,1215400,59.871910095214844
4/12/2017,60.790000915527344,60.939998626708984,60.22999954223633,60.5,1546100,60.040618896484375
4/11/2017,60.65999984741211,60.970001220703125,60.40999984741211,60.77000045776367,2477400,60.308563232421875
4/10/2017,60.5,61.11000061035156,60.470001220703125,61,1224600,60.53681945800781
4/7/2017,60.58000183105469,60.70000076293945,60.349998474121094,60.470001220703125,521400,60.010841369628906
4/6/2017,60.27000045776367,60.779998779296875,60.150001525878906,60.56999969482422,719900,60.110084533691406
4/5/2017,60.2599983215332,60.790000915527344,60.060001373291016,60.25,1389900,59.79251480102539
4/4/2017,60.119998931884766,60.29999923706055,59.80500030517578,60.02000045776367,1514400,59.56425857543945
4/3/2017,60.220001220703125,60.650001525878906,59.540000915527344,60.130001068115234,1918000,59.67342758178711
3/31/2017,59.56999969482422,60.400001525878906,59.380001068115234,60.220001220703125,1220700,59.76274490356445
3/30/2017,59.720001220703125,59.9900016784668,59.45000076293945,59.619998931884766,1155400,59.16729736328125
3/29/2017,59.86000061035156,60.40999984741211,59.5099983215332,59.650001525878906,1376300,59.19707107543945
3/28/2017,59.040000915527344,59.77000045776367,58.75,59.59000015258789,817900,59.13752365112305
3/27/2017,58.720001220703125,59.29999923706055,58.150001525878906,59.08000183105469,943200,58.631404876708984
3/24/2017,60.18000030517578,60.18000030517578,58.939998626708984,59.310001373291016,1811200,58.85966491699219
3/23/2017,58.310001373291016,58.84000015258789,58.290000915527344,58.529998779296875,1054500,58.08557891845703
3/22/2017,58.5099983215332,58.81999969482422,58.290000915527344,58.4900016784668,1661100,58.04587936401367
3/21/2017,59.279998779296875,59.470001220703125,58.34000015258789,58.5099983215332,1856500,58.06572341918945
3/20/2017,59.599998474121094,59.849998474121094,58.959999084472656,59,1467800,58.5520133972168
3/17/2017,59.72999954223633,59.814998626708984,59.439998626708984,59.58000183105469,1928500,59.12761306762695
3/16/2017,59.72999954223633,59.91999816894531,59.400001525878906,59.5099983215332,1428100,59.058128356933594
3/15/2017,58.779998779296875,59.880001068115234,58.779998779296875,59.70000076293945,1783900,59.24668884277344
3/14/2017,58.47999954223633,58.650001525878906,58.25,58.54999923706055,951000,58.10542678833008
3/13/2017,58.45000076293945,58.970001220703125,58.09000015258789,58.77000045776367,1573600,58.32375717163086
3/10/2017,58.279998779296875,58.54999923706055,57.97999954223633,58.310001373291016,1219100,57.867244720458984
3/9/2017,58.08000183105469,58.470001220703125,57.83000183105469,58.02000045776367,1308100,57.579444885253906
3/8/2017,58.209999084472656,58.470001220703125,58.02000045776367,58.16999816894531,1290500,57.72830581665039
3/7/2017,58.369998931884766,58.54999923706055,58.0099983215332,58.20000076293945,1664600,57.758079528808594
3/6/2017,58.31999969482422,58.65999984741211,58.005001068115234,58.33000183105469,1567200,57.88709259033203
3/3/2017,58.61000061035156,58.880001068115234,58.369998931884766,58.72999954223633,1438400,58.284061431884766
3/2/2017,58.90999984741211,59.0099983215332,58.31999969482422,58.630001068115234,1943600,58.18482208251953
3/1/2017,58.220001220703125,59.2400016784668,58.08000183105469,58.90999984741211,1436200,58.46268844604492
2/28/2017,57.66999816894531,57.88999938964844,57.310001373291016,57.650001525878906,1648700,57.21226119995117
2/27/2017,57.63999938964844,57.880001068115234,57.470001220703125,57.650001525878906,891600,57.21226119995117
2/24/2017,57.09000015258789,57.900001525878906,56.72999954223633,57.790000915527344,1846700,57.3511962890625
2/23/2017,58.0099983215332,58.150001525878906,57.119998931884766,57.2599983215332,1019300,56.82521438598633
2/22/2017,57.77000045776367,58.16999816894531,57.54999923706055,57.689998626708984,939600,57.251953125
2/21/2017,57.689998626708984,58.25,57.529998779296875,58.130001068115234,1553200,57.619140625
2/17/2017,57.40999984741211,57.720001220703125,57.130001068115234,57.689998626708984,902000,57.18301010131836
2/16/2017,57.65999984741211,58.2400016784668,56.79999923706055,57.38999938964844,1120400,56.885643005371094
2/15/2017,57.2400016784668,57.75,57.08100128173828,57.58000183105469,1022000,57.073978424072266
2/14/2017,57.5,57.529998779296875,56.91999816894531,57.290000915527344,1008600,56.786521911621094
2/13/2017,57.459999084472656,58.040000915527344,57.380001068115234,57.529998779296875,1187800,57.024417877197266
2/10/2017,57.189998626708984,57.41999816894531,56.68000030517578,57.150001525878906,1250800,56.64775848388672
2/9/2017,56.15999984741211,57.150001525878906,56.15999984741211,57.02000045776367,1128300,56.518898010253906
2/8/2017,54.970001220703125,56.38999938964844,54.88399887084961,56.18000030517578,4628200,55.686283111572266
2/7/2017,56,56.119998931884766,55.560001373291016,55.63999938964844,1898000,55.151031494140625
2/6/2017,55.70000076293945,55.939998626708984,55.5099983215332,55.810001373291016,879600,55.31953048706055
2/3/2017,55.560001373291016,56.650001525878906,55.06999969482422,56.02000045776367,1447400,55.52769088745117
2/2/2017,54.79999923706055,55.5,54.5,55.209999084472656,1895200,54.72480392456055
2/1/2017,55.470001220703125,55.650001525878906,54.80500030517578,55.130001068115234,1159700,54.645511627197266
1/31/2017,55.2400016784668,55.540000915527344,54.90999984741211,55.310001373291016,1792800,54.82392883300781
1/30/2017,55.93000030517578,55.93000030517578,54.75,55.439998626708984,1570600,54.95278549194336
1/27/2017,55.72999954223633,56,55.54999923706055,55.93000030517578,1568700,55.4384765625
1/26/2017,55,55.97999954223633,54.7599983215332,55.689998626708984,2298600,55.20058822631836
1/25/2017,54.939998626708984,55.34000015258789,54.70000076293945,55.16999816894531,1755900,54.685157775878906
1/24/2017,54.310001373291016,54.9900016784668,54.0890007019043,54.70000076293945,1710500,54.21929168701172
1/23/2017,54.31999969482422,54.810001373291016,53.59000015258789,54.11000061035156,1372800,53.63447189331055
1/20/2017,54.41999816894531,54.68000030517578,54.209999084472656,54.52000045776367,1822900,54.040870666503906
1/19/2017,54.22999954223633,54.68000030517578,54,54.27000045776367,821100,53.793067932128906
1/18/2017,54.11000061035156,54.400001525878906,53.849998474121094,54.13999938964844,1346100,53.66421127319336
1/17/2017,54.439998626708984,54.529998779296875,53.66999816894531,54.130001068115234,1234900,53.654293060302734
1/13/2017,54.400001525878906,55.15999984741211,54.400001525878906,54.7599983215332,1439400,54.27875900268555
1/12/2017,53.470001220703125,53.88999938964844,53.36000061035156,53.66999816894531,2030200,53.19833755493164
1/11/2017,53.779998779296875,53.880001068115234,53.2599983215332,53.65999984741211,3691700,53.18842315673828
1/10/2017,53.72999954223633,54.08000183105469,53.47999954223633,53.79999923706055,1311600,53.32719802856445
1/9/2017,54.02000045776367,54.20000076293945,53.59000015258789,53.72999954223633,743300,53.2578125
1/6/2017,53.900001525878906,54.20000076293945,53.38999938964844,53.869998931884766,1260000,53.396583557128906
1/5/2017,54.33000183105469,54.70000076293945,53.709999084472656,53.939998626708984,1430000,53.46596908569336
1/4/2017,54.119998931884766,54.529998779296875,53.970001220703125,54.25,1487100,53.77323913574219
1/3/2017,53.88999938964844,54.183998107910156,52.9900016784668,53.72999954223633,1615100,53.2578125
12/30/2016,54.20000076293945,54.47999954223633,53.38999938964844,53.630001068115234,705100,53.158695220947266
12/29/2016,53.9900016784668,54.13999938964844,53.59000015258789,54.0099983215332,479500,53.53534698486328
12/28/2016,54.65999984741211,54.65999984741211,53.470001220703125,53.75,602700,53.27764129638672
12/27/2016,54.75,54.84000015258789,54.11000061035156,54.459999084472656,915400,53.981388092041016
12/23/2016,54.33000183105469,54.7599983215332,53.77000045776367,54.5099983215332,511900,54.03095245361328
12/22/2016,54.119998931884766,54.97999954223633,53.689998626708984,54.09000015258789,1543300,53.61465072631836
12/21/2016,54.970001220703125,54.970001220703125,53.91999816894531,54.119998931884766,1469800,53.64438247680664
12/20/2016,55.2400016784668,55.459999084472656,54.810001373291016,55.04999923706055,1187900,54.56620788574219
12/19/2016,54.810001373291016,55.029998779296875,54.38999938964844,54.959999084472656,1169300,54.47700119018555
12/16/2016,54.86000061035156,55.02000045776367,54.400001525878906,54.83000183105469,2413200,54.34814453125
12/15/2016,54.209999084472656,55.290000915527344,53.93000030517578,54.810001373291016,1578100,54.32831573486328
12/14/2016,53.88999938964844,55.334999084472656,53.869998931884766,54.25,1559700,53.77323913574219
12/13/2016,54.279998779296875,54.45000076293945,53.25,53.849998474121094,2752000,53.37675857543945
12/12/2016,53.880001068115234,54.369998931884766,53.7400016784668,53.9900016784668,1533200,53.51552963256836
12/9/2016,53.5099983215332,54.15999984741211,53.31999969482422,54,1441400,53.52543258666992
12/8/2016,54.369998931884766,54.459999084472656,53.435001373291016,53.68000030517578,2203200,53.208251953125
12/7/2016,54,54.404998779296875,53.40999984741211,54.2400016784668,3285700,53.76333236694336
12/6/2016,53.970001220703125,54.119998931884766,53.540000915527344,54,2281300,53.52543258666992
12/5/2016,54.77000045776367,54.88999938964844,53.56999969482422,53.90999984741211,1420800,53.43622970581055
12/2/2016,54.290000915527344,55.029998779296875,54.0099983215332,54.47999954223633,2545400,54.001220703125
12/1/2016,55.13999938964844,55.209999084472656,54,54.189998626708984,3325300,53.713768005371094
11/30/2016,55.650001525878906,56.154998779296875,54.79999923706055,54.9900016784668,4718900,54.50674057006836
11/29/2016,55.36000061035156,55.97999954223633,55.209999084472656,55.279998779296875,1078000,54.794189453125
11/28/2016,56.08000183105469,56.2400016784668,55.31999969482422,55.59000015258789,1054100,55.10145950317383
11/25/2016,56.08000183105469,56.150001525878906,55.45000076293945,55.970001220703125,489300,55.478126525878906
11/23/2016,55.61000061035156,55.93000030517578,55.27000045776367,55.79999923706055,985100,55.30962371826172
11/22/2016,54.7400016784668,55.77000045776367,54.560001373291016,55.369998931884766,1333200,54.81401443481445
11/21/2016,54.25,55.15999984741211,54,54.83000183105469,1391300,54.21014404296875
11/18/2016,54.47999954223633,54.75,54.09000015258789,54.630001068115234,1214900,54.01239776611328
11/17/2016,54.380001068115234,54.65999984741211,53.91999816894531,54.5,932400,53.883880615234375
11/16/2016,53.790000915527344,54.45500183105469,53.709999084472656,54.439998626708984,1491600,53.82454299926758
11/15/2016,53.939998626708984,54.45000076293945,53.689998626708984,54.119998931884766,1703400,53.50816345214844
11/14/2016,53.65999984741211,54.060001373291016,53.4900016784668,53.81999969482422,2402200,53.2115592956543
11/11/2016,54.09000015258789,54.7400016784668,53.279998779296875,53.400001525878906,1431400,52.79631042480469
11/10/2016,53.95000076293945,55.34000015258789,53.69499969482422,54.20000076293945,1796200,53.58726119995117
11/9/2016,51.9900016784668,53.93000030517578,51.90399932861328,53.459999084472656,1673900,52.855628967285156
11/8/2016,51.880001068115234,52.79999923706055,51.369998931884766,52.650001525878906,1088700,52.05478286743164
11/7/2016,51.56999969482422,52.06999969482422,51.03499984741211,51.790000915527344,1413900,51.20451354980469
11/4/2016,51.02000045776367,51.65999984741211,50.540000915527344,51.11000061035156,1568200,50.53219223022461
11/3/2016,50.290000915527344,51.20000076293945,49.9900016784668,50.97999954223633,1145700,50.403663635253906
11/2/2016,50.45000076293945,51.150001525878906,50.279998779296875,50.31999969482422,866600,49.751129150390625
11/1/2016,50.939998626708984,51.02000045776367,49.9900016784668,50.4900016784668,1775800,49.91920471191406
10/31/2016,50.209999084472656,51.349998474121094,50.040000915527344,51.04999923706055,1561700,50.472877502441406
10/28/2016,50.22999954223633,51.689998626708984,49.72999954223633,50.209999084472656,3978800,49.64236831665039
10/27/2016,47.689998626708984,47.689998626708984,46.810001373291016,47.4900016784668,3144200,46.953121185302734
10/26/2016,47.79999923706055,48.119998931884766,47.540000915527344,47.77000045776367,1574700,47.22995376586914
10/25/2016,48.5,48.5,47.86000061035156,47.91999816894531,1279400,47.37826156616211
10/24/2016,48.869998931884766,49.2599983215332,48.36000061035156,48.54999923706055,1269600,48.00114059448242
10/21/2016,48.220001220703125,48.88999938964844,48.130001068115234,48.66999816894531,1707000,48.119781494140625
10/20/2016,49.13999938964844,49.18000030517578,48.439998626708984,48.70000076293945,1419300,48.14944076538086
10/19/2016,49.27000045776367,49.79600143432617,48.459999084472656,49.38999938964844,759900,48.83163833618164
10/18/2016,49.650001525878906,50.31999969482422,49,49.09000015258789,1119800,48.535037994384766
10/17/2016,49.560001373291016,49.59000015258789,48.90999984741211,49.060001373291016,1116500,48.50537109375
10/14/2016,49.06999969482422,49.935001373291016,48.810001373291016,49.459999084472656,872300,48.90084457397461
10/13/2016,48.630001068115234,49.68000030517578,48,48.81999969482422,1209600,48.26808547973633
10/12/2016,49.400001525878906,49.400001525878906,48.650001525878906,48.9900016784668,1620000,48.436161041259766
10/11/2016,49.91999816894531,50.15999984741211,49.02000045776367,49.220001220703125,1401900,48.66356658935547
10/10/2016,50.22999954223633,50.31999969482422,49.900001525878906,49.95000076293945,1021200,49.38530731201172
10/7/2016,50.5,50.810001373291016,49.869998931884766,49.93000030517578,1055600,49.365535736083984
10/6/2016,50.83000183105469,50.970001220703125,50.5,50.70000076293945,764000,50.126834869384766
10/5/2016,51.02000045776367,51.29499816894531,50.599998474121094,50.939998626708984,884500,50.36411666870117
10/4/2016,51.2599983215332,51.45000076293945,50.560001373291016,50.810001373291016,1212800,50.23558807373047
10/3/2016,50.61000061035156,51.65999984741211,50.61000061035156,51.38999938964844,1360700,50.80903244018555
9/30/2016,51.119998931884766,51.27000045776367,50.279998779296875,50.900001525878906,1952400,50.3245735168457
9/29/2016,51.09000015258789,51.61000061035156,50.630001068115234,50.70000076293945,1458100,50.126834869384766
9/28/2016,51.7400016784668,51.77000045776367,51.349998474121094,51.720001220703125,905700,51.13530349731445
9/27/2016,51.099998474121094,51.779998779296875,51.04999923706055,51.61000061035156,1196400,51.02654266357422
9/26/2016,50.65999984741211,51.4900016784668,50.29999923706055,51.220001220703125,1066300,50.640953063964844
9/23/2016,51.29999923706055,51.58000183105469,50.650001525878906,50.880001068115234,807200,50.30479431152344
9/22/2016,51.349998474121094,51.9900016784668,51.290000915527344,51.63999938964844,1649200,51.05620193481445
9/21/2016,50.470001220703125,51.0099983215332,50.220001220703125,50.97999954223633,850800,50.403663635253906
9/20/2016,50.779998779296875,51.08000183105469,50.209999084472656,50.25,1070400,49.681922912597656
9/19/2016,50.40999984741211,51.404998779296875,50.380001068115234,50.779998779296875,968800,50.2059211730957
9/16/2016,50.11000061035156,50.38999938964844,49.41999816894531,50.2599983215332,2351900,49.691795349121094
9/15/2016,49.97999954223633,50.599998474121094,49.5,50.4900016784668,1410100,49.91920471191406
9/14/2016,50.04999923706055,50.5,49.63999938964844,50.02000045776367,1152300,49.45451736450195
9/13/2016,50.86000061035156,51.400001525878906,49.970001220703125,50.040000915527344,1607100,49.47429275512695
9/12/2016,50.02000045776367,51.439998626708984,49.86000061035156,51.209999084472656,1862400,50.63106155395508
9/9/2016,51.77000045776367,52.0099983215332,50.54999923706055,50.54999923706055,2170700,49.97852325439453
9/8/2016,52.68000030517578,52.959999084472656,52.27000045776367,52.33000183105469,1040600,51.738407135009766
9/7/2016,52.43000030517578,53.119998931884766,52.02000045776367,52.939998626708984,1743200,52.34149932861328
9/6/2016,53.5,53.54999923706055,52.290000915527344,52.72999954223633,1293800,52.133880615234375
9/2/2016,53.02000045776367,53.470001220703125,52.810001373291016,53.380001068115234,840800,52.77653503417969
9/1/2016,52.959999084472656,53.11000061035156,52.13999938964844,52.630001068115234,959400,52.03500747680664
8/31/2016,52.470001220703125,52.81999969482422,52,52.66999816894531,1653600,52.07455825805664
8/30/2016,52.189998626708984,53.470001220703125,52.189998626708984,52.61000061035156,952100,52.01523971557617
8/29/2016,51.779998779296875,52.790000915527344,51.560001373291016,52.40999984741211,980300,51.817501068115234
8/26/2016,51.63999938964844,52.34000015258789,51.529998779296875,51.869998931884766,937600,51.283599853515625
8/25/2016,51.18000030517578,51.88999938964844,50.97999954223633,51.619998931884766,1384900,51.03642654418945
8/24/2016,51.2599983215332,51.779998779296875,50.604000091552734,51.369998931884766,692800,50.78926086425781
8/23/2016,51.36000061035156,52.099998474121094,51.13999938964844,51.900001525878906,2513600,51.24406051635742
8/22/2016,51.91999816894531,52.040000915527344,51.08000183105469,51.2599983215332,1081700,50.61214828491211
8/19/2016,52.95000076293945,52.95000076293945,51.709999084472656,51.91999816894531,1196100,51.26380157470703
8/18/2016,53.220001220703125,53.52000045776367,52.93000030517578,53.15999984741211,874700,52.48813247680664
8/17/2016,53.66999816894531,53.72999954223633,53.34000015258789,53.40999984741211,1032100,52.7349739074707
8/16/2016,53.58000183105469,53.95000076293945,53.27000045776367,53.54999923706055,1002300,52.87319564819336
8/15/2016,52.95000076293945,53.77000045776367,52.86000061035156,53.65999984741211,1457900,52.9818115234375
8/12/2016,52,52.869998931884766,51.79999923706055,52.709999084472656,1287800,52.043819427490234
8/11/2016,50.72999954223633,52.709999084472656,50.70000076293945,52.54999923706055,1988600,51.88583755493164
8/10/2016,50.470001220703125,50.79999923706055,50.099998474121094,50.45000076293945,1182400,49.81238555908203
8/9/2016,48.72999954223633,50.529998779296875,48.42100143432617,50.459999084472656,1077900,49.82225799560547
8/8/2016,50.630001068115234,50.869998931884766,49.939998626708984,50.04999923706055,2116500,49.41743469238281
8/5/2016,50.2599983215332,50.97999954223633,50.2599983215332,50.58000183105469,2665900,49.94074249267578
8/4/2016,49.59000015258789,50.11000061035156,49.47999954223633,50.029998779296875,2946600,49.39768600463867
8/3/2016,47.5,49.47999954223633,47.349998474121094,49.279998779296875,4709900,48.65717315673828
8/2/2016,47.5,48.02000045776367,47.18000030517578,47.5,3267300,46.899662017822266
8/1/2016,48.11000061035156,48.5099983215332,47.59000015258789,47.79999923706055,2981000,47.19586944580078
7/29/2016,48.459999084472656,48.79999923706055,48.0099983215332,48.209999084472656,4484100,47.60069274902344
7/28/2016,48.7400016784668,49.09000015258789,48.345001220703125,48.650001525878906,2923100,48.03512954711914
7/27/2016,49.08000183105469,49.5,48.71500015258789,48.91999816894531,1628600,48.301719665527344
7/26/2016,48.560001373291016,49.41999816894531,48.279998779296875,49.279998779296875,1571400,48.65717315673828
7/25/2016,49.220001220703125,49.45000076293945,47.86000061035156,48.97999954223633,3044800,48.360965728759766
7/22/2016,50,50.290000915527344,49.290000915527344,49.400001525878906,2450600,48.77565002441406
7/21/2016,50.400001525878906,50.619998931884766,49.9900016784668,50.2400016784668,3029900,49.605037689208984
7/20/2016,51.84000015258789,51.91999816894531,50.0099983215332,50.34000015258789,3351700,49.703773498535156
7/19/2016,51.040000915527344,51.560001373291016,50.439998626708984,51.54999923706055,1954700,50.89847946166992
7/18/2016,50.77000045776367,51.58000183105469,50.5099983215332,51.290000915527344,1557500,50.64176559448242
7/15/2016,51.779998779296875,51.90999984741211,50.61000061035156,51.22999954223633,3689800,50.582523345947266
7/14/2016,50.33000183105469,51.7400016784668,49.95000076293945,51.56999969482422,3481600,50.9182243347168
7/13/2016,50.56999969482422,51.099998474121094,49.83000183105469,50.619998931884766,4864700,49.9802360534668
7/12/2016,51,51.060001373291016,50.2599983215332,50.56999969482422,5552900,49.93086242675781
7/11/2016,49.209999084472656,51.22999954223633,48.97999954223633,51.119998931884766,6042300,50.473907470703125
7/8/2016,47.959999084472656,50.61000061035156,47.529998779296875,50.20000076293945,4243500,49.5655403137207
7/7/2016,47.619998931884766,48,47.345001220703125,47.7400016784668,5486800,47.136634826660156
7/6/2016,47.06999969482422,48.599998474121094,46.290000915527344,47.75,6706500,47.146507263183594
7/5/2016,49.400001525878906,54.34000015258789,48.39500045776367,48.599998474121094,6230700,47.98576354980469
