4/22/2019,69.1500015258789,70,63.79999923706055,63.939998626708984,2053800,63.939998626708984
4/18/2019,72.5999984741211,72.6500015258789,68.05999755859375,70.51000213623047,1397600,70.51000213623047
4/17/2019,74.19999694824219,74.80999755859375,67.5199966430664,72.70999908447266,2595500,72.70999908447266
4/16/2019,75.97000122070312,78.0999984741211,75.88999938964844,76.62000274658203,1554700,76.62000274658203
4/15/2019,77.04000091552734,77.44999694824219,72.1500015258789,74.0199966430664,2288200,74.0199966430664
4/12/2019,72.6500015258789,77.72000122070312,72.30999755859375,77.54000091552734,1982600,77.54000091552734
4/11/2019,74.1500015258789,75.80000305175781,71.1500015258789,72.08999633789062,1820300,72.08999633789062
4/10/2019,68.80999755859375,74.0999984741211,67.51000213623047,73.98999786376953,3551100,73.98999786376953
4/9/2019,66.16000366210938,68.9800033569336,66.01000213623047,66.18000030517578,596700,66.18000030517578
4/8/2019,69.95999908447266,70.19000244140625,65.87000274658203,66.1500015258789,1176300,66.1500015258789
4/5/2019,70.23999786376953,70.9800033569336,69.0199966430664,70,989000,70
4/4/2019,70.5,71.5,68.05999755859375,70.11000061035156,1797600,70.11000061035156
4/3/2019,68,70.19999694824219,66.8499984741211,70.0199966430664,2346600,70.0199966430664
4/2/2019,65.76000213623047,68.30999755859375,61.689998626708984,67,5623100,67
4/1/2019,77.16000366210938,78.33999633789062,68.05000305175781,68.62000274658203,2525100,68.62000274658203
3/29/2019,74.62999725341797,79.20999908447266,73,76.69999694824219,1304900,76.69999694824219
3/28/2019,73,74.91999816894531,73,73.69999694824219,827500,73.69999694824219
3/27/2019,78.41999816894531,78.5,70.75,72.86000061035156,1274400,72.86000061035156
3/26/2019,79.05999755859375,79.61000061035156,77.55999755859375,77.80000305175781,917900,77.80000305175781
3/25/2019,79.19999694824219,81,75.19999694824219,76.87999725341797,1573300,76.87999725341797
3/22/2019,84.93000030517578,85,78.3499984741211,79.01000213623047,1401400,79.01000213623047
3/21/2019,87.94999694824219,90,83.95999908447266,85.06999969482422,1325100,85.06999969482422
3/20/2019,91.08999633789062,91.23999786376953,87.04000091552734,88.08000183105469,813600,88.08000183105469
3/19/2019,94.97000122070312,95.06999969482422,87.20999908447266,91.2300033569336,1318700,91.2300033569336
3/18/2019,98.05000305175781,101.4000015258789,87.12999725341797,93.5,1919000,93.5
3/15/2019,97.20999908447266,106.58000183105469,96.62000274658203,97.9800033569336,2242900,97.9800033569336
3/14/2019,95.01000213623047,100.73999786376953,94.1500015258789,97.51000213623047,2092000,97.51000213623047
3/13/2019,78.94999694824219,98.25,78.51000213623047,94.44999694824219,3711100,94.44999694824219
3/12/2019,68.69999694824219,74.81999969482422,68.01000213623047,74,981600,74
3/11/2019,63.029998779296875,68.2300033569336,63.029998779296875,66.81999969482422,569600,66.81999969482422
3/8/2019,62.380001068115234,63.099998474121094,60.720001220703125,62.91999816894531,357000,62.91999816894531
3/7/2019,62,64.19999694824219,58.18000030517578,62.709999084472656,586100,62.709999084472656
3/6/2019,67.04000091552734,68.18000030517578,61.2400016784668,61.939998626708984,731800,61.939998626708984
3/5/2019,66.5999984741211,69.51000213623047,66.37999725341797,67.04000091552734,367300,67.04000091552734
3/4/2019,71.88999938964844,72.5999984741211,65.9000015258789,68.02999877929688,979200,68.02999877929688
3/1/2019,67.51000213623047,74.47000122070312,67,70.58999633789062,1611700,70.58999633789062
2/28/2019,58.25,67.12999725341797,57.79999923706055,66.63999938964844,1084300,66.63999938964844
2/27/2019,55,57.2599983215332,54.75,55.66999816894531,282400,55.66999816894531
2/26/2019,55.88999938964844,56.599998474121094,54,54.900001525878906,333600,54.900001525878906
2/25/2019,56.16999816894531,57.15999984741211,55.0099983215332,55.060001373291016,485900,55.060001373291016
2/22/2019,53.9900016784668,57,53.25,54.130001068115234,631600,54.130001068115234
2/21/2019,50.439998626708984,52.91999816894531,50.43000030517578,52.90999984741211,442800,52.90999984741211
2/20/2019,50.529998779296875,51.38999938964844,49.65999984741211,50.41999816894531,405400,50.41999816894531
2/19/2019,52.619998931884766,54.31999969482422,49.459999084472656,50.22999954223633,658300,50.22999954223633
2/15/2019,50.209999084472656,52.130001068115234,49.25,51.06999969482422,802400,51.06999969482422
2/14/2019,43.02000045776367,49.119998931884766,42.29999923706055,48.869998931884766,1217500,48.869998931884766
2/13/2019,42.290000915527344,43.83000183105469,41.61000061035156,43.060001373291016,245400,43.060001373291016
2/12/2019,41.43000030517578,42.439998626708984,41.2400016784668,42.029998779296875,173800,42.029998779296875
2/11/2019,39.849998474121094,41.68000030517578,39.130001068115234,41.43000030517578,289600,41.43000030517578
2/8/2019,39.95000076293945,40.5,38.880001068115234,39.91999816894531,217400,39.91999816894531
2/7/2019,41.11000061035156,41.34000015258789,39.630001068115234,39.970001220703125,184400,39.970001220703125
2/6/2019,41.91999816894531,42.900001525878906,40.86000061035156,41.27000045776367,128800,41.27000045776367
2/5/2019,40,42.4900016784668,39.5099983215332,42.02000045776367,391200,42.02000045776367
2/4/2019,40.189998626708984,41,39.310001373291016,39.900001525878906,232000,39.900001525878906
2/1/2019,40.09000015258789,40.5099983215332,39.06999969482422,40.20000076293945,184200,40.20000076293945
1/31/2019,39.72999954223633,41.79999923706055,39.279998779296875,40.34000015258789,251400,40.34000015258789
1/30/2019,40.5,40.84000015258789,38.810001373291016,39.86000061035156,260800,39.86000061035156
1/29/2019,41.13999938964844,41.869998931884766,40.470001220703125,40.470001220703125,142900,40.470001220703125
1/28/2019,39.5099983215332,41.40999984741211,39.04999923706055,41.13999938964844,380200,41.13999938964844
1/25/2019,39.81999969482422,40.459999084472656,38.709999084472656,39.25,709400,39.25
1/24/2019,40,40.38999938964844,39.099998474121094,39.470001220703125,199900,39.470001220703125
1/23/2019,41,41.29999923706055,39.369998931884766,39.9900016784668,200100,39.9900016784668
1/22/2019,41,41.869998931884766,39.709999084472656,40.61000061035156,242100,40.61000061035156
1/18/2019,41.47999954223633,42.279998779296875,40.470001220703125,41.25,234400,41.25
1/17/2019,40.310001373291016,41.79999923706055,40.2400016784668,41.38999938964844,264300,41.38999938964844
1/16/2019,40.470001220703125,41.20000076293945,39.66999816894531,40.34000015258789,233000,40.34000015258789
1/15/2019,39.689998626708984,41.9900016784668,39.689998626708984,40.08000183105469,425100,40.08000183105469
1/14/2019,42.880001068115234,43.29999923706055,39.4900016784668,39.529998779296875,479600,39.529998779296875
1/11/2019,41.52000045776367,43.47999954223633,40.79999923706055,42.939998626708984,380400,42.939998626708984
1/10/2019,39.22999954223633,41.619998931884766,38.540000915527344,41.540000915527344,456600,41.540000915527344
1/9/2019,40.79999923706055,40.869998931884766,39.36000061035156,39.970001220703125,445500,39.970001220703125
1/8/2019,38.689998626708984,39.97999954223633,38,39.93000030517578,411000,39.93000030517578
1/7/2019,36.38999938964844,39.20000076293945,36.220001220703125,38.13999938964844,349200,38.13999938964844
1/4/2019,34.81999969482422,36.9900016784668,34,36.20000076293945,559500,36.20000076293945
1/3/2019,36.16999816894531,36.16999816894531,33.70000076293945,34.29999923706055,414500,34.29999923706055
1/2/2019,37.15999984741211,38.63999938964844,35.36000061035156,36.5,524500,36.5
12/31/2018,38.029998779296875,38.650001525878906,36.380001068115234,37.59000015258789,361800,37.59000015258789
12/28/2018,35.91999816894531,38.540000915527344,35.790000915527344,37.709999084472656,468800,37.709999084472656
12/27/2018,34.93000030517578,36.0099983215332,33.68000030517578,35.630001068115234,351400,35.630001068115234
12/26/2018,32.81999969482422,35.9900016784668,32.33000183105469,35.459999084472656,427800,35.459999084472656
12/24/2018,33.5099983215332,34.91999816894531,32.400001525878906,32.529998779296875,304100,32.529998779296875
12/21/2018,35.900001525878906,37.27000045776367,33.61000061035156,34.349998474121094,2787400,34.349998474121094
12/20/2018,36.68000030517578,37.04999923706055,34.130001068115234,35.68000030517578,880500,35.68000030517578
12/19/2018,35.189998626708984,37.83000183105469,35.16999816894531,36.22999954223633,674000,36.22999954223633
12/18/2018,36.4900016784668,37.75,34.54999923706055,34.91999816894531,689300,34.91999816894531
12/17/2018,39.75,39.79999923706055,36.189998626708984,36.2400016784668,757700,36.2400016784668
12/14/2018,41.72999954223633,41.849998474121094,38.02000045776367,39.810001373291016,778000,39.810001373291016
12/13/2018,42.7599983215332,43.20000076293945,40.29999923706055,41.88999938964844,537000,41.88999938964844
12/12/2018,44.279998779296875,44.650001525878906,42.0099983215332,42.439998626708984,406000,42.439998626708984
12/11/2018,44.279998779296875,46.40999984741211,43.209999084472656,43.7400016784668,427800,43.7400016784668
12/10/2018,45.5,45.68000030517578,42.150001525878906,43.65999984741211,318900,43.65999984741211
12/7/2018,46.400001525878906,49.54999923706055,44.130001068115234,45.0099983215332,1339200,45.0099983215332
12/6/2018,41.5,46.27000045776367,40.279998779296875,46.099998474121094,798700,46.099998474121094
12/4/2018,45.9900016784668,45.9900016784668,41.29999923706055,42.459999084472656,1196000,42.459999084472656
12/3/2018,36.70000076293945,46.279998779296875,36.380001068115234,45.939998626708984,2034500,45.939998626708984
11/30/2018,38.16999816894531,38.689998626708984,35.43000030517578,35.72999954223633,893300,35.72999954223633
11/29/2018,37.5,37.869998931884766,37.04999923706055,37.54999923706055,341400,37.54999923706055
11/28/2018,38.5,39.45000076293945,37.619998931884766,37.72999954223633,264700,37.72999954223633
11/27/2018,39.349998474121094,39.9900016784668,37.0099983215332,38.04999923706055,492200,38.04999923706055
11/26/2018,39.790000915527344,40,38,39.810001373291016,643200,39.810001373291016
11/23/2018,38.689998626708984,38.83000183105469,37.25,38.400001525878906,393200,38.400001525878906
11/21/2018,34.7599983215332,38,33.689998626708984,37.15999984741211,680600,37.15999984741211
11/20/2018,33.65999984741211,35.849998474121094,31.059999465942383,34.7400016784668,542700,34.7400016784668
11/19/2018,37.220001220703125,37.7400016784668,32.150001525878906,33.619998931884766,507800,33.619998931884766
11/16/2018,37.25,37.599998474121094,36.869998931884766,37.25,138900,37.25
11/15/2018,37.5,38.130001068115234,36.29999923706055,37.5,288900,37.5
11/14/2018,38,38.369998931884766,36.65999984741211,37.2599983215332,254900,37.2599983215332
11/13/2018,39.650001525878906,39.650001525878906,37.20000076293945,37.66999816894531,388400,37.66999816894531
11/12/2018,38.099998474121094,39.970001220703125,38.099998474121094,39.119998931884766,339200,39.119998931884766
11/9/2018,38.150001525878906,38.5,35.5,38.099998474121094,453400,38.099998474121094
11/8/2018,37.04999923706055,38.290000915527344,36.79999923706055,38.18000030517578,198900,38.18000030517578
11/7/2018,35.91999816894531,38,35.709999084472656,36.86000061035156,392600,36.86000061035156
11/6/2018,35,37.43000030517578,35,35.689998626708984,374200,35.689998626708984
11/5/2018,40.06999969482422,40.97999954223633,35.130001068115234,35.130001068115234,523200,35.130001068115234
11/2/2018,34.15999984741211,40.220001220703125,34.15999984741211,40.11000061035156,453800,40.11000061035156
11/1/2018,33.63999938964844,35.77000045776367,33.34000015258789,34.22999954223633,295400,34.22999954223633
10/31/2018,34.40999984741211,35.88999938964844,33.04999923706055,33.47999954223633,340000,33.47999954223633
10/30/2018,31.989999771118164,34.2400016784668,31.010000228881836,34.06999969482422,340900,34.06999969482422
10/29/2018,36,37,31.520000457763672,32.59000015258789,516300,32.59000015258789
10/26/2018,34.81999969482422,35.720001220703125,33.599998474121094,34.9900016784668,329600,34.9900016784668
10/25/2018,34.54999923706055,35.2400016784668,32.18000030517578,35.13999938964844,379500,35.13999938964844
10/24/2018,34.060001373291016,37.84000015258789,34.060001373291016,34.709999084472656,308500,34.709999084472656
10/23/2018,36.459999084472656,36.5,33.43000030517578,34.47999954223633,502200,34.47999954223633
10/22/2018,36.0099983215332,38.369998931884766,35.52000045776367,37.40999984741211,363600,37.40999984741211
10/19/2018,40.5099983215332,43.25,35.380001068115234,35.790000915527344,774000,35.790000915527344
10/18/2018,40.529998779296875,44.25,37.75,40.11000061035156,1296200,40.11000061035156
10/17/2018,38.4900016784668,43.79999923706055,37.77000045776367,40.72999954223633,935900,40.72999954223633
10/16/2018,33.75,37.900001525878906,33.75,37.720001220703125,690400,37.720001220703125
10/15/2018,33.880001068115234,34.34000015258789,32.720001220703125,33.369998931884766,471300,33.369998931884766
10/12/2018,32,34.41999816894531,31.979999542236328,33.58000183105469,483800,33.58000183105469
10/11/2018,31.579999923706055,32.400001525878906,30.850000381469727,31.600000381469727,478500,31.600000381469727
10/10/2018,31.510000228881836,32.68000030517578,30.65999984741211,30.920000076293945,1297400,30.920000076293945
10/9/2018,29.6299991607666,32.560001373291016,28.729999542236328,31.510000228881836,719600,31.510000228881836
10/8/2018,29.780000686645508,30.40999984741211,28.520000457763672,29.549999237060547,1061800,29.549999237060547
10/5/2018,31.889999389648438,32.689998626708984,28.75,29.200000762939453,1703300,29.200000762939453
10/4/2018,27.75,35.5,27.040000915527344,32.20000076293945,10336300,32.20000076293945
