4/22/2019,52.349998474121094,52.59000015258789,51.354000091552734,51.93000030517578,1319900,51.93000030517578
4/18/2019,52.70000076293945,52.95000076293945,51.79999923706055,52.68000030517578,1393300,52.68000030517578
4/17/2019,50.599998474121094,53.040000915527344,50.5,52.72999954223633,3399500,52.72999954223633
4/16/2019,48.18000030517578,50.619998931884766,48.150001525878906,50.25,1930200,50.25
4/15/2019,47.79999923706055,48.36000061035156,47.29999923706055,47.9900016784668,777900,47.9900016784668
4/12/2019,49.65999984741211,50.040000915527344,47.23899841308594,47.939998626708984,1551100,47.939998626708984
4/11/2019,49.79999923706055,50.36000061035156,49.16999816894531,49.43000030517578,1113900,49.43000030517578
4/10/2019,49,49.849998474121094,48.68000030517578,49.79999923706055,1249800,49.79999923706055
4/9/2019,47.5099983215332,49.27000045776367,47.2599983215332,49.08000183105469,1191800,49.08000183105469
4/8/2019,48.56999969482422,48.58000183105469,47.29999923706055,47.4900016784668,887000,47.4900016784668
4/5/2019,49.130001068115234,49.380001068115234,48.40999984741211,48.7599983215332,750300,48.7599983215332
4/4/2019,48.439998626708984,48.93000030517578,48,48.88999938964844,894700,48.88999938964844
4/3/2019,48.400001525878906,49.220001220703125,47.77000045776367,48.61000061035156,1044600,48.61000061035156
4/2/2019,48.16999816894531,48.459999084472656,47.849998474121094,47.939998626708984,963700,47.939998626708984
4/1/2019,48.97999954223633,49.130001068115234,48.04999923706055,48.27000045776367,888100,48.27000045776367
3/29/2019,47.720001220703125,48.54999923706055,46.959999084472656,48.02000045776367,1228100,48.02000045776367
3/28/2019,46.43000030517578,48.45000076293945,46.2599983215332,47.02000045776367,1957200,47.02000045776367
3/27/2019,45.93000030517578,46.20000076293945,43.970001220703125,45.88999938964844,2050400,45.88999938964844
3/26/2019,46.810001373291016,47.314998626708984,45.624000549316406,45.9900016784668,1498200,45.9900016784668
3/25/2019,48,48,45.58000183105469,46.33000183105469,3815700,46.33000183105469
3/22/2019,50.970001220703125,50.970001220703125,48.2400016784668,48.27000045776367,2097900,48.27000045776367
3/21/2019,50.02000045776367,51.4900016784668,50,51.2599983215332,985400,51.2599983215332
3/20/2019,52.13999938964844,52.16999816894531,50.125,50.400001525878906,1261000,50.400001525878906
3/19/2019,51.61000061035156,52.68000030517578,51.14099884033203,52.20000076293945,1214800,52.20000076293945
3/18/2019,51.33000183105469,51.79999923706055,50.150001525878906,51.150001525878906,926700,51.150001525878906
3/15/2019,51.70000076293945,52.25,50.755001068115234,51.09000015258789,1014500,51.09000015258789
3/14/2019,51.18000030517578,51.8849983215332,51,51.459999084472656,1161000,51.459999084472656
3/13/2019,51.27000045776367,52.22999954223633,51.119998931884766,51.22999954223633,1063100,51.22999954223633
3/12/2019,52.16999816894531,52.20000076293945,50.119998931884766,51.33000183105469,1474500,51.33000183105469
3/11/2019,50.36000061035156,51.970001220703125,50.36000061035156,51.93000030517578,1813700,51.93000030517578
3/8/2019,49.29999923706055,50.529998779296875,48.75,50.36000061035156,1615400,50.36000061035156
3/7/2019,51.61000061035156,51.7400016784668,49.56999969482422,50.119998931884766,3049300,50.119998931884766
3/6/2019,53.2400016784668,53.349998474121094,51.29999923706055,51.79999923706055,1818500,51.79999923706055
3/5/2019,52.310001373291016,53.77000045776367,52.27899932861328,53.560001373291016,1810800,53.560001373291016
3/4/2019,55.61000061035156,55.880001068115234,52.150001525878906,52.599998474121094,4255100,52.599998474121094
3/1/2019,57.63999938964844,57.65999984741211,55.25,55.459999084472656,3691400,55.459999084472656
2/28/2019,57.209999084472656,58.29999923706055,56.84000015258789,56.90999984741211,2446100,56.90999984741211
2/27/2019,55.9900016784668,57.43000030517578,55.599998474121094,57.0099983215332,3723800,57.0099983215332
2/26/2019,55.189998626708984,56.33000183105469,54.68000030517578,56.02000045776367,2589200,56.02000045776367
2/25/2019,55.650001525878906,56.849998474121094,55.540000915527344,55.65999984741211,2078000,55.65999984741211
2/22/2019,53.75,55.75,53.54999923706055,55.470001220703125,4201000,55.470001220703125
2/21/2019,54.04999923706055,54.141998291015625,52.849998474121094,53.540000915527344,3173900,53.540000915527344
2/20/2019,53.7400016784668,54.060001373291016,52.56999969482422,53.52000045776367,3361200,53.52000045776367
2/19/2019,50.11000061035156,54.18000030517578,49.709999084472656,54.150001525878906,4703100,54.150001525878906
2/15/2019,52,53.63999938964844,49.849998474121094,50.11000061035156,6200000,50.11000061035156
2/14/2019,59.7599983215332,59.939998626708984,51.16999816894531,51.529998779296875,16674100,51.529998779296875
2/13/2019,59.38999938964844,59.70000076293945,58.18000030517578,59.189998626708984,3986200,59.189998626708984
2/12/2019,58.040000915527344,59.279998779296875,57.16999816894531,58.849998474121094,2885900,58.849998474121094
2/11/2019,57.099998474121094,57.86000061035156,56.04999923706055,57.619998931884766,2001700,57.619998931884766
2/8/2019,53.54999923706055,56.2400016784668,53.11000061035156,56.20000076293945,1820000,56.20000076293945
2/7/2019,55.0099983215332,55.83000183105469,53.7599983215332,54.540000915527344,1871400,54.540000915527344
2/6/2019,54.650001525878906,55.5099983215332,52.52399826049805,55.38999938964844,2006100,55.38999938964844
2/5/2019,53.88999938964844,54.880001068115234,53.279998779296875,54.400001525878906,2064600,54.400001525878906
2/4/2019,52.43000030517578,53.15999984741211,51.20000076293945,52.90999984741211,1151700,52.90999984741211
2/1/2019,52.13999938964844,52.65999984741211,50.720001220703125,52.349998474121094,2095600,52.349998474121094
1/31/2019,50,51.68000030517578,49.2599983215332,51.459999084472656,1838900,51.459999084472656
1/30/2019,50.33000183105469,50.61000061035156,48.5099983215332,49.81999969482422,1832800,49.81999969482422
1/29/2019,49.779998779296875,50.19200134277344,48.220001220703125,49.689998626708984,1427300,49.689998626708984
1/28/2019,48.08000183105469,50.47999954223633,47.599998474121094,49.9900016784668,2023500,49.9900016784668
1/25/2019,46.959999084472656,49.11199951171875,46.810001373291016,49.11000061035156,3061100,49.11000061035156
1/24/2019,47.77000045776367,47.849998474121094,44.15999984741211,46.04999923706055,7666500,46.04999923706055
1/23/2019,50.08000183105469,50.72999954223633,48.790000915527344,49.650001525878906,1761700,49.650001525878906
1/22/2019,49.40999984741211,51.540000915527344,49.18000030517578,50.04999923706055,2033100,50.04999923706055
1/18/2019,50.470001220703125,52.18000030517578,49.869998931884766,50.08000183105469,2572500,50.08000183105469
1/17/2019,47.47999954223633,50.02000045776367,46.88999938964844,49.63999938964844,1798600,49.63999938964844
1/16/2019,47.349998474121094,48.599998474121094,47.25,47.529998779296875,1732400,47.529998779296875
1/15/2019,47.20000076293945,48.08000183105469,46.81999969482422,47.2400016784668,1747900,47.2400016784668
1/14/2019,46.939998626708984,47.709999084472656,46.380001068115234,47.060001373291016,1452000,47.060001373291016
1/11/2019,47.310001373291016,47.88999938964844,47.150001525878906,47.81999969482422,1476100,47.81999969482422
1/10/2019,47.91999816894531,48.27000045776367,45.70000076293945,47.93000030517578,2904200,47.93000030517578
1/9/2019,48.56999969482422,49.779998779296875,48.25,49.2400016784668,1959200,49.2400016784668
1/8/2019,47.63999938964844,48.599998474121094,46.70000076293945,48.06999969482422,2617900,48.06999969482422
1/7/2019,45.5,47.27000045776367,44.27000045776367,46.75,2110800,46.75
1/4/2019,43.189998626708984,45.54999923706055,43.13999938964844,44.72999954223633,3030400,44.72999954223633
1/3/2019,43.650001525878906,44.20000076293945,42.119998931884766,42.15999984741211,2140000,42.15999984741211
1/2/2019,43.04999923706055,44.619998931884766,41.5099983215332,43.86000061035156,2387900,43.86000061035156
12/31/2018,44.970001220703125,45.77000045776367,43.040000915527344,43.720001220703125,6378100,43.720001220703125
12/28/2018,42.47999954223633,42.93000030517578,40.93000030517578,41.779998779296875,1704200,41.779998779296875
12/27/2018,42.4900016784668,43,40.189998626708984,42.209999084472656,1875600,42.209999084472656
12/26/2018,41.29999923706055,43.22999954223633,40.36000061035156,43.13999938964844,1803400,43.13999938964844
12/24/2018,40.95000076293945,42.4900016784668,40.810001373291016,40.849998474121094,1495500,40.849998474121094
12/21/2018,46.310001373291016,46.689998626708984,42.099998474121094,42.2400016784668,2970900,42.2400016784668
12/20/2018,48.15999984741211,48.810001373291016,44.33000183105469,45.9900016784668,4330300,45.9900016784668
12/19/2018,52.40999984741211,52.84000015258789,48.15999984741211,48.75,3373300,48.75
12/18/2018,50.90999984741211,52.540000915527344,50.709999084472656,52.099998474121094,2062600,52.099998474121094
12/17/2018,50.79999923706055,52.33000183105469,49.790000915527344,50.349998474121094,1931300,50.349998474121094
12/14/2018,52.869998931884766,53.70500183105469,51.81999969482422,52.11000061035156,2424500,52.11000061035156
12/13/2018,58.52000045776367,58.630001068115234,54.65999984741211,54.689998626708984,2148800,54.689998626708984
12/12/2018,57.099998474121094,59.38999938964844,56.7599983215332,58.40999984741211,2708400,58.40999984741211
12/11/2018,57.47999954223633,58.310001373291016,55.18000030517578,55.2599983215332,2631200,55.2599983215332
12/10/2018,59,59.400001525878906,54.959999084472656,55.959999084472656,2494200,55.959999084472656
12/7/2018,62.599998474121094,63.90999984741211,57.93000030517578,58.45000076293945,1892500,58.45000076293945
12/6/2018,65.6500015258789,65.95999908447266,61.2599983215332,62.61000061035156,2730100,62.61000061035156
12/4/2018,69.4000015258789,69.91000366210938,67.0199966430664,68.37999725341797,1998300,68.37999725341797
12/3/2018,70,70.26000213623047,68.05500030517578,69.48999786376953,1816700,69.48999786376953
11/30/2018,64.94000244140625,68.23999786376953,64.77999877929688,67.3499984741211,2739800,67.3499984741211
11/29/2018,65.37000274658203,66.0199966430664,64.68000030517578,64.97000122070312,1559500,64.97000122070312
11/28/2018,63.59000015258789,66.33000183105469,62.02000045776367,65.98999786376953,2857000,65.98999786376953
11/27/2018,64,64.5,62.439998626708984,62.81999969482422,4019000,62.81999969482422
11/26/2018,69.01000213623047,69.27999877929688,66.12000274658203,66.37999725341797,1587000,66.37999725341797
11/23/2018,65,68.16999816894531,64.76300048828125,68.04000091552734,1267000,68.04000091552734
11/21/2018,64.55000305175781,66.26000213623047,63.97999954223633,65.29000091552734,1117700,65.29000091552734
11/20/2018,63.310001373291016,66.36000061035156,62.30400085449219,63.18000030517578,2467400,63.18000030517578
11/19/2018,69.61000061035156,71.54000091552734,65.81999969482422,67.12999725341797,2501500,67.12999725341797
11/16/2018,67.91000366210938,71.58000183105469,66.93000030517578,70.05000305175781,3179400,70.05000305175781
11/15/2018,65,68.44999694824219,63.22999954223633,68.22000122070312,2569700,68.22000122070312
11/14/2018,67.1500015258789,72.2699966430664,61.7599983215332,64.44999694824219,9750500,64.44999694824219
11/13/2018,57.47999954223633,59.63999938964844,57.01100158691406,58.58000183105469,1933200,58.58000183105469
11/12/2018,59.65999984741211,60.56999969482422,57.04999923706055,57.09000015258789,1890200,57.09000015258789
11/9/2018,58.9900016784668,60.15999984741211,58.310001373291016,59.9900016784668,833300,59.9900016784668
11/8/2018,61.5,61.59000015258789,59.70000076293945,60.130001068115234,836400,60.130001068115234
11/7/2018,59.90999984741211,61.779998779296875,59.400001525878906,61.59000015258789,1298200,61.59000015258789
11/6/2018,57.97999954223633,59.63999938964844,57.97999954223633,59.279998779296875,1186300,59.279998779296875
11/5/2018,58.45000076293945,58.779998779296875,56.439998626708984,58.27000045776367,1417800,58.27000045776367
11/2/2018,56.220001220703125,59.279998779296875,56.029998779296875,58.29999923706055,1633200,58.29999923706055
11/1/2018,54.63999938964844,55.65999984741211,53.09000015258789,55.4900016784668,1110700,55.4900016784668
10/31/2018,51.900001525878906,54.630001068115234,51.70000076293945,54.56999969482422,1228500,54.56999969482422
10/30/2018,48.060001373291016,51.869998931884766,48,50.959999084472656,1025800,50.959999084472656
10/29/2018,47.56999969482422,49.540000915527344,47.31999969482422,48.09000015258789,764900,48.09000015258789
10/26/2018,47.29999923706055,48.619998931884766,46.25,47.41999816894531,795500,47.41999816894531
10/25/2018,47.34000015258789,48.709999084472656,47.34000015258789,48.150001525878906,681600,48.150001525878906
10/24/2018,48.7400016784668,49.70000076293945,47.040000915527344,47.119998931884766,788200,47.119998931884766
10/23/2018,48.720001220703125,49.439998626708984,46.849998474121094,48.380001068115234,1017900,48.380001068115234
10/22/2018,50.9900016784668,51.56999969482422,49.689998626708984,50.810001373291016,559800,50.810001373291016
10/19/2018,52.22999954223633,52.77000045776367,49.599998474121094,49.84000015258789,1086700,49.84000015258789
10/18/2018,52,52.81999969482422,51.34000015258789,51.939998626708984,709400,51.939998626708984
10/17/2018,53.400001525878906,53.470001220703125,51.59000015258789,52.45000076293945,797300,52.45000076293945
10/16/2018,51.130001068115234,53.70000076293945,51.0099983215332,53.66999816894531,956600,53.66999816894531
10/15/2018,50.439998626708984,50.91999816894531,49.650001525878906,50.70000076293945,988400,50.70000076293945
10/12/2018,49.06999969482422,50.560001373291016,48.97999954223633,50.439998626708984,1704800,50.439998626708984
10/11/2018,47.43000030517578,49.189998626708984,47.02000045776367,47.189998626708984,1420900,47.189998626708984
10/10/2018,52.650001525878906,52.650001525878906,48.040000915527344,48.040000915527344,3034700,48.040000915527344
10/9/2018,54.9900016784668,55.380001068115234,52.79999923706055,53.16999816894531,1021800,53.16999816894531
10/8/2018,56.599998474121094,57.47999954223633,53.439998626708984,54.290000915527344,910800,54.290000915527344
10/5/2018,55.65999984741211,57.65700149536133,55.470001220703125,56.959999084472656,1092400,56.959999084472656
10/4/2018,58.08000183105469,58.560001373291016,54.75,56.04999923706055,1560300,56.04999923706055
10/3/2018,59.91999816894531,60,58.03099822998047,58.7599983215332,770600,58.7599983215332
10/2/2018,61.70000076293945,61.70000076293945,59.02000045776367,59.220001220703125,1044300,59.220001220703125
10/1/2018,65.20999908447266,65.80000305175781,61.25,61.75,1297800,61.75
9/28/2018,63.810001373291016,65.81999969482422,63.54999923706055,64.54000091552734,1062400,64.54000091552734
9/27/2018,63.93000030517578,64.87999725341797,62.29999923706055,64.0199966430664,1535600,64.0199966430664
9/26/2018,58.13999938964844,64.30000305175781,58.11000061035156,63.63999938964844,3940600,63.63999938964844
9/25/2018,58.189998626708984,59.36000061035156,57.790000915527344,57.9900016784668,439600,57.9900016784668
9/24/2018,57.13999938964844,58.25,56.77000045776367,58.02000045776367,371300,58.02000045776367
9/21/2018,56.65999984741211,57.5,56.209999084472656,57.29999923706055,809600,57.29999923706055
9/20/2018,56.959999084472656,57.5,55.5,57.0099983215332,476800,57.0099983215332
9/19/2018,59.369998931884766,59.67900085449219,55.7400016784668,56.52000045776367,1016000,56.52000045776367
9/18/2018,57.900001525878906,60.130001068115234,57.83000183105469,59.099998474121094,766100,59.099998474121094
9/17/2018,57.97999954223633,58.709999084472656,56.900001525878906,57.540000915527344,425000,57.540000915527344
9/14/2018,58.9900016784668,59,57.10499954223633,58.13999938964844,529900,58.13999938964844
9/13/2018,59.66999816894531,60.749000549316406,58.61000061035156,59.0099983215332,520900,59.0099983215332
9/12/2018,59.650001525878906,60.7599983215332,58.119998931884766,59.77000045776367,615600,59.77000045776367
9/11/2018,57.18000030517578,59.720001220703125,57.18000030517578,59.4900016784668,707500,59.4900016784668
9/10/2018,55.83000183105469,58,55.83000183105469,57.689998626708984,660900,57.689998626708984
9/7/2018,54.79999923706055,56.95000076293945,54.72100067138672,55.900001525878906,458300,55.900001525878906
9/6/2018,56.349998474121094,57.39500045776367,54.54999923706055,55.209999084472656,636800,55.209999084472656
9/5/2018,59.91999816894531,59.959999084472656,55.459999084472656,55.83000183105469,1388400,55.83000183105469
9/4/2018,60.630001068115234,60.7599983215332,58.34000015258789,60.2400016784668,651000,60.2400016784668
8/31/2018,60.459999084472656,61.33000183105469,59.9900016784668,60.869998931884766,655700,60.869998931884766
8/30/2018,59.220001220703125,60.45000076293945,59.119998931884766,59.939998626708984,547900,59.939998626708984
8/29/2018,58.43000030517578,59.4900016784668,58.18000030517578,59.33000183105469,402200,59.33000183105469
8/28/2018,58.2400016784668,59.54999923706055,57.619998931884766,58.70000076293945,700700,58.70000076293945
8/27/2018,56.790000915527344,58.70000076293945,56.68000030517578,58.02000045776367,755100,58.02000045776367
8/24/2018,56.349998474121094,57.11000061035156,56.18000030517578,56.5,579400,56.5
8/23/2018,55.11000061035156,56.29999923706055,54.97999954223633,56.29999923706055,803000,56.29999923706055
8/22/2018,53.939998626708984,55.5,53.650001525878906,55.25,576100,55.25
8/21/2018,54.0099983215332,54.85900115966797,53.689998626708984,54.029998779296875,910300,54.029998779296875
8/20/2018,50.97999954223633,54.15999984741211,50.97999954223633,53.779998779296875,1047200,53.779998779296875
8/17/2018,51.36000061035156,51.75,50.43299865722656,50.849998474121094,764500,50.849998474121094
8/16/2018,50.880001068115234,52.720001220703125,50.380001068115234,51.54999923706055,1165400,51.54999923706055
8/15/2018,51.04999923706055,51.41999816894531,49.68000030517578,50.849998474121094,1308200,50.849998474121094
8/14/2018,53.7400016784668,53.827999114990234,50.81999969482422,51.540000915527344,2113000,51.540000915527344
8/13/2018,54.20000076293945,54.900001525878906,52.31100082397461,54.02000045776367,1776200,54.02000045776367
8/10/2018,53.72999954223633,56.43000030517578,53,55.060001373291016,1855000,55.060001373291016
8/9/2018,59.16999816894531,59.47999954223633,54,54,3916100,54
8/8/2018,56,56.33000183105469,55.099998474121094,55.90999984741211,1488100,55.90999984741211
8/7/2018,58,58,55.47999954223633,56,1073300,56
8/6/2018,57.33000183105469,58.130001068115234,56.709999084472656,57.16999816894531,428900,57.16999816894531
8/3/2018,58.41999816894531,58.775001525878906,56.790000915527344,57.25,625300,57.25
8/2/2018,57.22999954223633,58.41899871826172,56.47100067138672,58.2400016784668,631800,58.2400016784668
8/1/2018,56.02000045776367,57.61000061035156,55.97999954223633,57.04999923706055,668300,57.04999923706055
7/31/2018,55.29999923706055,57.459999084472656,55.07400131225586,57.43000030517578,1083500,57.43000030517578
7/30/2018,58.70000076293945,58.9900016784668,55.029998779296875,55.349998474121094,1501800,55.349998474121094
7/27/2018,62.040000915527344,62.439998626708984,58.529998779296875,58.97999954223633,923300,58.97999954223633
7/26/2018,61.380001068115234,62.630001068115234,61.1510009765625,62.060001373291016,441300,62.060001373291016
7/25/2018,60.97999954223633,62.20000076293945,60.36000061035156,61.869998931884766,660800,61.869998931884766
7/24/2018,63.529998779296875,64.08200073242188,61.16999816894531,61.20000076293945,755300,61.20000076293945
7/23/2018,63.5,63.939998626708984,62.040000915527344,63.33000183105469,883400,63.33000183105469
7/20/2018,64.55000305175781,64.81999969482422,62.0099983215332,62.70000076293945,1032500,62.70000076293945
7/19/2018,64.5999984741211,64.94999694824219,63.88999938964844,64.30000305175781,529700,64.30000305175781
7/18/2018,64.09700012207031,64.91000366210938,63.060001373291016,64.7699966430664,814700,64.7699966430664
7/17/2018,61.13999938964844,63.84000015258789,61.13999938964844,63.599998474121094,1112300,63.599998474121094
7/16/2018,60.25,61.279998779296875,59.66999816894531,61.119998931884766,705900,61.119998931884766
7/13/2018,60,61.12900161743164,59.58000183105469,60.27000045776367,702000,60.27000045776367
7/12/2018,61.04999923706055,61.507999420166016,59.41999816894531,60.310001373291016,906200,60.310001373291016
7/11/2018,60.84000015258789,61.970001220703125,60.36000061035156,60.97999954223633,939600,60.97999954223633
7/10/2018,60.459999084472656,61.93000030517578,60.15999984741211,61.58000183105469,1520700,61.58000183105469
7/9/2018,60,60.41999816894531,58.68000030517578,60.15999984741211,818700,60.15999984741211
7/6/2018,59.84000015258789,61.47999954223633,58.68000030517578,59.61000061035156,994700,59.61000061035156
7/5/2018,60.25,60.70000076293945,58.72999954223633,60.02000045776367,987300,60.02000045776367
7/3/2018,59.060001373291016,59.779998779296875,58.189998626708984,59.310001373291016,761400,59.310001373291016
7/2/2018,58.97999954223633,59.2400016784668,56.58000183105469,58.880001068115234,651800,58.880001068115234
6/29/2018,58.54999923706055,60.54999923706055,58.400001525878906,58.849998474121094,1172400,58.849998474121094
6/28/2018,56.36000061035156,58.29999923706055,56.220001220703125,58.20000076293945,881800,58.20000076293945
6/27/2018,57.099998474121094,59.029998779296875,56.25,56.61000061035156,1260100,56.61000061035156
6/26/2018,59.630001068115234,60.349998474121094,55.97999954223633,57.349998474121094,3097800,57.349998474121094
6/25/2018,57.43000030517578,59.7599983215332,55.77000045776367,58.84000015258789,3950300,58.84000015258789
6/22/2018,62.65999984741211,62.90999984741211,57.279998779296875,57.61000061035156,4417700,57.61000061035156
6/21/2018,63.29999923706055,63.630001068115234,61.810001373291016,62.150001525878906,5081300,62.150001525878906
6/20/2018,68.27999877929688,68.75,63.75,64,3963200,64
6/19/2018,64.01000213623047,67.73999786376953,63.25,67.41999816894531,2944700,67.41999816894531
6/18/2018,60.099998474121094,66.30000305175781,60.0099983215332,64.7300033569336,6458700,64.7300033569336
6/15/2018,59.02000045776367,61.689998626708984,53.18000030517578,61.02000045776367,13799300,61.02000045776367
6/14/2018,45.400001525878906,46.33000183105469,45.005001068115234,45.849998474121094,1617900,45.849998474121094
6/13/2018,44.810001373291016,45.79999923706055,44.79999923706055,45.16999816894531,861800,45.16999816894531
6/12/2018,43.81999969482422,45.06999969482422,43.45000076293945,44.77000045776367,583000,44.77000045776367
6/11/2018,43.459999084472656,44.310001373291016,43.29999923706055,43.52000045776367,591000,43.52000045776367
6/8/2018,42.540000915527344,43.400001525878906,42.25,43.22999954223633,855200,43.22999954223633
6/7/2018,43.810001373291016,44.20000076293945,42.459999084472656,42.709999084472656,806500,42.709999084472656
6/6/2018,44.619998931884766,44.79999923706055,43.90999984741211,44.220001220703125,640100,44.220001220703125
6/5/2018,43.15999984741211,44.040000915527344,42.89099884033203,43.86000061035156,544900,43.86000061035156
6/4/2018,42.81999969482422,43.7140007019043,42.68000030517578,43.16999816894531,738000,43.16999816894531
6/1/2018,42.36000061035156,42.99700164794922,41.34000015258789,42.540000915527344,798900,42.540000915527344
5/31/2018,40.93000030517578,42.33000183105469,40.349998474121094,42.04999923706055,1259700,42.04999923706055
5/30/2018,39.91999816894531,40.972999572753906,39.58000183105469,39.81999969482422,755300,39.81999969482422
5/29/2018,39.33000183105469,40.88999938964844,39.31999969482422,39.810001373291016,496000,39.810001373291016
5/25/2018,39.36000061035156,39.779998779296875,39.150001525878906,39.72999954223633,325700,39.72999954223633
5/24/2018,40.279998779296875,40.279998779296875,39.34000015258789,39.599998474121094,594500,39.599998474121094
5/23/2018,39.66999816894531,40.6609992980957,39.349998474121094,39.959999084472656,695100,39.959999084472656
5/22/2018,39.93000030517578,41.11000061035156,39.599998474121094,39.900001525878906,700000,39.900001525878906
5/21/2018,41.36000061035156,41.5,38.369998931884766,39.349998474121094,972600,39.349998474121094
5/18/2018,40.869998931884766,41.189998626708984,39.709999084472656,40.970001220703125,755300,40.970001220703125
5/17/2018,40.47999954223633,41.11000061035156,39.849998474121094,40.869998931884766,771000,40.869998931884766
5/16/2018,39.310001373291016,40.459999084472656,39.250999450683594,40.36000061035156,682400,40.36000061035156
5/15/2018,37.59000015258789,39.4900016784668,37.400001525878906,39.099998474121094,1472200,39.099998474121094
5/14/2018,37.06999969482422,37.95000076293945,36.66999816894531,37.849998474121094,456800,37.849998474121094
5/11/2018,37,37.369998931884766,36.61000061035156,37.040000915527344,358700,37.040000915527344
5/10/2018,37.220001220703125,37.79999923706055,36.91999816894531,37.060001373291016,410800,37.060001373291016
5/9/2018,37.18000030517578,38.02000045776367,37.18000030517578,37.43000030517578,348000,37.43000030517578
5/8/2018,38.22999954223633,38.400001525878906,36.91999816894531,37.150001525878906,501900,37.150001525878906
5/7/2018,37.22999954223633,38.459999084472656,37.180999755859375,38.18000030517578,634700,38.18000030517578
5/4/2018,36.54999923706055,37.34000015258789,36.02000045776367,37.150001525878906,345800,37.150001525878906
5/3/2018,37.029998779296875,37.400001525878906,36.650001525878906,36.790000915527344,357200,36.790000915527344
5/2/2018,36.79999923706055,37.566001892089844,36.720001220703125,37.09000015258789,396000,37.09000015258789
5/1/2018,36.7599983215332,36.970001220703125,35.78099822998047,36.79999923706055,317600,36.79999923706055
4/30/2018,36.77000045776367,37.79999923706055,36.68000030517578,37.08000183105469,526000,37.08000183105469
4/27/2018,36.119998931884766,37.369998931884766,36.119998931884766,36.58000183105469,588800,36.58000183105469
4/26/2018,35.209999084472656,36.150001525878906,34.9109992980957,36.09000015258789,300900,36.09000015258789
4/25/2018,35.459999084472656,35.619998931884766,34.18000030517578,35.18000030517578,565200,35.18000030517578
4/24/2018,35.08000183105469,36.529998779296875,34.76300048828125,35.560001373291016,817600,35.560001373291016
4/23/2018,36.939998626708984,37.09000015258789,34.63999938964844,35.09000015258789,970700,35.09000015258789
4/20/2018,36.790000915527344,37.4900016784668,36.0099983215332,36.5,759500,36.5
4/19/2018,35.40999984741211,37.220001220703125,35.178001403808594,36.56999969482422,1721500,36.56999969482422
4/18/2018,34.58000183105469,35.4900016784668,34.349998474121094,34.9900016784668,405600,34.9900016784668
4/17/2018,34.33000183105469,34.77000045776367,34.33000183105469,34.459999084472656,303900,34.459999084472656
4/16/2018,34.220001220703125,34.459999084472656,33.66999816894531,34.25,400300,34.25
4/13/2018,34.689998626708984,35.22999954223633,33.72999954223633,34.02000045776367,395200,34.02000045776367
4/12/2018,34.880001068115234,35.099998474121094,34.540000915527344,34.630001068115234,278000,34.630001068115234
4/11/2018,34.81999969482422,35.20000076293945,34.4900016784668,34.709999084472656,447300,34.709999084472656
4/10/2018,35.2400016784668,35.560001373291016,34.720001220703125,35.38999938964844,391400,35.38999938964844
4/9/2018,34.34000015258789,35.349998474121094,34.31999969482422,34.65999984741211,383100,34.65999984741211
4/6/2018,34.66999816894531,35.150001525878906,33.790000915527344,34.09000015258789,287500,34.09000015258789
4/5/2018,35.04999923706055,35.130001068115234,34.31999969482422,35.029998779296875,540600,35.029998779296875
4/4/2018,33.029998779296875,34.90999984741211,33.029998779296875,34.810001373291016,599700,34.810001373291016
4/3/2018,32.939998626708984,33.849998474121094,32.68000030517578,33.83000183105469,512100,33.83000183105469
4/2/2018,33.38999938964844,33.709999084472656,32.369998931884766,32.75,694200,32.75
3/29/2018,33.06999969482422,33.75,33.06999969482422,33.41999816894531,506000,33.41999816894531
3/28/2018,33.7400016784668,34,32.61000061035156,32.84000015258789,727300,32.84000015258789
3/27/2018,34.95000076293945,35.380001068115234,33.650001525878906,34,506100,34
3/26/2018,34.58000183105469,35.082000732421875,33.97999954223633,34.709999084472656,421500,34.709999084472656
3/23/2018,34.630001068115234,35.7400016784668,33.849998474121094,33.959999084472656,994700,33.959999084472656
3/22/2018,35.790000915527344,36.54999923706055,34.52000045776367,34.540000915527344,701700,34.540000915527344
3/21/2018,35.810001373291016,36.65999984741211,35.47999954223633,36.439998626708984,622900,36.439998626708984
3/20/2018,34.220001220703125,36,34.150001525878906,35.7400016784668,1240400,35.7400016784668
3/19/2018,34.65999984741211,34.75,33.459999084472656,34.150001525878906,709600,34.150001525878906
3/16/2018,33.290000915527344,34.86000061035156,33.06999969482422,34.7400016784668,961800,34.7400016784668
3/15/2018,32.869998931884766,33.310001373291016,32.599998474121094,33.29999923706055,268400,33.29999923706055
3/14/2018,33.38999938964844,33.61000061035156,32.66999816894531,32.880001068115234,439200,32.880001068115234
3/13/2018,33.38999938964844,33.869998931884766,32.959999084472656,33.310001373291016,466300,33.310001373291016
3/12/2018,32.4900016784668,33.119998931884766,32.4900016784668,33.040000915527344,478700,33.040000915527344
3/9/2018,32.2599983215332,32.939998626708984,32.02000045776367,32.47999954223633,577600,32.47999954223633
3/8/2018,31.709999084472656,32.220001220703125,31.549999237060547,32.0099983215332,357000,32.0099983215332
3/7/2018,32.08000183105469,32.40999984741211,31.600000381469727,31.709999084472656,573600,31.709999084472656
3/6/2018,32.61000061035156,32.88999938964844,32.09000015258789,32.29999923706055,353400,32.29999923706055
3/5/2018,31.770000457763672,33,31.770000457763672,32.40999984741211,471200,32.40999984741211
3/2/2018,31,32.189998626708984,30.5,32.06999969482422,655300,32.06999969482422
3/1/2018,31.780000686645508,32.150001525878906,30.760000228881836,31.31999969482422,693900,31.31999969482422
2/28/2018,33.09000015258789,33.09000015258789,31.6299991607666,31.6299991607666,865400,31.6299991607666
2/27/2018,33.4900016784668,33.70000076293945,32.7599983215332,32.7599983215332,434900,32.7599983215332
2/26/2018,33.040000915527344,33.689998626708984,32.72999954223633,33.599998474121094,528200,33.599998474121094
2/23/2018,32.29999923706055,33.060001373291016,32.25,32.779998779296875,577700,32.779998779296875
2/22/2018,33.63999938964844,33.72999954223633,32.000999450683594,32.06999969482422,873100,32.06999969482422
2/21/2018,33.5099983215332,34.16999816894531,33.33000183105469,33.630001068115234,572300,33.630001068115234
2/20/2018,33.61000061035156,34.040000915527344,33.349998474121094,33.540000915527344,715300,33.540000915527344
2/16/2018,34,34.5099983215332,33.619998931884766,34,944400,34
2/15/2018,35.22999954223633,35.22999954223633,33.65999984741211,34.0099983215332,1663500,34.0099983215332
2/14/2018,32.95000076293945,34.97999954223633,32.61000061035156,34.849998474121094,1515900,34.849998474121094
2/13/2018,31.260000228881836,33.45000076293945,31.15999984741211,33.16999816894531,1430400,33.16999816894531
2/12/2018,31.040000915527344,32.150001525878906,30.3799991607666,31.739999771118164,1525600,31.739999771118164
2/9/2018,32.75,33.36000061035156,28.40999984741211,30.459999084472656,4553300,30.459999084472656
2/8/2018,34.04999923706055,34.70000076293945,31.049999237060547,31.790000915527344,8843200,31.790000915527344
2/7/2018,37.61000061035156,38.25,36.959999084472656,38.119998931884766,2650100,38.119998931884766
2/6/2018,34.9900016784668,37.33000183105469,34.86000061035156,37.09000015258789,1611800,37.09000015258789
2/5/2018,35.7400016784668,37.5099983215332,34.744998931884766,35.709999084472656,1884300,35.709999084472656
2/2/2018,35.5,37.099998474121094,35.220001220703125,35.79999923706055,1366000,35.79999923706055
2/1/2018,35.63999938964844,35.970001220703125,35.40999984741211,35.720001220703125,596000,35.720001220703125
1/31/2018,35,36.4900016784668,35,35.939998626708984,1081800,35.939998626708984
1/30/2018,34.400001525878906,35.11000061035156,33.68000030517578,35,800300,35
1/29/2018,35.29999923706055,35.540000915527344,34.76499938964844,34.849998474121094,1487900,34.849998474121094
1/26/2018,35.36000061035156,35.56999969482422,34.84000015258789,35.560001373291016,1010400,35.560001373291016
1/25/2018,35.220001220703125,35.61000061035156,34.40999984741211,35.33000183105469,916700,35.33000183105469
1/24/2018,35.630001068115234,35.667999267578125,34.573001861572266,35.060001373291016,1152500,35.060001373291016
1/23/2018,33.279998779296875,35.40999984741211,33.150001525878906,35.22999954223633,3317400,35.22999954223633
1/22/2018,32.599998474121094,33.25,32.04999923706055,33.150001525878906,697900,33.150001525878906
1/19/2018,32.790000915527344,33.02000045776367,32.54999923706055,32.61000061035156,635300,32.61000061035156
1/18/2018,32.86000061035156,33.5,32.599998474121094,32.790000915527344,614200,32.790000915527344
1/17/2018,31.829999923706055,32.68000030517578,31.829999923706055,32.599998474121094,1421300,32.599998474121094
1/16/2018,33.150001525878906,33.150001525878906,31.15999984741211,31.829999923706055,1096700,31.829999923706055
1/12/2018,32.880001068115234,32.9900016784668,32.29999923706055,32.380001068115234,663100,32.380001068115234
1/11/2018,32.45000076293945,33.2400016784668,32.34000015258789,32.7599983215332,848100,32.7599983215332
1/10/2018,32.97999954223633,33.36000061035156,32.599998474121094,32.7400016784668,714800,32.7400016784668
1/9/2018,33.380001068115234,33.5099983215332,32.7400016784668,33.209999084472656,838300,33.209999084472656
1/8/2018,33.61000061035156,33.61000061035156,32.34000015258789,33.0099983215332,1469600,33.0099983215332
1/5/2018,33.849998474121094,33.959999084472656,33.04999923706055,33.43000030517578,1383100,33.43000030517578
1/4/2018,33.349998474121094,33.689998626708984,32.66999816894531,33.599998474121094,922400,33.599998474121094
1/3/2018,31.950000762939453,33.43000030517578,31.84000015258789,32.869998931884766,1261900,32.869998931884766
1/2/2018,31.790000915527344,32.220001220703125,31.25,31.799999237060547,857200,31.799999237060547
12/29/2017,31.90999984741211,31.90999984741211,31.09000015258789,31.559999465942383,848000,31.559999465942383
12/28/2017,31.329999923706055,31.950000762939453,31,31.6299991607666,935900,31.6299991607666
12/27/2017,30.700000762939453,31.375999450683594,30.6200008392334,31,1012800,31
12/26/2017,29.93000030517578,30.8799991607666,29.84000015258789,30.729999542236328,708100,30.729999542236328
12/22/2017,29.309999465942383,29.780000686645508,28.711999893188477,29.709999084472656,1214700,29.709999084472656
12/21/2017,28,29.309999465942383,27.920000076293945,29.309999465942383,1237000,29.309999465942383
12/20/2017,27.600000381469727,28,27.399999618530273,27.860000610351562,494900,27.860000610351562
12/19/2017,27.6299991607666,27.959999084472656,27.350000381469727,27.360000610351562,680700,27.360000610351562
12/18/2017,27.040000915527344,27.6299991607666,26.8799991607666,27.610000610351562,842100,27.610000610351562
12/15/2017,27.59000015258789,27.670000076293945,26.280000686645508,26.450000762939453,1158000,26.450000762939453
12/14/2017,27.850000381469727,28.190000534057617,27.40999984741211,27.579999923706055,600800,27.579999923706055
12/13/2017,28.270000457763672,28.514999389648438,27.690000534057617,27.719999313354492,650900,27.719999313354492
12/12/2017,28.309999465942383,28.889999389648438,28.190000534057617,28.270000457763672,595400,28.270000457763672
12/11/2017,28.09000015258789,28.3799991607666,27.969999313354492,28.260000228881836,449300,28.260000228881836
12/8/2017,27.969999313354492,28.799999237060547,27.709999084472656,28.059999465942383,697000,28.059999465942383
12/7/2017,27.200000762939453,27.940000534057617,27.020000457763672,27.8799991607666,624100,27.8799991607666
12/6/2017,27.56999969482422,27.700000762939453,26.920000076293945,27.1299991607666,544400,27.1299991607666
12/5/2017,27.399999618530273,27.75,27.1299991607666,27.600000381469727,647400,27.600000381469727
12/4/2017,27.489999771118164,27.829999923706055,27.1299991607666,27.40999984741211,610300,27.40999984741211
12/1/2017,27.139999389648438,27.40999984741211,26.709999084472656,27.209999084472656,885700,27.209999084472656
11/30/2017,26.68000030517578,27.1299991607666,26.440000534057617,26.8799991607666,753900,26.8799991607666
11/29/2017,26.219999313354492,26.950000762939453,26.047000885009766,26.670000076293945,756100,26.670000076293945
11/28/2017,26.799999237060547,27.09000015258789,26.1200008392334,26.1200008392334,996900,26.1200008392334
11/27/2017,28,28.0049991607666,26.350000381469727,26.75,896800,26.75
11/24/2017,27.270000457763672,27.770000457763672,27.270000457763672,27.479999542236328,456600,27.479999542236328
11/22/2017,26.899999618530273,27.28499984741211,26.729999542236328,27.06999969482422,651900,27.06999969482422
11/21/2017,27.25,27.25,26.309999465942383,26.790000915527344,718900,26.790000915527344
11/20/2017,26.3700008392334,27.3799991607666,26.25,26.799999237060547,1330100,26.799999237060547
11/17/2017,25.56999969482422,26.399999618530273,25.389999389648438,26.3799991607666,996000,26.3799991607666
11/16/2017,24.270000457763672,25.530000686645508,24.270000457763672,25.059999465942383,972700,25.059999465942383
11/15/2017,24.110000610351562,24.600000381469727,23.459999084472656,24.110000610351562,771700,24.110000610351562
11/14/2017,24.770000457763672,25.059999465942383,24.090999603271484,24.329999923706055,812500,24.329999923706055
11/13/2017,25.690000534057617,25.790000915527344,24.350000381469727,24.979999542236328,1376100,24.979999542236328
11/10/2017,25.030000686645508,26.079999923706055,24.81999969482422,26,2060600,26
11/9/2017,23.700000762939453,25.299999237060547,23.31999969482422,24.790000915527344,4345600,24.790000915527344
11/8/2017,21.8700008392334,22.3700008392334,21.600000381469727,21.729999542236328,948900,21.729999542236328
11/7/2017,21.729999542236328,21.940000534057617,21.299999237060547,21.93000030517578,680400,21.93000030517578
11/6/2017,21.100000381469727,21.75,21.079999923706055,21.59000015258789,590500,21.59000015258789
11/3/2017,20.719999313354492,21.170000076293945,20.65999984741211,21.1200008392334,566400,21.1200008392334
11/2/2017,21.389999389648438,21.56100082397461,20.459999084472656,20.719999313354492,643900,20.719999313354492
11/1/2017,21.530000686645508,21.594999313354492,21.110000610351562,21.420000076293945,544600,21.420000076293945
10/31/2017,21.549999237060547,22,21.1299991607666,21.479999542236328,631100,21.479999542236328
10/30/2017,20.8799991607666,21.75,20.649999618530273,21.600000381469727,833700,21.600000381469727
10/27/2017,20.559999465942383,20.940000534057617,20.469999313354492,20.809999465942383,358400,20.809999465942383
10/26/2017,20.170000076293945,20.559999465942383,20.15999984741211,20.559999465942383,417200,20.559999465942383
10/25/2017,20.649999618530273,20.69499969482422,19.950000762939453,20.139999389648438,477800,20.139999389648438
10/24/2017,20.399999618530273,20.790000915527344,20.34000015258789,20.600000381469727,779100,20.600000381469727
10/23/2017,20.979999542236328,20.979999542236328,20.329999923706055,20.329999923706055,571500,20.329999923706055
10/20/2017,20.479999542236328,20.84000015258789,20.43000030517578,20.829999923706055,327900,20.829999923706055
10/19/2017,20.510000228881836,20.549999237060547,20.299999237060547,20.510000228881836,283800,20.510000228881836
10/18/2017,20.399999618530273,20.579999923706055,20.34000015258789,20.56999969482422,326800,20.56999969482422
10/17/2017,20.700000762939453,20.78700065612793,20.3700008392334,20.389999389648438,437000,20.389999389648438
10/16/2017,20.760000228881836,20.780000686645508,20.350000381469727,20.59000015258789,370800,20.59000015258789
10/13/2017,20.760000228881836,20.969999313354492,20.6200008392334,20.790000915527344,444600,20.790000915527344
10/12/2017,21.110000610351562,21.209999084472656,20.75,20.93000030517578,416100,20.93000030517578
10/11/2017,21.280000686645508,21.350000381469727,21.09000015258789,21.229999542236328,523900,21.229999542236328
10/10/2017,20.979999542236328,21.740999221801758,20.899999618530273,21.100000381469727,903900,21.100000381469727
10/9/2017,21.110000610351562,21.15999984741211,20.65999984741211,20.81999969482422,487200,20.81999969482422
10/6/2017,20.530000686645508,21.110000610351562,20.209999084472656,21.049999237060547,954300,21.049999237060547
10/5/2017,20.309999465942383,20.760000228881836,20.309999465942383,20.549999237060547,673100,20.549999237060547
10/4/2017,20.809999465942383,21,20.59000015258789,20.760000228881836,493200,20.760000228881836
10/3/2017,21.139999389648438,21.18000030517578,20.56999969482422,20.959999084472656,691600,20.959999084472656
10/2/2017,20.700000762939453,21.18000030517578,20.639999389648438,20.979999542236328,1045400,20.979999542236328
9/29/2017,20.06999969482422,20.8799991607666,20.06100082397461,20.549999237060547,1220400,20.549999237060547
9/28/2017,20.290000915527344,20.969999313354492,20.010000228881836,20.280000686645508,822700,20.280000686645508
9/27/2017,20,20.3799991607666,19.829999923706055,20.290000915527344,1159800,20.290000915527344
9/26/2017,19.200000762939453,19.979999542236328,19.18000030517578,19.90999984741211,1077100,19.90999984741211
9/25/2017,19.260000228881836,19.459999084472656,19.049999237060547,19.1299991607666,477100,19.1299991607666
9/22/2017,19.3700008392334,19.649999618530273,19.290000915527344,19.34000015258789,389600,19.34000015258789
9/21/2017,19.489999771118164,19.610000610351562,19.299999237060547,19.489999771118164,389200,19.489999771118164
9/20/2017,19.81999969482422,19.950000762939453,19.299999237060547,19.510000228881836,639800,19.510000228881836
9/19/2017,19.700000762939453,20.229999542236328,19.610000610351562,19.799999237060547,749900,19.799999237060547
9/18/2017,19.950000762939453,20,19.40999984741211,19.65999984741211,579900,19.65999984741211
9/15/2017,20.059999465942383,20.15999984741211,19.690000534057617,19.860000610351562,518500,19.860000610351562
9/14/2017,20.6299991607666,20.6299991607666,19.79400062561035,20.020000457763672,1061400,20.020000457763672
9/13/2017,19.579999923706055,20.6200008392334,19.57900047302246,20.5,1819200,20.5
9/12/2017,19.190000534057617,19.739999771118164,19.190000534057617,19.6200008392334,785000,19.6200008392334
9/11/2017,19.149999618530273,19.34000015258789,18.969999313354492,19.09000015258789,654300,19.09000015258789
9/8/2017,19.06999969482422,19.469999313354492,18.790000915527344,18.84000015258789,967500,18.84000015258789
9/7/2017,18.649999618530273,19.301000595092773,18.559999465942383,19.049999237060547,1381100,19.049999237060547
9/6/2017,18.399999618530273,18.6299991607666,18.170000076293945,18.5,818400,18.5
9/5/2017,18.170000076293945,18.6299991607666,17.889999389648438,18.25,749200,18.25
9/1/2017,17.690000534057617,18.219999313354492,17.549999237060547,18.170000076293945,622400,18.170000076293945
8/31/2017,17.709999084472656,17.760000228881836,17.350000381469727,17.530000686645508,536900,17.530000686645508
8/30/2017,17.610000610351562,17.6200008392334,17.34000015258789,17.600000381469727,338500,17.600000381469727
8/29/2017,17.6200008392334,17.68000030517578,17.31999969482422,17.600000381469727,424000,17.600000381469727
8/28/2017,17.530000686645508,18.020000457763672,17.450000762939453,17.8799991607666,381500,17.8799991607666
8/25/2017,17.8799991607666,17.959999084472656,17.520000457763672,17.520000457763672,382600,17.520000457763672
8/24/2017,17.6200008392334,17.989999771118164,17.540000915527344,17.790000915527344,461800,17.790000915527344
8/23/2017,17.200000762939453,17.639999389648438,17.1299991607666,17.420000076293945,336600,17.420000076293945
8/22/2017,17.209999084472656,18.5,17.170000076293945,17.350000381469727,721100,17.350000381469727
8/21/2017,18.059999465942383,18.059999465942383,16.959999084472656,17.149999618530273,1097600,17.149999618530273
8/18/2017,18.420000076293945,18.459999084472656,17.746000289916992,17.90999984741211,820700,17.90999984741211
8/17/2017,18.75,18.8700008392334,18.34000015258789,18.3700008392334,638800,18.3700008392334
8/16/2017,18.93000030517578,18.93000030517578,18.670000076293945,18.729999542236328,379800,18.729999542236328
8/15/2017,19.209999084472656,19.209999084472656,18.809999465942383,18.860000610351562,651000,18.860000610351562
8/14/2017,19.200000762939453,19.399999618530273,18.860000610351562,19.110000610351562,736400,19.110000610351562
8/11/2017,18.290000915527344,19.298999786376953,18.260000228881836,18.979999542236328,1453900,18.979999542236328
8/10/2017,20.299999237060547,20.34000015258789,18.110000610351562,18.31999969482422,3099300,18.31999969482422
8/9/2017,18.950000762939453,19.040000915527344,18.729999542236328,18.950000762939453,826400,18.950000762939453
8/8/2017,18.8799991607666,19.56999969482422,18.7450008392334,19.1299991607666,898600,19.1299991607666
8/7/2017,18.510000228881836,19.049999237060547,18.18000030517578,18.899999618530273,518600,18.899999618530273
8/4/2017,18.790000915527344,19.11400032043457,18.239999771118164,18.40999984741211,708100,18.40999984741211
8/3/2017,18.979999542236328,19.290000915527344,18.799999237060547,18.860000610351562,369600,18.860000610351562
8/2/2017,19.329999923706055,19.450000762939453,18.649999618530273,18.889999389648438,512700,18.889999389648438
8/1/2017,19.040000915527344,19.510000228881836,18.639999389648438,19.459999084472656,853100,19.459999084472656
7/31/2017,19.239999771118164,19.239999771118164,18.84000015258789,19.059999465942383,294000,19.059999465942383
7/28/2017,19.200000762939453,19.260000228881836,18.75,19.030000686645508,602400,19.030000686645508
7/27/2017,19.6200008392334,19.6200008392334,19.1200008392334,19.200000762939453,599700,19.200000762939453
7/26/2017,19.700000762939453,19.809999465942383,19.270000457763672,19.510000228881836,729300,19.510000228881836
7/25/2017,20.100000381469727,20.200000762939453,19.649999618530273,19.68000030517578,557600,19.68000030517578
7/24/2017,19.979999542236328,20.399999618530273,19.899999618530273,20.010000228881836,814100,20.010000228881836
7/21/2017,19.920000076293945,20.1200008392334,19.649999618530273,20.040000915527344,616500,20.040000915527344
7/20/2017,19.530000686645508,19.950000762939453,19.450000762939453,19.940000534057617,834100,19.940000534057617
7/19/2017,19.219999313354492,19.549999237060547,19.079999923706055,19.450000762939453,680400,19.450000762939453
7/18/2017,19.110000610351562,19.479999542236328,19.040000915527344,19.100000381469727,423600,19.100000381469727
7/17/2017,19.280000686645508,19.329999923706055,18.940000534057617,19.079999923706055,656600,19.079999923706055
7/14/2017,19.030000686645508,19.719999313354492,18.979999542236328,19.290000915527344,872600,19.290000915527344
7/13/2017,19.020000457763672,19.389999389648438,18.829999923706055,19.020000457763672,791300,19.020000457763672
7/12/2017,19.170000076293945,19.329999923706055,18.81999969482422,18.979999542236328,792200,18.979999542236328
7/11/2017,19.020000457763672,19.219999313354492,18.899999618530273,19.049999237060547,946600,19.049999237060547
7/10/2017,19.31999969482422,19.459999084472656,18.5,19.020000457763672,1014200,19.020000457763672
7/7/2017,19.06999969482422,19.3700008392334,18.920000076293945,19.25,583000,19.25
7/6/2017,19.5,19.65999984741211,18.84000015258789,19.030000686645508,1333200,19.030000686645508
7/5/2017,19.75,19.836999893188477,19.3799991607666,19.5,1299700,19.5
7/3/2017,19.920000076293945,20.020000457763672,19.5,19.780000686645508,346800,19.780000686645508
6/30/2017,19.959999084472656,20.06999969482422,19.450000762939453,19.75,1434800,19.75
6/29/2017,20.790000915527344,20.889999389648438,19.5,19.700000762939453,2990700,19.700000762939453
6/28/2017,20.6299991607666,20.950000762939453,20.25,20.75,9143900,20.75
6/27/2017,21.40999984741211,22.100000381469727,21.040000915527344,21.1299991607666,1513300,21.1299991607666
6/26/2017,21.18000030517578,21.389999389648438,20.420000076293945,21.309999465942383,1671300,21.309999465942383
6/23/2017,22.239999771118164,22.350000381469727,21.610000610351562,21.920000076293945,409000,21.920000076293945
6/22/2017,22.540000915527344,22.75,22,22.149999618530273,627100,22.149999618530273
6/21/2017,20.950000762939453,22.3799991607666,20.950000762939453,22.350000381469727,1430500,22.350000381469727
6/20/2017,21.049999237060547,21.131000518798828,20.68000030517578,20.8799991607666,356300,20.8799991607666
6/19/2017,20.6299991607666,21.270000457763672,20.6299991607666,21.139999389648438,441700,21.139999389648438
6/16/2017,21.149999618530273,21.290000915527344,20.5,20.549999237060547,539100,20.549999237060547
6/15/2017,21.389999389648438,21.540000915527344,20.799999237060547,21.190000534057617,657800,21.190000534057617
6/14/2017,21.670000076293945,22.09000015258789,21.229999542236328,21.610000610351562,761100,21.610000610351562
6/13/2017,21.450000762939453,22.43899917602539,21.410999298095703,22.399999618530273,588700,22.399999618530273
6/12/2017,22.1299991607666,22.249000549316406,20.780000686645508,21.350000381469727,682500,21.350000381469727
6/9/2017,22.239999771118164,22.700000762939453,21.80500030517578,22.110000610351562,734300,22.110000610351562
6/8/2017,23.09000015258789,23.209999084472656,21.670000076293945,22.149999618530273,1270900,22.149999618530273
6/7/2017,23.549999237060547,24.31999969482422,22.90999984741211,22.959999084472656,1616400,22.959999084472656
6/6/2017,22.389999389648438,24.15999984741211,22.110000610351562,23.420000076293945,2013900,23.420000076293945
6/5/2017,21.670000076293945,22.549999237060547,21.200000762939453,22.5,2001500,22.5
6/2/2017,20.81999969482422,21.780000686645508,20.100000381469727,21.639999389648438,4912900,21.639999389648438
6/1/2017,18.079999923706055,19.43000030517578,18.020000457763672,18.709999084472656,1329900,18.709999084472656
5/31/2017,18.06999969482422,18.09000015258789,17.600000381469727,18.049999237060547,492900,18.049999237060547
5/30/2017,18.049999237060547,18.200000762939453,17.93000030517578,17.989999771118164,280300,17.989999771118164
5/26/2017,18.079999923706055,18.270000457763672,17.899999618530273,18.010000228881836,417900,18.010000228881836
5/25/2017,18.09000015258789,18.25,17.93600082397461,18.030000686645508,228900,18.030000686645508
5/24/2017,18.299999237060547,18.329999923706055,17.860000610351562,18,418200,18
5/23/2017,18.139999389648438,18.709999084472656,18.139999389648438,18.34000015258789,683500,18.34000015258789
5/22/2017,17.579999923706055,18.298999786376953,17.57699966430664,18.110000610351562,381800,18.110000610351562
5/19/2017,17.43000030517578,17.760000228881836,17.3700008392334,17.520000457763672,340100,17.520000457763672
5/18/2017,17.440000534057617,17.75,17.360000610351562,17.420000076293945,410700,17.420000076293945
5/17/2017,18.219999313354492,18.290000915527344,17.469999313354492,17.489999771118164,1162300,17.489999771118164
5/16/2017,18.040000915527344,18.719999313354492,17.899999618530273,18.420000076293945,1547600,18.420000076293945
5/15/2017,17.850000381469727,18.100000381469727,17.309999465942383,18,500700,18
5/12/2017,17.209999084472656,17.839000701904297,17.139999389648438,17.729999542236328,547300,17.729999542236328
5/11/2017,17.100000381469727,17.350000381469727,17.051000595092773,17.229999542236328,303500,17.229999542236328
5/10/2017,17.100000381469727,17.25,16.84000015258789,17.200000762939453,204800,17.200000762939453
5/9/2017,17.149999618530273,17.389999389648438,17.06999969482422,17.100000381469727,233300,17.100000381469727
5/8/2017,17.31999969482422,17.3700008392334,17.079999923706055,17.190000534057617,333700,17.190000534057617
5/5/2017,17.149999618530273,17.4689998626709,17.030000686645508,17.290000915527344,793600,17.290000915527344
5/4/2017,16.389999389648438,17.34000015258789,16.257999420166016,17.139999389648438,886000,17.139999389648438
5/3/2017,16.170000076293945,16.5,15.984000205993652,16.389999389648438,252800,16.389999389648438
5/2/2017,16.549999237060547,16.719999313354492,16.139999389648438,16.149999618530273,455500,16.149999618530273
5/1/2017,16.850000381469727,17.040000915527344,16.389999389648438,16.59000015258789,446200,16.59000015258789
4/28/2017,16.84000015258789,16.84000015258789,16.618000030517578,16.829999923706055,193300,16.829999923706055
4/27/2017,16.729999542236328,16.826000213623047,16.43000030517578,16.75,348700,16.75
4/26/2017,16.3700008392334,16.8799991607666,16.299999237060547,16.860000610351562,581200,16.860000610351562
4/25/2017,15.9399995803833,16.3799991607666,15.84000015258789,16.3700008392334,448100,16.3700008392334
4/24/2017,15.899999618530273,16,15.8100004196167,15.920000076293945,351800,15.920000076293945
4/21/2017,16.1200008392334,16.200000762939453,15.949999809265137,15.989999771118164,191200,15.989999771118164
4/20/2017,16.25,16.299999237060547,16.084999084472656,16.110000610351562,265300,16.110000610351562
4/19/2017,16.260000228881836,16.350000381469727,16.246000289916992,16.290000915527344,189800,16.290000915527344
4/18/2017,15.9399995803833,16.31999969482422,15.90999984741211,16.309999465942383,438800,16.309999465942383
4/17/2017,16.260000228881836,16.299999237060547,15.989999771118164,16.010000228881836,264800,16.010000228881836
4/13/2017,16,16.229999542236328,15.859999656677246,16.149999618530273,608100,16.149999618530273
4/12/2017,16.239999771118164,16.299999237060547,15.819999694824219,16.040000915527344,527500,16.040000915527344
4/11/2017,16.90999984741211,17,16.100000381469727,16.239999771118164,1034600,16.239999771118164
4/10/2017,17.06999969482422,17.229999542236328,16.610000610351562,16.799999237060547,1699500,16.799999237060547
4/7/2017,16.690000534057617,16.809999465942383,16.51099967956543,16.75,566800,16.75
4/6/2017,16.459999084472656,16.700000762939453,16.100000381469727,16.700000762939453,849400,16.700000762939453
4/5/2017,16.100000381469727,16.540000915527344,16.079999923706055,16.469999313354492,967300,16.469999313354492
4/4/2017,15.65999984741211,16.100000381469727,15.609999656677246,16.079999923706055,743200,16.079999923706055
4/3/2017,16.06999969482422,16.079999923706055,15.5,15.65999984741211,431100,15.65999984741211
3/31/2017,16.3700008392334,16.389999389648438,15.829999923706055,15.960000038146973,692200,15.960000038146973
3/30/2017,16.530000686645508,16.540000915527344,16.209999084472656,16.40999984741211,484900,16.40999984741211
3/29/2017,16.219999313354492,16.549999237060547,16.020000457763672,16.489999771118164,799000,16.489999771118164
3/28/2017,15.329999923706055,16.360000610351562,15.199999809265137,16.350000381469727,1844400,16.350000381469727
3/27/2017,15.539999961853027,15.630000114440918,15.329999923706055,15.399999618530273,797400,15.399999618530273
3/24/2017,15.829999923706055,16.079999923706055,15.630000114440918,15.640000343322754,709900,15.640000343322754
3/23/2017,16.06999969482422,16.25,15.75,15.960000038146973,1256000,15.960000038146973
3/22/2017,16.469999313354492,16.530000686645508,16,16.049999237060547,1047900,16.049999237060547
3/21/2017,17.06999969482422,17.31999969482422,16.5,16.520000457763672,1782900,16.520000457763672
3/20/2017,17.100000381469727,17.200000762939453,16.549999237060547,17.100000381469727,2252300,17.100000381469727
3/17/2017,16.59000015258789,17.690000534057617,16.540000915527344,17.229999542236328,9366000,17.229999542236328
3/16/2017,18,18.399999618530273,15.850000381469727,16.079999923706055,22813300,16.079999923706055
