4/22/2019,15.25,15.609999656677246,15.145000457763672,15.40999984741211,869700,15.40999984741211
4/18/2019,14.880000114440918,15.300000190734863,14.5,15.229999542236328,909500,15.229999542236328
4/17/2019,14.949999809265137,15.149999618530273,14.680000305175781,14.960000038146973,978300,14.960000038146973
4/16/2019,14.4399995803833,15.0600004196167,14.368000030517578,14.920000076293945,1083000,14.920000076293945
4/15/2019,14.050000190734863,14.380000114440918,14.010000228881836,14.34000015258789,749900,14.34000015258789
4/12/2019,14.100000381469727,14.229999542236328,13.819999694824219,14.010000228881836,657800,14.010000228881836
4/11/2019,13.550000190734863,14.369999885559082,13.550000190734863,14.0600004196167,2544900,14.0600004196167
4/10/2019,13.390000343322754,13.579999923706055,13.329999923706055,13.5600004196167,1086700,13.5600004196167
4/9/2019,13.039999961853027,13.640000343322754,12.869999885559082,13.380000114440918,2123500,13.380000114440918
4/8/2019,13.020000457763672,13.199999809265137,12.920000076293945,13.079999923706055,447900,13.079999923706055
4/5/2019,12.90999984741211,13.199999809265137,12.899999618530273,13.039999961853027,959000,13.039999961853027
4/4/2019,13.050000190734863,13.079999923706055,12.819999694824219,12.869999885559082,658800,12.869999885559082
4/3/2019,13.149999618530273,13.199999809265137,13,13.09000015258789,389500,13.09000015258789
4/2/2019,13.109999656677246,13.199999809265137,13.020000457763672,13.149999618530273,544500,13.149999618530273
4/1/2019,13,13.399999618530273,13,13.210000038146973,868100,13.210000038146973
3/29/2019,12.979999542236328,13.100000381469727,12.869999885559082,12.9399995803833,830700,12.9399995803833
3/28/2019,12.720000267028809,13.119999885559082,12.680000305175781,12.90999984741211,869200,12.90999984741211
3/27/2019,12.739999771118164,12.880000114440918,12.600000381469727,12.720000267028809,1021600,12.720000267028809
3/26/2019,12.619999885559082,12.789999961853027,12.5600004196167,12.739999771118164,633700,12.739999771118164
3/25/2019,12.8100004196167,12.960000038146973,12.380000114440918,12.529999732971191,1111600,12.529999732971191
3/22/2019,13.5,13.619999885559082,12.770000457763672,12.859999656677246,1311400,12.859999656677246
3/21/2019,13.029999732971191,13.680000305175781,13.029999732971191,13.529999732971191,776400,13.529999732971191
3/20/2019,13.239999771118164,13.300000190734863,13.010000228881836,13.09000015258789,587400,13.09000015258789
3/19/2019,13.1899995803833,13.380000114440918,13.085000038146973,13.3100004196167,800000,13.3100004196167
3/18/2019,13.319999694824219,13.399999618530273,12.899999618530273,13.149999618530273,895400,13.149999618530273
3/15/2019,12.800000190734863,13.350000381469727,12.670000076293945,13.319999694824219,1522000,13.319999694824219
3/14/2019,13,13.140000343322754,12.729999542236328,12.829999923706055,871600,12.829999923706055
3/13/2019,13.079999923706055,13.600000381469727,12.800000190734863,12.960000038146973,1424300,12.960000038146973
3/12/2019,13.130000114440918,13.3100004196167,12.84000015258789,13,808200,13
3/11/2019,12.84000015258789,13.359999656677246,12.649999618530273,13.170000076293945,959500,13.170000076293945
3/8/2019,12.369999885559082,13.0600004196167,12.270000457763672,12.8100004196167,588800,12.8100004196167
3/7/2019,13.199999809265137,13.289999961853027,12.460000038146973,12.550000190734863,1430800,12.550000190734863
3/6/2019,12.390000343322754,13.239999771118164,12.25,13.170000076293945,2388000,13.170000076293945
3/5/2019,12.25,13.5,12,12.140000343322754,4114700,12.140000343322754
3/4/2019,11.65999984741211,11.8100004196167,11.350000381469727,11.369999885559082,1381400,11.369999885559082
3/1/2019,11.380000114440918,11.930000305175781,11.359999656677246,11.609999656677246,938500,11.609999656677246
2/28/2019,10.680000305175781,11.369999885559082,10.619999885559082,11.300000190734863,1881700,11.300000190734863
2/27/2019,10.65999984741211,10.930000305175781,10.630000114440918,10.680000305175781,763200,10.680000305175781
2/26/2019,10.380000114440918,10.779999732971191,10.350000381469727,10.710000038146973,726500,10.710000038146973
2/25/2019,10.59000015258789,10.630000114440918,10.399999618530273,10.40999984741211,771900,10.40999984741211
2/22/2019,10.390000343322754,10.550000190734863,10.390000343322754,10.5,740700,10.5
2/21/2019,10.5,10.529999732971191,10.34000015258789,10.369999885559082,628000,10.369999885559082
2/20/2019,10.449999809265137,10.569999694824219,10.449999809265137,10.479999542236328,512400,10.479999542236328
2/19/2019,10.40999984741211,10.5,10.319999694824219,10.449999809265137,769400,10.449999809265137
2/15/2019,10.460000038146973,10.569999694824219,10.430000305175781,10.430000305175781,715200,10.430000305175781
2/14/2019,10.5,10.59000015258789,10.399999618530273,10.470000267028809,901700,10.470000267028809
2/13/2019,10.430000305175781,10.569999694824219,10.220000267028809,10.489999771118164,1873700,10.489999771118164
2/12/2019,11.420000076293945,11.489999771118164,10.210000038146973,10.289999961853027,3263200,10.289999961853027
2/11/2019,11.100000381469727,12.020000457763672,11.029000282287598,11.359999656677246,2714600,11.359999656677246
2/8/2019,10.770000457763672,11.100000381469727,10.6899995803833,11.050000190734863,1487700,11.050000190734863
2/7/2019,11.15999984741211,11.180000305175781,10.609999656677246,10.800000190734863,1430500,10.800000190734863
2/6/2019,11.220000267028809,11.34000015258789,11.079999923706055,11.199999809265137,692700,11.199999809265137
2/5/2019,11.100000381469727,11.305000305175781,11.100000381469727,11.210000038146973,979300,11.210000038146973
2/4/2019,11,11.239999771118164,10.989999771118164,11.119999885559082,469600,11.119999885559082
2/1/2019,11,11.020000457763672,10.859999656677246,10.970000267028809,781300,10.970000267028809
1/31/2019,11.020000457763672,11.069999694824219,10.829999923706055,11,620900,11
1/30/2019,10.989999771118164,11.029999732971191,10.850000381469727,10.949999809265137,1232400,10.949999809265137
1/29/2019,10.989999771118164,11.055000305175781,10.880000114440918,10.970000267028809,424900,10.970000267028809
1/28/2019,11.260000228881836,11.265999794006348,10.819999694824219,11,620600,11
1/25/2019,11.199999809265137,11.670000076293945,11.199999809265137,11.329999923706055,610900,11.329999923706055
1/24/2019,11.09000015258789,11.149999618530273,10.970000267028809,11.140000343322754,353400,11.140000343322754
1/23/2019,11.029999732971191,11.1899995803833,10.774999618530273,11.09000015258789,355500,11.09000015258789
1/22/2019,11,11.229999542236328,10.850000381469727,11,428900,11
1/18/2019,11.020000457763672,11.14900016784668,10.920000076293945,11.010000228881836,960200,11.010000228881836
1/17/2019,10.930000305175781,11.039999961853027,10.899999618530273,10.989999771118164,589200,10.989999771118164
1/16/2019,11.069999694824219,11.199999809265137,10.720000267028809,10.90999984741211,929600,10.90999984741211
1/15/2019,10.550000190734863,10.949999809265137,10.390000343322754,10.880000114440918,1375900,10.880000114440918
1/14/2019,10.020000457763672,10.609999656677246,10.020000457763672,10.569999694824219,964400,10.569999694824219
1/11/2019,10.020000457763672,10.220000267028809,9.760000228881836,10.140000343322754,1582200,10.140000343322754
1/10/2019,10.100000381469727,10.390000343322754,9.819999694824219,9.970000267028809,623100,9.970000267028809
1/9/2019,10.109999656677246,10.369999885559082,9.979999542236328,10.100000381469727,682200,10.100000381469727
1/8/2019,10.210000038146973,10.3100004196167,9.84000015258789,10.069999694824219,2104200,10.069999694824219
1/7/2019,9.779999732971191,10.170000076293945,9.760000228881836,10.0600004196167,1069300,10.0600004196167
1/4/2019,9.65999984741211,10.130000114440918,9.529999732971191,9.890000343322754,958300,9.890000343322754
1/3/2019,9.579999923706055,9.770000457763672,9.430000305175781,9.550000190734863,566600,9.550000190734863
1/2/2019,9.630000114440918,9.9399995803833,9.520000457763672,9.6899995803833,676200,9.6899995803833
12/31/2018,9.670000076293945,9.680000305175781,9.25,9.569999694824219,923800,9.569999694824219
12/28/2018,9.4399995803833,9.800000190734863,9.380000114440918,9.579999923706055,901500,9.579999923706055
12/27/2018,9.279999732971191,9.539999961853027,9.229999542236328,9.470000267028809,1411600,9.470000267028809
12/26/2018,9.199999809265137,9.494999885559082,8.819999694824219,9.479999542236328,1173500,9.479999542236328
12/24/2018,8.640000343322754,9.395000457763672,8.520000457763672,9.220000267028809,927100,9.220000267028809
12/19/2018,8.9399995803833,9.539999961853027,8.9399995803833,9.029999732971191,2545900,9.029999732971191
12/18/2018,8.460000038146973,9.010000228881836,8.460000038146973,8.920000076293945,2684800,8.920000076293945
12/17/2018,8.649999618530273,8.819999694824219,8.300000190734863,8.40999984741211,1539200,8.40999984741211
12/14/2018,8.84000015258789,8.949999809265137,8.555000305175781,8.65999984741211,1503200,8.65999984741211
12/13/2018,9.220000267028809,9.281000137329102,8.920000076293945,8.949999809265137,1499800,8.949999809265137
12/12/2018,9.069999694824219,9.399999618530273,8.880999565124512,9.199999809265137,1277500,9.199999809265137
12/10/2018,9.300000190734863,9.619999885559082,9.170000076293945,9.260000228881836,1527600,9.260000228881836
12/6/2018,8.84000015258789,9.020000457763672,8.779999732971191,8.989999771118164,1724500,8.989999771118164
12/4/2018,9.279999732971191,9.300000190734863,8.8100004196167,8.899999618530273,1981800,8.899999618530273
12/3/2018,9.489999771118164,9.489999771118164,9.15999984741211,9.289999961853027,1005200,9.289999961853027
11/30/2018,9.229999542236328,9.460000038146973,9.130000114440918,9.3100004196167,1221600,9.3100004196167
11/28/2018,9.4399995803833,9.510000228881836,9.210000038146973,9.289999961853027,1776900,9.289999961853027
11/27/2018,9.079999923706055,9.5,9.020000457763672,9.420000076293945,1635900,9.420000076293945
11/26/2018,9.279999732971191,9.520000457763672,9.0600004196167,9.140000343322754,1279600,9.140000343322754
11/23/2018,9.130000114440918,9.5,9.09000015258789,9.140000343322754,675900,9.140000343322754
11/21/2018,9.039999961853027,9.680000305175781,8.890000343322754,9.220000267028809,1481000,9.220000267028809
11/20/2018,8.899999618530273,9.048999786376953,8.65999984741211,8.960000038146973,1842800,8.960000038146973
11/16/2018,9.680000305175781,9.989999771118164,9.270000457763672,9.489999771118164,1399000,9.489999771118164
11/15/2018,9.479999542236328,10.130000114440918,9.430000305175781,9.699999809265137,1627100,9.699999809265137
11/14/2018,9.899999618530273,10.244999885559082,9.383999824523926,9.4399995803833,1452700,9.4399995803833
11/13/2018,9.90999984741211,10.260000228881836,9.755000114440918,9.800000190734863,2310700,9.800000190734863
11/12/2018,9.609999656677246,10.130000114440918,9.609999656677246,9.920000076293945,3453000,9.920000076293945
11/9/2018,9.260000228881836,9.949999809265137,9.210000038146973,9.710000038146973,4048400,9.710000038146973
11/7/2018,9.329999923706055,9.520000457763672,8.90999984741211,9.15999984741211,5813100,9.15999984741211
11/6/2018,9.980999946594238,10.020000457763672,8.550000190734863,9.279999732971191,32838500,9.279999732971191
11/5/2018,14.75,14.9399995803833,14.319999694824219,14.65999984741211,3485500,14.65999984741211
11/2/2018,14.15999984741211,14.670000076293945,14.020000457763672,14.449999809265137,2726200,14.449999809265137
11/1/2018,13.109999656677246,14.140000343322754,13.0600004196167,13.989999771118164,1755300,13.989999771118164
10/31/2018,12.699999809265137,13.420000076293945,12.09000015258789,13.180000305175781,2002500,13.180000305175781
10/30/2018,12.039999961853027,12.600000381469727,11.829999923706055,12.579999923706055,1504700,12.579999923706055
10/29/2018,12.989999771118164,13.244999885559082,11.850000381469727,12.100000381469727,1891200,12.100000381469727
10/26/2018,13.239999771118164,13.329999923706055,12.649999618530273,12.680000305175781,1484500,12.680000305175781
10/25/2018,13.4399995803833,13.989999771118164,12.869999885559082,13.4399995803833,3532400,13.4399995803833
10/24/2018,14.430000305175781,14.4399995803833,13.380000114440918,13.399999618530273,1503000,13.399999618530273
10/23/2018,14.829999923706055,15,14.020000457763672,14.369999885559082,1667000,14.369999885559082
10/22/2018,15.539999961853027,15.579999923706055,14.779999732971191,15,773800,15
10/19/2018,15.5,15.779999732971191,14.989999771118164,15.229999542236328,738000,15.229999542236328
10/18/2018,16,16.351999282836914,15.149999618530273,15.369999885559082,773400,15.369999885559082
10/17/2018,16.219999313354492,16.25,15.699999809265137,16.040000915527344,439000,16.040000915527344
10/16/2018,15.800000190734863,16.239999771118164,15.359999656677246,16.06999969482422,790200,16.06999969482422
10/15/2018,15.220000267028809,15.5600004196167,15.010000228881836,15.5,527400,15.5
10/12/2018,15.770000457763672,15.989999771118164,15.109999656677246,15.329999923706055,973600,15.329999923706055
10/11/2018,15.25,15.84000015258789,15.25,15.369999885559082,1170500,15.369999885559082
10/10/2018,16.139999389648438,16.200000762939453,14.970000267028809,15.25,1327900,15.25
10/9/2018,15.979999542236328,16.209999084472656,15.829999923706055,16.149999618530273,1427100,16.149999618530273
10/8/2018,16.520000457763672,16.690000534057617,15.600000381469727,16,1350500,16
10/5/2018,17.389999389648438,17.5,16.440000534057617,16.530000686645508,867700,16.530000686645508
10/4/2018,17.690000534057617,17.729999542236328,17.09000015258789,17.389999389648438,710600,17.389999389648438
10/3/2018,18,18,17.459999084472656,17.799999237060547,431400,17.799999237060547
10/2/2018,18.09000015258789,18.388999938964844,17.649999618530273,17.790000915527344,459800,17.790000915527344
10/1/2018,18.1299991607666,18.700000762939453,17.940000534057617,18.010000228881836,594700,18.010000228881836
9/28/2018,18.43000030517578,18.43000030517578,17.510000228881836,18,1373900,18
9/27/2018,18.90999984741211,19.1299991607666,18.360000610351562,18.559999465942383,605000,18.559999465942383
9/26/2018,19.549999237060547,19.961000442504883,18.75,18.790000915527344,811800,18.790000915527344
9/25/2018,19.93000030517578,20.076000213623047,19.389999389648438,19.729999542236328,466500,19.729999542236328
9/24/2018,20.15999984741211,20.20800018310547,19.3799991607666,19.8700008392334,600400,19.8700008392334
9/21/2018,20.1200008392334,20.43000030517578,19.899999618530273,20.229999542236328,2336300,20.229999542236328
9/20/2018,20.3799991607666,20.649999618530273,19.850000381469727,19.860000610351562,1256800,19.860000610351562
9/19/2018,19.729999542236328,20.350000381469727,19.420000076293945,20.200000762939453,565000,20.200000762939453
9/18/2018,19.440000534057617,19.989999771118164,19.172000885009766,19.75,518500,19.75
9/17/2018,19.850000381469727,20.100000381469727,19.22100067138672,19.329999923706055,595700,19.329999923706055
9/14/2018,20.100000381469727,20.299999237060547,19.676000595092773,19.829999923706055,429000,19.829999923706055
9/13/2018,20.030000686645508,20.299999237060547,19.610000610351562,19.979999542236328,864900,19.979999542236328
9/12/2018,20.280000686645508,21.700000762939453,19.760000228881836,19.979999542236328,1648900,19.979999542236328
9/11/2018,19.899999618530273,20.649999618530273,19.299999237060547,20.149999618530273,1100600,20.149999618530273
9/10/2018,19.049999237060547,20.649999618530273,19.040000915527344,19.829999923706055,2283600,19.829999923706055
9/7/2018,18.389999389648438,19.459999084472656,18.299999237060547,19,890800,19
9/6/2018,19.270000457763672,19.489999771118164,18.149999618530273,18.579999923706055,2116500,18.579999923706055
9/5/2018,19.889999389648438,20,18.860000610351562,19.15999984741211,1045100,19.15999984741211
9/4/2018,20.469999313354492,20.5,19.799999237060547,19.850000381469727,909000,19.850000381469727
8/31/2018,19.850000381469727,20.559999465942383,19.850000381469727,20.25,1023800,20.25
8/30/2018,19.540000915527344,20.079999923706055,19.190000534057617,19.959999084472656,1025900,19.959999084472656
8/29/2018,19.389999389648438,19.790000915527344,19.01799964904785,19.729999542236328,679700,19.729999542236328
8/28/2018,19.25,19.440000534057617,18.934999465942383,19.280000686645508,597900,19.280000686645508
8/27/2018,19.65999984741211,19.670000076293945,18.889999389648438,19.100000381469727,1038800,19.100000381469727
8/24/2018,18.139999389648438,19.530000686645508,18,19.450000762939453,2261300,19.450000762939453
8/23/2018,18.030000686645508,18.3700008392334,17.740999221801758,18.200000762939453,771700,18.200000762939453
8/22/2018,18.09000015258789,18.239999771118164,17.489999771118164,18.1299991607666,1492100,18.1299991607666
8/21/2018,17.829999923706055,18.459999084472656,17.510000228881836,18.25,950100,18.25
8/20/2018,18.270000457763672,18.5,17.719999313354492,17.90999984741211,1373800,17.90999984741211
8/17/2018,17.739999771118164,18.299999237060547,17.3799991607666,18.260000228881836,2354000,18.260000228881836
8/16/2018,17.100000381469727,18.139999389648438,17.031999588012695,17.610000610351562,4119600,17.610000610351562
8/15/2018,15.300000190734863,16.190000534057617,14.899999618530273,15.90999984741211,2142400,15.90999984741211
8/14/2018,14.890000343322754,15.850000381469727,14.75,15.390000343322754,4833000,15.390000343322754
8/13/2018,15.800000190734863,15.90999984741211,14.489999771118164,14.5,3914600,14.5
8/10/2018,16.920000076293945,17.138999938964844,15.40999984741211,15.59000015258789,3608000,15.59000015258789
8/9/2018,18.260000228881836,18.451000213623047,16.850000381469727,16.860000610351562,2596700,16.860000610351562
8/8/2018,19.079999923706055,19.200000762939453,17.5,18.15999984741211,1619600,18.15999984741211
8/7/2018,22,22.299999237060547,18.5,18.90999984741211,4374500,18.90999984741211
8/6/2018,19.200000762939453,21.450000762939453,19.200000762939453,21.229999542236328,3755100,21.229999542236328
8/3/2018,17.809999465942383,18.56800079345703,17.670000076293945,17.850000381469727,449400,17.850000381469727
8/2/2018,17.809999465942383,18.094999313354492,17.5,17.899999618530273,948500,17.899999618530273
8/1/2018,17.280000686645508,18.600000381469727,17.229999542236328,17.889999389648438,730000,17.889999389648438
7/31/2018,17.239999771118164,17.600000381469727,17.149999618530273,17.299999237060547,777900,17.299999237060547
7/30/2018,17.889999389648438,18.239999771118164,17.229999542236328,17.290000915527344,516900,17.290000915527344
7/27/2018,18.59000015258789,19,17.520999908447266,17.799999237060547,769800,17.799999237060547
7/26/2018,19.270000457763672,19.479999542236328,18.440000534057617,18.450000762939453,588000,18.450000762939453
7/25/2018,19.25,19.420000076293945,19.059999465942383,19.15999984741211,267400,19.15999984741211
7/24/2018,19.770000457763672,19.899999618530273,18.899999618530273,19.25,417300,19.25
7/23/2018,19.6299991607666,19.940000534057617,19.200000762939453,19.600000381469727,488300,19.600000381469727
7/20/2018,19.65999984741211,19.979999542236328,19.139999389648438,19.510000228881836,241800,19.510000228881836
7/19/2018,19.969999313354492,20.145000457763672,19.229999542236328,19.709999084472656,357800,19.709999084472656
7/18/2018,18.8799991607666,20.079999923706055,18.66200065612793,19.864999771118164,852000,19.864999771118164
7/17/2018,18.950000762939453,19.100000381469727,18.5,18.84000015258789,574500,18.84000015258789
7/16/2018,19.270000457763672,19.549999237060547,18.920000076293945,19.059999465942383,860600,19.059999465942383
7/13/2018,20.209999084472656,20.3700008392334,19.059999465942383,19.270000457763672,1410200,19.270000457763672
7/12/2018,21.31999969482422,21.976999282836914,20.139999389648438,20.309999465942383,793600,20.309999465942383
7/11/2018,21.790000915527344,21.850000381469727,20.829999923706055,21.110000610351562,647100,21.110000610351562
7/10/2018,21.850000381469727,22.670000076293945,21.579999923706055,21.799999237060547,537100,21.799999237060547
7/9/2018,21.34000015258789,22.1299991607666,21.200000762939453,21.8700008392334,615800,21.8700008392334
7/6/2018,21.010000228881836,21.989999771118164,20.829999923706055,21.360000610351562,379300,21.360000610351562
7/5/2018,20.809999465942383,21.229999542236328,20.3700008392334,21.139999389648438,351400,21.139999389648438
7/3/2018,20.700000762939453,21.243000030517578,20.520000457763672,20.729999542236328,268300,20.729999542236328
7/2/2018,21.079999923706055,21.184999465942383,20.420000076293945,20.600000381469727,327900,20.600000381469727
6/29/2018,21.34000015258789,21.768999099731445,21.139999389648438,21.149999618530273,490600,21.149999618530273
6/28/2018,20.110000610351562,21.280000686645508,19.899999618530273,21.190000534057617,1156900,21.190000534057617
6/27/2018,22.040000915527344,22.09000015258789,19.5,20.110000610351562,3257700,20.110000610351562
6/26/2018,23.200000762939453,23.700000762939453,22.040000915527344,22.040000915527344,1056000,22.040000915527344
6/25/2018,23.899999618530273,23.899999618530273,23,23.190000534057617,911300,23.190000534057617
6/22/2018,23.700000762939453,24.520000457763672,23.350000381469727,24.15999984741211,1273200,24.15999984741211
6/21/2018,23.75,24.040000915527344,23.559999465942383,23.690000534057617,419100,23.690000534057617
6/20/2018,24.360000610351562,24.360000610351562,23.31999969482422,23.75,1274600,23.75
6/19/2018,24.899999618530273,24.899999618530273,22.940000534057617,23.989999771118164,907600,23.989999771118164
6/18/2018,25,25.200000762939453,24.100000381469727,24.43000030517578,1657500,24.43000030517578
6/15/2018,24.270000457763672,24.749000549316406,23.850000381469727,24.239999771118164,272800,24.239999771118164
6/14/2018,24.06999969482422,25.229999542236328,23.399999618530273,24.459999084472656,419900,24.459999084472656
6/13/2018,24.260000228881836,24.600000381469727,24,24.1299991607666,328100,24.1299991607666
6/12/2018,23.979999542236328,24.589000701904297,23.899999618530273,24.260000228881836,687600,24.260000228881836
6/11/2018,23.850000381469727,24.670000076293945,23.459999084472656,24.06999969482422,753400,24.06999969482422
6/8/2018,22.950000762939453,24.020000457763672,22.85099983215332,23.790000915527344,752800,23.790000915527344
6/7/2018,24.360000610351562,24.489999771118164,22.56999969482422,22.950000762939453,2604400,22.950000762939453
6/6/2018,25.469999313354492,25.674999237060547,24.34000015258789,24.510000228881836,553600,24.510000228881836
6/5/2018,25.399999618530273,25.850000381469727,25.350000381469727,25.540000915527344,442400,25.540000915527344
6/4/2018,26.670000076293945,26.8799991607666,25.149999618530273,25.34000015258789,1383200,25.34000015258789
6/1/2018,26.90999984741211,27.014999389648438,26.55299949645996,26.65999984741211,1332300,26.65999984741211
5/31/2018,25.81999969482422,27,25.75,26.770000457763672,3420200,26.770000457763672
5/30/2018,25.100000381469727,26,24.81999969482422,25.729999542236328,1978100,25.729999542236328
5/29/2018,24.479999542236328,25.329999923706055,24.299999237060547,24.950000762939453,2382300,24.950000762939453
5/25/2018,23.5,25.738000869750977,23.5,24.770000457763672,6488400,24.770000457763672
5/24/2018,22.149999618530273,23.549999237060547,22.049999237060547,23.360000610351562,23327840,23.360000610351562
