4/22/2019,47.470001220703125,49.16999816894531,47.459999084472656,48.779998779296875,360100,48.779998779296875
4/18/2019,47.529998779296875,47.98500061035156,46.970001220703125,47.65999984741211,119400,47.65999984741211
4/17/2019,47.86000061035156,48.301998138427734,47.119998931884766,47.63999938964844,186900,47.63999938964844
4/16/2019,47.060001373291016,47.80500030517578,47.02000045776367,47.720001220703125,183400,47.720001220703125
4/15/2019,46.529998779296875,46.880001068115234,46.369998931884766,46.810001373291016,136600,46.810001373291016
4/12/2019,46.70000076293945,46.970001220703125,46.29999923706055,46.52000045776367,116700,46.52000045776367
4/11/2019,46.279998779296875,46.720001220703125,46.02000045776367,46.29999923706055,155300,46.29999923706055
4/10/2019,45.47999954223633,46.220001220703125,45.06999969482422,46.20000076293945,140000,46.20000076293945
4/9/2019,45.66999816894531,45.70000076293945,45.18000030517578,45.36000061035156,208100,45.36000061035156
4/8/2019,46.689998626708984,46.775001525878906,45.27000045776367,45.84000015258789,247800,45.84000015258789
4/5/2019,46.72999954223633,47.189998626708984,46.689998626708984,46.970001220703125,157600,46.970001220703125
4/4/2019,46.869998931884766,47.369998931884766,46.599998474121094,46.72999954223633,208100,46.72999954223633
4/3/2019,48,48.560001373291016,46.42499923706055,46.689998626708984,240100,46.689998626708984
4/2/2019,46.70000076293945,46.70000076293945,45.97999954223633,46.16999816894531,244200,46.16999816894531
4/1/2019,46.189998626708984,46.95000076293945,46.189998626708984,46.720001220703125,141200,46.720001220703125
3/29/2019,45.61000061035156,46.130001068115234,45.13999938964844,45.849998474121094,410900,45.849998474121094
3/28/2019,45.40999984741211,45.619998931884766,44.880001068115234,45.61000061035156,128900,45.61000061035156
3/27/2019,45.439998626708984,45.75,45.09000015258789,45.43000030517578,149300,45.43000030517578
3/26/2019,44.90999984741211,45.560001373291016,44.689998626708984,45.560001373291016,143500,45.560001373291016
3/25/2019,44.650001525878906,45.1150016784668,44.28499984741211,44.900001525878906,211500,44.900001525878906
3/22/2019,45,45.13999938964844,43.970001220703125,44.560001373291016,331200,44.560001373291016
3/21/2019,44.59000015258789,45.72999954223633,44.59000015258789,45.060001373291016,93600,45.060001373291016
3/20/2019,45.45000076293945,45.47999954223633,44.77000045776367,44.959999084472656,187700,44.959999084472656
3/19/2019,46.70000076293945,46.70000076293945,45.689998626708984,45.7599983215332,78300,45.7599983215332
3/18/2019,46.279998779296875,47,46.15999984741211,46.470001220703125,120900,46.470001220703125
3/15/2019,45.939998626708984,46.29999923706055,45.709999084472656,46.22999954223633,465400,46.22999954223633
3/14/2019,45.54999923706055,46,45.310001373291016,45.880001068115234,246400,45.880001068115234
3/13/2019,45.59000015258789,45.880001068115234,45.38999938964844,45.72999954223633,138200,45.72999954223633
3/12/2019,45.560001373291016,45.849998474121094,45.189998626708984,45.5099983215332,107000,45.5099983215332
3/11/2019,44.93000030517578,45.68000030517578,44.67499923706055,45.56999969482422,125200,45.56999969482422
3/8/2019,44.91999816894531,45.119998931884766,44.4900016784668,44.81999969482422,109300,44.81999969482422
3/7/2019,45.56999969482422,45.56999969482422,44.790000915527344,45.13999938964844,121500,45.13999938964844
3/6/2019,46.18000030517578,46.275001525878906,45.36000061035156,45.63999938964844,208700,45.63999938964844
3/5/2019,46.20000076293945,46.27000045776367,45.63999938964844,46.13999938964844,114800,46.13999938964844
3/4/2019,46.7400016784668,47.06999969482422,46.119998931884766,46.25,208500,46.25
3/1/2019,45.97999954223633,46.7599983215332,45.90999984741211,46.75,155500,46.75
2/28/2019,45.9900016784668,46.08000183105469,45.33000183105469,45.97999954223633,165200,45.709999084472656
2/27/2019,45.349998474121094,46.119998931884766,45.04999923706055,45.9900016784668,210300,45.71994400024414
2/26/2019,45.5,45.7599983215332,45.09000015258789,45.34000015258789,280000,45.07375717163086
2/25/2019,46.29999923706055,46.709999084472656,45.61000061035156,45.61000061035156,157500,45.3421745300293
2/22/2019,45.91999816894531,46.209999084472656,45.46500015258789,46.11000061035156,127400,45.839237213134766
2/21/2019,45.84000015258789,46.16999816894531,45.25,45.880001068115234,103100,45.61058807373047
2/20/2019,45.79999923706055,46.13999938964844,45.45199966430664,46,85900,45.729881286621094
2/19/2019,45.349998474121094,46.06999969482422,45.112998962402344,45.81999969482422,138700,45.55093765258789
2/15/2019,45.31999969482422,45.959999084472656,45.31999969482422,45.599998474121094,164200,45.33222961425781
2/14/2019,44.900001525878906,45.650001525878906,44.70000076293945,44.9900016784668,197500,44.72581481933594
2/13/2019,45.34000015258789,45.90999984741211,45.06100082397461,45.09000015258789,292100,44.825225830078125
2/12/2019,44.58000183105469,45.22999954223633,44.58000183105469,45.209999084472656,130300,44.94451904296875
2/11/2019,44.459999084472656,44.61000061035156,44.130001068115234,44.33000183105469,86100,44.0696907043457
2/8/2019,43.970001220703125,44.75,43.81999969482422,44.400001525878906,92600,44.139278411865234
2/7/2019,43.86000061035156,44.56999969482422,43.63999938964844,44.15999984741211,183800,43.90068817138672
2/6/2019,44.4900016784668,44.68000030517578,43.88999938964844,43.939998626708984,113300,43.681976318359375
2/5/2019,44.70000076293945,45.040000915527344,44.290000915527344,44.4900016784668,113100,44.22875213623047
2/4/2019,44.22999954223633,44.84000015258789,43.70000076293945,44.709999084472656,293900,44.44745635986328
2/1/2019,44.40999984741211,44.5,43.9900016784668,44.220001220703125,185000,43.96033477783203
1/31/2019,44.599998474121094,44.869998931884766,43.91999816894531,44.2400016784668,284600,43.98021697998047
1/30/2019,45.810001373291016,45.810001373291016,44.39500045776367,44.599998474121094,349300,44.33810043334961
1/29/2019,43.70000076293945,43.81999969482422,43.042999267578125,43.2400016784668,120500,42.98609161376953
1/28/2019,43.58000183105469,44.11000061035156,43.08000183105469,43.77000045776367,146200,43.512977600097656
1/25/2019,43.849998474121094,44.150001525878906,43.5,43.970001220703125,122800,43.7118034362793
1/24/2019,43.04999923706055,43.9900016784668,43.04999923706055,43.58000183105469,111200,43.324092864990234
1/23/2019,43.400001525878906,43.400001525878906,42.470001220703125,43.04999923706055,179300,42.797203063964844
1/22/2019,43.400001525878906,43.560001373291016,42.66999816894531,43.13999938964844,228000,42.88667678833008
1/18/2019,43.029998779296875,44.0099983215332,42.869998931884766,43.599998474121094,234700,43.34397506713867
1/17/2019,42.20000076293945,42.88999938964844,42.15999984741211,42.77000045776367,168900,42.51884841918945
1/16/2019,42.54999923706055,43.189998626708984,42.06999969482422,42.52000045776367,241400,42.27031707763672
1/15/2019,41.290000915527344,42.2400016784668,41.220001220703125,42.2400016784668,230800,41.99196243286133
1/14/2019,41.060001373291016,41.849998474121094,40.95000076293945,41.38999938964844,276300,41.14695358276367
1/11/2019,41.06999969482422,41.88999938964844,40.95000076293945,41.31999969482422,380800,41.077362060546875
1/10/2019,40.880001068115234,41.40999984741211,40.75,41.310001373291016,354000,41.06742477416992
1/9/2019,41.06999969482422,41.31999969482422,39.810001373291016,41.11000061035156,645500,40.86859893798828
1/8/2019,38.77000045776367,39.7599983215332,38.689998626708984,39.70000076293945,320400,39.46687698364258
1/7/2019,37.650001525878906,38.90999984741211,37.0099983215332,38.61000061035156,424600,38.383277893066406
1/4/2019,37.38999938964844,38.459999084472656,36.81999969482422,38.04999923706055,251000,37.82656478881836
1/3/2019,36.84000015258789,37.599998474121094,36.41999816894531,36.63999938964844,314900,36.424842834472656
1/2/2019,36.25,37.43000030517578,36.25,37.15999984741211,398600,36.94179153442383
12/31/2018,37.060001373291016,37.150001525878906,36.09000015258789,36.79999923706055,216200,36.58390426635742
12/28/2018,36.52000045776367,37.349998474121094,36.130001068115234,36.939998626708984,277100,36.72308349609375
12/27/2018,35.650001525878906,36.27000045776367,35.06700134277344,36.2599983215332,185300,36.04707336425781
12/26/2018,34.81999969482422,36.220001220703125,34.349998474121094,36.18000030517578,219900,35.96754837036133
12/24/2018,35,35.31999969482422,34.314998626708984,34.7599983215332,217400,34.55588150024414
12/21/2018,35.08000183105469,35.7400016784668,34.77000045776367,34.9900016784668,640700,34.7845344543457
12/20/2018,35.15999984741211,35.7599983215332,34.92900085449219,35.11000061035156,416800,34.903831481933594
12/19/2018,36.70000076293945,36.8849983215332,34.9900016784668,35.310001373291016,239100,35.102657318115234
12/18/2018,37.5099983215332,37.60900115966797,36.60300064086914,36.68000030517578,270800,36.4646110534668
12/17/2018,38.06999969482422,38.06999969482422,37.01499938964844,37.189998626708984,342800,36.971614837646484
12/14/2018,39.52000045776367,40.0099983215332,38.09000015258789,38.220001220703125,344200,37.995567321777344
12/13/2018,40.45000076293945,41.02000045776367,39.720001220703125,39.81999969482422,235200,39.5861701965332
12/12/2018,40.33000183105469,41.119998931884766,40.119998931884766,40.61000061035156,316900,40.37153244018555
12/11/2018,40.7599983215332,41.060001373291016,39.29999923706055,39.790000915527344,363200,39.55635070800781
12/10/2018,39.88999938964844,40.349998474121094,39.130001068115234,40.27000045776367,428200,40.033531188964844
12/7/2018,40.650001525878906,41.689998626708984,39.630001068115234,39.900001525878906,245500,39.66570281982422
12/6/2018,39.939998626708984,40.939998626708984,39.59000015258789,40.75,454500,40.510711669921875
12/4/2018,42.459999084472656,42.459999084472656,40.47999954223633,40.5099983215332,499400,40.272117614746094
12/3/2018,42.86000061035156,43.15999984741211,42.41999816894531,42.68000030517578,262600,42.429378509521484
11/30/2018,42.040000915527344,42.459999084472656,41.84000015258789,42.29999923706055,215100,42.05160903930664
11/29/2018,42.040000915527344,42.5099983215332,41.880001068115234,42.34000015258789,245400,41.822959899902344
11/28/2018,41.13999938964844,42.599998474121094,40.9900016784668,42.380001068115234,242400,41.86247634887695
11/27/2018,41.5,41.650001525878906,40.9900016784668,41.099998474121094,263000,40.59810256958008
11/26/2018,41.34000015258789,42.02000045776367,41.27000045776367,41.650001525878906,186600,41.141387939453125
11/23/2018,40.5,41.18000030517578,40.5,41,62900,40.499324798583984
11/21/2018,40.439998626708984,41.11000061035156,40.439998626708984,40.65999984741211,122100,40.163475036621094
11/20/2018,40.20000076293945,40.75,39.441001892089844,40.25,321800,39.758480072021484
11/19/2018,41.52000045776367,41.79999923706055,40.25,40.650001525878906,171700,40.153602600097656
11/16/2018,41.130001068115234,41.61000061035156,40.70000076293945,41.52000045776367,152900,41.01297378540039
11/15/2018,40.2599983215332,41.380001068115234,39.790000915527344,41.349998474121094,218000,40.84504699707031
11/14/2018,41.20000076293945,41.439998626708984,40.290000915527344,40.529998779296875,283600,40.03506088256836
11/13/2018,41.220001220703125,41.560001373291016,40.45000076293945,40.88999938964844,195200,40.39066696166992
11/12/2018,41.93000030517578,41.93000030517578,40.93000030517578,40.970001220703125,124300,40.46969223022461
11/9/2018,42.43000030517578,42.43000030517578,41.70000076293945,41.790000915527344,215600,41.27967834472656
11/8/2018,42.029998779296875,42.61000061035156,41.900001525878906,42.560001373291016,146800,42.04027557373047
11/7/2018,42.18000030517578,42.29999923706055,41.75,42.150001525878906,178400,41.635284423828125
11/6/2018,40.90999984741211,42.06999969482422,40.709999084472656,42,192700,41.48711395263672
11/5/2018,41.099998474121094,41.68000030517578,40.2599983215332,41.06999969482422,193900,40.5684700012207
11/2/2018,42.61000061035156,42.66999816894531,41,41.08000183105469,247100,40.57835006713867
11/1/2018,41.4900016784668,42.43000030517578,41.09000015258789,42.220001220703125,197100,41.70442581176758
10/31/2018,41.83000183105469,42.189998626708984,41.06999969482422,41.18000030517578,443100,40.677127838134766
10/30/2018,40.02000045776367,41.34000015258789,39.7599983215332,41.310001373291016,274400,40.8055419921875
10/29/2018,39.93000030517578,40.630001068115234,39.349998474121094,39.939998626708984,205600,39.452266693115234
10/26/2018,40.79999923706055,42.97999954223633,39.38999938964844,39.400001525878906,564900,38.91886520385742
10/25/2018,39.290000915527344,39.715999603271484,38.849998474121094,39.08000183105469,666100,38.6027717590332
10/24/2018,41,41.130001068115234,39.13999938964844,39.209999084472656,413200,38.73118209838867
10/23/2018,41.119998931884766,41.415000915527344,39.90999984741211,41.08000183105469,332900,40.57835006713867
10/22/2018,42.04999923706055,42.31999969482422,41.7400016784668,41.81999969482422,164900,41.30931091308594
10/19/2018,42.40999984741211,42.459999084472656,41.83000183105469,41.91999816894531,206600,41.40808868408203
10/18/2018,43.31999969482422,43.41999816894531,42.27399826049805,42.40999984741211,121600,41.89210510253906
10/17/2018,43.61000061035156,44.06999969482422,42.779998779296875,43.5,142000,42.96879577636719
10/16/2018,43.029998779296875,43.779998779296875,42.58000183105469,43.7400016784668,124300,43.20586395263672
10/15/2018,42.36000061035156,43.09000015258789,42.279998779296875,42.810001373291016,178100,42.28722381591797
10/12/2018,42.56999969482422,42.77000045776367,41.88999938964844,42.470001220703125,239300,41.95137405395508
10/11/2018,42.90999984741211,43.2599983215332,41.97999954223633,42.029998779296875,301400,41.51674270629883
10/10/2018,43.900001525878906,44.189998626708984,43.13999938964844,43.150001525878906,386900,42.623069763183594
10/9/2018,43.119998931884766,44.02000045776367,43.0099983215332,43.959999084472656,224900,43.42317581176758
10/8/2018,43.75,43.90999984741211,42.66999816894531,43.31999969482422,297200,42.790992736816406
10/5/2018,44.369998931884766,44.51100158691406,43.529998779296875,44.040000915527344,259400,43.502201080322266
10/4/2018,44.5,44.849998474121094,44.189998626708984,44.22999954223633,252200,43.68988037109375
10/3/2018,44.900001525878906,44.900001525878906,44.08000183105469,44.47999954223633,184900,43.93682861328125
10/2/2018,45,45.06700134277344,44.540000915527344,44.70000076293945,154400,44.15414047241211
10/1/2018,45.11000061035156,45.45000076293945,44.81999969482422,45.13999938964844,159000,44.588768005371094
9/28/2018,44.93000030517578,45.38999938964844,44.68000030517578,44.93000030517578,218900,44.38133239746094
9/27/2018,45.4900016784668,45.7599983215332,45.2400016784668,45.2599983215332,151700,44.707298278808594
9/26/2018,46.11000061035156,46.459999084472656,45.47999954223633,45.4900016784668,293700,44.93449401855469
9/25/2018,46.130001068115234,46.45399856567383,45.95000076293945,46.11000061035156,198700,45.54692459106445
9/24/2018,46.40999984741211,46.40999984741211,45.900001525878906,46.11000061035156,174800,45.54692459106445
9/21/2018,46.5,47.040000915527344,46.28499984741211,46.56999969482422,640700,46.001304626464844
9/20/2018,46.5,46.7400016784668,46.0099983215332,46.349998474121094,193800,45.78398895263672
9/19/2018,46.060001373291016,46.5,45.97999954223633,46.31999969482422,151000,45.75436019897461
9/18/2018,46.869998931884766,46.869998931884766,45.959999084472656,46.20000076293945,162000,45.63582229614258
9/17/2018,47.380001068115234,47.45000076293945,46.41999816894531,46.58000183105469,160000,46.01118469238281
9/14/2018,46.93000030517578,47.79999923706055,46.93000030517578,47.38999938964844,213100,46.81129455566406
9/13/2018,46.36000061035156,47.08000183105469,46.34000015258789,47.04999923706055,259600,46.47544479370117
9/12/2018,45.95000076293945,46.52000045776367,45.5099983215332,46.38999938964844,431800,45.82350540161133
9/11/2018,45.77000045776367,46.349998474121094,45.63999938964844,46.0099983215332,184200,45.448143005371094
9/10/2018,46.04999923706055,46.380001068115234,45.30799865722656,45.93000030517578,348300,45.36912155151367
9/7/2018,46.34000015258789,46.34000015258789,45.540000915527344,45.869998931884766,213000,45.309852600097656
9/6/2018,46.79999923706055,47.099998474121094,46.27000045776367,46.40999984741211,171400,45.843257904052734
9/5/2018,46.93000030517578,47.189998626708984,46.5,46.720001220703125,209900,46.14947509765625
9/4/2018,46.75,47.34000015258789,46.650001525878906,47,203900,46.426055908203125
8/31/2018,46.849998474121094,47.29999923706055,46.61000061035156,47.029998779296875,187800,46.4556884765625
8/30/2018,47.189998626708984,47.56999969482422,46.880001068115234,47.060001373291016,114300,46.485321044921875
8/29/2018,47.56999969482422,47.56999969482422,46.849998474121094,47.27000045776367,121400,46.426055908203125
8/28/2018,47.79999923706055,47.93000030517578,47.2599983215332,47.369998931884766,136600,46.524269104003906
8/27/2018,47.58000183105469,48.159000396728516,47.470001220703125,47.63999938964844,199700,46.78944778442383
8/24/2018,47.41999816894531,47.65999984741211,47.25,47.31999969482422,208700,46.47515869140625
8/23/2018,47.56999969482422,47.68000030517578,46.849998474121094,47.279998779296875,168400,46.435874938964844
8/22/2018,47.849998474121094,48.380001068115234,47.40999984741211,47.599998474121094,303100,46.75016403198242
8/21/2018,47.36000061035156,48,47.32500076293945,47.779998779296875,277900,46.92694854736328
8/20/2018,48,48.529998779296875,47.27000045776367,47.470001220703125,301900,46.62248229980469
8/17/2018,47.869998931884766,48.25,47.69499969482422,47.939998626708984,137800,47.0840950012207
8/16/2018,48.08000183105469,48.650001525878906,47.77000045776367,48,205200,47.14302444458008
8/15/2018,48.15999984741211,48.790000915527344,47.31999969482422,47.70000076293945,331900,46.8483772277832
8/14/2018,48.04999923706055,48.65999984741211,47.54999923706055,48.45000076293945,303000,47.58498764038086
8/13/2018,48.279998779296875,48.709999084472656,47.52000045776367,47.84000015258789,322200,46.985877990722656
8/10/2018,47.56999969482422,48.619998931884766,47.15999984741211,48.209999084472656,414500,47.349273681640625
8/9/2018,47.959999084472656,48.119998931884766,47.38999938964844,47.90999984741211,298500,47.05462646484375
8/8/2018,47.540000915527344,48.040000915527344,47.415000915527344,47.880001068115234,259800,47.02516555786133
8/7/2018,48.029998779296875,48.560001373291016,47.5,47.70000076293945,240200,46.8483772277832
8/6/2018,47.849998474121094,48.595001220703125,47.68000030517578,47.91999816894531,277000,47.064449310302734
8/3/2018,48.63999938964844,49.18000030517578,47.91999816894531,47.97999954223633,275900,47.12337875366211
8/2/2018,48.72999954223633,49.310001373291016,48.41999816894531,48.65999984741211,913600,47.79124069213867
8/1/2018,49.15999984741211,49.41999816894531,48.345001220703125,49.02000045776367,369700,48.14480972290039
7/31/2018,48.529998779296875,49.185001373291016,48.16999816894531,49.15999984741211,414800,48.28231430053711
7/30/2018,48.95000076293945,49.36000061035156,47.689998626708984,48.400001525878906,430700,47.535884857177734
7/27/2018,51.04999923706055,51.13999938964844,48.66999816894531,49.13999938964844,955400,48.26266860961914
7/26/2018,52.66999816894531,52.93000030517578,52.16999816894531,52.709999084472656,167400,51.76892852783203
7/25/2018,53.11000061035156,53.13999938964844,52.1349983215332,52.599998474121094,144000,51.66089630126953
7/24/2018,53.13999938964844,53.20000076293945,52.540000915527344,52.79999923706055,122400,51.857322692871094
7/23/2018,51.939998626708984,53,51.91999816894531,52.88999938964844,144000,51.945716857910156
7/20/2018,51.86000061035156,52.064998626708984,51.709999084472656,51.939998626708984,107600,51.012672424316406
7/19/2018,52.04999923706055,52.08000183105469,51.650001525878906,51.849998474121094,119500,50.92428207397461
7/18/2018,51.20000076293945,52.18000030517578,51.18000030517578,52.15999984741211,125400,51.22875213623047
7/17/2018,51.36000061035156,51.5099983215332,51,51.13999938964844,139900,50.226959228515625
7/16/2018,50.720001220703125,51.439998626708984,50.70000076293945,51.349998474121094,102200,50.43321228027344
7/13/2018,50.66999816894531,50.90999984741211,50.20500183105469,50.650001525878906,134700,49.74571228027344
7/12/2018,51.099998474121094,51.099998474121094,50.119998931884766,50.70000076293945,145600,49.79481506347656
7/11/2018,50.75,50.86000061035156,50.29999923706055,50.630001068115234,213400,49.72606658935547
7/10/2018,51.70000076293945,51.70000076293945,50.709999084472656,50.880001068115234,145700,49.97160339355469
7/9/2018,51,51.56999969482422,50.790000915527344,51.560001373291016,280600,50.639461517333984
7/6/2018,50.86000061035156,51.130001068115234,50.560001373291016,50.880001068115234,199600,49.97160339355469
7/5/2018,51.470001220703125,51.470001220703125,50,50.810001373291016,197800,49.902854919433594
7/3/2018,51.77000045776367,51.77000045776367,51.08000183105469,51.189998626708984,96100,50.27606964111328
7/2/2018,51,51.52000045776367,50.630001068115234,51.400001525878906,315900,50.482322692871094
6/29/2018,51.66999816894531,51.779998779296875,51.150001525878906,51.220001220703125,363200,50.30553436279297
6/28/2018,51,51.709999084472656,50.90999984741211,51.43000030517578,373200,50.51178741455078
6/27/2018,51.959999084472656,52.029998779296875,51.04999923706055,51.11000061035156,582700,50.1974983215332
6/26/2018,51.459999084472656,52.04999923706055,51.31999969482422,51.9900016784668,277300,51.061790466308594
6/25/2018,52.369998931884766,52.369998931884766,51.2400016784668,51.47999954223633,634900,50.560890197753906
6/22/2018,52.06999969482422,52.5099983215332,51.68000030517578,52.43000030517578,919200,51.49393081665039
6/21/2018,52.290000915527344,52.380001068115234,51.09000015258789,51.86000061035156,483000,50.93410873413086
6/20/2018,52.06999969482422,52.86000061035156,52.06999969482422,52.52000045776367,246400,51.58232498168945
6/19/2018,51.47999954223633,51.939998626708984,51.28499984741211,51.86000061035156,201600,50.93410873413086
6/18/2018,50.459999084472656,52,50.459999084472656,51.90999984741211,304300,50.98321533203125
6/15/2018,50.38999938964844,50.95000076293945,50.189998626708984,50.779998779296875,338100,49.87338638305664
6/14/2018,50.09000015258789,50.7599983215332,49.540000915527344,50.72999954223633,258400,49.824283599853516
6/13/2018,50.20000076293945,50.720001220703125,50.0099983215332,50.029998779296875,486900,49.13677978515625
6/12/2018,50.060001373291016,50.5099983215332,49.7599983215332,50.0099983215332,212200,49.117130279541016
6/11/2018,50.400001525878906,50.91999816894531,50.119998931884766,50.13999938964844,290300,49.244815826416016
6/8/2018,49.63999938964844,50.33000183105469,49.4900016784668,50.22999954223633,339200,49.33320999145508
6/7/2018,50.150001525878906,50.2400016784668,49.2599983215332,49.52000045776367,221400,48.635887145996094
6/6/2018,49.45000076293945,50.25,49.45000076293945,50.06999969482422,551500,49.176063537597656
6/5/2018,49.130001068115234,49.54499816894531,48.66999816894531,49.36000061035156,234500,48.47874069213867
6/4/2018,48.90999984741211,49.349998474121094,48.7400016784668,49.099998474121094,468700,48.22338104248047
6/1/2018,48.900001525878906,49.4900016784668,48.560001373291016,48.599998474121094,634900,47.73230743408203
5/31/2018,49.5,49.54999923706055,48.560001373291016,48.88999938964844,1806200,47.751949310302734
5/30/2018,49.90999984741211,50.38999938964844,49.11000061035156,49.150001525878906,480100,48.00590133666992
5/29/2018,49.689998626708984,50.185001373291016,48.91999816894531,49.5,374200,48.34775161743164
5/25/2018,49.65999984741211,50.209999084472656,49.439998626708984,50.150001525878906,98800,48.98262405395508
5/24/2018,49.939998626708984,50.470001220703125,49.220001220703125,49.810001373291016,104000,48.650535583496094
5/23/2018,50.290000915527344,50.31999969482422,49.70000076293945,50.15999984741211,141700,48.99238967895508
5/22/2018,49.5,50.81999969482422,48.849998474121094,50.22999954223633,171700,49.060760498046875
5/21/2018,48.65999984741211,49.439998626708984,48.65999984741211,49.400001525878906,102400,48.25008010864258
5/18/2018,49.02000045776367,49.02000045776367,48.47999954223633,48.4900016784668,197700,47.361263275146484
5/17/2018,48.880001068115234,49.16999816894531,48.689998626708984,48.86000061035156,270400,47.72264862060547
5/16/2018,49.52000045776367,49.76499938964844,48.65999984741211,48.86000061035156,203800,47.72264862060547
5/15/2018,48.38999938964844,49.66299819946289,48.38999938964844,49.439998626708984,366200,48.28915023803711
5/14/2018,49,49.47999954223633,48.290000915527344,48.599998474121094,232200,47.46870422363281
5/11/2018,48.90999984741211,49.83000183105469,48.439998626708984,48.88999938964844,271300,47.751949310302734
5/10/2018,48.91999816894531,50.7400016784668,48,49.16999816894531,442300,48.02543258666992
5/9/2018,46.790000915527344,47.27000045776367,46.18000030517578,47.220001220703125,168200,46.12082290649414
5/8/2018,45.779998779296875,47.060001373291016,45.779998779296875,46.70000076293945,155500,45.61293029785156
5/7/2018,45.36000061035156,46.25,45.060001373291016,46.040000915527344,144500,44.96829605102539
5/4/2018,44.31999969482422,45.56999969482422,44.06999969482422,45.279998779296875,90000,44.225982666015625
5/3/2018,44.16999816894531,44.599998474121094,43.599998474121094,44.45000076293945,98400,43.415306091308594
5/2/2018,44.90999984741211,44.91999816894531,44.09000015258789,44.2599983215332,144000,43.2297248840332
5/1/2018,44.400001525878906,45.0099983215332,44.13999938964844,44.959999084472656,132700,43.913429260253906
4/30/2018,44.45000076293945,44.900001525878906,44.13999938964844,44.5,177100,43.464141845703125
4/27/2018,44.599998474121094,44.7599983215332,44.040000915527344,44.36000061035156,117700,43.3274040222168
4/26/2018,43.91999816894531,44.66999816894531,43.86000061035156,44.630001068115234,125800,43.59111785888672
4/25/2018,44.27000045776367,44.41999816894531,43.5099983215332,43.79999923706055,166100,42.780433654785156
4/24/2018,45.29999923706055,45.56999969482422,44.18000030517578,44.459999084472656,150800,43.42507553100586
4/23/2018,45.279998779296875,45.7239990234375,44.95000076293945,45.150001525878906,105700,44.09901428222656
4/20/2018,45.43000030517578,45.68000030517578,45.20000076293945,45.27000045776367,163500,44.21622085571289
4/19/2018,45.279998779296875,45.77000045776367,45.279998779296875,45.5,96600,44.44086837768555
4/18/2018,45.70000076293945,45.7599983215332,45.189998626708984,45.20000076293945,166100,44.147850036621094
4/17/2018,45.25,45.70000076293945,45.08000183105469,45.52000045776367,191300,44.46039962768555
4/16/2018,44.88999938964844,45.36000061035156,44.72999954223633,44.93000030517578,135200,43.88412857055664
4/13/2018,45.209999084472656,45.209999084472656,44.46500015258789,44.54999923706055,121700,43.512977600097656
4/12/2018,44.7400016784668,45.130001068115234,44.400001525878906,44.900001525878906,102000,43.85483169555664
4/11/2018,43.97999954223633,44.959999084472656,43.91999816894531,44.689998626708984,197500,43.64971923828125
4/10/2018,44.290000915527344,44.54999923706055,43.91999816894531,44.22999954223633,146300,43.2004280090332
4/9/2018,43.959999084472656,44.43000030517578,43.599998474121094,43.72999954223633,132200,42.71206283569336
4/6/2018,44.470001220703125,44.91999816894531,43.22999954223633,43.56999969482422,182800,42.555789947509766
4/5/2018,45,45.5,44.63999938964844,45.0099983215332,213900,43.9622688293457
4/4/2018,43.099998474121094,44.41999816894531,43.099998474121094,44.18000030517578,280600,43.15159225463867
4/3/2018,44.060001373291016,44.34000015258789,43.4900016784668,44.08000183105469,178200,43.05392074584961
4/2/2018,44.400001525878906,44.71500015258789,43.38999938964844,43.650001525878906,248500,42.63393020629883
3/29/2018,43.97999954223633,45.02000045776367,43.790000915527344,44.599998474121094,244200,43.56181335449219
3/28/2018,43.900001525878906,44.189998626708984,43.220001220703125,43.599998474121094,307300,42.5850944519043
3/27/2018,45.04999923706055,45.224998474121094,43.52000045776367,43.75,209700,42.73160171508789
3/26/2018,44.4900016784668,45.27000045776367,44.220001220703125,45.119998931884766,242100,44.069705963134766
3/23/2018,45.59000015258789,45.59000015258789,43.86000061035156,43.880001068115234,451900,42.858577728271484
3/22/2018,47.099998474121094,47.47999954223633,45.47999954223633,45.4900016784668,263900,44.43109893798828
3/21/2018,47.36000061035156,47.869998931884766,46.915000915527344,47.5,191800,46.394309997558594
3/20/2018,47.459999084472656,47.779998779296875,47.15999984741211,47.529998779296875,253600,46.42361068725586
3/19/2018,47.470001220703125,47.790000915527344,46.91999816894531,47.459999084472656,231100,46.35523986816406
3/16/2018,46.95000076293945,47.58000183105469,46.82500076293945,47.40999984741211,532400,46.30640411376953
3/15/2018,48.06999969482422,48.220001220703125,46.95000076293945,47.06999969482422,267100,45.97431945800781
3/14/2018,47.5,48.06999969482422,47.18000030517578,47.88999938964844,417200,46.775230407714844
3/13/2018,46.97999954223633,47.689998626708984,46.36000061035156,47.439998626708984,3164300,46.33570861816406
3/12/2018,48,48.95000076293945,48,48.380001068115234,291100,47.25382614135742
3/9/2018,46.5,48.18000030517578,46.060001373291016,48.16999816894531,186500,47.048709869384766
3/8/2018,46.02000045776367,46.439998626708984,45.70000076293945,46.29999923706055,149600,45.22224044799805
3/7/2018,45.630001068115234,46.165000915527344,45.630001068115234,46.02000045776367,191700,44.948760986328125
3/6/2018,46,46.11000061035156,45.29999923706055,46,150200,44.929222106933594
3/5/2018,45.02000045776367,45.97999954223633,44.83000183105469,45.70000076293945,181600,44.636207580566406
3/2/2018,45.099998474121094,45.59000015258789,44.7599983215332,45.400001525878906,193100,44.34319305419922
3/1/2018,46.08000183105469,46.1619987487793,44.755001068115234,45.38999938964844,198400,44.33341979980469
2/28/2018,46.66999816894531,47.13999938964844,46.33000183105469,46.41999816894531,165100,45.14410400390625
2/27/2018,47.310001373291016,47.880001068115234,46.58000183105469,46.59000015258789,128500,45.30943298339844
2/26/2018,46.720001220703125,47.84000015258789,46.52000045776367,47.36000061035156,193700,46.05826950073242
2/23/2018,46.369998931884766,46.65999984741211,46.11000061035156,46.59000015258789,135700,45.30943298339844
2/22/2018,46.540000915527344,47.119998931884766,46.1150016784668,46.279998779296875,225400,45.00794982910156
2/21/2018,46.72999954223633,47.400001525878906,46.380001068115234,46.40999984741211,198800,45.134376525878906
2/20/2018,45.959999084472656,47.06999969482422,45.91999816894531,46.47999954223633,214600,45.20245361328125
2/16/2018,46.0099983215332,46.7599983215332,46.0099983215332,46.15999984741211,222100,44.89125061035156
2/15/2018,47.38999938964844,47.404998779296875,45.790000915527344,46.279998779296875,335300,45.00794982910156
2/14/2018,46.93000030517578,47.56999969482422,46.93000030517578,47,415300,45.70816421508789
2/13/2018,46.310001373291016,47.32899856567383,46.310001373291016,47.08000183105469,249900,45.78596878051758
2/12/2018,45.90999984741211,46.83000183105469,45.52000045776367,46.45000076293945,208400,45.173282623291016
2/9/2018,46.709999084472656,46.790000915527344,44.83000183105469,45.869998931884766,301000,44.609222412109375
2/8/2018,47.119998931884766,47.13999938964844,46.060001373291016,46.060001373291016,278500,44.79399871826172
2/7/2018,45.54999923706055,47.27000045776367,45.54999923706055,47.04999923706055,270400,45.75679016113281
2/6/2018,44.099998474121094,45.84000015258789,43.72999954223633,45.709999084472656,396800,44.45362091064453
2/5/2018,46.560001373291016,47.4010009765625,44.77000045776367,45.08000183105469,275400,43.840938568115234
2/2/2018,47.95000076293945,48.040000915527344,46.86800003051758,47.34000015258789,201400,46.038818359375
2/1/2018,47.58000183105469,48.33000183105469,46.689998626708984,48.290000915527344,330400,46.96270751953125
1/31/2018,50.040000915527344,50.040000915527344,47.41999816894531,47.70000076293945,348200,46.38892364501953
1/30/2018,51.599998474121094,52.810001373291016,49.2400016784668,49.869998931884766,539700,48.4992790222168
1/29/2018,51.33000183105469,51.5,50.849998474121094,51.06999969482422,263300,49.66629409790039
1/26/2018,51.349998474121094,51.400001525878906,50.709999084472656,51.31999969482422,288000,49.909423828125
1/25/2018,51.790000915527344,51.790000915527344,50.779998779296875,50.959999084472656,250700,49.55931854248047
1/24/2018,51.150001525878906,51.630001068115234,51,51.54999923706055,139300,50.13310241699219
1/23/2018,51.15999984741211,51.349998474121094,50.779998779296875,51.099998474121094,112700,49.695472717285156
1/22/2018,50.380001068115234,51.040000915527344,50.380001068115234,50.900001525878906,145400,49.50096893310547
1/19/2018,50.150001525878906,50.689998626708984,50.150001525878906,50.5,200300,49.111961364746094
1/18/2018,50.25,50.4900016784668,50.08000183105469,50.25,166600,48.868831634521484
1/17/2018,50.13999938964844,50.2599983215332,49.65999984741211,50.220001220703125,220800,48.83966064453125
1/16/2018,51,51.45000076293945,50.08000183105469,50.13999938964844,248600,48.76185607910156
1/12/2018,49.7400016784668,50.709999084472656,49.709999084472656,50.25,304700,48.868831634521484
1/11/2018,48.90999984741211,49.630001068115234,48.5,49.619998931884766,210300,48.25615310668945
1/10/2018,48.25,49.183998107910156,48.06999969482422,48.72999954223633,253300,47.39061737060547
1/9/2018,47.119998931884766,48.459999084472656,47.04999923706055,48.06999969482422,276700,46.748756408691406
1/8/2018,45.900001525878906,46.9900016784668,45.52000045776367,46.880001068115234,211200,45.591461181640625
1/5/2018,46.290000915527344,46.310001373291016,45.630001068115234,45.70000076293945,121600,44.44389343261719
1/4/2018,46.099998474121094,46.380001068115234,45.900001525878906,46.13999938964844,149600,44.871803283691406
1/3/2018,45.93000030517578,46.22999954223633,45.68000030517578,45.849998474121094,120500,44.58977508544922
1/2/2018,45.56999969482422,45.79999923706055,45.21500015258789,45.790000915527344,190500,44.53142166137695
12/29/2017,45.66999816894531,45.66999816894531,45.189998626708984,45.43000030517578,145300,44.18132019042969
12/28/2017,45.33000183105469,45.75,45.119998931884766,45.75,136100,44.49251937866211
12/27/2017,45.779998779296875,46.060001373291016,45.18000030517578,45.36000061035156,186000,44.11323928833008
12/26/2017,45.9900016784668,46.70000076293945,45.349998474121094,45.779998779296875,95200,44.521697998046875
12/22/2017,45.90999984741211,45.90999984741211,45.31999969482422,45.84000015258789,155700,44.580047607421875
12/21/2017,45.380001068115234,45.720001220703125,44.63999938964844,45.470001220703125,123200,44.220218658447266
12/20/2017,45.45000076293945,45.45000076293945,44.79999923706055,45.09000015258789,124700,43.85065841674805
12/19/2017,45.630001068115234,45.858001708984375,45,45.279998779296875,107200,44.035438537597656
12/18/2017,46.33000183105469,46.9900016784668,45.45000076293945,45.63999938964844,157100,44.38554000854492
12/15/2017,45.5099983215332,46.209999084472656,44.880001068115234,46.02000045776367,605800,44.75510025024414
12/14/2017,45.61000061035156,46.02000045776367,45.11000061035156,45.470001220703125,238200,44.220218658447266
12/13/2017,45.45000076293945,46.29999923706055,45.33000183105469,45.5099983215332,320100,44.25911331176758
12/12/2017,45.119998931884766,45.86000061035156,45.055999755859375,45.52000045776367,175600,44.26884460449219
12/11/2017,44.869998931884766,45.29999923706055,44.470001220703125,45.060001373291016,217800,43.82148742675781
12/8/2017,44.439998626708984,44.849998474121094,44.06999969482422,44.790000915527344,87200,43.55890655517578
12/7/2017,43.83000183105469,44.39500045776367,43.83000183105469,44.2599983215332,99900,43.04347229003906
12/6/2017,43.97999954223633,44.33000183105469,43.689998626708984,43.90999984741211,156400,42.70309066772461
12/5/2017,44.86000061035156,45.138999938964844,44.17100143432617,44.20000076293945,126700,42.98512649536133
12/4/2017,44.5099983215332,44.88999938964844,44.40999984741211,44.84000015258789,155400,43.6075325012207
12/1/2017,44.4900016784668,44.4900016784668,42.810001373291016,43.970001220703125,145600,42.76144790649414
11/30/2017,44.650001525878906,44.90999984741211,44.369998931884766,44.63999938964844,234200,43.21852493286133
11/29/2017,44.349998474121094,45.119998931884766,44.220001220703125,44.400001525878906,126100,42.98617172241211
11/28/2017,44.02000045776367,44.310001373291016,43.599998474121094,44.27000045776367,116200,42.86030960083008
11/27/2017,44.310001373291016,44.380001068115234,43.75,43.849998474121094,152900,42.45368576049805
11/24/2017,44.130001068115234,44.4900016784668,43.95000076293945,44.310001373291016,77900,42.89904022216797
11/22/2017,44.36000061035156,44.38999938964844,43.880001068115234,43.9900016784668,122700,42.5892219543457
11/21/2017,43.599998474121094,44.43000030517578,43.43000030517578,44.189998626708984,140000,42.78285217285156
11/20/2017,42.4900016784668,43.56999969482422,42.4900016784668,43.41999816894531,220500,42.037376403808594
11/17/2017,42.130001068115234,42.665000915527344,42.130001068115234,42.40999984741211,258000,41.059532165527344
11/16/2017,42.5,42.650001525878906,42.27000045776367,42.369998931884766,157400,41.020809173583984
11/15/2017,42.13999938964844,42.459999084472656,41.83000183105469,42.400001525878906,196700,41.04985809326172
11/14/2017,41.880001068115234,42.380001068115234,41.779998779296875,42.380001068115234,245900,41.030494689941406
11/13/2017,41.7400016784668,42.900001525878906,41.529998779296875,42.09000015258789,344200,40.74972915649414
11/10/2017,41.79999923706055,41.95000076293945,41.68000030517578,41.779998779296875,206100,40.4495964050293
11/9/2017,41.459999084472656,41.77000045776367,41.29999923706055,41.66999816894531,361300,40.34309768676758
11/8/2017,41.040000915527344,41.709999084472656,40.689998626708984,41.68000030517578,287400,40.352783203125
11/7/2017,41.779998779296875,41.849998474121094,40.869998931884766,40.900001525878906,150100,39.59762191772461
11/6/2017,41.380001068115234,41.790000915527344,41.33000183105469,41.560001373291016,133700,40.23660659790039
11/3/2017,41.650001525878906,41.650001525878906,41.27000045776367,41.43000030517578,200000,40.11074447631836
11/2/2017,41.779998779296875,41.95000076293945,41.47999954223633,41.630001068115234,175300,40.30437469482422
11/1/2017,41.630001068115234,41.95000076293945,41.41999816894531,41.779998779296875,393700,40.4495964050293
10/31/2017,41.5099983215332,41.90999984741211,41.150001525878906,41.630001068115234,454200,40.30437469482422
10/30/2017,41.790000915527344,42.15999984741211,41.15999984741211,41.279998779296875,568300,39.96551513671875
10/27/2017,41.29999923706055,41.869998931884766,41.11000061035156,41.72999954223633,297900,40.40119171142578
10/26/2017,41.59000015258789,41.68000030517578,40.689998626708984,41.33000183105469,2091600,40.0139274597168
10/25/2017,44.150001525878906,44.150001525878906,42.59000015258789,43.369998931884766,578900,41.98896789550781
10/24/2017,41.56999969482422,42.119998931884766,41.209999084472656,41.91999816894531,246300,40.585140228271484
10/23/2017,41.59000015258789,41.59000015258789,41.119998931884766,41.5099983215332,225700,40.188194274902344
10/20/2017,41.779998779296875,41.779998779296875,41.369998931884766,41.560001373291016,138400,40.23660659790039
10/19/2017,41.209999084472656,41.47999954223633,40.814998626708984,41.380001068115234,175400,40.06233215332031
10/18/2017,40.599998474121094,41.470001220703125,40.57600021362305,41.349998474121094,191000,40.033287048339844
10/17/2017,40.52000045776367,40.56999969482422,40.2400016784668,40.47999954223633,201700,39.19099426269531
10/16/2017,40,40.630001068115234,39.970001220703125,40.470001220703125,156400,39.18131637573242
10/13/2017,39.939998626708984,40.029998779296875,39.599998474121094,39.959999084472656,150200,38.68754959106445
10/12/2017,39.45000076293945,40.02000045776367,39.380001068115234,39.88999938964844,158800,38.619781494140625
10/11/2017,39.31999969482422,39.89500045776367,39.04999923706055,39.41999816894531,174400,38.16474914550781
10/10/2017,39.439998626708984,39.439998626708984,39.04999923706055,39.25,115200,38.000160217285156
10/9/2017,39.5,39.689998626708984,39.150001525878906,39.290000915527344,214000,38.03888702392578
10/6/2017,40.15999984741211,40.349998474121094,39.40999984741211,39.40999984741211,226700,38.15506362915039
10/5/2017,40.279998779296875,40.630001068115234,40.15999984741211,40.33000183105469,89400,39.04576873779297
10/4/2017,40.130001068115234,40.5,39.83000183105469,40.22999954223633,129400,38.948951721191406
10/3/2017,39.52000045776367,40.209999084472656,39.41999816894531,40.060001373291016,207500,38.784366607666016
10/2/2017,39.15999984741211,39.459999084472656,38.88999938964844,39.45000076293945,123000,38.193790435791016
9/29/2017,39.06999969482422,39.3650016784668,38.86000061035156,39.130001068115234,163000,37.88397979736328
9/28/2017,38.5099983215332,39.34000015258789,38.150001525878906,39.310001373291016,208000,38.05825424194336
9/27/2017,38.150001525878906,38.59000015258789,37.7599983215332,38.54999923706055,198600,37.32244873046875
9/26/2017,37.66999816894531,37.7400016784668,37.33000183105469,37.56999969482422,157100,36.3736572265625
9/25/2017,38,38.09000015258789,37.3650016784668,37.5099983215332,108200,36.3155632019043
9/22/2017,38.25,38.33000183105469,37.7599983215332,38.06999969482422,143800,36.857730865478516
9/21/2017,37.720001220703125,38.439998626708984,37.720001220703125,38.279998779296875,185800,37.0610466003418
9/20/2017,37.5099983215332,37.849998474121094,37.16999816894531,37.72999954223633,191000,36.528564453125
9/19/2017,36.95000076293945,37.540000915527344,36.869998931884766,37.5,230100,36.30588912963867
9/18/2017,36.439998626708984,37.11000061035156,36.439998626708984,37.040000915527344,145200,35.860538482666016
9/15/2017,36.43000030517578,36.56999969482422,35.9900016784668,36.369998931884766,680400,35.21186447143555
9/14/2017,36.4900016784668,36.75,36.380001068115234,36.47999954223633,432400,35.31836700439453
9/13/2017,36.970001220703125,36.97999954223633,36.29999923706055,36.470001220703125,244000,35.308685302734375
9/12/2017,36.0099983215332,37.0099983215332,35.97999954223633,36.939998626708984,857500,35.76371383666992
9/11/2017,36.290000915527344,36.290000915527344,35.97999954223633,36.099998474121094,242000,34.95046615600586
9/8/2017,35.72999954223633,35.9900016784668,35.720001220703125,35.84000015258789,234600,34.6987419128418
9/7/2017,35.599998474121094,35.689998626708984,35.150001525878906,35.68000030517578,296900,34.54383850097656
9/6/2017,35.79999923706055,35.97999954223633,35.58000183105469,35.689998626708984,254100,34.55352020263672
9/5/2017,36.209999084472656,36.2599983215332,35.560001373291016,35.70000076293945,288300,34.56319808959961
9/1/2017,35.970001220703125,36.36000061035156,35.970001220703125,36.27000045776367,131000,35.115055084228516
8/31/2017,35.95000076293945,36.04999923706055,35.720001220703125,36.04999923706055,174900,34.90205764770508
8/30/2017,35.470001220703125,35.90999984741211,35.470001220703125,35.790000915527344,192100,34.65034103393555
8/29/2017,35.970001220703125,36.09000015258789,35.59000015258789,35.66999816894531,200700,34.34052658081055
8/28/2017,36.220001220703125,36.36000061035156,35.85499954223633,36.13999938964844,745900,34.79300308227539
8/25/2017,36,36.2400016784668,35.75,36.209999084472656,150700,34.86039733886719
8/24/2017,35.86000061035156,36.119998931884766,35.619998931884766,35.9900016784668,144700,34.64860153198242
8/23/2017,35.400001525878906,35.81999969482422,35.349998474121094,35.689998626708984,155400,34.359779357910156
8/22/2017,35.790000915527344,35.88999938964844,35.470001220703125,35.540000915527344,137000,34.215370178222656
8/21/2017,35.38999938964844,35.73500061035156,35.1349983215332,35.709999084472656,165300,34.379032135009766
8/18/2017,34.56999969482422,35.52000045776367,34.40999984741211,35.4900016784668,203800,34.167236328125
8/17/2017,35.33000183105469,35.650001525878906,34.849998474121094,34.86000061035156,163800,33.56071853637695
8/16/2017,35.560001373291016,35.63999938964844,35.290000915527344,35.43000030517578,119200,34.109474182128906
8/15/2017,36.45000076293945,36.599998474121094,35.380001068115234,35.400001525878906,139400,34.08059310913086
8/14/2017,35.099998474121094,36.349998474121094,35.099998474121094,36.29999923706055,292800,34.94704818725586
8/11/2017,35.0099983215332,35.38999938964844,34.77000045776367,35.099998474121094,225500,33.79176712036133
8/10/2017,35.040000915527344,35.22200012207031,34.79999923706055,34.880001068115234,157600,33.57997512817383
8/9/2017,35.61000061035156,35.75,35.18000030517578,35.36000061035156,152700,34.04207992553711
8/8/2017,35.880001068115234,36.29999923706055,35.7599983215332,35.790000915527344,98600,34.45606231689453
8/7/2017,36.5099983215332,36.5099983215332,35.779998779296875,36.04999923706055,100800,34.706363677978516
8/4/2017,36.560001373291016,36.560001373291016,36.189998626708984,36.38999938964844,85600,35.033687591552734
8/3/2017,36.689998626708984,36.75,36.119998931884766,36.27000045776367,158000,34.91816711425781
8/2/2017,37.189998626708984,37.45000076293945,36.529998779296875,36.630001068115234,116300,35.264747619628906
8/1/2017,37.38999938964844,37.573001861572266,36.959999084472656,37.209999084472656,144900,35.8231315612793
7/31/2017,37.099998474121094,37.380001068115234,37.02000045776367,37.18000030517578,170400,35.794246673583984
7/28/2017,37.70000076293945,38.040000915527344,37.13999938964844,37.13999938964844,174400,35.7557373046875
7/27/2017,38.630001068115234,38.76499938964844,37.5099983215332,37.68000030517578,752500,36.27561569213867
7/26/2017,38.90999984741211,39.68000030517578,38.2599983215332,38.599998474121094,434400,37.16132354736328
7/25/2017,36.880001068115234,38.08000183105469,36.779998779296875,37.939998626708984,197100,36.52592086791992
7/24/2017,36.869998931884766,37.319000244140625,36.56999969482422,36.7400016784668,157400,35.37064743041992
7/21/2017,37.130001068115234,37.130001068115234,36.720001220703125,36.779998779296875,133700,35.40916061401367
7/20/2017,37.029998779296875,37.220001220703125,36.75,36.95000076293945,141500,35.57282257080078
7/19/2017,36.880001068115234,37.20000076293945,36.875,36.97999954223633,208600,35.60170364379883
7/18/2017,36.68000030517578,36.81999969482422,36.59000015258789,36.81999969482422,140900,35.44766616821289
7/17/2017,36.40999984741211,37.0099983215332,36.130001068115234,36.77000045776367,152800,35.3995246887207
7/14/2017,36.810001373291016,37.02000045776367,36.439998626708984,36.59000015258789,166200,35.226234436035156
7/13/2017,36.86000061035156,37.25,36.650001525878906,36.9900016784668,163100,35.611331939697266
7/12/2017,36.91999816894531,37.040000915527344,36.65999984741211,36.77000045776367,245800,35.3995246887207
7/11/2017,36.599998474121094,36.84000015258789,36.22999954223633,36.75,192100,35.380271911621094
7/10/2017,36.06999969482422,36.65999984741211,35.900001525878906,36.58000183105469,233000,35.216609954833984
7/7/2017,35.869998931884766,36.08000183105469,35.56999969482422,35.939998626708984,206200,34.6004638671875
7/6/2017,35.439998626708984,35.650001525878906,35.0099983215332,35.56999969482422,220800,34.24425506591797
7/5/2017,35.22999954223633,35.81999969482422,35.040000915527344,35.5,266000,34.17686080932617
7/3/2017,35.060001373291016,35.43000030517578,34.935001373291016,35.22999954223633,83600,33.916927337646484
6/30/2017,34.97999954223633,35.0099983215332,34.52000045776367,34.900001525878906,220400,33.5992317199707
6/29/2017,35.029998779296875,35.04999923706055,34.525001525878906,34.84000015258789,101000,33.54145812988281
6/28/2017,34.779998779296875,35.36000061035156,34.619998931884766,34.72999954223633,77200,33.43556213378906
6/27/2017,34.4900016784668,34.75,34.36000061035156,34.47999954223633,140200,33.19487380981445
6/26/2017,34.650001525878906,34.70000076293945,34.15999984741211,34.380001068115234,108800,33.098602294921875
6/23/2017,34.91999816894531,34.959999084472656,34.2599983215332,34.38999938964844,166000,33.10823440551758
6/22/2017,34.70000076293945,35.06999969482422,34.63999938964844,34.91999816894531,121000,33.61848068237305
6/21/2017,34.779998779296875,35.040000915527344,34.64500045776367,34.70000076293945,103700,33.406681060791016
6/20/2017,35,35.040000915527344,34.5099983215332,34.81999969482422,98800,33.5222053527832
6/19/2017,34.689998626708984,35.525001525878906,34.67100143432617,34.900001525878906,242300,33.5992317199707
6/16/2017,34.119998931884766,34.65999984741211,33.970001220703125,34.290000915527344,259800,33.011959075927734
6/15/2017,34.40999984741211,34.75,34.2400016784668,34.33000183105469,118300,33.05047607421875
6/14/2017,34.470001220703125,34.810001373291016,34.244998931884766,34.77000045776367,101100,33.47407531738281
6/13/2017,34.68000030517578,34.91999816894531,34.31999969482422,34.529998779296875,133800,33.24301528930664
6/12/2017,33.790000915527344,34.630001068115234,33.790000915527344,34.59000015258789,257200,33.30078125
6/9/2017,33.599998474121094,33.91999816894531,33.4900016784668,33.81999969482422,227100,32.55948257446289
6/8/2017,33.5099983215332,33.79999923706055,33.439998626708984,33.5,136200,32.251407623291016
6/7/2017,33.45000076293945,33.790000915527344,33.38999938964844,33.47999954223633,111100,32.23215103149414
6/6/2017,33.40999984741211,33.720001220703125,33.2400016784668,33.45000076293945,154600,32.203269958496094
6/5/2017,34.36000061035156,34.36000061035156,33.720001220703125,33.720001220703125,201900,32.46320724487305
6/2/2017,34.41999816894531,34.86000061035156,34,34.29999923706055,117200,33.02159118652344
6/1/2017,33.63999938964844,34.5099983215332,33.540000915527344,34.5099983215332,175800,33.223758697509766
5/31/2017,33.400001525878906,33.58000183105469,32.720001220703125,33.56999969482422,168000,32.31879425048828
5/30/2017,33.4900016784668,33.779998779296875,33.2400016784668,33.54999923706055,128600,32.106998443603516
5/26/2017,33.470001220703125,33.810001373291016,33.2400016784668,33.650001525878906,174100,32.202701568603516
5/25/2017,33.61000061035156,34.08000183105469,33.34000015258789,33.45000076293945,226800,32.01129913330078
5/24/2017,33.650001525878906,33.779998779296875,33.349998474121094,33.540000915527344,190800,32.09742736816406
5/23/2017,34.43000030517578,34.43000030517578,33.529998779296875,33.75,138000,32.298397064208984
5/22/2017,34.189998626708984,34.5099983215332,34.02000045776367,34.279998779296875,138700,32.805599212646484
5/19/2017,33.810001373291016,34.314998626708984,33.810001373291016,34.119998931884766,104400,32.65248107910156
5/18/2017,33.709999084472656,34.31999969482422,33.709999084472656,33.83000183105469,102800,32.37495040893555
5/17/2017,34.75,34.959999084472656,33.63999938964844,33.7400016784668,185800,32.2888298034668
5/16/2017,34.790000915527344,35.25,34.560001373291016,35.22999954223633,140600,33.71474075317383
5/15/2017,34.63999938964844,34.90999984741211,34.5,34.81999969482422,114400,33.3223762512207
5/12/2017,34.58000183105469,35.06999969482422,34.439998626708984,34.47999954223633,205500,32.99699401855469
5/11/2017,35.20000076293945,35.83000183105469,34.72999954223633,34.93000030517578,374900,33.42763900756836
5/10/2017,35,36.650001525878906,34.970001220703125,35.970001220703125,677400,34.42291259765625
5/9/2017,33.9900016784668,34.02000045776367,33.47999954223633,33.970001220703125,186500,32.50893020629883
5/8/2017,33.790000915527344,34.310001373291016,33.61000061035156,33.849998474121094,133200,32.39409637451172
5/5/2017,33.91999816894531,34.189998626708984,33.279998779296875,33.77000045776367,196800,32.31753158569336
5/4/2017,33.959999084472656,34.11000061035156,33.45000076293945,33.86000061035156,162800,32.403663635253906
5/3/2017,33.5099983215332,33.88999938964844,33.47600173950195,33.84000015258789,113900,32.384525299072266
5/2/2017,33.59000015258789,33.9900016784668,33.369998931884766,33.59000015258789,129800,32.14527893066406
5/1/2017,33.560001373291016,34.099998474121094,33.43000030517578,33.61000061035156,170500,32.1644172668457
4/28/2017,33.56999969482422,33.66999816894531,33.290000915527344,33.540000915527344,179200,32.09742736816406
4/27/2017,33.849998474121094,34.08000183105469,33.58000183105469,33.630001068115234,139400,32.18355941772461
4/26/2017,33.849998474121094,34.369998931884766,33.7599983215332,33.79999923706055,213700,32.34624481201172
4/25/2017,33.75,34.349998474121094,33.75,33.84000015258789,201100,32.384525299072266
4/24/2017,33.40999984741211,33.7599983215332,33.279998779296875,33.45000076293945,134500,32.01129913330078
4/21/2017,33.29999923706055,33.43000030517578,32.81999969482422,32.84000015258789,158000,31.427534103393555
4/20/2017,33.13999938964844,33.52000045776367,32.900001525878906,33.40999984741211,185100,31.97301483154297
4/19/2017,32.88999938964844,33.099998474121094,32.54999923706055,32.9900016784668,162800,31.571083068847656
4/18/2017,32.72999954223633,32.76300048828125,32.08000183105469,32.709999084472656,137600,31.303123474121094
4/17/2017,32.63999938964844,32.775001525878906,32.349998474121094,32.709999084472656,199300,31.303123474121094
4/13/2017,33.04999923706055,33.599998474121094,32.61000061035156,32.630001068115234,384600,31.22657012939453
4/12/2017,33.11000061035156,33.47999954223633,32.869998931884766,33.2599983215332,242000,31.829463958740234
4/11/2017,33.209999084472656,33.290000915527344,32.72999954223633,33.279998779296875,210300,31.848613739013672
4/10/2017,33.630001068115234,33.68000030517578,33.119998931884766,33.290000915527344,175700,31.858182907104492
4/7/2017,33.599998474121094,34.06999969482422,33.290000915527344,33.619998931884766,255600,32.173980712890625
4/6/2017,33.16999816894531,34.0099983215332,33,33.95000076293945,192700,32.48979568481445
4/5/2017,33.93000030517578,34.099998474121094,33.029998779296875,33.060001373291016,195700,31.63807487487793
4/4/2017,33.540000915527344,33.70000076293945,33.189998626708984,33.650001525878906,179400,32.202701568603516
4/3/2017,34.470001220703125,34.599998474121094,33.13999938964844,33.650001525878906,253000,32.202701568603516
3/31/2017,34.400001525878906,34.95000076293945,34.06999969482422,34.45000076293945,910500,32.968284606933594
3/30/2017,33.93000030517578,34.529998779296875,33.93000030517578,34.459999084472656,222900,32.97785568237305
3/29/2017,33.630001068115234,34.150001525878906,33.529998779296875,33.95000076293945,216600,32.48979568481445
3/28/2017,33.310001373291016,33.75,33.099998474121094,33.72999954223633,342100,32.27925491333008
3/27/2017,32.209999084472656,33.599998474121094,32,33.41999816894531,384800,31.98258399963379
3/24/2017,32.77000045776367,33.04999923706055,32.41999816894531,32.790000915527344,256600,31.37968635559082
3/23/2017,32.31999969482422,32.7400016784668,32.150001525878906,32.61000061035156,184300,31.207426071166992
3/22/2017,32.470001220703125,32.93000030517578,32.369998931884766,32.43000030517578,223900,31.035171508789062
3/21/2017,33.33000183105469,33.630001068115234,32.59000015258789,32.63999938964844,286700,31.236133575439453
3/20/2017,33.31999969482422,33.66999816894531,32.8849983215332,33.029998779296875,233600,31.609357833862305
3/17/2017,33.59000015258789,33.59000015258789,32.87099838256836,33.459999084472656,557700,32.020870208740234
3/16/2017,32.529998779296875,33.720001220703125,32.38999938964844,33.599998474121094,320900,32.15484619140625
3/15/2017,32.15999984741211,32.689998626708984,32.12900161743164,32.38999938964844,199900,30.996891021728516
3/14/2017,32.349998474121094,32.58000183105469,31.8799991607666,32.040000915527344,132500,30.661945343017578
3/13/2017,32.720001220703125,33.130001068115234,32.40999984741211,32.58000183105469,290100,31.178722381591797
3/10/2017,32.709999084472656,32.95000076293945,32.540000915527344,32.880001068115234,113300,31.46581268310547
3/9/2017,32.349998474121094,32.56999969482422,32.099998474121094,32.529998779296875,252600,31.13086700439453
3/8/2017,32.52000045776367,32.790000915527344,32.33000183105469,32.41999816894531,167600,31.025596618652344
3/7/2017,32.279998779296875,32.720001220703125,32.0099983215332,32.47999954223633,255600,31.083017349243164
3/6/2017,32.310001373291016,32.5099983215332,31.959999084472656,32.189998626708984,252200,30.805490493774414
3/3/2017,32.13999938964844,32.42499923706055,32.00899887084961,32.20000076293945,167500,30.815059661865234
3/2/2017,32,32.2599983215332,31.8799991607666,32.15999984741211,243600,30.776779174804688
3/1/2017,31.850000381469727,32.33000183105469,31.3700008392334,32.2400016784668,851400,30.853343963623047
2/28/2017,31.739999771118164,31.799999237060547,31.450000762939453,31.489999771118164,398600,29.94420051574707
2/27/2017,31.649999618530273,32,31.540000915527344,32,246400,30.42916488647461
2/24/2017,31.799999237060547,31.87700080871582,31.440000534057617,31.790000915527344,188500,30.229475021362305
2/23/2017,31.670000076293945,32.08000183105469,31.469999313354492,31.8700008392334,351000,30.3055477142334
2/22/2017,31.56999969482422,31.860000610351562,31.450000762939453,31.729999542236328,489100,30.17241668701172
2/21/2017,31.459999084472656,32.04999923706055,31.459999084472656,31.6299991607666,403900,30.077327728271484
2/17/2017,32.4900016784668,32.4900016784668,31.389999389648438,31.399999618530273,595800,29.858617782592773
2/16/2017,32.349998474121094,32.630001068115234,32.279998779296875,32.5099983215332,378600,30.91413116455078
2/15/2017,32.29999923706055,32.88999938964844,32.244998931884766,32.459999084472656,534100,30.86658477783203
2/14/2017,30.670000076293945,32.59000015258789,30.329999923706055,32.29999923706055,751600,30.714439392089844
2/13/2017,30.649999618530273,30.875,30.329999923706055,30.670000076293945,570800,29.16445541381836
2/10/2017,29.889999389648438,30.450000762939453,29.81999969482422,30.229999542236328,932600,28.746049880981445
2/9/2017,29.65999984741211,30.5049991607666,29.530000686645508,29.700000762939453,4480700,28.24207305908203
2/8/2017,31.15999984741211,31.389999389648438,29.510000228881836,29.700000762939453,579000,28.24207305908203
2/7/2017,31.729999542236328,32.43000030517578,30.989999771118164,31.600000381469727,497200,30.04880142211914
2/6/2017,32.84000015258789,32.95000076293945,32.082000732421875,32.56999969482422,179400,30.971181869506836
2/3/2017,33.040000915527344,33.130001068115234,32.560001373291016,32.7599983215332,195400,31.151857376098633
2/2/2017,33.130001068115234,34.65999984741211,32.4900016784668,32.70000076293945,364600,31.09480094909668
2/1/2017,31.100000381469727,31.899999618530273,31.100000381469727,31.549999237060547,82800,30.001256942749023
1/31/2017,31.15999984741211,31.270000457763672,30.709999084472656,31.100000381469727,103800,29.573345184326172
1/30/2017,31.049999237060547,31.299999237060547,30.700000762939453,31.229999542236328,79900,29.696964263916016
1/27/2017,31.479999542236328,31.530000686645508,31.25,31.399999618530273,41100,29.858617782592773
1/26/2017,31.469999313354492,31.469999313354492,31.059999465942383,31.3799991607666,41200,29.839601516723633
1/25/2017,31.260000228881836,31.389999389648438,31.049999237060547,31.31999969482422,44400,29.782546997070312
1/24/2017,30.59000015258789,31.149999618530273,30.399999618530273,30.969999313354492,79800,29.449724197387695
1/23/2017,30.389999389648438,30.704999923706055,30.329999923706055,30.43000030517578,66100,28.93623924255371
1/20/2017,30.520000457763672,30.719999313354492,30.315000534057617,30.420000076293945,78200,28.92672348022461
1/19/2017,30.579999923706055,30.579999923706055,30.139999389648438,30.489999771118164,149200,28.993288040161133
1/18/2017,30.600000381469727,30.68000030517578,30.1299991607666,30.56999969482422,61200,29.06936264038086
1/17/2017,30.790000915527344,30.790000915527344,30.2549991607666,30.309999465942383,67500,28.822126388549805
1/13/2017,30.770000457763672,31.15999984741211,30.719999313354492,30.780000686645508,58000,29.269054412841797
1/12/2017,30.93000030517578,30.981000900268555,30.360000610351562,30.670000076293945,44900,29.16445541381836
1/11/2017,31.139999389648438,31.209999084472656,30.8700008392334,31.1299991607666,46400,29.601871490478516
1/10/2017,31.010000228881836,31.670000076293945,30.850000381469727,31.200000762939453,93300,29.668437957763672
1/9/2017,31.280000686645508,31.280000686645508,30.770000457763672,30.780000686645508,85200,29.269054412841797
1/6/2017,31.40999984741211,31.6200008392334,31.094999313354492,31.239999771118164,26700,29.706470489501953
1/5/2017,32.11000061035156,32.11000061035156,31.010000228881836,31.3799991607666,98500,29.839601516723633
1/4/2017,31.950000762939453,32.3650016784668,31.809999465942383,32.15999984741211,104000,30.581308364868164
1/3/2017,31.6200008392334,31.709999084472656,31.030000686645508,31.6299991607666,75800,30.077327728271484
12/30/2016,31.25,31.450000762939453,30.889999389648438,31.1200008392334,33400,29.592365264892578
12/29/2016,31.06999969482422,31.329999923706055,30.700000762939453,31.25,79100,29.715986251831055
12/28/2016,30.969999313354492,31.079999923706055,30.540000915527344,31.040000915527344,108700,29.516294479370117
12/27/2016,30.93000030517578,31.06999969482422,30.85099983215332,30.8799991607666,39900,29.364145278930664
12/23/2016,30.59000015258789,31.010000228881836,30.3799991607666,31,35200,29.478254318237305
12/22/2016,31.09000015258789,31.2549991607666,30.280000686645508,30.549999237060547,140900,29.05034065246582
12/21/2016,30.969999313354492,31.420000076293945,30.84000015258789,31.229999542236328,95300,29.696964263916016
12/20/2016,31.309999465942383,31.600000381469727,31.040000915527344,31.239999771118164,85900,29.706470489501953
12/19/2016,31.049999237060547,31.309999465942383,30.739999771118164,31.100000381469727,182600,29.573345184326172
12/16/2016,31.049999237060547,31.40999984741211,30.790000915527344,30.969999313354492,250700,29.449724197387695
12/15/2016,31,31.479999542236328,30.270000457763672,30.959999084472656,133700,29.440217971801758
12/14/2016,31.31999969482422,31.7450008392334,30.729999542236328,30.889999389648438,128800,29.373653411865234
12/13/2016,30.729999542236328,31.329999923706055,30.079999923706055,31.139999389648438,121300,29.61138153076172
12/12/2016,30.989999771118164,31.25,30.469999313354492,30.5,131000,29.002796173095703
12/9/2016,31,31.399999618530273,30.90999984741211,30.979999542236328,95800,29.4592342376709
12/8/2016,31.149999618530273,31.329999923706055,30.81999969482422,31.06999969482422,107900,29.544816970825195
12/7/2016,30.43000030517578,31.270000457763672,30.079999923706055,31.040000915527344,74100,29.516294479370117
12/6/2016,30.229999542236328,30.649999618530273,30,30.190000534057617,110200,28.7080135345459
12/5/2016,29.579999923706055,30.110000610351562,29.3799991607666,29.979999542236328,81800,28.50832176208496
12/2/2016,29.149999618530273,29.479999542236328,28.610000610351562,29.260000228881836,79100,27.82366943359375
12/1/2016,28.350000381469727,29.1299991607666,28.334999084472656,29.1200008392334,103100,27.6905460357666
11/30/2016,28.489999771118164,28.610000610351562,28.1299991607666,28.489999771118164,98500,26.9298095703125
11/29/2016,28.09000015258789,29.040000915527344,27.829999923706055,28.149999618530273,192300,26.608430862426758
11/28/2016,28.149999618530273,28.68000030517578,27.969999313354492,28.010000228881836,106700,26.476097106933594
11/25/2016,27.90999984741211,28.290000915527344,27.700000762939453,28.260000228881836,42200,26.712404251098633
11/23/2016,27.8799991607666,28.229999542236328,27.520000457763672,28,81700,26.466644287109375
11/22/2016,27.200000762939453,28.26799964904785,26.690000534057617,27.899999618530273,113000,26.372121810913086
11/21/2016,27.56999969482422,27.56999969482422,26.950000762939453,27.079999923706055,147600,25.59702491760254
11/18/2016,26.719999313354492,27.920000076293945,26.719999313354492,27.329999923706055,211300,25.833337783813477
11/17/2016,25.899999618530273,26.889999389648438,25.81999969482422,26.760000228881836,132200,25.294551849365234
11/16/2016,24.84000015258789,25.979999542236328,24.84000015258789,25.889999389648438,218200,24.472192764282227
11/15/2016,24.979999542236328,25.459999084472656,24.329999923706055,25,468000,23.630935668945312
11/14/2016,24.68000030517578,25.149999618530273,23.625,24.959999084472656,227700,23.593122482299805
11/11/2016,24.200000762939453,25.389999389648438,24.200000762939453,24.459999084472656,207500,23.120506286621094
11/10/2016,24.65999984741211,24.65999984741211,24.030000686645508,24.190000534057617,276200,22.865293502807617
11/9/2016,24.1299991607666,24.690000534057617,24,24.200000762939453,129800,22.874746322631836
11/8/2016,24.030000686645508,24.040000915527344,23.700000762939453,23.829999923706055,51200,22.52500343322754
11/7/2016,24.040000915527344,24.520000457763672,23.481000900268555,24.09000015258789,42300,22.770767211914062
11/4/2016,23.399999618530273,23.790000915527344,23.190000534057617,23.479999542236328,52400,22.194169998168945
11/3/2016,23.709999084472656,24.219999313354492,23.399999618530273,23.40999984741211,41900,22.128005981445312
11/2/2016,24.190000534057617,24.190000534057617,23.31999969482422,23.690000534057617,37700,22.392671585083008
11/1/2016,24.510000228881836,25.079999923706055,24.079999923706055,24.190000534057617,81700,22.865293502807617
10/31/2016,24.559999465942383,25.1299991607666,24.31999969482422,24.3700008392334,78400,23.03543472290039
10/28/2016,24.889999389648438,24.889999389648438,24.3799991607666,24.540000915527344,48900,23.19612693786621
10/27/2016,24.760000228881836,25.360000610351562,24.489999771118164,24.780000686645508,33700,23.4229793548584
10/26/2016,24.93000030517578,25.049999237060547,24.56999969482422,24.649999618530273,75700,23.30009651184082
10/25/2016,24.920000076293945,25.149999618530273,24.709999084472656,25.040000915527344,37800,23.668745040893555
10/24/2016,24.93000030517578,25.25,24.780000686645508,24.90999984741211,26400,23.545860290527344
10/21/2016,24.459999084472656,24.850000381469727,24.040000915527344,24.760000228881836,31800,23.404077529907227
10/20/2016,24.889999389648438,24.959999084472656,24.559999465942383,24.65999984741211,27100,23.309553146362305
10/19/2016,24.520000457763672,25.06999969482422,24.5,24.889999389648438,52100,23.526958465576172
10/18/2016,24.799999237060547,24.799999237060547,24.479999542236328,24.520000457763672,98900,23.177221298217773
10/17/2016,24.809999465942383,24.969999313354492,24.479999542236328,24.559999465942383,30100,23.215024948120117
10/14/2016,24.68000030517578,25.059999465942383,24.6299991607666,24.729999542236328,34900,23.375717163085938
10/13/2016,24.790000915527344,24.792999267578125,24.334999084472656,24.420000076293945,47300,23.082691192626953
10/12/2016,25.020000457763672,25.260000228881836,24.739999771118164,24.989999771118164,72400,23.621479034423828
10/11/2016,25.059999465942383,25.34000015258789,24.700000762939453,24.829999923706055,47700,23.47024154663086
10/10/2016,25.100000381469727,25.350000381469727,25,25.219999313354492,16700,23.838886260986328
10/7/2016,25.06999969482422,25.06999969482422,24.649999618530273,24.950000762939453,48400,23.58367156982422
10/6/2016,25.639999389648438,25.639999389648438,24.6299991607666,24.989999771118164,39300,23.621479034423828
10/5/2016,25.299999237060547,25.8700008392334,25.290000915527344,25.56999969482422,42700,24.16971778869629
10/4/2016,25.3700008392334,25.440000534057617,24.959999084472656,25.31999969482422,28700,23.933408737182617
10/3/2016,24.979999542236328,25.3700008392334,24.795000076293945,25.15999984741211,38100,23.782169342041016
9/30/2016,24.6299991607666,25.34000015258789,24.420000076293945,25.049999237060547,58900,23.678194046020508
9/29/2016,24.559999465942383,25.15999984741211,24.360000610351562,24.510000228881836,55300,23.16776466369629
9/28/2016,24.290000915527344,24.639999389648438,24.030000686645508,24.489999771118164,31700,23.148862838745117
9/27/2016,24.09000015258789,24.350000381469727,24,24.229999542236328,29800,22.903100967407227
9/26/2016,24.610000610351562,24.670000076293945,23.959999084472656,24.040000915527344,39000,22.72350311279297
9/23/2016,25.030000686645508,25.1200008392334,24.760000228881836,24.780000686645508,23300,23.4229793548584
9/22/2016,24.8700008392334,25.190000534057617,24.729999542236328,25.030000686645508,30200,23.65928840637207
9/21/2016,24.469999313354492,25.010000228881836,24.469999313354492,24.829999923706055,32700,23.47024154663086
9/20/2016,24.440000534057617,24.565000534057617,24.25,24.399999618530273,22600,23.06378746032715
9/19/2016,24.34000015258789,24.739999771118164,24.229999542236328,24.3799991607666,24500,23.044885635375977
9/16/2016,24.280000686645508,24.489999771118164,23.8700008392334,24.34000015258789,71000,23.0070743560791
9/15/2016,24,24.399999618530273,23.829999923706055,24.290000915527344,47000,22.959815979003906
9/14/2016,24.020000457763672,24.25,23.860000610351562,23.90999984741211,28700,22.600624084472656
9/13/2016,24.469999313354492,24.729000091552734,23.989999771118164,24.059999465942383,32900,22.742406845092773
9/12/2016,24.299999237060547,25.049999237060547,23.930999755859375,24.649999618530273,43600,23.30009651184082
9/9/2016,24.700000762939453,24.700000762939453,24.31999969482422,24.360000610351562,33800,23.025981903076172
9/8/2016,24.389999389648438,24.760000228881836,24.389999389648438,24.709999084472656,32500,23.356815338134766
9/7/2016,24.719999313354492,24.770000457763672,24.25,24.520000457763672,74400,23.177221298217773
9/6/2016,24.899999618530273,24.969999313354492,24.760000228881836,24.829999923706055,33400,23.47024154663086
9/2/2016,24.739999771118164,25.100000381469727,24.600000381469727,24.940000534057617,35300,23.574220657348633
9/1/2016,24.850000381469727,24.871999740600586,24.31999969482422,24.649999618530273,104500,23.30009651184082
8/31/2016,25.110000610351562,25.110000610351562,24.440000534057617,24.760000228881836,60600,23.404077529907227
8/30/2016,24.84000015258789,25.219999313354492,24.760000228881836,25.18000030517578,42500,23.6403865814209
8/29/2016,24.239999771118164,25.229999542236328,24.239999771118164,24.889999389648438,113100,23.36811637878418
8/26/2016,25,25.639999389648438,24.420000076293945,24.530000686645508,98100,23.030128479003906
8/25/2016,24.770000457763672,25.079999923706055,24.75,24.860000610351562,66100,23.33995246887207
8/24/2016,25.469999313354492,25.510000228881836,24.850000381469727,24.920000076293945,30800,23.396282196044922
8/23/2016,25.309999465942383,25.68000030517578,25.209999084472656,25.420000076293945,69100,23.865707397460938
8/22/2016,24.979999542236328,25.299999237060547,24.295000076293945,25.209999084472656,28500,23.668548583984375
8/19/2016,25.520000457763672,25.950000762939453,25.100000381469727,25.1299991607666,79600,23.593441009521484
8/18/2016,25,25.229999542236328,24.610000610351562,25.170000076293945,57200,23.630996704101562
8/17/2016,25.670000076293945,25.979999542236328,25.59000015258789,25.719999313354492,175200,24.147367477416992
8/16/2016,25.93000030517578,25.950000762939453,25.530000686645508,25.65999984741211,39300,24.091035842895508
8/15/2016,25.5,25.989999771118164,25.350000381469727,25.8799991607666,35900,24.297582626342773
8/12/2016,25.450000762939453,25.450000762939453,25.15999984741211,25.350000381469727,28900,23.79998779296875
8/11/2016,25.5,25.6299991607666,25.40999984741211,25.540000915527344,26300,23.97837257385254
8/10/2016,25.229999542236328,25.75,24.961000442504883,25.479999542236328,81900,23.922042846679688
8/9/2016,25.350000381469727,25.639999389648438,25.010000228881836,25.079999923706055,94600,23.546497344970703
8/8/2016,25.31999969482422,25.540000915527344,25.239999771118164,25.420000076293945,65900,23.865707397460938
8/5/2016,24.489999771118164,25.485000610351562,23.979999542236328,25.350000381469727,124600,23.79998779296875
8/4/2016,23.950000762939453,24.420000076293945,23.899999618530273,24.280000686645508,48600,22.7954158782959
8/3/2016,23.709999084472656,25.204999923706055,23.299999237060547,24.049999237060547,130900,22.579479217529297
8/2/2016,23.450000762939453,23.59000015258789,22.610000610351562,23.260000228881836,194400,21.83778190612793
8/1/2016,22.90999984741211,23.56999969482422,22.690000534057617,23.5,68200,22.063106536865234
7/29/2016,23.149999618530273,23.190000534057617,22.81999969482422,22.93000030517578,57800,21.52796173095703
7/28/2016,23.399999618530273,23.469999313354492,23.1200008392334,23.190000534057617,21500,21.772062301635742
7/27/2016,23.15999984741211,23.780000686645508,23.15999984741211,23.459999084472656,22300,22.02555274963379
7/26/2016,23.06999969482422,23.6299991607666,23.020000457763672,23.219999313354492,35700,21.80022621154785
7/25/2016,23.25,23.350000381469727,22.920000076293945,23.09000015258789,35800,21.678178787231445
7/22/2016,23.299999237060547,23.360000610351562,23.100000381469727,23.280000686645508,26100,21.85655975341797
7/21/2016,23.280000686645508,23.309999465942383,23.06999969482422,23.15999984741211,27800,21.743898391723633
7/20/2016,23.350000381469727,23.552000045776367,23.190000534057617,23.309999465942383,59800,21.884723663330078
7/19/2016,23.420000076293945,23.649999618530273,23.020999908447266,23.3700008392334,65600,21.941057205200195
7/18/2016,23.700000762939453,23.850000381469727,23.200000762939453,23.540000915527344,54000,22.100664138793945
7/15/2016,22.65999984741211,23.479999542236328,22.65999984741211,23.440000534057617,80600,22.00677490234375
7/14/2016,22.729999542236328,22.950000762939453,22.239999771118164,22.459999084472656,135100,21.08669662475586
7/13/2016,22.709999084472656,22.785999298095703,22.329999923706055,22.420000076293945,75800,21.049144744873047
7/12/2016,22.079999923706055,22.709999084472656,22.040000915527344,22.6200008392334,99100,21.23691749572754
7/11/2016,21.809999465942383,22.200000762939453,21.780000686645508,21.8700008392334,98500,20.532772064208984
7/8/2016,21.56999969482422,21.84000015258789,21.40999984741211,21.799999237060547,137800,20.467052459716797
7/7/2016,21.280000686645508,21.579999923706055,20.969999313354492,21.389999389648438,59000,20.082122802734375
7/6/2016,21.18000030517578,21.5,20.959999084472656,21.329999923706055,65500,20.02579116821289
7/5/2016,21.75,21.75,21.200000762939453,21.260000228881836,59300,19.960071563720703
7/1/2016,22.270000457763672,22.459999084472656,21.850000381469727,21.940000534057617,63500,20.598493576049805
6/30/2016,22.229999542236328,22.40999984741211,21.75,22.3700008392334,149600,21.002201080322266
6/29/2016,22.6200008392334,22.6200008392334,21.636999130249023,22.229999542236328,80900,20.87076187133789
6/28/2016,22.260000228881836,22.850000381469727,21.989999771118164,22.43000030517578,183400,21.058530807495117
6/27/2016,23.09000015258789,23.09000015258789,21.530000686645508,22.040000915527344,140600,20.692378997802734
6/24/2016,23.520000457763672,24.510000228881836,23,23.260000228881836,493600,21.83778190612793
6/23/2016,24.079999923706055,24.860000610351562,24.06999969482422,24.59000015258789,45700,23.08646011352539
6/22/2016,23.850000381469727,24.020000457763672,23.56999969482422,23.84000015258789,43100,22.38231658935547
6/21/2016,24.049999237060547,24.290000915527344,23.239999771118164,23.770000457763672,64700,22.316598892211914
6/20/2016,23.969999313354492,24.40999984741211,23.90999984741211,23.93000030517578,51800,22.46681785583496
6/17/2016,23.639999389648438,23.969999313354492,23.34000015258789,23.68000030517578,70900,22.23210334777832
6/16/2016,23.610000610351562,23.635000228881836,23.34000015258789,23.579999923706055,29000,22.138216018676758
6/15/2016,23.690000534057617,24.145000457763672,23.639999389648438,23.690000534057617,46900,22.24148941040039
6/14/2016,24.18000030517578,24.270000457763672,23.40999984741211,23.670000076293945,80100,22.22271156311035
6/13/2016,23.719999313354492,24.3799991607666,23.719999313354492,24.170000076293945,65600,22.692138671875
6/10/2016,23.8700008392334,24.15999984741211,23.559999465942383,23.920000076293945,120800,22.457426071166992
6/9/2016,24.040000915527344,24.559999465942383,23.719999313354492,24.139999389648438,48100,22.663972854614258
6/8/2016,24.1299991607666,24.549999237060547,24.040000915527344,24.209999084472656,26800,22.729692459106445
6/7/2016,24.450000762939453,24.510000228881836,24.079999923706055,24.190000534057617,47700,22.710920333862305
6/6/2016,23.829999923706055,24.590999603271484,23.81999969482422,24.389999389648438,26200,22.898685455322266
6/3/2016,24.079999923706055,24.079999923706055,23.459999084472656,23.8799991607666,100200,22.419872283935547
6/2/2016,24.09000015258789,24.170000076293945,23.43000030517578,24.110000610351562,88400,22.63580894470215
6/1/2016,23.809999465942383,24.600000381469727,23.719999313354492,24.200000762939453,61800,22.720308303833008
5/31/2016,24.440000534057617,24.549999237060547,24.079999923706055,24.149999618530273,104200,22.513755798339844
5/27/2016,24.059999465942383,24.479999542236328,24,24.43000030517578,35700,22.77478790283203
5/26/2016,24.600000381469727,24.600000381469727,24.3799991607666,24.40999984741211,17800,22.756141662597656
5/25/2016,24.440000534057617,24.799999237060547,24.110000610351562,24.489999771118164,63800,22.83072280883789
5/24/2016,23.709999084472656,24.43000030517578,23.709999084472656,24.31999969482422,36300,22.6722412109375
5/23/2016,23.030000686645508,23.850000381469727,22.8799991607666,23.510000228881836,61600,21.91712188720703
5/20/2016,23.030000686645508,23.360000610351562,22.8700008392334,23.100000381469727,97300,21.534902572631836
5/19/2016,23.31999969482422,23.6200008392334,21.709999084472656,22.8700008392334,87500,21.32048225402832
5/18/2016,22.940000534057617,23.40999984741211,22.719999313354492,23.34000015258789,90200,21.75864028930664
5/17/2016,23.18000030517578,23.399999618530273,22.559999465942383,22.850000381469727,60500,21.30183982849121
5/16/2016,23.280000686645508,23.600000381469727,23.139999389648438,23.31999969482422,95400,21.7399959564209
5/13/2016,23.489999771118164,23.549999237060547,23.170000076293945,23.309999465942383,43100,21.730670928955078
5/12/2016,23.850000381469727,23.969999313354492,23.530000686645508,23.600000381469727,31500,22.001020431518555
5/11/2016,24.290000915527344,24.3799991607666,23.719999313354492,23.8799991607666,40300,22.262052536010742
5/10/2016,24.25,24.8700008392334,24.149999618530273,24.389999389648438,23900,22.73749542236328
5/9/2016,23.8799991607666,24.31999969482422,23.56999969482422,24.06999969482422,34800,22.439178466796875
5/6/2016,23.760000228881836,24.09000015258789,23.389999389648438,23.950000762939453,29400,22.32731056213379
5/5/2016,24.190000534057617,24.290000915527344,23.660999298095703,23.729999542236328,36000,22.12221336364746
5/4/2016,24.31999969482422,24.790000915527344,24.059999465942383,24.139999389648438,29600,22.50443458557129
5/3/2016,24.6299991607666,25.149999618530273,24.139999389648438,24.399999618530273,31900,22.746816635131836
5/2/2016,25.200000762939453,25.350000381469727,24.649999618530273,24.8700008392334,42800,23.18497657775879
4/29/2016,24.54400062561035,25.399999618530273,24.54400062561035,25.209999084472656,52300,23.501937866210938
4/28/2016,25.18000030517578,25.290000915527344,24.93000030517578,24.979999542236328,24600,23.287525177001953
4/27/2016,25.229999542236328,25.25,24.860000610351562,25.170000076293945,34700,23.464649200439453
4/26/2016,24.68000030517578,25.280000686645508,24.68000030517578,25.25,28600,23.53923225402832
4/25/2016,25.329999923706055,25.540000915527344,24.290000915527344,24.540000915527344,47000,22.877336502075195
4/22/2016,25.25,25.420000076293945,25,25.25,110600,23.53923225402832
4/21/2016,24.940000534057617,25.329999923706055,24.940000534057617,25.229999542236328,24900,23.520586013793945
4/20/2016,24.809999465942383,25.25,24.56999969482422,25.170000076293945,26300,23.464649200439453
4/19/2016,24.860000610351562,25.030000686645508,24.739999771118164,24.81999969482422,24900,23.13836097717285
4/18/2016,24.690000534057617,25.3700008392334,24.639999389648438,25.209999084472656,37800,23.501937866210938
4/15/2016,24.790000915527344,25.1200008392334,24.790000915527344,24.8799991607666,20900,23.194297790527344
4/14/2016,24.8700008392334,25.209999084472656,24.790000915527344,24.889999389648438,24300,23.20362091064453
4/13/2016,24.170000076293945,24.920000076293945,24.170000076293945,24.799999237060547,46500,23.119718551635742
4/12/2016,24.229999542236328,24.920000076293945,23.940000534057617,24.1200008392334,38100,22.485790252685547
4/11/2016,24.579999923706055,24.579999923706055,24.040000915527344,24.290000915527344,42800,22.644277572631836
4/8/2016,24.510000228881836,24.709999084472656,24.100000381469727,24.489999771118164,63500,22.83072280883789
4/7/2016,24.530000686645508,24.709999084472656,24.100000381469727,24.270000457763672,42300,22.625625610351562
4/6/2016,23.770000457763672,24.649999618530273,23.610000610351562,24.459999084472656,56100,22.802753448486328
4/5/2016,24.510000228881836,24.700000762939453,23.469999313354492,23.68000030517578,99100,22.075605392456055
4/4/2016,24.700000762939453,24.799999237060547,24.420000076293945,24.6299991607666,26000,22.961238861083984
4/1/2016,24.670000076293945,24.920000076293945,24.469999313354492,24.780000686645508,38500,23.101076126098633
3/31/2016,24.93000030517578,25.09000015258789,24.84000015258789,24.899999618530273,43400,23.21294403076172
3/30/2016,24.780000686645508,25.049999237060547,24.57900047302246,24.899999618530273,89200,23.21294403076172
3/29/2016,23.790000915527344,24.940000534057617,23.530000686645508,24.760000228881836,196700,23.082429885864258
3/28/2016,24.31999969482422,24.459999084472656,23.510000228881836,23.760000228881836,268200,22.150182723999023
3/24/2016,24.100000381469727,24.489999771118164,23.559999465942383,24.299999237060547,233900,22.653594970703125
3/23/2016,24.969999313354492,24.969999313354492,24.219999313354492,24.290000915527344,99600,22.644277572631836
3/22/2016,24.809999465942383,25.139999389648438,24.56999969482422,25.010000228881836,45000,23.31549072265625
3/21/2016,25.149999618530273,25.6299991607666,24.93000030517578,24.989999771118164,89300,23.296846389770508
3/18/2016,25.15999984741211,25.15999984741211,24.649999618530273,25,281400,23.306169509887695
3/17/2016,23.829999923706055,25.280000686645508,23.514999389648438,25,78700,23.306169509887695
3/16/2016,24.239999771118164,24.239999771118164,23.549999237060547,23.899999618530273,55100,22.28069496154785
3/15/2016,25.010000228881836,25.010000228881836,24.110000610351562,24.170000076293945,45700,22.53240203857422
3/14/2016,25.6299991607666,25.6299991607666,24.90999984741211,25.06999969482422,106200,23.371421813964844
3/11/2016,24.979999542236328,25.90999984741211,24.979999542236328,25.690000534057617,106600,23.949420928955078
3/10/2016,24.739999771118164,25.049999237060547,24.420000076293945,24.93000030517578,92500,23.24091339111328
3/9/2016,23.530000686645508,24.709999084472656,23.530000686645508,24.59000015258789,80300,22.923948287963867
3/8/2016,24.219999313354492,24.239999771118164,23.389999389648438,23.399999618530273,196300,21.814573287963867
3/7/2016,24.68000030517578,24.889999389648438,23.84000015258789,24.030000686645508,138700,22.401891708374023
3/4/2016,25.59000015258789,25.59000015258789,24.790000915527344,24.799999237060547,97100,23.119718551635742
3/3/2016,25.450000762939453,25.655000686645508,25.06999969482422,25.5,259500,23.772293090820312
3/2/2016,25.309999465942383,25.709999084472656,25.190000534057617,25.549999237060547,57300,23.818904876708984
3/1/2016,25.600000381469727,25.75,25.270000457763672,25.479999542236328,295200,23.613813400268555
2/29/2016,24.559999465942383,26.09000015258789,24.559999465942383,25.559999465942383,129100,23.687950134277344
2/26/2016,24.600000381469727,24.989999771118164,24.270000457763672,24.540000915527344,56100,22.742660522460938
2/25/2016,24.479999542236328,24.6299991607666,23.979999542236328,24.5,117200,22.70558738708496
2/24/2016,24.15999984741211,24.59000015258789,23.760000228881836,24.389999389648438,105300,22.603639602661133
2/23/2016,24.420000076293945,24.600000381469727,23.84000015258789,24.440000534057617,111700,22.649982452392578
2/22/2016,24.8700008392334,24.8700008392334,24.3799991607666,24.549999237060547,43400,22.751920700073242
2/19/2016,24.040000915527344,24.920000076293945,24.0049991607666,24.6200008392334,126300,22.816797256469727
2/18/2016,24.229999542236328,24.59000015258789,23.735000610351562,23.979999542236328,78300,22.22367286682129
2/17/2016,24.6200008392334,24.90999984741211,24.079999923706055,24.25,129400,22.473899841308594
2/16/2016,24.309999465942383,24.600000381469727,24.100000381469727,24.489999771118164,67300,22.696319580078125
2/12/2016,24.239999771118164,24.329999923706055,23.719999313354492,24.09000015258789,49300,22.325611114501953
2/11/2016,23.8700008392334,24.520000457763672,23.59000015258789,24.030000686645508,88700,22.27001190185547
2/10/2016,23.479999542236328,24.649999618530273,23.479999542236328,24.350000381469727,107800,22.566572189331055
2/9/2016,22.239999771118164,25.579999923706055,22.239999771118164,23.43000030517578,373100,21.71395492553711
2/8/2016,23.209999084472656,23.889999389648438,22.690000534057617,23.540000915527344,187300,21.815900802612305
2/5/2016,23.600000381469727,23.799999237060547,23.200000762939453,23.34000015258789,87600,21.63054847717285
2/4/2016,22.969999313354492,23.860000610351562,22.530000686645508,23.6299991607666,110300,21.899307250976562
2/3/2016,23.5,23.6299991607666,22.4060001373291,22.90999984741211,125600,21.232036590576172
2/2/2016,23.940000534057617,24.18000030517578,23.139999389648438,23.399999618530273,139100,21.6861515045166
2/1/2016,24.100000381469727,24.31999969482422,23.510000228881836,24.25,110000,22.473899841308594
1/29/2016,23.270000457763672,24.190000534057617,23.270000457763672,24.149999618530273,122800,22.3812198638916
1/28/2016,23.239999771118164,23.329999923706055,22.59000015258789,23.18000030517578,88400,21.482263565063477
1/27/2016,22.920000076293945,23.299999237060547,22.809999465942383,23.110000610351562,93100,21.41739273071289
1/26/2016,23.670000076293945,23.760000228881836,23.1299991607666,23.299999237060547,157000,21.593473434448242
1/25/2016,23.760000228881836,23.790000915527344,23.510000228881836,23.610000610351562,64400,21.880767822265625
1/22/2016,23.940000534057617,23.940000534057617,23.600000381469727,23.84000015258789,94200,22.09392547607422
1/21/2016,23.719999313354492,23.899999618530273,23.489999771118164,23.579999923706055,114700,21.852968215942383
1/20/2016,23.25,23.979999542236328,22.40999984741211,23.68000030517578,107500,21.945646286010742
1/19/2016,24.540000915527344,24.610000610351562,23.31999969482422,23.59000015258789,229000,21.862234115600586
1/15/2016,23.940000534057617,24.489999771118164,23.530000686645508,24.309999465942383,177600,22.529499053955078
1/14/2016,24.219999313354492,24.950000762939453,24.09000015258789,24.510000228881836,154300,22.714853286743164
1/13/2016,24.610000610351562,25.049999237060547,23.8700008392334,24.149999618530273,134700,22.3812198638916
1/12/2016,24.670000076293945,24.850000381469727,23.90999984741211,24.610000610351562,262000,22.807527542114258
1/11/2016,23.75,24.280000686645508,23.649999618530273,24.200000762939453,66400,22.427560806274414
1/8/2016,24,24,23.170000076293945,23.559999465942383,77800,21.83443260192871
1/7/2016,23.520000457763672,24.454999923706055,23.010000228881836,23.81999969482422,320500,22.075395584106445
1/6/2016,24.489999771118164,24.489999771118164,23.6299991607666,23.68000030517578,178400,21.945646286010742
1/5/2016,25.510000228881836,25.75,24.290000915527344,24.829999923706055,168500,23.01141357421875
1/4/2016,25.950000762939453,25.959999084472656,25.239999771118164,25.31999969482422,136400,23.465530395507812
12/31/2015,25.459999084472656,26.75,25.280000686645508,26.209999084472656,94100,24.290342330932617
12/30/2015,24.56999969482422,25.739999771118164,24.280000686645508,25.469999313354492,50200,23.604543685913086
12/29/2015,24.270000457763672,24.610000610351562,23.608999252319336,24.540000915527344,64900,22.742660522460938
12/28/2015,23.809999465942383,24.549999237060547,23.6200008392334,24.200000762939453,38800,22.427560806274414
12/24/2015,23.860000610351562,23.889999389648438,23.799999237060547,23.84000015258789,12600,22.09392547607422
12/23/2015,23.559999465942383,23.989999771118164,23.270000457763672,23.75,43000,22.01051902770996
12/22/2015,23.350000381469727,23.530000686645508,22.979999542236328,23.389999389648438,18700,21.676883697509766
12/21/2015,22.90999984741211,23.309999465942383,22.674999237060547,23.190000534057617,103700,21.491531372070312
12/18/2015,23.299999237060547,23.889999389648438,22.5,22.719999313354492,776400,21.055953979492188
12/17/2015,24.09000015258789,24.6299991607666,23.059999465942383,23.309999465942383,140300,21.60274314880371
12/16/2015,23.700000762939453,24.25,23.700000762939453,23.969999313354492,132900,22.21440315246582
12/15/2015,23.329999923706055,23.780000686645508,23.329999923706055,23.559999465942383,102500,21.83443260192871
12/14/2015,22.75,23.3700008392334,22.527000427246094,23.209999084472656,129800,21.510066986083984
12/11/2015,22.690000534057617,23.290000915527344,22.600000381469727,22.670000076293945,98600,21.009620666503906
12/10/2015,23.270000457763672,23.674999237060547,22.950000762939453,23.079999923706055,71900,21.389591217041016
12/9/2015,23.489999771118164,23.639999389648438,23.229999542236328,23.360000610351562,79000,21.649084091186523
12/8/2015,23.6200008392334,23.920000076293945,22.8700008392334,23.540000915527344,92200,21.815900802612305
12/7/2015,24.110000610351562,24.700000762939453,23.6200008392334,23.81999969482422,135300,22.075395584106445
12/4/2015,24.18000030517578,24.25,23.860000610351562,24.09000015258789,51100,22.325611114501953
12/3/2015,24.510000228881836,24.639999389648438,23.860000610351562,24.170000076293945,67800,22.399755477905273
12/2/2015,24.579999923706055,24.84000015258789,24.299999237060547,24.59000015258789,73500,22.78899574279785
12/1/2015,24.510000228881836,24.93000030517578,24.510000228881836,24.770000457763672,81900,22.816801071166992
11/30/2015,24.030000686645508,24.469999313354492,23.743999481201172,24.450000762939453,129500,22.522029876708984
11/27/2015,23.6200008392334,24.100000381469727,23.360000610351562,23.969999313354492,46700,22.07988166809082
11/25/2015,23.34000015258789,23.8700008392334,23.270000457763672,23.6299991607666,96400,21.766691207885742
11/24/2015,22.530000686645508,23.600000381469727,22.40999984741211,23.309999465942383,138200,21.471923828125
11/23/2015,22.329999923706055,22.68000030517578,21.850000381469727,22.610000610351562,187700,20.827119827270508
11/20/2015,22.34000015258789,22.450000762939453,22.229999542236328,22.25,85600,20.49551010131836
11/19/2015,22.420000076293945,22.420000076293945,22.090999603271484,22.239999771118164,72900,20.486297607421875
11/18/2015,22.299999237060547,22.440000534057617,22.049999237060547,22.399999618530273,96300,20.633676528930664
11/17/2015,22.25,22.399999618530273,22,22.239999771118164,116300,20.486297607421875
11/16/2015,22.280000686645508,22.34000015258789,22.100000381469727,22.200000762939453,60200,20.449453353881836
11/13/2015,21.969999313354492,22.31999969482422,21.969999313354492,22.229999542236328,86700,20.477087020874023
11/12/2015,22,22.270000457763672,21.920000076293945,22.100000381469727,62100,20.357336044311523
11/11/2015,22.399999618530273,22.450000762939453,21.959999084472656,22.1200008392334,66300,20.375757217407227
11/10/2015,22.1299991607666,22.450000762939453,21.889999389648438,22.270000457763672,175600,20.513931274414062
11/9/2015,22.149999618530273,22.31999969482422,22.049999237060547,22.209999084472656,137000,20.45865821838379
11/6/2015,22.399999618530273,22.420000076293945,22.04599952697754,22.110000610351562,116000,20.366546630859375
11/5/2015,21.899999618530273,22.5,21.420000076293945,22.3799991607666,147000,20.61525535583496
11/4/2015,22.729999542236328,22.729999542236328,21.280000686645508,21.829999923706055,154500,20.108625411987305
11/3/2015,22,22.1200008392334,21.81999969482422,21.989999771118164,103500,20.25600814819336
11/2/2015,21.889999389648438,22.31999969482422,21.360000610351562,22,101800,20.265220642089844
10/30/2015,21.84000015258789,21.90999984741211,21.389999389648438,21.90999984741211,182000,20.182315826416016
10/29/2015,22.280000686645508,22.280000686645508,21.260000228881836,21.8799991607666,105500,20.154680252075195
10/28/2015,21.010000228881836,22.479999542236328,20.899999618530273,22.299999237060547,245500,20.541563034057617
10/27/2015,21.040000915527344,21.6299991607666,20.950000762939453,21.520000457763672,117400,19.823074340820312
10/26/2015,21.649999618530273,21.649999618530273,21,21.170000076293945,162100,19.500667572021484
10/23/2015,21.84000015258789,21.959999084472656,21.079999923706055,21.670000076293945,73300,19.961244583129883
10/22/2015,21.90999984741211,22.209999084472656,21.469999313354492,21.709999084472656,101600,19.998088836669922
10/21/2015,22.079999923706055,22.155000686645508,21.709999084472656,21.940000534057617,97900,20.2099552154541
10/20/2015,22.079999923706055,22.18000030517578,21.600000381469727,22,48200,20.265220642089844
10/19/2015,21.549999237060547,22.200000762939453,21.450000762939453,22.110000610351562,106800,20.366546630859375
10/16/2015,22.3700008392334,22.440000534057617,21.299999237060547,21.700000762939453,67700,19.98887825012207
10/15/2015,21.65999984741211,22.350000381469727,21.280000686645508,22.31999969482422,75300,20.55998992919922
10/14/2015,22.06999969482422,22.06999969482422,21.378999710083008,21.59000015258789,58200,19.887550354003906
10/13/2015,21.639999389648438,22.2450008392334,21.399999618530273,22.100000381469727,67600,20.357336044311523
10/12/2015,22.260000228881836,22.309999465942383,21.65999984741211,21.760000228881836,38300,20.04414939880371
10/9/2015,22.549999237060547,22.610000610351562,22.156999588012695,22.260000228881836,38400,20.504718780517578
10/8/2015,22.969999313354492,23.049999237060547,22.270000457763672,22.739999771118164,92000,20.946868896484375
10/7/2015,22.5,23.09000015258789,22.18000030517578,23.040000915527344,205100,21.223215103149414
10/6/2015,22.350000381469727,22.700000762939453,22.09000015258789,22.260000228881836,99400,20.504718780517578
10/5/2015,21.56999969482422,22.469999313354492,21.56999969482422,22.469999313354492,268600,20.69816017150879
10/2/2015,21.5,21.829999923706055,20.850000381469727,21.489999771118164,122700,19.79543685913086
10/1/2015,21.780000686645508,22.170000076293945,21.600000381469727,21.8799991607666,83600,20.154680252075195
9/30/2015,21.399999618530273,22.04599952697754,21.010000228881836,21.799999237060547,1585000,20.080991744995117
9/29/2015,20.899999618530273,21.399999618530273,20.709999084472656,21.209999084472656,107500,19.537513732910156
9/28/2015,20.989999771118164,21.209999084472656,20.700000762939453,20.93000030517578,105900,19.27959442138672
9/25/2015,22.25,22.25,21.06999969482422,21.3799991607666,63200,19.69411277770996
9/24/2015,22.280000686645508,22.479999542236328,21.940000534057617,21.989999771118164,171800,20.25600814819336
9/23/2015,22.3700008392334,22.5,21.8700008392334,22.270000457763672,58800,20.513931274414062
9/22/2015,21.670000076293945,22.280000686645508,21.510000228881836,22.239999771118164,116600,20.486297607421875
9/21/2015,22.190000534057617,22.200000762939453,21.5,21.950000762939453,160800,20.21916389465332
9/18/2015,21.81999969482422,22.15999984741211,21.530000686645508,21.969999313354492,180700,20.237585067749023
9/17/2015,21.520000457763672,21.90999984741211,21.5,21.8799991607666,59300,20.154680252075195
9/16/2015,21.5,22,21.450000762939453,21.799999237060547,162100,20.080991744995117
9/15/2015,21.139999389648438,22.149999618530273,21.139999389648438,21.920000076293945,97600,20.191530227661133
9/14/2015,22.049999237060547,22.049999237060547,21,21.280000686645508,101000,19.60199737548828
9/11/2015,21.75,22.100000381469727,21.559999465942383,21.690000534057617,65700,19.979663848876953
9/10/2015,21.719999313354492,22.219999313354492,21.719999313354492,21.950000762939453,141100,20.21916389465332
9/9/2015,22.299999237060547,22.299999237060547,21.68199920654297,21.969999313354492,119700,20.237585067749023
9/8/2015,22.200000762939453,22.440000534057617,21.6200008392334,21.899999618530273,198000,20.173105239868164
9/4/2015,22.719999313354492,22.81999969482422,22.09000015258789,22.350000381469727,75700,20.587621688842773
9/3/2015,22.40999984741211,22.75,22.239999771118164,22.610000610351562,111000,20.827119827270508
9/2/2015,21.549999237060547,22.979999542236328,21.549999237060547,22.75,232900,20.95608139038086
9/1/2015,21.510000228881836,22.415000915527344,21.510000228881836,22.040000915527344,260300,20.30207061767578
8/31/2015,21,22,21,22,117900,20.265220642089844
8/28/2015,21.479999542236328,21.809999465942383,21.020000457763672,21.43000030517578,214400,19.74016571044922
8/27/2015,21.1200008392334,21.940000534057617,20.959999084472656,21.81999969482422,57200,20.09941291809082
8/26/2015,21.200000762939453,21.8700008392334,20.969999313354492,21.420000076293945,277300,19.73095703125
8/25/2015,22.450000762939453,22.450000762939453,21.25,21.5,116200,19.804651260375977
8/24/2015,20.360000610351562,21.31999969482422,18.219999313354492,21.1200008392334,183700,19.454612731933594
8/21/2015,21.950000762939453,21.999000549316406,21.649999618530273,21.690000534057617,148900,19.979663848876953
8/20/2015,21.8700008392334,22.100000381469727,21.760000228881836,22,123200,20.265220642089844
8/19/2015,22.260000228881836,22.399999618530273,22.100000381469727,22.100000381469727,85100,20.357336044311523
8/18/2015,22.219999313354492,22.520000457763672,21.8799991607666,22.5,248900,20.72579574584961
8/17/2015,22.739999771118164,22.780000686645508,22.010000228881836,22.450000762939453,234100,20.67974090576172
8/14/2015,22.420000076293945,23.040000915527344,22.420000076293945,22.75,667600,20.95608139038086
8/13/2015,22.75,23.100000381469727,21.649999618530273,22.399999618530273,4714900,20.633676528930664
