4/22/2019,16.65999984741211,16.68000030517578,16.579999923706055,16.59000015258789,5423700,16.59000015258789
4/18/2019,16.59000015258789,16.709999084472656,16.514999389648438,16.65999984741211,9627200,16.65999984741211
4/17/2019,16.6299991607666,16.690000534057617,16.43000030517578,16.56999969482422,9137100,16.56999969482422
4/16/2019,16.5,16.69499969482422,16.479999542236328,16.600000381469727,14190900,16.600000381469727
4/15/2019,16.360000610351562,16.5,16.360000610351562,16.489999771118164,5233300,16.489999771118164
4/12/2019,16.389999389648438,16.479999542236328,16.290000915527344,16.399999618530273,5240100,16.399999618530273
4/11/2019,16.18000030517578,16.325000762939453,16.100000381469727,16.270000457763672,6985300,16.270000457763672
4/10/2019,15.970000267028809,16.270000457763672,15.9399995803833,16.270000457763672,5654600,16.270000457763672
4/9/2019,16.1200008392334,16.139999389648438,15.899999618530273,15.949999809265137,5019000,15.949999809265137
4/8/2019,16.139999389648438,16.260000228881836,16.062000274658203,16.190000534057617,6414100,16.190000534057617
4/5/2019,16.010000228881836,16.170000076293945,16,16.149999618530273,6083900,16.149999618530273
4/4/2019,15.899999618530273,16.110000610351562,15.850000381469727,16.06999969482422,9514000,16.06999969482422
4/3/2019,16.020000457763672,16.079999923706055,15.739999771118164,15.850000381469727,12210800,15.850000381469727
4/2/2019,15.930000305175781,16.010000228881836,15.8149995803833,15.819999694824219,6484600,15.819999694824219
4/1/2019,15.550000190734863,15.90999984741211,15.539999961853027,15.899999618530273,10995700,15.899999618530273
3/29/2019,15.420000076293945,15.460000038146973,15.324999809265137,15.430000305175781,9937300,15.430000305175781
3/28/2019,15.350000381469727,15.53499984741211,15.229999542236328,15.260000228881836,9649400,15.260000228881836
3/27/2019,15.359999656677246,15.4350004196167,15.170000076293945,15.260000228881836,7722000,15.260000228881836
3/26/2019,15.1899995803833,15.454999923706055,15.180000305175781,15.3100004196167,9274600,15.3100004196167
3/25/2019,15.300000190734863,15.380000114440918,15.050000190734863,15.149999618530273,12410800,15.149999618530273
3/22/2019,15.800000190734863,15.9399995803833,15.270000457763672,15.289999961853027,12345200,15.289999961853027
3/21/2019,15.890000343322754,16.1200008392334,15.890000343322754,16.020000457763672,17721300,16.020000457763672
3/20/2019,15.869999885559082,16.040000915527344,15.770000457763672,15.869999885559082,10351700,15.869999885559082
3/19/2019,15.899999618530273,16.040000915527344,15.831000328063965,15.880000114440918,15502600,15.880000114440918
3/18/2019,16,16.110000610351562,15.739999771118164,15.84000015258789,11519400,15.84000015258789
3/15/2019,15.65999984741211,16.104999542236328,15.65999984741211,16.06999969482422,20228300,16.06999969482422
3/14/2019,15.59000015258789,15.71500015258789,15.489999771118164,15.65999984741211,10097400,15.65999984741211
3/13/2019,15.380000114440918,15.59000015258789,15.319999694824219,15.520000457763672,11306000,15.520000457763672
3/12/2019,15.350000381469727,15.489999771118164,15.130000114440918,15.3100004196167,17676400,15.3100004196167
3/11/2019,15.640000343322754,15.930000305175781,15.635000228881836,15.890000343322754,11689000,15.777501106262207
3/8/2019,15.520000457763672,15.664999961853027,15.414999961853027,15.609999656677246,7801900,15.499482154846191
3/7/2019,15.859999656677246,15.9399995803833,15.600000381469727,15.670000076293945,14207900,15.55905818939209
3/6/2019,16.110000610351562,16.139999389648438,15.9399995803833,15.960000038146973,6343400,15.847004890441895
3/5/2019,16.09000015258789,16.239999771118164,15.920000076293945,16.139999389648438,15853200,16.02573013305664
3/4/2019,16.450000762939453,16.520000457763672,15.9399995803833,16.15999984741211,14646300,16.045589447021484
3/1/2019,16.540000915527344,16.540000915527344,16.2549991607666,16.3799991607666,21879800,16.26403045654297
2/28/2019,16.600000381469727,16.649999618530273,16.34000015258789,16.3799991607666,13489400,16.26403045654297
2/27/2019,16.75,16.815000534057617,16.69499969482422,16.700000762939453,8381300,16.58176612854004
2/26/2019,16.729999542236328,16.969999313354492,16.709999084472656,16.799999237060547,10049500,16.68105697631836
2/25/2019,16.350000381469727,16.920000076293945,16.344999313354492,16.760000228881836,13110200,16.641340255737305
2/22/2019,16.5,16.5,16.010000228881836,16.31999969482422,22478500,16.204456329345703
2/21/2019,16.110000610351562,16.389999389648438,16.030000686645508,16.229999542236328,15909700,16.115093231201172
2/20/2019,16.100000381469727,16.219999313354492,16.030000686645508,16.049999237060547,9809100,15.93636703491211
2/19/2019,16.030000686645508,16.1299991607666,15.979999542236328,16.09000015258789,8588900,15.97608470916748
2/15/2019,16.110000610351562,16.239999771118164,15.989999771118164,16.09000015258789,11932700,15.97608470916748
2/14/2019,15.90999984741211,16.1299991607666,15.859999656677246,15.989999771118164,7968600,15.876791954040527
2/13/2019,16.100000381469727,16.239999771118164,16.030000686645508,16.049999237060547,11945600,15.93636703491211
2/12/2019,16.010000228881836,16.149999618530273,15.970000267028809,16,13904500,15.88672161102295
2/11/2019,15.90999984741211,16.045000076293945,15.829999923706055,15.84000015258789,7940000,15.72785472869873
2/8/2019,15.65999984741211,15.925000190734863,15.619999885559082,15.920000076293945,7984700,15.80728816986084
2/7/2019,15.90999984741211,16.094999313354492,15.75,15.850000381469727,6135500,15.737784385681152
2/6/2019,15.9399995803833,16.190000534057617,15.899999618530273,16.09000015258789,7159000,15.97608470916748
2/5/2019,15.789999961853027,16.099000930786133,15.779999732971191,15.890000343322754,6625700,15.777501106262207
2/4/2019,15.729999542236328,15.850000381469727,15.579999923706055,15.789999961853027,9193800,15.678208351135254
2/1/2019,15.6899995803833,15.8100004196167,15.5649995803833,15.6899995803833,9152100,15.5789155960083
1/31/2019,15.470000267028809,15.649999618530273,15.350000381469727,15.59000015258789,11945800,15.47962474822998
1/30/2019,15.479999542236328,15.670000076293945,15.274999618530273,15.520000457763672,7852300,15.410120010375977
1/29/2019,15.75,15.859999656677246,15.364999771118164,15.369999885559082,20884100,15.261181831359863
1/28/2019,15.109999656677246,15.670000076293945,15.069999694824219,15.65999984741211,29335800,15.549128532409668
1/25/2019,14.9399995803833,15.380000114440918,14.904999732971191,15.350000381469727,17843400,15.241323471069336
1/24/2019,14.479999542236328,14.880000114440918,14.4399995803833,14.760000228881836,7087900,14.655501365661621
1/23/2019,14.520000457763672,14.6899995803833,14.319999694824219,14.4399995803833,6831400,14.33776569366455
1/22/2019,14.65999984741211,14.65999984741211,14.350000381469727,14.449999809265137,9537600,14.347695350646973
1/18/2019,14.380000114440918,14.75,14.380000114440918,14.680000305175781,8935900,14.576066970825195
1/17/2019,14.260000228881836,14.399999618530273,14.100000381469727,14.270000457763672,6240000,14.168970108032227
1/16/2019,13.770000457763672,14.369999885559082,13.729999542236328,14.319999694824219,12256800,14.218615531921387
1/15/2019,14.210000038146973,14.489999771118164,14.170000076293945,14.4399995803833,6786400,14.33776569366455
1/14/2019,14.109999656677246,14.307000160217285,14.010000228881836,14.15999984741211,8960300,14.059748649597168
1/11/2019,14.039999961853027,14.260000228881836,13.890000343322754,14.239999771118164,6507200,14.139182090759277
1/10/2019,13.989999771118164,14.140000343322754,13.880000114440918,14.130000114440918,8556200,14.029961585998535
1/9/2019,13.880000114440918,14.194999694824219,13.880000114440918,14.0600004196167,7668100,13.960456848144531
1/8/2019,14.1899995803833,14.3100004196167,13.6850004196167,13.800000190734863,12732500,13.70229721069336
1/7/2019,13.819999694824219,14.170000076293945,13.75,14.069999694824219,8027500,13.970385551452637
1/4/2019,13.510000228881836,13.920000076293945,13.449999809265137,13.800000190734863,11277100,13.70229721069336
1/3/2019,13.279999732971191,13.369999885559082,12.930000305175781,13.180000305175781,11921700,13.086687088012695
1/2/2019,12.949999809265137,13.640000343322754,12.949999809265137,13.460000038146973,10865500,13.364704132080078
12/31/2018,13.170000076293945,13.255000114440918,13.029999732971191,13.210000038146973,6453800,13.116474151611328
12/28/2018,13.210000038146973,13.3149995803833,12.970000267028809,13.029999732971191,8727000,12.937748908996582
12/27/2018,12.6899995803833,13.119999885559082,12.539999961853027,13.100000381469727,8150300,13.007253646850586
12/26/2018,12.34000015258789,12.859999656677246,12.086999893188477,12.8100004196167,10312200,12.719306945800781
12/24/2018,12.460000038146973,12.595000267028809,12.225000381469727,12.270000457763672,5400200,12.183130264282227
12/21/2018,12.65999984741211,13,12.484999656677246,12.609999656677246,25427500,12.520722389221191
12/20/2018,13.079999923706055,13.15999984741211,12.595000267028809,12.649999618530273,18528300,12.560439109802246
12/19/2018,13.59000015258789,13.84000015258789,13.069999694824219,13.170000076293945,14299900,13.076757431030273
12/18/2018,13.710000038146973,13.930000305175781,13.539999961853027,13.630000114440918,12805000,13.533500671386719
12/17/2018,14.170000076293945,14.270000457763672,13.550000190734863,13.59000015258789,17072700,13.493783950805664
12/14/2018,14.350000381469727,14.460000038146973,14.199999809265137,14.220000267028809,11166200,14.11932373046875
12/13/2018,14.649999618530273,14.930000305175781,14.4399995803833,14.489999771118164,12862100,14.387412071228027
12/12/2018,14.960000038146973,14.989999771118164,14.630000114440918,14.640000343322754,14122900,14.53635025024414
12/11/2018,14.579999923706055,14.829999923706055,14.380000114440918,14.739999771118164,16343600,14.635642051696777
12/10/2018,14.619999885559082,14.845000267028809,14.1899995803833,14.569999694824219,14047500,14.355141639709473
12/7/2018,15.970000267028809,15.970000267028809,14.65999984741211,14.710000038146973,18469900,14.493077278137207
12/6/2018,14.8100004196167,16.260000228881836,14.5600004196167,16.020000457763672,29136600,15.783760070800781
12/4/2018,15.420000076293945,15.539999961853027,14.979999542236328,15.050000190734863,18349500,14.82806396484375
12/3/2018,15.260000228881836,15.529999732971191,15.220000267028809,15.5,14845100,15.271427154541016
11/30/2018,15.09000015258789,15.140000343322754,14.770000457763672,15,20963100,14.778800964355469
11/29/2018,15.399999618530273,15.420000076293945,15.100000381469727,15.119999885559082,10922000,14.897031784057617
11/28/2018,15.180000305175781,15.460000038146973,14.899999618530273,15.460000038146973,13439200,15.232017517089844
11/27/2018,14.789999961853027,15.0600004196167,14.760000228881836,15.0600004196167,7771900,14.83791732788086
11/26/2018,14.720000267028809,14.984999656677246,14.6899995803833,14.90999984741211,9953900,14.690128326416016
11/23/2018,14.5600004196167,14.71500015258789,14.489999771118164,14.539999961853027,2909400,14.325584411621094
11/21/2018,14.640000343322754,14.930000305175781,14.630000114440918,14.699999809265137,8652300,14.483224868774414
11/20/2018,14.600000381469727,14.800000190734863,14.404999732971191,14.529999732971191,11300700,14.3157320022583
11/19/2018,15.100000381469727,15.21500015258789,14.699999809265137,14.829999923706055,12707700,14.611308097839355
11/16/2018,15.279999732971191,15.350000381469727,15.100000381469727,15.199999809265137,11150600,14.975851058959961
11/15/2018,15.069999694824219,15.479999542236328,14.890000343322754,15.319999694824219,15280000,15.09408187866211
11/14/2018,15.479999542236328,15.675000190734863,15.109999656677246,15.149999618530273,16235400,14.926589012145996
11/13/2018,15.3100004196167,15.609999656677246,15.244999885559082,15.34000015258789,9517000,15.113787651062012
11/12/2018,15.579999923706055,15.604999542236328,15.1899995803833,15.279999732971191,9571300,15.054671287536621
11/9/2018,16.1299991607666,16.19499969482422,15.5649995803833,15.720000267028809,10721500,15.488183975219727
11/8/2018,16.190000534057617,16.518999099731445,16.149999618530273,16.25,7195500,16.010366439819336
11/7/2018,16.030000686645508,16.25,15.84000015258789,16.239999771118164,18460200,16.00051498413086
11/6/2018,15.930000305175781,16.06999969482422,15.829999923706055,15.880000114440918,13047300,15.645824432373047
11/5/2018,15.890000343322754,16.010000228881836,15.680000305175781,15.930000305175781,6268100,15.695087432861328
11/2/2018,15.829999923706055,16.094999313354492,15.734999656677246,15.890000343322754,15140700,15.65567684173584
11/1/2018,15.239999771118164,15.800000190734863,15.239999771118164,15.800000190734863,6066800,15.56700325012207
10/31/2018,15.140000343322754,15.520000457763672,15.140000343322754,15.25,9547400,15.025114059448242
10/30/2018,14.569999694824219,14.9399995803833,14.510000228881836,14.930000305175781,8297100,14.709833145141602
10/29/2018,14.800000190734863,15.050000190734863,14.359999656677246,14.569999694824219,8024400,14.355141639709473
10/26/2018,14.970000267028809,14.979999542236328,14.47599983215332,14.630000114440918,10469500,14.414257049560547
10/25/2018,15.199999809265137,15.345000267028809,15.079999923706055,15.149999618530273,8175700,14.926589012145996
10/24/2018,15.630000114440918,15.795000076293945,15.0600004196167,15.09000015258789,8119500,14.867474555969238
10/23/2018,15.529999732971191,15.75,15.3100004196167,15.649999618530273,9081300,15.419215202331543
10/22/2018,15.539999961853027,15.890000343322754,15.520000457763672,15.84000015258789,7881600,15.606413841247559
10/19/2018,15.350000381469727,15.630000114440918,15.34000015258789,15.4399995803833,7652700,15.212311744689941
10/18/2018,15.399999618530273,15.529999732971191,15.100000381469727,15.329999923706055,8275200,15.103935241699219
10/17/2018,15.59000015258789,15.649999618530273,15.3100004196167,15.520000457763672,6231700,15.291132926940918
10/16/2018,15.449999809265137,15.539999961853027,15.270000457763672,15.510000228881836,6109300,15.281280517578125
10/15/2018,15.420000076293945,15.510000228881836,15.239999771118164,15.34000015258789,9344700,15.113787651062012
10/12/2018,14.920000076293945,15.460000038146973,14.890000343322754,15.420000076293945,16598800,15.192607879638672
10/11/2018,15.0600004196167,15.15999984741211,14.550000190734863,14.630000114440918,9075100,14.414257049560547
10/10/2018,15.649999618530273,15.770000457763672,15.09000015258789,15.109999656677246,10860900,14.887178421020508
10/9/2018,15.869999885559082,15.920000076293945,15.59000015258789,15.6899995803833,12074000,15.458625793457031
10/8/2018,16.06999969482422,16.149999618530273,15.859999656677246,15.890000343322754,8991800,15.65567684173584
10/5/2018,16.809999465942383,17.020000457763672,16.040000915527344,16.139999389648438,12794700,15.901989936828613
10/4/2018,16.790000915527344,17,16.780000686645508,16.850000381469727,10262800,16.601520538330078
10/3/2018,16.540000915527344,16.90999984741211,16.459999084472656,16.75,10580100,16.502994537353516
10/2/2018,16.139999389648438,16.6299991607666,16.139999389648438,16.530000686645508,9636500,16.286239624023438
10/1/2018,16.3700008392334,16.520000457763672,16.1299991607666,16.18000030517578,9808600,15.941400527954102
9/28/2018,16.25,16.43000030517578,16.170000076293945,16.309999465942383,12488000,16.069482803344727
9/27/2018,16.6299991607666,16.6299991607666,16.25,16.280000686645508,12514200,16.039926528930664
9/26/2018,16.59000015258789,16.719999313354492,16.4950008392334,16.510000228881836,8897900,16.26653480529785
9/25/2018,16.8700008392334,16.96500015258789,16.530000686645508,16.549999237060547,17845200,16.30594253540039
9/24/2018,17,17.024999618530273,16.860000610351562,16.920000076293945,7291300,16.670486450195312
9/21/2018,16.950000762939453,17.270000457763672,16.920000076293945,17.020000457763672,26709600,16.769012451171875
9/20/2018,16.700000762939453,16.979999542236328,16.68000030517578,16.8700008392334,8726300,16.621227264404297
9/19/2018,16.56999969482422,16.700000762939453,16.549999237060547,16.639999389648438,6871500,16.394617080688477
9/18/2018,16.309999465942383,16.68000030517578,16.264999389648438,16.549999237060547,6680200,16.30594253540039
9/17/2018,16.579999923706055,16.68000030517578,16.229999542236328,16.280000686645508,8686400,16.039926528930664
9/14/2018,16.549999237060547,16.65999984741211,16.475000381469727,16.579999923706055,8040300,16.33550262451172
9/13/2018,16.5,16.729999542236328,16.434999465942383,16.540000915527344,11155800,16.296091079711914
9/12/2018,16.389999389648438,16.469999313354492,16.25,16.399999618530273,5614500,16.15815544128418
9/11/2018,16.280000686645508,16.479999542236328,16.15999984741211,16.450000762939453,7953700,16.207420349121094
9/10/2018,16.540000915527344,16.549999237060547,16.260000228881836,16.40999984741211,12516300,16.057167053222656
9/7/2018,16.489999771118164,16.799999237060547,16.389999389648438,16.530000686645508,10228900,16.174589157104492
9/6/2018,16.559999465942383,16.6200008392334,16.420000076293945,16.520000457763672,8440700,16.16480255126953
9/5/2018,16.690000534057617,16.700000762939453,16.239999771118164,16.59000015258789,13574000,16.23329734802246
9/4/2018,16.420000076293945,16.71500015258789,16.170000076293945,16.670000076293945,10016400,16.31157684326172
8/31/2018,16.770000457763672,16.770000457763672,16.399999618530273,16.530000686645508,10675700,16.174589157104492
8/30/2018,16.739999771118164,17.079999923706055,16.719999313354492,16.790000915527344,16188100,16.428997039794922
8/29/2018,17.030000686645508,17.59000015258789,16.649999618530273,16.709999084472656,25330100,16.350717544555664
8/28/2018,16.530000686645508,16.799999237060547,16.510000228881836,16.739999771118164,10950200,16.38007164001465
8/27/2018,16.3700008392334,16.639999389648438,16.260000228881836,16.450000762939453,13743900,16.0963077545166
8/24/2018,16.15999984741211,16.309999465942383,15.979999542236328,16.200000762939453,9561000,15.8516845703125
8/23/2018,15.8100004196167,16.459999084472656,15.795000076293945,16.100000381469727,15522400,15.753833770751953
8/22/2018,15.760000228881836,15.920000076293945,15.720000267028809,15.819999694824219,8331000,15.479852676391602
8/21/2018,16.469999313354492,16.469999313354492,15.739999771118164,15.779999732971191,16634000,15.440712928771973
8/20/2018,16.739999771118164,16.959999084472656,16.59000015258789,16.719999313354492,9402400,16.360502243041992
8/17/2018,16.25,16.795000076293945,16.20800018310547,16.670000076293945,12400100,16.31157684326172
8/16/2018,16.1200008392334,16.389999389648438,16.024999618530273,16.270000457763672,10663400,15.920178413391113
8/15/2018,15.859999656677246,16.09000015258789,15.789999961853027,16.030000686645508,10275900,15.685338973999023
8/14/2018,15.699999809265137,16.020000457763672,15.699999809265137,15.989999771118164,5182800,15.646197319030762
8/13/2018,15.850000381469727,15.970000267028809,15.65999984741211,15.65999984741211,5039600,15.323293685913086
8/10/2018,15.979999542236328,16.084999084472656,15.779999732971191,15.850000381469727,5036700,15.509208679199219
8/9/2018,16.139999389648438,16.225000381469727,16.059999465942383,16.110000610351562,3503900,15.763618469238281
8/8/2018,16.139999389648438,16.290000915527344,16.06999969482422,16.15999984741211,4663000,15.812542915344238
8/7/2018,16.049999237060547,16.229999542236328,16.020000457763672,16.1299991607666,4396500,15.783186912536621
8/6/2018,15.930000305175781,16.045000076293945,15.850000381469727,16.010000228881836,5224100,15.66576862335205
8/3/2018,15.609999656677246,16,15.59000015258789,15.979999542236328,7397200,15.636412620544434
8/2/2018,15.350000381469727,15.569999694824219,15.319999694824219,15.550000190734863,7753100,15.215659141540527
8/1/2018,15.420000076293945,15.609999656677246,15.369999885559082,15.449999809265137,5640200,15.117809295654297
7/31/2018,15.449999809265137,15.550000190734863,15.369999885559082,15.4399995803833,6644700,15.108023643493652
7/30/2018,15.579999923706055,15.640000343322754,15.319999694824219,15.449999809265137,4940000,15.117809295654297
7/27/2018,15.760000228881836,15.890000343322754,15.529999732971191,15.59000015258789,5690100,15.254798889160156
7/26/2018,15.489999771118164,15.770000457763672,15.479999542236328,15.6899995803833,4970600,15.35264778137207
7/25/2018,15.239999771118164,15.489999771118164,15.229999542236328,15.479999542236328,5964900,15.147162437438965
7/24/2018,15.609999656677246,15.664999961853027,15.25,15.300000190734863,7481700,14.971034049987793
7/23/2018,15.40999984741211,15.550000190734863,15.270000457763672,15.470000267028809,13145600,15.13737964630127
7/20/2018,15.59000015258789,15.614999771118164,15.404999732971191,15.470000267028809,6592600,15.13737964630127
7/19/2018,15.930000305175781,16.155000686645508,15.609999656677246,15.640000343322754,11530100,15.30372428894043
7/18/2018,15.6899995803833,15.949999809265137,15.649999618530273,15.930000305175781,6992100,15.587488174438477
7/17/2018,15.59000015258789,15.800000190734863,15.5600004196167,15.65999984741211,8883000,15.323293685913086
7/16/2018,15.449999809265137,15.649999618530273,15.335000038146973,15.640000343322754,10738000,15.30372428894043
7/13/2018,15.34000015258789,15.529999732971191,15.300000190734863,15.489999771118164,8808200,15.15694808959961
7/12/2018,15.149999618530273,15.470000267028809,15.119999885559082,15.390000343322754,4759800,15.059099197387695
7/11/2018,15.3100004196167,15.350000381469727,15.079999923706055,15.100000381469727,8725700,14.775335311889648
7/10/2018,15.239999771118164,15.53499984741211,15.199999809265137,15.5,12151400,15.166733741760254
7/9/2018,15.039999961853027,15.3149995803833,14.989999771118164,15.229999542236328,6362000,14.902538299560547
7/6/2018,14.880000114440918,15.050000190734863,14.729999542236328,14.979999542236328,5527800,14.657913208007812
7/5/2018,14.800000190734863,14.84000015258789,14.569999694824219,14.819999694824219,9473800,14.501354217529297
7/3/2018,14.789999961853027,14.920000076293945,14.75,14.770000457763672,4748200,14.45242977142334
7/2/2018,14.5,14.84000015258789,14.460000038146973,14.800000190734863,7088700,14.481783866882324
6/29/2018,14.770000457763672,14.850000381469727,14.609999656677246,14.609999656677246,11694500,14.295868873596191
6/28/2018,14.710000038146973,14.770000457763672,14.475000381469727,14.710000038146973,14739100,14.393719673156738
6/27/2018,15.220000267028809,15.25,14.720000267028809,14.720000267028809,14323600,14.403504371643066
6/26/2018,15.109999656677246,15.550000190734863,15.0600004196167,15.170000076293945,7978600,14.843829154968262
6/25/2018,15.170000076293945,15.229999542236328,14.9399995803833,15.069999694824219,15972800,14.745978355407715
6/22/2018,15.489999771118164,15.520000457763672,15.225000381469727,15.239999771118164,9056600,14.912322998046875
6/21/2018,15.199999809265137,15.489999771118164,15.140000343322754,15.420000076293945,14506700,15.08845329284668
6/20/2018,15.949999809265137,15.989999771118164,15.130000114440918,15.149999618530273,14603800,14.824258804321289
6/19/2018,15.699999809265137,15.930000305175781,15.670000076293945,15.899999618530273,8432700,15.558133125305176
6/18/2018,15.800000190734863,16.059999465942383,15.6850004196167,15.90999984741211,12084700,15.56791877746582
6/15/2018,15.800000190734863,15.949999809265137,15.619999885559082,15.949999809265137,25030400,15.607057571411133
6/14/2018,15.869999885559082,16.1200008392334,15.75,15.819999694824219,11926600,15.479852676391602
6/13/2018,15.760000228881836,15.890000343322754,15.699999809265137,15.789999961853027,8437800,15.450499534606934
6/12/2018,15.920000076293945,16,15.779999732971191,15.789999961853027,9010600,15.450499534606934
6/11/2018,15.960000038146973,16.18000030517578,15.960000038146973,16.020000457763672,11639200,15.565471649169922
6/8/2018,15.819999694824219,16.020000457763672,15.786999702453613,16.010000228881836,7921400,15.555756568908691
6/7/2018,15.979999542236328,16.059999465942383,15.819999694824219,15.920000076293945,7794000,15.468308448791504
6/6/2018,16.110000610351562,16.110000610351562,15.725000381469727,16.020000457763672,12395000,15.565471649169922
6/5/2018,15.5,16.1299991607666,15.449999809265137,16.059999465942383,22398000,15.604336738586426
6/4/2018,15.5,15.739999771118164,15.369999885559082,15.539999961853027,12236800,15.099090576171875
6/1/2018,15.329999923706055,15.529999732971191,15.319999694824219,15.529999732971191,10896700,15.089374542236328
5/31/2018,15.529999732971191,15.59000015258789,15.119999885559082,15.239999771118164,14448100,14.807601928710938
5/30/2018,15.470000267028809,15.664999961853027,15.319999694824219,15.569999694824219,12024900,15.128238677978516
5/29/2018,15.430000305175781,15.486000061035156,15.260000228881836,15.380000114440918,9727000,14.94363021850586
5/25/2018,15.75,15.819999694824219,15.4399995803833,15.520000457763672,14411500,15.079658508300781
5/24/2018,15.550000190734863,15.8100004196167,15.15999984741211,15.760000228881836,29516000,15.312849044799805
5/23/2018,16.850000381469727,16.950000762939453,15.449999809265137,15.579999923706055,56055200,15.137954711914062
5/22/2018,17.549999237060547,17.68000030517578,17.40999984741211,17.40999984741211,14421200,16.916034698486328
5/21/2018,17.65999984741211,17.739999771118164,17.479999542236328,17.510000228881836,6196800,17.013195037841797
5/18/2018,17.65999984741211,17.670000076293945,17.479999542236328,17.559999465942383,6784900,17.061777114868164
5/17/2018,17.68000030517578,17.760000228881836,17.434999465942383,17.670000076293945,10602300,17.168655395507812
5/16/2018,17.40999984741211,17.68000030517578,17.3700008392334,17.6299991607666,15259900,17.129791259765625
5/15/2018,17.479999542236328,17.530000686645508,17.28499984741211,17.399999618530273,8365700,16.90631866455078
5/14/2018,17.75,17.81999969482422,17.59000015258789,17.59000015258789,8456000,17.09092903137207
5/11/2018,17.65999984741211,17.780000686645508,17.610000610351562,17.670000076293945,11498300,17.168655395507812
5/10/2018,17.670000076293945,17.700000762939453,17.5,17.649999618530273,12298200,17.14922523498535
5/9/2018,17.399999618530273,17.670000076293945,17.34000015258789,17.600000381469727,13013900,17.100643157958984
5/8/2018,17.25,17.43000030517578,17.204999923706055,17.389999389648438,12408100,16.89659881591797
5/7/2018,17.239999771118164,17.450000762939453,17.190000534057617,17.299999237060547,10486700,16.809152603149414
5/4/2018,16.850000381469727,17.2549991607666,16.780000686645508,17.209999084472656,6166900,16.72170639038086
5/3/2018,16.989999771118164,17.079999923706055,16.75,16.899999618530273,8031900,16.420503616333008
5/2/2018,17.139999389648438,17.260000228881836,17.06999969482422,17.1200008392334,6367900,16.634262084960938
5/1/2018,16.989999771118164,17.200000762939453,16.950000762939453,17.18000030517578,9651800,16.69255828857422
4/30/2018,17.34000015258789,17.459999084472656,17.049999237060547,17.049999237060547,12473400,16.566246032714844
4/27/2018,17.639999389648438,17.639999389648438,17.239999771118164,17.350000381469727,8836700,16.85773468017578
4/26/2018,17.389999389648438,17.514999389648438,17.2450008392334,17.389999389648438,10687300,16.89659881591797
4/25/2018,17.299999237060547,17.415000915527344,17.020000457763672,17.309999465942383,9302400,16.818870544433594
4/24/2018,17.5,17.68000030517578,17.25,17.360000610351562,10102900,16.86745262145996
4/23/2018,17.3799991607666,17.540000915527344,17.30500030517578,17.420000076293945,8083000,16.925750732421875
4/20/2018,17.440000534057617,17.450000762939453,17.15999984741211,17.290000915527344,7701600,16.7994384765625
4/19/2018,17.649999618530273,17.649999618530273,17.3799991607666,17.40999984741211,7789300,16.916034698486328
4/18/2018,17.770000457763672,17.780000686645508,17.614999771118164,17.68000030517578,9610200,17.178373336791992
4/17/2018,17.68000030517578,17.8799991607666,17.6200008392334,17.75,16033300,17.246389389038086
4/16/2018,17.450000762939453,17.670000076293945,17.360000610351562,17.559999465942383,16959600,17.061777114868164
4/13/2018,17.510000228881836,17.510000228881836,17.18000030517578,17.399999618530273,10062600,16.90631866455078
4/12/2018,17.350000381469727,17.600000381469727,17.329999923706055,17.40999984741211,13920700,16.916034698486328
4/11/2018,17.200000762939453,17.299999237060547,17.090999603271484,17.239999771118164,9828500,16.750858306884766
4/10/2018,17.06999969482422,17.399999618530273,17.06999969482422,17.25,15303200,16.760574340820312
4/9/2018,16.729999542236328,17.209999084472656,16.729999542236328,16.809999465942383,8445100,16.333057403564453
4/6/2018,17.040000915527344,17.219999313354492,16.610000610351562,16.700000762939453,14149100,16.226179122924805
4/5/2018,17.420000076293945,17.420000076293945,17.1200008392334,17.200000762939453,15104800,16.711992263793945
4/4/2018,16.829999923706055,17.309999465942383,16.760000228881836,17.25,13204000,16.760574340820312
4/3/2018,17.25,17.350000381469727,16.959999084472656,17.139999389648438,13363100,16.6536922454834
4/2/2018,17.479999542236328,17.520000457763672,16.940000534057617,17.1200008392334,10274600,16.634262084960938
3/29/2018,17.700000762939453,17.7549991607666,17.454999923706055,17.540000915527344,16009600,17.04234504699707
3/28/2018,17.610000610351562,17.799999237060547,17.405000686645508,17.65999984741211,14005200,17.158939361572266
3/27/2018,18.09000015258789,18.155000686645508,17.454999923706055,17.559999465942383,12146200,17.061777114868164
3/26/2018,17.920000076293945,18.030000686645508,17.575000762939453,17.989999771118164,11003500,17.479578018188477
3/23/2018,18.3700008392334,18.399999618530273,17.6299991607666,17.6299991607666,10561400,17.129791259765625
3/22/2018,18.549999237060547,18.645000457763672,18.299999237060547,18.31999969482422,10862300,17.800214767456055
3/21/2018,18.780000686645508,18.889999389648438,18.56999969482422,18.709999084472656,10840800,18.179149627685547
3/20/2018,18.790000915527344,18.93000030517578,18.614999771118164,18.780000686645508,11180300,18.247163772583008
3/19/2018,18.700000762939453,18.829999923706055,18.5,18.700000762939453,9447200,18.16943359375
3/16/2018,18.81999969482422,19.010000228881836,18.68000030517578,18.790000915527344,21347600,18.256879806518555
3/15/2018,18.899999618530273,18.979999542236328,18.780000686645508,18.829999923706055,15291600,18.295745849609375
3/14/2018,18.979999542236328,18.989999771118164,18.735000610351562,18.850000381469727,11582800,18.31517791748047
3/13/2018,19.09000015258789,19.229999542236328,18.860000610351562,18.8799991607666,9001700,18.34432601928711
3/12/2018,19.15999984741211,19.174999237060547,19,19.06999969482422,10161300,18.45606231689453
3/9/2018,19.06999969482422,19.209999084472656,18.979999542236328,19.15999984741211,14564800,18.543167114257812
3/8/2018,19.200000762939453,19.229999542236328,18.844999313354492,18.950000762939453,10551000,18.33992576599121
3/7/2018,19.239999771118164,19.3799991607666,18.979999542236328,19.149999618530273,11056300,18.533489227294922
3/6/2018,19.010000228881836,19.475000381469727,19,19.40999984741211,11551400,18.785118103027344
3/5/2018,18.770000457763672,19.100000381469727,18.739999771118164,18.979999542236328,11720600,18.368959426879883
3/2/2018,18.200000762939453,18.799999237060547,18.149999618530273,18.780000686645508,14917400,18.175399780273438
3/1/2018,18.700000762939453,18.834999084472656,18.139999389648438,18.399999618530273,14072000,17.807632446289062
2/28/2018,18.950000762939453,19.06999969482422,18.59000015258789,18.59000015258789,17526900,17.991514205932617
2/27/2018,18.5,19.1299991607666,18.5,18.81999969482422,20981300,18.214111328125
2/26/2018,18.040000915527344,18.799999237060547,18.040000915527344,18.549999237060547,25578200,17.952804565429688
2/23/2018,18.010000228881836,18.190000534057617,17.559999465942383,18.139999389648438,45018300,17.55600357055664
2/22/2018,16.43000030517578,16.670000076293945,16.229999542236328,16.40999984741211,16299400,15.881698608398438
2/21/2018,16.600000381469727,16.684999465942383,16.219999313354492,16.25,10906500,15.726849555969238
2/20/2018,16.469999313354492,16.684999465942383,16.40999984741211,16.520000457763672,9037500,15.988155364990234
2/16/2018,16.299999237060547,16.559999465942383,16.209999084472656,16.389999389648438,8506800,15.86234188079834
2/15/2018,16.280000686645508,16.479999542236328,16.040000915527344,16.350000381469727,8201600,15.82363224029541
2/14/2018,15.40999984741211,16.219999313354492,15.350000381469727,16.149999618530273,14008300,15.6300687789917
2/13/2018,15.630000114440918,15.630000114440918,15.3100004196167,15.470000267028809,13734800,14.97196102142334
2/12/2018,15.420000076293945,15.850000381469727,15.359999656677246,15.75,7683600,15.24294662475586
2/9/2018,15.199999809265137,15.414999961853027,14.654999732971191,15.300000190734863,16716000,14.80743408203125
2/8/2018,15.529999732971191,15.680000305175781,15.039999961853027,15.039999961853027,12061000,14.555804252624512
2/7/2018,15.670000076293945,15.78499984741211,15.329999923706055,15.5600004196167,13112600,15.059063911437988
2/6/2018,15.270000457763672,15.8149995803833,14.960000038146973,15.729999542236328,16226800,15.223589897155762
2/5/2018,16.530000686645508,16.649999618530273,15.649999618530273,15.65999984741211,15838100,15.155842781066895
2/2/2018,16.65999984741211,16.93000030517578,16.520000457763672,16.649999618530273,13334000,16.113969802856445
2/1/2018,16.399999618530273,16.8799991607666,16.31999969482422,16.790000915527344,13494800,16.249465942382812
1/31/2018,16.59000015258789,16.690000534057617,16.309999465942383,16.399999618530273,12419400,15.872018814086914
1/30/2018,16.850000381469727,16.9060001373291,16.395000457763672,16.540000915527344,11202300,16.00751495361328
1/29/2018,16.65999984741211,17.065000534057617,16.6200008392334,16.969999313354492,10537100,16.423669815063477
1/26/2018,16.549999237060547,16.84000015258789,16.549999237060547,16.709999084472656,9762400,16.172040939331055
1/25/2018,16.709999084472656,16.84000015258789,16.450000762939453,16.479999542236328,7765500,15.949445724487305
1/24/2018,16.709999084472656,16.889999389648438,16.600000381469727,16.68000030517578,11806000,16.14300537109375
1/23/2018,16.280000686645508,16.719999313354492,16.200000762939453,16.670000076293945,14447000,16.133325576782227
1/22/2018,16.049999237060547,16.079999923706055,15.899999618530273,16.049999237060547,9415500,15.53328800201416
1/19/2018,15.970000267028809,16.09000015258789,15.90999984741211,16.079999923706055,9139500,15.562323570251465
1/18/2018,16.030000686645508,16.100000381469727,15.9399995803833,15.970000267028809,9774600,15.455863952636719
1/17/2018,15.859999656677246,16.100000381469727,15.819999694824219,16.06999969482422,9450300,15.552645683288574
1/16/2018,15.819999694824219,15.914999961853027,15.71500015258789,15.8100004196167,9664400,15.30101490020752
1/12/2018,15.449999809265137,15.869999885559082,15.420000076293945,15.8100004196167,15518900,15.30101490020752
1/11/2018,15.199999809265137,15.489999771118164,15.170000076293945,15.449999809265137,8239900,14.952605247497559
1/10/2018,14.760000228881836,15.3100004196167,14.760000228881836,15.1899995803833,10171300,14.70097541809082
1/9/2018,14.850000381469727,14.979999542236328,14.8100004196167,14.850000381469727,14481200,14.37192153930664
1/8/2018,14.949999809265137,14.970000267028809,14.645000457763672,14.819999694824219,13052100,14.342885971069336
1/5/2018,15.0600004196167,15.1899995803833,14.960000038146973,15.050000190734863,12539400,14.565483093261719
1/4/2018,14.699999809265137,15.069999694824219,14.654999732971191,15.0600004196167,11333500,14.57516098022461
1/3/2018,14.600000381469727,14.75,14.539999961853027,14.699999809265137,7907200,14.226749420166016
1/2/2018,14.430000305175781,14.630000114440918,14.380000114440918,14.609999656677246,7155700,14.139647483825684
12/29/2017,14.670000076293945,14.670000076293945,14.359999656677246,14.359999656677246,7076700,13.89769458770752
12/28/2017,14.6899995803833,14.699999809265137,14.555000305175781,14.609999656677246,3686400,14.139647483825684
12/27/2017,14.720000267028809,14.75,14.609999656677246,14.670000076293945,3260500,14.197715759277344
12/26/2017,14.6899995803833,14.78499984741211,14.670000076293945,14.739999771118164,2882800,14.265462875366211
12/22/2017,14.710000038146973,14.819999694824219,14.680000305175781,14.710000038146973,4166700,14.236429214477539
12/21/2017,14.710000038146973,14.850000381469727,14.664999961853027,14.720000267028809,7888300,14.24610710144043
12/20/2017,14.789999961853027,14.789999961853027,14.635000228881836,14.710000038146973,9259700,14.236429214477539
12/19/2017,14.880000114440918,14.899999618530273,14.739999771118164,14.800000190734863,9792600,14.323530197143555
12/18/2017,14.449999809265137,14.930000305175781,14.430000305175781,14.899999618530273,12653300,14.420310020446777
12/15/2017,14.289999961853027,14.479999542236328,14.255000114440918,14.40999984741211,20251000,13.946086883544922
12/14/2017,14.300000190734863,14.380000114440918,14.220000267028809,14.239999771118164,7601000,13.781558990478516
12/13/2017,14.460000038146973,14.550000190734863,14.319999694824219,14.319999694824219,8640800,13.858983993530273
12/12/2017,14.449999809265137,14.569999694824219,14.350000381469727,14.5,12199800,14.033188819885254
12/11/2017,14.25,14.59000015258789,14.229999542236328,14.579999923706055,11132200,14.038026809692383
12/8/2017,14.229999542236328,14.390000343322754,14.229999542236328,14.34000015258789,8114600,13.8069486618042
12/7/2017,14.199999809265137,14.270000457763672,14.125,14.220000267028809,6818700,13.691410064697266
12/6/2017,14.020000457763672,14.229999542236328,13.989999771118164,14.15999984741211,7091000,13.633641242980957
12/5/2017,14.109999656677246,14.170000076293945,14,14.079999923706055,11892800,13.55661392211914
12/4/2017,14.4399995803833,14.520000457763672,14.1899995803833,14.229999542236328,11095700,13.701037406921387
12/1/2017,13.899999618530273,14.46500015258789,13.75,14.4399995803833,18544200,13.903231620788574
11/30/2017,13.989999771118164,14.170000076293945,13.920000076293945,13.949999809265137,15101600,13.431446075439453
11/29/2017,13.949999809265137,14.300000190734863,13.789999961853027,13.970000267028809,12094000,13.450702667236328
11/28/2017,13.470000267028809,13.949999809265137,13.404999732971191,13.880000114440918,16054700,13.364048957824707
11/27/2017,13.210000038146973,13.539999961853027,13.149999618530273,13.470000267028809,13862700,12.969289779663086
11/24/2017,13.210000038146973,13.390000343322754,13.149999618530273,13.319999694824219,8555500,12.824864387512207
11/22/2017,13.199999809265137,13.399999618530273,12.8149995803833,13.100000381469727,41931400,12.613042831420898
11/21/2017,14.100000381469727,14.3100004196167,14.079999923706055,14.119999885559082,13733900,13.59512710571289
11/20/2017,13.680000305175781,14.109999656677246,13.65999984741211,14.09000015258789,12408800,13.566242218017578
11/17/2017,13.300000190734863,13.6899995803833,13.25,13.680000305175781,12897100,13.17148208618164
11/16/2017,13.210000038146973,13.420000076293945,13.210000038146973,13.270000457763672,14822100,12.77672290802002
11/15/2017,13.199999809265137,13.319999694824219,13.100000381469727,13.15999984741211,12002200,12.670811653137207
11/14/2017,13.380000114440918,13.479999542236328,13.229999542236328,13.270000457763672,11350600,12.77672290802002
11/13/2017,13.670000076293945,13.694999694824219,13.470000267028809,13.479999542236328,14572600,12.978917121887207
11/10/2017,13.720000267028809,13.75,13.600000381469727,13.699999809265137,4517900,13.190738677978516
11/9/2017,13.479999542236328,13.75,13.470000267028809,13.720000267028809,6230900,13.209996223449707
11/8/2017,13.5600004196167,13.59000015258789,13.460000038146973,13.539999961853027,7751800,13.036685943603516
11/7/2017,13.600000381469727,13.739999771118164,13.520000457763672,13.569999694824219,7362300,13.065570831298828
11/6/2017,13.460000038146973,13.630000114440918,13.239999771118164,13.630000114440918,9582500,13.123342514038086
11/3/2017,13.619999885559082,13.630000114440918,13.399999618530273,13.5,9542900,12.998173713684082
11/2/2017,13.569999694824219,13.65999984741211,13.484999656677246,13.630000114440918,17522400,13.123342514038086
11/1/2017,13.9399995803833,13.9399995803833,13.470000267028809,13.600000381469727,15500000,13.09445571899414
10/31/2017,14.020000457763672,14.055000305175781,13.875,13.920000076293945,10261900,13.40256118774414
10/30/2017,14.229999542236328,14.279999732971191,13.90999984741211,13.979999542236328,11940100,13.46033000946045
10/27/2017,14.270000457763672,14.34000015258789,14.180000305175781,14.279999732971191,7034100,13.749178886413574
10/26/2017,14.210000038146973,14.3100004196167,14.079999923706055,14.25,7007000,13.720294952392578
10/25/2017,14.279999732971191,14.289999961853027,13.880000114440918,14.079999923706055,15537300,13.55661392211914
10/24/2017,14.25,14.475000381469727,14.229999542236328,14.3100004196167,8236600,13.778064727783203
10/23/2017,14.09000015258789,14.324999809265137,14.0600004196167,14.25,8558400,13.720294952392578
10/20/2017,13.880000114440918,14.1850004196167,13.800000190734863,14.039999961853027,12664400,13.518101692199707
10/19/2017,14.5,14.529999732971191,13.800000190734863,13.859999656677246,23836500,13.344791412353516
10/18/2017,14.670000076293945,14.800000190734863,14.664999961853027,14.699999809265137,6827100,14.15356731414795
10/17/2017,14.84000015258789,14.890000343322754,14.545000076293945,14.609999656677246,12841100,14.066912651062012
10/16/2017,14.880000114440918,14.960000038146973,14.8100004196167,14.859999656677246,6351400,14.307618141174316
10/13/2017,14.649999618530273,15.0600004196167,14.640000343322754,14.890000343322754,9941500,14.336503982543945
10/12/2017,14.930000305175781,14.9399995803833,14.729999542236328,14.800000190734863,8238400,14.249850273132324
10/11/2017,14.9399995803833,15.039999961853027,14.850000381469727,14.9399995803833,10469600,14.384645462036133
10/10/2017,14.819999694824219,15.029999732971191,14.8100004196167,14.960000038146973,9359400,14.403902053833008
10/9/2017,14.84000015258789,14.970000267028809,14.770000457763672,14.800000190734863,6254600,14.249850273132324
10/6/2017,14.789999961853027,14.850000381469727,14.579999923706055,14.800000190734863,11827300,14.249850273132324
10/5/2017,14.84000015258789,14.960000038146973,14.760000228881836,14.829999923706055,7074400,14.27873420715332
10/4/2017,14.699999809265137,14.890000343322754,14.550000190734863,14.800000190734863,7636300,14.249850273132324
10/3/2017,14.970000267028809,14.987000465393066,14.619999885559082,14.6899995803833,10203600,14.143939018249512
10/2/2017,14.680000305175781,15,14.649999618530273,14.970000267028809,13719600,14.413530349731445
9/29/2017,14.600000381469727,14.75,14.539999961853027,14.710000038146973,6736900,14.16319465637207
9/28/2017,14.84000015258789,14.9399995803833,14.5649995803833,14.569999694824219,11473100,14.028398513793945
9/27/2017,14.890000343322754,15.119999885559082,14.819999694824219,14.850000381469727,22027400,14.297990798950195
9/26/2017,14.739999771118164,15.079999923706055,14.6899995803833,14.890000343322754,25926100,14.336503982543945
9/25/2017,14.1899995803833,14.720000267028809,14.170000076293945,14.699999809265137,29532200,14.15356731414795
9/22/2017,13.859999656677246,14.289999961853027,13.819999694824219,14.260000228881836,22932500,13.7299222946167
9/21/2017,13.600000381469727,13.899999618530273,13.510000228881836,13.789999961853027,22598600,13.277395248413086
9/20/2017,13.579999923706055,13.680000305175781,13.5,13.630000114440918,17348000,13.123342514038086
9/19/2017,13.5600004196167,13.640000343322754,13.470000267028809,13.489999771118164,10087500,12.988545417785645
9/18/2017,13.569999694824219,13.720000267028809,13.510000228881836,13.539999961853027,12586100,13.036685943603516
9/15/2017,13.369999885559082,13.5600004196167,13.319999694824219,13.520000457763672,15606000,13.017431259155273
9/14/2017,13.180000305175781,13.529999732971191,13.130000114440918,13.470000267028809,16071700,12.969289779663086
9/13/2017,13.079999923706055,13.25,12.970000267028809,13.229999542236328,24975000,12.738210678100586
9/12/2017,13.359999656677246,13.40999984741211,12.989999771118164,13.119999885559082,19398000,12.632299423217773
9/11/2017,13.300000190734863,13.470000267028809,13.239999771118164,13.350000381469727,16505900,12.791166305541992
9/8/2017,13.288999557495117,13.385000228881836,13.0600004196167,13.119999885559082,24308700,12.508514404296875
9/7/2017,13.729999542236328,13.770000457763672,13.25,13.25,27036800,12.632454872131348
9/6/2017,14.289999961853027,14.319999694824219,13.600000381469727,13.770000457763672,40580300,13.128219604492188
9/5/2017,14.199999809265137,14.399999618530273,13.829999923706055,14.039999961853027,26755900,13.385636329650879
9/1/2017,14.130000114440918,14.390000343322754,13.819999694824219,14.3100004196167,22355800,13.64305305480957
8/31/2017,13.948797225952148,14.069046020507812,13.92552375793457,14.01086139678955,14603000,13.357854843139648
8/30/2017,13.871217727661133,13.956555366516113,13.789759635925293,13.948797225952148,8092300,13.298684120178223
8/29/2017,13.692785263061523,13.92164421081543,13.638479232788086,13.902249336242676,7612400,13.254305839538574
8/28/2017,13.948797225952148,13.948797225952148,13.712180137634277,13.801396369934082,9661100,13.158151626586914
8/25/2017,13.956555366516113,14.072924613952637,13.813033103942871,13.92552375793457,11647100,13.276494979858398
8/24/2017,13.747090339660645,14.01086139678955,13.700543403625488,13.92552375793457,8553900,13.276494979858398
8/23/2017,13.615205764770508,13.770364761352539,13.599689483642578,13.739333152770996,9091300,13.098981857299805
8/22/2017,13.467804908752441,13.731575012207031,13.460046768188477,13.708300590515137,7026400,13.06939697265625
8/21/2017,13.343677520751953,13.460046768188477,13.250581741333008,13.429015159606934,7851500,12.803126335144043
8/18/2017,13.390225410461426,13.498836517333984,13.258339881896973,13.328161239624023,12322800,12.706974029541016
8/17/2017,13.591931343078613,13.716058731079102,13.421257019042969,13.421257019042969,11823900,12.795731544494629
8/16/2017,13.762606620788574,13.863459587097168,13.595810890197754,13.653995513916016,6336300,13.017620086669922
8/15/2017,13.622963905334473,13.84018611907959,13.599689483642578,13.770364761352539,10719900,13.128567695617676
8/14/2017,13.568657875061035,13.847944259643555,13.545384407043457,13.638479232788086,10254100,13.002827644348145
8/11/2017,13.343677520751953,13.47556209564209,13.30876636505127,13.421257019042969,6805200,12.795731544494629
8/10/2017,13.653995513916016,13.653995513916016,13.242823600769043,13.28161334991455,12069000,12.66259479522705
8/9/2017,13.615205764770508,13.731575012207031,13.529868125915527,13.685027122497559,8984800,13.04720687866211
8/8/2017,13.64623737335205,13.731575012207031,13.591931343078613,13.677268981933594,10173900,13.039811134338379
8/7/2017,13.568657875061035,13.688905715942383,13.537626266479492,13.677268981933594,5909200,13.039811134338379
8/4/2017,13.413498878479004,13.630721092224121,13.413498878479004,13.584174156188965,8123900,12.951056480407715
8/3/2017,13.452288627624512,13.467804908752441,13.31264591217041,13.413498878479004,8584800,12.78833293914795
8/2/2017,13.64623737335205,13.685027122497559,13.397982597351074,13.460046768188477,10271600,12.832712173461914
8/1/2017,13.615205764770508,13.653995513916016,13.533746719360352,13.615205764770508,9943300,12.980639457702637
7/31/2017,13.653995513916016,13.766485214233398,13.576416015625,13.584174156188965,11294300,12.951056480407715
7/28/2017,13.576416015625,13.615205764770508,13.413498878479004,13.584174156188965,11777500,12.951056480407715
7/27/2017,13.731575012207031,13.731575012207031,13.494956970214844,13.615205764770508,13184400,12.980639457702637
7/26/2017,13.886734008789062,13.933281898498535,13.615205764770508,13.66175365447998,10281300,13.025018692016602
7/25/2017,13.84018611907959,13.972071647644043,13.762606620788574,13.871217727661133,9928100,13.22472095489502
7/24/2017,13.948797225952148,14.041893005371094,13.801396369934082,13.84018611907959,14075200,13.195135116577148
7/21/2017,13.85570240020752,13.987586975097656,13.785880088806152,13.972071647644043,15243700,13.320874214172363
7/20/2017,13.708300590515137,13.91000747680664,13.692785263061523,13.886734008789062,18859600,13.23951244354248
7/19/2017,13.382467269897461,13.739333152770996,13.382467269897461,13.708300590515137,17298100,13.06939697265625
7/18/2017,13.343677520751953,13.382467269897461,13.22730827331543,13.304887771606445,13542700,12.684784889221191
7/17/2017,13.335919380187988,13.436772346496582,13.262218475341797,13.366950988769531,9965300,12.7439546585083
7/14/2017,13.266098022460938,13.366950988769531,13.204033851623535,13.335919380187988,7901000,12.714370727539062
7/13/2017,13.025601387023926,13.31264591217041,13.002326965332031,13.258339881896973,17708900,12.640406608581543
7/12/2017,12.994569778442383,13.072149276733398,12.858805656433105,13.025601387023926,13454100,12.418516159057617
7/11/2017,12.963537216186523,13.072149276733398,12.854926109313965,13.017843246459961,11760400,12.41111946105957
7/10/2017,12.885957717895508,13.060511589050293,12.87820053100586,12.986811637878418,13109900,12.381534576416016
7/7/2017,12.816136360168457,12.916990280151367,12.723041534423828,12.885957717895508,17037600,12.285381317138672
7/6/2017,13.072149276733398,13.12645435333252,12.738556861877441,12.785104751586914,18738000,12.189228057861328
7/5/2017,12.971295356750488,13.180760383605957,12.963537216186523,13.14197063446045,13925000,12.529460906982422
7/3/2017,12.93250560760498,13.103180885314941,12.93250560760498,12.93250560760498,5886300,12.329758644104004
6/30/2017,12.979053497314453,13.03335952758789,12.86268424987793,12.870442390441895,11318000,12.270588874816895
6/29/2017,12.994569778442383,13.03335952758789,12.699767112731934,12.916990280151367,16378100,12.314966201782227
6/28/2017,12.870442390441895,13.157485961914062,12.800621032714844,13.110939025878906,13041300,12.499876022338867
6/27/2017,12.986811637878418,13.025601387023926,12.800621032714844,12.800621032714844,12662700,12.204020500183105
6/26/2017,13.087664604187012,13.173002243041992,13.025601387023926,13.041116714477539,14030600,12.433305740356445
6/23/2017,12.994569778442383,13.188518524169922,12.924747467041016,13.072149276733398,22420400,12.46289348602295
6/22/2017,12.831652641296387,12.994569778442383,12.800621032714844,12.940263748168945,12152300,12.337154388427734
6/21/2017,12.955780029296875,13.025601387023926,12.831652641296387,12.854926109313965,13225000,12.255794525146484
6/20/2017,12.94802188873291,12.986811637878418,12.785104751586914,12.909232139587402,17374400,12.307570457458496
6/19/2017,12.808378219604492,13.010085105895996,12.808378219604492,12.971295356750488,14374000,12.366741180419922
6/16/2017,12.86268424987793,12.885957717895508,12.754073143005371,12.792862892150879,19348500,12.196623802185059
6/15/2017,12.955780029296875,13.002326965332031,12.77734661102295,12.816136360168457,23054200,12.218811988830566
6/14/2017,13.072149276733398,13.149728775024414,12.916990280151367,12.986811637878418,14685100,12.381534576416016
6/13/2017,13.048874855041504,13.165244102478027,13.03335952758789,13.095422744750977,15699600,12.485082626342773
6/12/2017,13.103180885314941,13.12645435333252,12.84716796875,13.072149276733398,14894600,12.46289348602295
6/9/2017,13.219550132751465,13.436772346496582,13.037238121032715,13.180760383605957,13561600,12.504472732543945
6/8/2017,13.219550132751465,13.28161334991455,13.173002243041992,13.22730827331543,13795200,12.54863166809082
6/7/2017,13.2117919921875,13.374709129333496,13.19627571105957,13.219550132751465,18744700,12.541271209716797
6/6/2017,13.29712963104248,13.335919380187988,13.2117919921875,13.2117919921875,17818400,12.53391170501709
6/5/2017,13.452288627624512,13.460046768188477,13.289371490478516,13.31264591217041,20008600,12.62959098815918
6/2/2017,13.452288627624512,13.638479232788086,13.149728775024414,13.498836517333984,38591100,12.806227684020996
6/1/2017,14.235841751098633,14.251358032226562,13.553141593933105,13.591931343078613,50115000,12.894545555114746
5/31/2017,14.584949493408203,14.643134117126465,14.398758888244629,14.592707633972168,30786400,13.843973159790039
5/30/2017,14.569433212280273,14.685803413391113,14.499611854553223,14.623739242553711,22861700,13.873412132263184
5/26/2017,14.623739242553711,14.654770851135254,14.53840160369873,14.608222961425781,17319700,13.85869312286377
5/25/2017,14.716835021972656,14.740108489990234,14.592707633972168,14.615981101989746,23348000,13.866053581237793
5/24/2017,14.615981101989746,14.724593162536621,14.569433212280273,14.670287132263184,15162100,13.917572021484375
5/23/2017,14.63925552368164,14.662528991699219,14.546159744262695,14.631497383117676,17918200,13.88077449798584
5/22/2017,14.367727279663086,14.623739242553711,14.359969139099121,14.577191352844238,17436500,13.829255104064941
5/19/2017,14.615981101989746,14.740108489990234,14.328937530517578,14.375484466552734,25988800,13.637897491455078
5/18/2017,14.46858024597168,14.709076881408691,14.367727279663086,14.569433212280273,16026500,13.821892738342285
5/17/2017,14.825446128845215,14.825446128845215,14.522886276245117,14.584949493408203,16809500,13.836613655090332
5/16/2017,14.740108489990234,14.864235877990723,14.674165725708008,14.825446128845215,12260800,14.06477165222168
5/15/2017,14.662528991699219,14.840962409973145,14.63925552368164,14.73235034942627,13808900,13.97645092010498
5/12/2017,14.647013664245605,14.755624771118164,14.615981101989746,14.647013664245605,12393000,13.895493507385254
5/11/2017,14.678045272827148,14.782777786254883,14.588828086853027,14.631497383117676,16039500,13.88077449798584
5/10/2017,14.577191352844238,14.740108489990234,14.546159744262695,14.740108489990234,14653800,13.983813285827637
5/9/2017,14.63925552368164,14.716835021972656,14.45694351196289,14.569433212280273,21023200,13.821892738342285
5/8/2017,14.615981101989746,14.701318740844727,14.55391788482666,14.654770851135254,11736300,13.902852058410645
5/5/2017,14.615981101989746,14.623739242553711,14.48409652709961,14.608222961425781,16416700,13.85869312286377
5/4/2017,14.546159744262695,14.584949493408203,14.437548637390137,14.546159744262695,8458500,13.799814224243164
5/3/2017,14.476338386535645,14.561676025390625,14.406517028808594,14.48409652709961,14169500,13.740936279296875
5/2/2017,14.522886276245117,14.615981101989746,14.476338386535645,14.507369995117188,10110100,13.76301383972168
5/1/2017,14.499611854553223,14.608222961425781,14.460822105407715,14.530643463134766,10576100,13.78509521484375
4/28/2017,14.445306777954102,14.507369995117188,14.344452857971191,14.45306396484375,11964300,13.711494445800781
4/27/2017,14.429790496826172,14.476338386535645,14.297904968261719,14.45306396484375,17807200,13.711494445800781
4/26/2017,14.352210998535156,14.569433212280273,14.29014778137207,14.437548637390137,14089000,13.696776390075684
4/25/2017,14.344452857971191,14.422032356262207,14.29014778137207,14.367727279663086,11001300,13.630537986755371
4/24/2017,14.158262252807617,14.3832426071167,14.123351097106934,14.305663108825684,18105900,13.57165813446045
4/21/2017,14.197052001953125,14.208688735961914,13.979829788208008,14.072924613952637,15784000,13.350860595703125
4/20/2017,14.142745971679688,14.282389640808105,14.100077629089355,14.220325469970703,13204300,13.490697860717773
4/19/2017,14.080682754516602,14.18929386138916,14.034134864807129,14.088440895080566,9413500,13.365580558776855
4/18/2017,14.026376724243164,14.11947250366211,13.951900482177734,14.065166473388672,10324700,13.343501091003418
4/17/2017,13.979829788208008,14.065166473388672,13.948797225952148,14.049651145935059,10234600,13.328782081604004
4/13/2017,13.972071647644043,14.088440895080566,13.917765617370605,13.956555366516113,20986700,13.240463256835938
4/12/2017,14.220325469970703,14.228083610534668,13.917765617370605,14.003103256225586,17688900,13.284622192382812
4/11/2017,14.166020393371582,14.235841751098633,14.034134864807129,14.10395622253418,14620900,13.38029956817627
4/10/2017,14.228083610534668,14.359969139099121,14.150504112243652,14.197052001953125,28411100,13.468619346618652
4/7/2017,13.933281898498535,14.313421249389648,13.894492149353027,14.181535720825195,36280900,13.453899383544922
4/6/2017,13.948797225952148,14.065166473388672,13.894492149353027,13.979829788208008,15977100,13.262541770935059
4/5/2017,13.948797225952148,14.041893005371094,13.793638229370117,13.886734008789062,24502600,13.174222946166992
4/4/2017,13.498836517333984,13.894492149353027,13.460046768188477,13.886734008789062,24554400,13.174222946166992
4/3/2017,13.964313507080078,14.01086139678955,13.429015159606934,13.630721092224121,41268100,12.931344985961914
3/31/2017,13.617681503295898,13.948969841003418,13.617681503295898,13.77460765838623,24476100,13.067851066589355
3/30/2017,13.716486930847168,13.844352722167969,13.669990539550781,13.728111267089844,15394600,13.023738861083984
3/29/2017,13.367762565612793,13.908285140991211,13.31254768371582,13.757171630859375,29644200,13.051307678222656
3/28/2017,13.187588691711426,13.489815711975098,13.152715682983398,13.373574256896973,14496900,12.687392234802246
3/27/2017,13.106219291687012,13.2805814743042,13.007413864135742,13.205024719238281,11508400,12.527490615844727
3/24/2017,13.286393165588379,13.507251739501953,13.152715682983398,13.234085083007812,15784300,12.555058479309082
3/23/2017,13.04809856414795,13.344513893127441,13.007413864135742,13.251521110534668,16796100,12.571602821350098
3/22/2017,12.914421081542969,13.106219291687012,12.84467601776123,13.07715892791748,15644300,12.406187057495117
3/21/2017,13.338702201843262,13.41425895690918,12.902796745300293,12.931857109069824,27868800,12.268339157104492
3/20/2017,13.234085083007812,13.40554141998291,13.170151710510254,13.338702201843262,14750100,12.65431022644043
3/17/2017,13.164340019226074,13.361950874328613,13.08297061920166,13.2805814743042,21287000,12.59917163848877
3/16/2017,13.193400382995605,13.286393165588379,13.07715892791748,13.158528327941895,17717900,12.483381271362305
3/15/2017,12.920232772827148,13.2805814743042,12.850488662719727,13.187588691711426,24111600,12.510950088500977
3/14/2017,12.926045417785645,12.978353500366211,12.798179626464844,12.920232772827148,17357500,12.257311820983887
3/13/2017,12.896985054016113,13.036474227905273,12.885360717773438,12.972541809082031,17357500,12.306938171386719
3/10/2017,13.094594955444336,13.187588691711426,12.902796745300293,13.001602172851562,19189300,12.272841453552246
3/9/2017,13.094594955444336,13.187588691711426,13.007413864135742,13.059722900390625,18977100,12.327704429626465
3/8/2017,13.251521110534668,13.2805814743042,13.117843627929688,13.146903991699219,21858200,12.409998893737793
3/7/2017,13.350326538085938,13.478191375732422,13.193400382995605,13.263145446777344,23911500,12.51972484588623
3/6/2017,13.2805814743042,13.443319320678711,13.268957138061523,13.408447265625,26772600,12.656881332397461
3/3/2017,13.31545352935791,13.524688720703125,13.298017501831055,13.396822929382324,19903300,12.645909309387207
3/2/2017,13.437507629394531,13.489815711975098,13.27476978302002,13.338702201843262,18544300,12.591046333312988
3/1/2017,13.373574256896973,13.54212474822998,13.327077865600586,13.472379684448242,22835600,12.717230796813965
2/28/2017,12.827239990234375,13.295111656188965,12.786555290222168,13.263145446777344,31589500,12.51972484588623
2/27/2017,13.228272438049316,13.228272438049316,12.9434814453125,12.966729164123535,32711900,12.239923477172852
2/24/2017,12.859206199645996,13.356138229370117,12.84467601776123,13.344513893127441,80662700,12.596531867980957
2/23/2017,14.431371688842773,14.448807716369629,14.23957347869873,14.332566261291504,22893200,13.529202461242676
2/22/2017,14.262821197509766,14.460432052612305,14.23957347869873,14.402311325073242,13138300,13.595038414001465
2/21/2017,14.181452751159668,14.355814933776855,14.158204078674316,14.332566261291504,16285300,13.529202461242676
2/17/2017,14.094271659851074,14.193076133728027,14.024526596069336,14.181452751159668,13047600,13.386558532714844
2/16/2017,14.164015769958496,14.227949142456055,14.071022987365723,14.140768051147461,11783300,13.348156929016113
2/15/2017,14.076834678649902,14.204700469970703,14.001277923583984,14.169828414916992,11762300,13.37558650970459
2/14/2017,13.995466232299805,14.036150932312012,13.925721168518066,14.030338287353516,16786500,13.243914604187012
2/13/2017,13.960593223571777,14.082647323608398,13.925721168518066,14.01871395111084,11127900,13.232941627502441
2/10/2017,13.995466232299805,14.100083351135254,13.937345504760742,13.943157196044922,14299600,13.161620140075684
2/9/2017,13.733922958374023,14.01871395111084,13.693238258361816,13.995466232299805,12060500,13.210997581481934
2/8/2017,13.728111267089844,13.87922477722168,13.687426567077637,13.733922958374023,10469000,12.96411418914795
2/7/2017,13.68161392211914,13.829822540283203,13.669990539550781,13.768795013427734,11192300,12.997032165527344
2/6/2017,13.571185111999512,13.751358985900879,13.54793643951416,13.68161392211914,9451400,12.914737701416016
2/3/2017,13.222460746765137,13.704862594604492,13.222460746765137,13.658366203308105,23112600,12.892791748046875
2/2/2017,12.937668800354004,13.21374225616455,12.937668800354004,13.187588691711426,14275200,12.448403358459473
2/1/2017,13.210836410522461,13.239896774291992,13.001602172851562,13.129467964172363,16757600,12.393540382385254
1/31/2017,12.867924690246582,13.187588691711426,12.693562507629395,13.18177604675293,21481800,12.442915916442871
1/30/2017,13.0713472366333,13.0713472366333,12.780743598937988,12.873736381530762,16078800,12.152143478393555
1/27/2017,13.210836410522461,13.251521110534668,13.065534591674805,13.106219291687012,11716800,12.371594429016113
1/26/2017,13.344513893127441,13.420071601867676,13.146903991699219,13.146903991699219,10554700,12.409998893737793
1/25/2017,13.379386901855469,13.44913101196289,13.271862983703613,13.356138229370117,12552900,12.607505798339844
1/24/2017,13.199212074279785,13.420071601867676,13.170151710510254,13.30383014678955,14144500,12.55812931060791
1/23/2017,13.263145446777344,13.327077865600586,13.013226509094238,13.117843627929688,15614500,12.382566452026367
1/20/2017,13.245709419250488,13.30964183807373,13.158528327941895,13.298017501831055,15579200,12.552642822265625
1/19/2017,13.245709419250488,13.298017501831055,13.18177604675293,13.234085083007812,9976600,12.492292404174805
1/18/2017,13.234085083007812,13.361950874328613,13.129467964172363,13.286393165588379,14536000,12.541668891906738
1/17/2017,13.268957138061523,13.361950874328613,13.155621528625488,13.187588691711426,10155500,12.448403358459473
1/13/2017,13.222460746765137,13.396822929382324,13.216649055480957,13.332890510559082,9905100,12.585559844970703
1/12/2017,13.210836410522461,13.27476978302002,13.033568382263184,13.222460746765137,14234400,12.481321334838867
1/11/2017,13.321266174316406,13.356138229370117,13.141091346740723,13.228272438049316,15961500,12.486806869506836
1/10/2017,13.187588691711426,13.373574256896973,13.08297061920166,13.338702201843262,23212800,12.591046333312988
1/9/2017,13.44913101196289,13.474123001098633,13.08297061920166,13.112030982971191,24591200,12.377079963684082
1/6/2017,13.699050903320312,13.699050903320312,13.024849891662598,13.425883293151855,25019600,12.673340797424316
1/5/2017,13.629305839538574,13.704862594604492,13.559560775756836,13.693238258361816,19883000,12.925710678100586
1/4/2017,13.54212474822998,13.78041934967041,13.507251739501953,13.629305839538574,11969000,12.865361213684082
1/3/2017,13.478191375732422,13.64093017578125,13.356138229370117,13.484004020690918,13861700,12.728201866149902
12/30/2016,13.501440048217773,13.629305839538574,13.385198593139648,13.44913101196289,10862200,12.69528579711914
12/29/2016,13.530500411987305,13.64093017578125,13.472379684448242,13.565372467041016,8858700,12.805010795593262
12/28/2016,13.844352722167969,13.844352722167969,13.536312103271484,13.54212474822998,11347500,12.783066749572754
12/27/2016,13.838540077209473,13.890849113464355,13.728111267089844,13.797855377197266,6512000,13.02446174621582
12/23/2016,13.815292358398438,13.855976104736328,13.762983322143555,13.844352722167969,10125700,13.068353652954102
12/22/2016,13.896660804748535,13.943157196044922,13.669990539550781,13.809479713439941,11015700,13.03543472290039
12/21/2016,13.855976104736328,13.972217559814453,13.829822540283203,13.88503646850586,9327700,13.106756210327148
12/20/2016,13.815292358398438,13.937345504760742,13.7455472946167,13.855976104736328,15602000,13.079325675964355
12/19/2016,13.611869812011719,13.890849113464355,13.611869812011719,13.792043685913086,11699600,13.018977165222168
12/16/2016,13.733922958374023,13.824009895324707,13.588621139526367,13.65255355834961,35485000,12.887306213378906
12/15/2016,13.861788749694824,13.8734130859375,13.757171630859375,13.792043685913086,27706200,13.018977165222168
12/14/2016,13.797855377197266,14.169828414916992,13.792043685913086,13.902473449707031,16920100,13.123215675354004
12/13/2016,13.855976104736328,14.076834678649902,13.803668022155762,13.908285140991211,18690500,13.128703117370605
12/12/2016,14.001277923583984,14.076834678649902,13.77460765838623,13.890849113464355,21249800,13.11224365234375
12/9/2016,14.274445533752441,14.396498680114746,14.134955406188965,14.24538516998291,22907500,13.385552406311035
12/8/2016,14.326754570007324,14.408123016357422,14.24538516998291,14.320941925048828,12216200,13.456549644470215
12/7/2016,13.855976104736328,14.408123016357422,13.838540077209473,14.34419059753418,28028700,13.478392601013184
12/6/2016,14.041962623596191,14.053586959838867,13.88503646850586,13.925721168518066,16941100,13.085183143615723
12/5/2016,13.902473449707031,14.076834678649902,13.850164413452148,14.071022987365723,17673800,13.221713066101074
12/2/2016,13.576996803283691,13.890849113464355,13.565372467041016,13.861788749694824,12629100,13.025107383728027
12/1/2016,13.821104049682617,13.890849113464355,13.559560775756836,13.582809448242188,20974300,12.762968063354492
11/30/2016,13.826915740966797,13.887943267822266,13.733922958374023,13.832728385925293,24902000,12.997801780700684
11/29/2016,13.495628356933594,13.890849113464355,13.495628356933594,13.797855377197266,24233000,12.965033531188965
11/28/2016,13.350326538085938,13.594432830810547,13.298017501831055,13.565372467041016,37604300,12.746583938598633
11/25/2016,13.379386901855469,13.594432830810547,13.199212074279785,13.495628356933594,18320000,12.681048393249512
11/23/2016,13.193400382995605,13.733922958374023,13.059722900390625,13.687426567077637,37097600,12.861270904541016
11/22/2016,13.425883293151855,13.565372467041016,13.138185501098633,13.292205810546875,41580100,12.489904403686523
11/21/2016,13.611869812011719,13.687426567077637,13.257332801818848,13.437507629394531,40098200,12.626435279846191
11/18/2016,13.768214225769043,13.861788749694824,13.524688720703125,13.54793643951416,28549500,12.730198860168457
11/17/2016,13.64093017578125,13.757171630859375,13.518876075744629,13.716486930847168,18754800,12.888575553894043
11/16/2016,13.54793643951416,13.7455472946167,13.489815711975098,13.675802230834961,19870700,12.850348472595215
11/15/2016,13.64093017578125,13.675802230834961,13.44913101196289,13.606057167053223,25421900,12.78481388092041
11/14/2016,13.571185111999512,13.728111267089844,13.408447265625,13.571185111999512,21289300,12.752044677734375
11/11/2016,13.379386901855469,13.588621139526367,13.321266174316406,13.54793643951416,16251300,12.730198860168457
11/10/2016,13.571185111999512,13.768795013427734,13.31545352935791,13.408447265625,22441600,12.599130630493164
11/9/2016,13.04228687286377,13.687426567077637,12.995789527893066,13.501440048217773,26421600,12.68651008605957
11/8/2016,13.431694984436035,13.65255355834961,13.30383014678955,13.507251739501953,21986700,12.691971778869629
11/7/2016,13.007413864135742,13.478191375732422,13.001602172851562,13.431694984436035,18590000,12.62097454071045
11/4/2016,12.57732105255127,13.018457412719727,12.507575988769531,12.80980396270752,13275900,12.03662109375
11/3/2016,12.827239990234375,12.891172409057617,12.647066116333008,12.670313835144043,12041500,11.905550003051758
11/2/2016,12.80980396270752,12.885360717773438,12.71099853515625,12.798179626464844,14294800,12.025697708129883
11/1/2016,13.030662536621094,13.112030982971191,12.652877807617188,12.833051681518555,12696200,12.058465003967285
10/31/2016,12.931857109069824,13.088783264160156,12.914421081542969,13.059722900390625,14006700,12.271453857421875
10/28/2016,12.902796745300293,13.0713472366333,12.786555290222168,12.885360717773438,12916500,12.107617378234863
10/27/2016,12.71681022644043,13.013226509094238,12.71681022644043,12.896985054016113,21757400,12.118538856506348
10/26/2016,12.513387680053711,12.676126480102539,12.478515625,12.670313835144043,13082500,11.905550003051758
10/25/2016,12.600568771362305,12.61219310760498,12.432019233703613,12.554072380065918,15908500,11.79632568359375
10/24/2016,12.600568771362305,12.664502143859863,12.548260688781738,12.600568771362305,15560800,11.840015411376953
10/21/2016,12.61219310760498,12.629629135131836,12.466891288757324,12.571508407592773,20590300,11.812707901000977
10/20/2016,12.571508407592773,12.734247207641602,12.519200325012207,12.71681022644043,18222800,11.949238777160645
10/19/2016,12.559885025024414,12.769119262695312,12.525012016296387,12.629629135131836,30091800,11.86732006072998
10/18/2016,12.519200325012207,12.548260688781738,12.263468742370605,12.478515625,20106300,11.72532844543457
10/17/2016,12.495951652526855,12.6063814163208,12.327402114868164,12.362274169921875,20037200,11.616104125976562
10/14/2016,12.519200325012207,12.757494926452637,12.48142147064209,12.513387680053711,23332900,11.758095741271973
10/13/2016,12.658689498901367,12.757494926452637,12.47270393371582,12.647066116333008,23763600,11.883707046508789
10/12/2016,12.833051681518555,12.856300354003906,12.670313835144043,12.786555290222168,13356200,12.014774322509766
10/11/2016,13.07715892791748,13.07715892791748,12.725528717041016,12.774930953979492,17394200,12.003850936889648
10/10/2016,13.065534591674805,13.187588691711426,13.04228687286377,13.07715892791748,15833100,12.287837028503418
10/7/2016,13.17596435546875,13.193400382995605,12.885360717773438,12.984166145324707,16110500,12.148777961730957
10/6/2016,13.216649055480957,13.2805814743042,13.152715682983398,13.18177604675293,11269900,12.303760528564453
10/5/2016,13.053910255432129,13.292205810546875,13.053910255432129,13.251521110534668,12511100,12.36885929107666
10/4/2016,13.18177604675293,13.327077865600586,12.937668800354004,13.013226509094238,15717000,12.146437644958496
10/3/2016,13.129467964172363,13.271862983703613,13.106219291687012,13.164340019226074,20113200,12.287485122680664
9/30/2016,13.41425895690918,13.536312103271484,13.129467964172363,13.222460746765137,27890300,12.341734886169434
9/29/2016,13.344513893127441,13.54793643951416,13.295111656188965,13.30964183807373,15577000,12.423110008239746
9/28/2016,13.367762565612793,13.478191375732422,13.263145446777344,13.391011238098145,12168800,12.499058723449707
9/27/2016,13.187588691711426,13.382292747497559,13.1126127243042,13.321266174316406,22581800,12.433960914611816
9/26/2016,13.286393165588379,13.347420692443848,13.158528327941895,13.245709419250488,13948600,12.363436698913574
9/23/2016,13.443319320678711,13.521781921386719,13.31545352935791,13.356138229370117,12469000,12.466508865356445
9/22/2016,13.44913101196289,13.675802230834961,13.44913101196289,13.507251739501953,17617000,12.60755729675293
9/21/2016,13.135279655456543,13.437507629394531,13.117843627929688,13.437507629394531,18368700,12.542459487915039
9/20/2016,13.225366592407227,13.335796356201172,13.146903991699219,13.146903991699219,16634900,12.271210670471191
9/19/2016,13.001602172851562,13.367762565612793,12.995789527893066,13.18177604675293,20660200,12.303760528564453
9/16/2016,12.827239990234375,12.972541809082031,12.763307571411133,12.937668800354004,28129400,12.075912475585938
9/15/2016,12.391334533691406,12.867924690246582,12.37389850616455,12.862112045288086,22183400,12.005390167236328
9/14/2016,12.280905723571777,12.446549415588379,12.257657051086426,12.414583206176758,18886100,11.587668418884277
9/13/2016,12.263468742370605,12.420394897460938,12.234408378601074,12.298341751098633,20650900,11.479170799255371
9/12/2016,12.042610168457031,12.446549415588379,11.990302085876465,12.37389850616455,21937300,11.549695014953613
9/9/2016,12.292529106140137,12.478515625,12.158851623535156,12.158851623535156,27124500,11.348971366882324
9/8/2016,12.786555290222168,12.902796745300293,12.391334533691406,12.426206588745117,50322900,11.598519325256348
9/7/2016,12.792367935180664,12.972541809082031,12.501764297485352,12.83886432647705,35346700,11.983689308166504
9/6/2016,12.891172409057617,12.891172409057617,12.641253471374512,12.70518684387207,14693100,11.858915328979492
9/2/2016,12.885360717773438,12.960917472839355,12.751683235168457,12.908608436584473,11299600,12.048789024353027
9/1/2016,12.455266952514648,12.972541809082031,12.251845359802246,12.879549026489258,32542600,12.0216646194458
8/31/2016,12.519200325012207,12.600568771362305,12.298341751098633,12.48432731628418,16448100,11.6527681350708
8/30/2016,12.693562507629395,12.763307571411133,12.466891288757324,12.542448043823242,15767100,11.707016944885254
8/29/2016,12.647066116333008,12.862112045288086,12.629629135131836,12.693562507629395,10135500,11.848067283630371
8/26/2016,12.728434562683105,12.83886432647705,12.559885025024414,12.658689498901367,9102400,11.815515518188477
8/25/2016,12.571508407592773,12.748777389526367,12.466891288757324,12.693562507629395,12335300,11.848067283630371
8/24/2016,12.740058898925781,12.8156156539917,12.594757080078125,12.6063814163208,7765100,11.766691207885742
8/23/2016,12.803991317749023,12.827239990234375,12.71390438079834,12.745870590209961,13619000,11.896890640258789
8/22/2016,12.681938171386719,12.772025108337402,12.571508407592773,12.751683235168457,7638400,11.90231704711914
8/19/2016,12.658689498901367,12.763307571411133,12.635441780090332,12.71681022644043,10394300,11.869765281677246
8/18/2016,12.519200325012207,12.722622871398926,12.519200325012207,12.70518684387207,11558800,11.858915328979492
8/17/2016,12.821428298950195,12.896985054016113,12.48432731628418,12.57732105255127,16809000,11.739568710327148
8/16/2016,12.728434562683105,12.885360717773438,12.676126480102539,12.824334144592285,10498100,11.970128059387207
8/15/2016,12.745870590209961,12.896985054016113,12.728434562683105,12.792367935180664,12316500,11.940292358398438
8/12/2016,12.600568771362305,12.763307571411133,12.493045806884766,12.722622871398926,18171200,11.875189781188965
8/11/2016,12.548260688781738,12.70518684387207,12.507575988769531,12.658689498901367,13035900,11.815515518188477
8/10/2016,12.629629135131836,12.641253471374512,12.455266952514648,12.525012016296387,9788900,11.69074535369873
8/9/2016,12.629629135131836,12.70518684387207,12.565696716308594,12.61219310760498,13865200,11.772115707397461
8/8/2016,12.786555290222168,12.885360717773438,12.542448043823242,12.58313274383545,13379300,11.744993209838867
8/5/2016,12.693562507629395,12.902796745300293,12.652877807617188,12.734247207641602,16329900,11.886042594909668
8/4/2016,12.48432731628418,12.740058898925781,12.47270393371582,12.647066116333008,15358400,11.804667472839355
8/3/2016,12.071670532226562,12.507575988769531,12.019362449645996,12.501764297485352,23912300,11.669042587280273
8/2/2016,12.222784996032715,12.263468742370605,11.999019622802734,12.071670532226562,18970300,11.267599105834961
8/1/2016,12.286717414855957,12.548260688781738,11.990302085876465,12.251845359802246,23908200,11.435770988464355
7/29/2016,11.810127258300781,12.728434562683105,11.682262420654297,12.216972351074219,54130200,11.403221130371094
7/28/2016,11.798503875732422,11.87406063079834,11.711322784423828,11.804315567016602,7497200,11.018051147460938
7/27/2016,11.91474437713623,12.01064395904541,11.774092674255371,11.827564239501953,11275200,11.039751052856445
7/26/2016,11.734570503234863,11.891496658325195,11.708415985107422,11.8856840133667,13674200,11.093999862670898
7/25/2016,11.827564239501953,11.90893268585205,11.734570503234863,11.746194839477539,16714900,10.963801383972168
7/22/2016,11.519523620605469,11.653202056884766,11.473027229309082,11.653202056884766,14395000,10.87700366973877
7/21/2016,11.64157772064209,11.717134475708008,11.452685356140137,11.478839874267578,15580200,10.714253425598145
7/20/2016,11.50790023803711,11.670638084411621,11.464309692382812,11.659013748168945,9143000,10.882427215576172
7/19/2016,11.44396686553955,11.589268684387207,11.438155174255371,11.502087593078613,9522700,10.735953330993652
7/18/2016,11.461402893066406,11.612517356872559,11.420719146728516,11.502087593078613,10118300,10.735953330993652
7/15/2016,11.670638084411621,11.722946166992188,11.44396686553955,11.490463256835938,15047000,10.725104331970215
7/14/2016,11.403282165527344,11.720622062683105,11.403282165527344,11.618329048156738,25670900,10.844453811645508
7/13/2016,11.44396686553955,11.484651565551758,11.217296600341797,11.333538055419922,11816000,10.578631401062012
7/12/2016,11.292853355407715,11.566020965576172,11.292853355407715,11.44396686553955,22280200,10.681705474853516
7/11/2016,11.130115509033203,11.31319522857666,11.124302864074707,11.240544319152832,17483700,10.491830825805664
7/8/2016,10.903444290161133,11.066182136535645,10.795921325683594,11.066182136535645,18751400,10.329082489013672
7/7/2016,10.659337997436523,10.874383926391602,10.659337997436523,10.734894752502441,10799800,10.019861221313477
7/6/2016,10.461727142333984,10.71164608001709,10.415230751037598,10.694210052490234,12498900,9.981887817382812
7/5/2016,10.688398361206055,10.71164608001709,10.426855087280273,10.57796859741211,10555200,9.87338924407959
7/1/2016,10.734894752502441,10.833699226379395,10.548908233642578,10.746519088745117,15361900,10.030713081359863
6/30/2016,10.415230751037598,10.752330780029297,10.391982078552246,10.618653297424316,21494300,9.911362648010254
6/29/2016,10.310613632202148,10.409418106079102,10.232150077819824,10.333861351013184,14211600,9.645540237426758
6/28/2016,10.171123504638672,10.217619895935059,9.941546440124512,10.11300277709961,23461000,9.439393043518066
6/27/2016,10.461727142333984,10.467538833618164,9.860177993774414,9.996761322021484,31383400,9.330893516540527
6/24/2016,10.816263198852539,11.089430809020996,10.525659561157227,10.554719924926758,43737700,9.851690292358398
6/23/2016,11.257981300354004,11.44396686553955,11.240544319152832,11.420719146728516,17522700,10.660005569458008
6/22/2016,11.426530838012695,11.484651565551758,11.153363227844238,11.164987564086914,18191900,10.421306610107422
6/21/2016,11.281229019165039,11.53696060180664,11.194047927856445,11.484651565551758,19885600,10.71967887878418
6/20/2016,11.17080020904541,11.397470474243164,11.135927200317383,11.263792991638184,27304300,10.513530731201172
6/17/2016,10.804638862609863,11.048746109008789,10.746519088745117,11.008061408996582,28631900,10.274833679199219
6/16/2016,10.856947898864746,10.94412899017334,10.795921325683594,10.84532356262207,21213200,10.122934341430664
6/15/2016,10.71164608001709,11.07780647277832,10.700021743774414,10.926692962646484,20590800,10.198883056640625
6/14/2016,10.734894752502441,10.833699226379395,10.586687088012695,10.641901016235352,24700400,9.933062553405762
6/13/2016,11.048746109008789,11.130115509033203,10.798827171325684,10.81045150756836,17458700,10.090388298034668
6/10/2016,11.223108291625977,11.234732627868652,10.984813690185547,11.112679481506348,16914200,10.372483253479004
6/9/2016,11.269604682922363,11.420719146728516,11.234732627868652,11.362598419189453,16130800,10.605755805969238
6/8/2016,11.199860572814941,11.403282165527344,11.159175872802734,11.246356964111328,27220300,10.497257232666016
6/7/2016,10.94994068145752,11.185330390930176,10.909256935119629,11.135927200317383,24580100,10.394184112548828
6/6/2016,10.624464988708496,11.025498390197754,10.624464988708496,10.984813690185547,22094100,10.253134727478027
6/3/2016,10.694210052490234,10.752330780029297,10.624464988708496,10.665149688720703,15976100,9.903426170349121
6/2/2016,10.543096542358398,10.769766807556152,10.519847869873047,10.752330780029297,23508300,9.984381675720215
6/1/2016,10.641901016235352,10.682585716247559,10.543096542358398,10.630277633666992,21150900,9.87104320526123
5/31/2016,10.461727142333984,10.734894752502441,10.322237014770508,10.734894752502441,42932800,9.968189239501953
5/27/2016,10.147875785827637,10.659337997436523,10.147875785827637,10.61284065246582,39493400,9.854853630065918
5/26/2016,9.88051986694336,10.281553268432617,9.787527084350586,10.10719108581543,37392900,9.385318756103516
5/25/2016,10.653525352478027,10.752330780029297,9.950264930725098,10.083942413330078,75418400,9.363728523254395
5/24/2016,9.357433319091797,9.496923446655273,9.293500900268555,9.44461441040039,21613600,8.770062446594238
5/23/2016,9.229568481445312,9.456238746643066,9.223755836486816,9.339997291564941,14882500,8.672918319702148
5/20/2016,9.159823417663574,9.293500900268555,9.101702690124512,9.223755836486816,15455400,8.56497859954834
5/19/2016,9.014521598815918,9.17725944519043,8.93896484375,9.17144775390625,11501700,8.51640510559082
5/18/2016,9.17725944519043,9.258628845214844,9.017427444458008,9.107514381408691,11315200,8.457038879394531
5/17/2016,9.229568481445312,9.41555404663086,9.119138717651367,9.194695472717285,25107300,8.537993431091309
5/16/2016,9.159823417663574,9.354527473449707,9.130763053894043,9.2760648727417,15174200,8.613553047180176
5/13/2016,9.241191864013672,9.366151809692383,9.119138717651367,9.165635108947754,11680700,8.511009216308594
5/12/2016,9.351621627807617,9.380681991577148,9.214456558227539,9.241191864013672,9321700,8.581170082092285
5/11/2016,9.235380172729492,9.50564193725586,9.229568481445312,9.31093692779541,11132300,8.645933151245117
5/10/2016,9.235380172729492,9.241191864013672,9.07264232635498,9.235380172729492,8192700,8.575772285461426
5/9/2016,9.130763053894043,9.2760648727417,9.107514381408691,9.217944145202637,8505200,8.55958366394043
5/6/2016,9.084266662597656,9.217944145202637,9.04358196258545,9.17144775390625,8574500,8.51640510559082
5/5/2016,9.270252227783203,9.281876564025879,9.090078353881836,9.136574745178223,6054900,8.484025955200195
5/4/2016,9.183072090148926,9.299312591552734,9.113327026367188,9.258628845214844,11420700,8.597360610961914
5/3/2016,9.432991027832031,9.44461441040039,9.17144775390625,9.258628845214844,19039000,8.597360610961914
5/2/2016,9.682909965515137,9.735218048095703,9.462051391601562,9.531795501708984,14557900,8.851019859313965
4/29/2016,9.816587448120117,9.828211784362793,9.595728874206543,9.682909965515137,12195300,8.991339683532715
4/28/2016,9.979325294494629,10.10428524017334,9.834023475646973,9.897955894470215,8237200,9.19102668762207
4/27/2016,10.054882049560547,10.182747840881348,10.025821685791016,10.060694694519043,10948800,9.342143058776855
4/26/2016,10.025821685791016,10.150781631469727,10.01419734954834,10.089755058288574,10813800,9.36912727355957
4/25/2016,10.089755058288574,10.118815422058105,9.77590274810791,10.00257396697998,10051600,9.288172721862793
4/22/2016,10.136251449584961,10.287364959716797,10.072318077087402,10.165311813354492,13692100,9.439288139343262
4/21/2016,10.078130722045898,10.310613632202148,10.066506385803223,10.147875785827637,10272200,9.423094749450684
4/20/2016,9.921204566955566,10.171123504638672,9.921204566955566,10.11300277709961,9359900,9.390713691711426
4/19/2016,10.147875785827637,10.159499168395996,9.967700958251953,10.020009994506836,11079800,9.304364204406738
4/18/2016,10.00257396697998,10.162405967712402,9.961889266967773,10.136251449584961,9735000,9.412302017211914
4/15/2016,10.118815422058105,10.159499168395996,9.793338775634766,10.11300277709961,20409100,9.390713691711426
4/14/2016,10.089755058288574,10.11300277709961,9.915392875671387,10.031634330749512,11503900,9.315157890319824
4/13/2016,10.049070358276367,10.176936149597168,9.967700958251953,10.171123504638672,14182800,9.444684982299805
4/12/2016,10.293176651000977,10.322237014770508,9.985136985778809,10.020009994506836,15119900,9.304364204406738
4/11/2016,10.432666778564453,10.496599197387695,10.264116287231445,10.304800987243652,10114200,9.56881332397461
4/8/2016,10.37454605102539,10.633183479309082,10.351297378540039,10.397794723510742,12525200,9.655165672302246
4/7/2016,10.33967399597168,10.484975814819336,10.2437744140625,10.310613632202148,16196800,9.574211120605469
4/6/2016,10.258304595947266,10.450102806091309,10.147875785827637,10.438478469848633,17879800,9.692944526672363
4/5/2016,10.386170387268066,10.409418106079102,10.2059965133667,10.23505687713623,14280500,9.504051208496094
4/4/2016,10.723270416259766,10.723270416259766,10.421042442321777,10.484975814819336,13191400,9.736119270324707
4/1/2016,10.23505687713623,10.778485298156738,10.2059965133667,10.694210052490234,25550000,9.930411338806152
3/31/2016,10.368734359741211,10.438478469848633,10.176936149597168,10.304800987243652,17876200,9.56881332397461
3/30/2016,10.298989295959473,10.412324905395508,10.24668025970459,10.397794723510742,18156300,9.655165672302246
3/29/2016,10.095566749572754,10.275740623474121,10.00838565826416,10.258304595947266,10197000,9.52563762664795
3/28/2016,10.159499168395996,10.267023086547852,10.00838565826416,10.176936149597168,9518600,9.450082778930664
3/24/2016,10.118815422058105,10.252492904663086,9.944453239440918,10.211808204650879,15261200,9.482462882995605
3/23/2016,10.182747840881348,10.211808204650879,9.932828903198242,10.147875785827637,19674300,9.423094749450684
3/22/2016,10.118815422058105,10.508223533630371,10.078130722045898,10.176936149597168,19474000,9.450082778930664
3/21/2016,10.072318077087402,10.426855087280273,10.054882049560547,10.293176651000977,18463100,9.55802059173584
3/18/2016,9.979325294494629,10.217619895935059,9.927016258239746,10.072318077087402,53273300,9.352936744689941
3/17/2016,9.956076622009277,10.072318077087402,9.857272148132324,9.97351360321045,18699200,9.261187553405762
3/16/2016,9.711970329284668,10.01419734954834,9.64803695678711,9.990949630737305,21530900,9.277379035949707
3/15/2016,9.50854778289795,9.810774803161621,9.44461441040039,9.746842384338379,23974400,9.050705909729004
3/14/2016,9.41555404663086,9.630600929260254,9.322561264038086,9.53760814666748,16641800,8.856414794921875
3/11/2016,9.299312591552734,9.555044174194336,9.299312591552734,9.491111755371094,26984400,8.813238143920898
3/10/2016,9.03777027130127,9.421366691589355,9.020333290100098,9.241191864013672,24578200,8.581170082092285
3/9/2016,8.915716171264648,9.203413963317871,8.892468452453613,9.002897262573242,19045400,8.359893798828125
3/8/2016,9.154011726379395,9.17725944519043,8.83725357055664,8.851783752441406,21215200,8.219574928283691
3/7/2016,8.793663024902344,9.293500900268555,8.752978324890137,9.281876564025879,31792700,8.618948936462402
3/4/2016,8.659985542297363,9.206319808959961,8.613489151000977,8.973836898803711,57415700,8.28183650970459
3/3/2016,8.084589958190918,8.10783863067627,7.718430042266846,7.904416084289551,17256400,7.2948832511901855
3/2/2016,7.77655029296875,8.165959358215332,7.7591142654418945,8.078778266906738,17234100,7.455799579620361
3/1/2016,7.799798965454102,7.828859329223633,7.6080002784729,7.718430042266846,14373700,7.123239040374756
2/29/2016,7.735866069793701,7.8346710205078125,7.671933174133301,7.712617874145508,21932300,7.117876052856445
2/26/2016,8.009033203125,8.020657539367676,7.6428728103637695,7.811422824859619,18624500,7.209061145782471
2/25/2016,7.817234992980957,7.968348979949951,7.695181369781494,7.9509124755859375,20784000,7.337794780731201
2/24/2016,7.555691719055176,7.886980056762695,7.451074600219727,7.863731384277344,22757500,7.257336139678955
2/23/2016,7.974161148071289,8.032281875610352,7.462698936462402,7.6080002784729,25200900,7.02132511138916
2/22/2016,7.9915971755981445,8.067153930664062,7.886980056762695,8.020657539367676,18505500,7.402160167694092
2/19/2016,7.852107524871826,7.985785007476807,7.700993537902832,7.945100784301758,16197900,7.332431316375732
2/18/2016,7.584752082824707,7.962536811828613,7.567316055297852,7.863731384277344,20189000,7.257336139678955
2/17/2016,7.201155662536621,7.637060642242432,7.189531326293945,7.567316055297852,14910600,6.983778476715088
2/16/2016,7.212779521942139,7.259276390075684,7.131410598754883,7.166283130645752,20606800,6.613669395446777
2/12/2016,7.265088081359863,7.433638572692871,7.079102039337158,7.143034934997559,18150700,6.592214584350586
2/11/2016,7.30577278137207,7.363893508911133,6.983202934265137,7.206967830657959,16920400,6.651217460632324
2/10/2016,7.422014236450195,7.596376419067383,7.387141704559326,7.47432279586792,10292600,6.897955894470215
2/9/2016,7.189531326293945,7.47432279586792,7.154658794403076,7.392953872680664,11504400,6.822861194610596
2/8/2016,7.555691719055176,7.584752082824707,7.189531326293945,7.270900249481201,25491500,6.710219860076904
2/5/2016,7.956724643707275,7.9915971755981445,7.576034069061279,7.671933174133301,22758900,7.080328464508057
2/4/2016,7.735866069793701,8.072966575622559,7.735866069793701,8.049717903137207,11181900,7.428980827331543
2/3/2016,7.93928861618042,8.00322151184082,7.619624614715576,7.77073860168457,12995300,7.171514987945557
2/2/2016,7.962536811828613,8.119462966918945,7.764926433563232,7.817234992980957,16650600,7.214423656463623
2/1/2016,7.945100784301758,8.067153930664062,7.863731384277344,8.014845848083496,16430600,7.396796703338623
1/29/2016,7.793986797332764,8.067153930664062,7.7591142654418945,7.997409343719482,19548700,7.380706310272217
1/28/2016,7.817234992980957,7.962536811828613,7.596376419067383,7.666121006011963,16989400,7.074965000152588
1/27/2016,7.863731384277344,7.910228252410889,7.529537677764893,7.782362461090088,31803600,7.182242393493652
1/26/2016,7.7591142654418945,7.977066993713379,7.7591142654418945,7.904416084289551,18454700,7.2948832511901855
1/25/2016,7.724241733551025,7.8753557205200195,7.625436782836914,7.753302097320557,19241600,7.155422687530518
1/22/2016,7.381329536437988,7.805610656738281,7.352269172668457,7.7591142654418945,26272600,7.1607866287231445
1/21/2016,6.974484920501709,7.288336753845215,6.869867324829102,7.212779521942139,28784100,6.656580924987793
1/20/2016,6.974484920501709,7.090726375579834,6.756532192230225,7.00935697555542,28630200,6.468844890594482
1/19/2016,7.369705677032471,7.427826404571533,7.090726375579834,7.160470962524414,22239600,6.608305931091309
1/15/2016,7.323208808898926,7.439450263977051,7.259276390075684,7.288336753845215,33849000,6.726311683654785
1/14/2016,7.4103899002075195,7.654497146606445,7.352269172668457,7.555691719055176,22973700,6.973050117492676
1/13/2016,7.7591142654418945,7.7591142654418945,7.282524585723877,7.4103899002075195,30489600,6.838952541351318
1/12/2016,7.7591142654418945,7.799798965454102,7.6080002784729,7.70680570602417,21435500,7.112511157989502
1/11/2016,7.805610656738281,7.968348979949951,7.596376419067383,7.70680570602417,25998800,7.112511157989502
1/8/2016,8.00322151184082,8.148523330688477,7.735866069793701,7.869543552398682,28272000,7.26270055770874
1/7/2016,8.427502632141113,8.462374687194824,7.933476448059082,7.968348979949951,34143900,7.353886127471924
1/6/2016,8.497247695922852,8.718106269836426,8.433314323425293,8.6018648147583,19468100,7.938549995422363
1/5/2016,8.793663024902344,8.863408088684082,8.683233261108398,8.735542297363281,17770100,8.061919212341309
1/4/2016,8.700669288635254,8.80528736114502,8.566991806030273,8.793663024902344,25940400,8.115558624267578
12/31/2015,8.851783752441406,8.898280143737793,8.776226997375488,8.83434772491455,11420500,8.153104782104492
12/30/2015,8.886655807495117,8.997085571289062,8.80528736114502,8.880844116210938,10796700,8.196016311645508
12/29/2015,8.886655807495117,8.97209358215332,8.822723388671875,8.83434772491455,10797800,8.153104782104492
12/28/2015,8.654172897338867,8.880844116210938,8.613489151000977,8.851783752441406,10203800,8.169198036193848
12/24/2015,8.60767650604248,8.816910743713379,8.596052169799805,8.729729652404785,3748100,8.056556701660156
12/23/2015,8.24732780456543,8.700669288635254,8.165959358215332,8.665797233581543,19359600,7.997552394866943
12/22/2015,8.160146713256836,8.218267440795898,8.090402603149414,8.171771049499512,12547100,7.541622638702393
12/21/2015,8.206644058227539,8.36938190460205,8.061342239379883,8.148523330688477,16970300,7.520166873931885
12/18/2015,8.293825149536133,8.360663414001465,8.1368989944458,8.229891777038574,33271400,7.5952606201171875
12/17/2015,8.491435050964355,8.555368423461914,8.264764785766602,8.317072868347168,13118600,7.67572021484375
12/16/2015,8.497247695922852,8.60767650604248,8.456562995910645,8.543744087219238,13490800,7.88491153717041
12/15/2015,8.433314323425293,8.70648193359375,8.418784141540527,8.462374687194824,22175600,7.809816360473633
12/14/2015,8.311261177062988,8.427502632141113,8.090402603149414,8.392629623413086,19834700,7.745449066162109
12/11/2015,8.71229362487793,8.950589179992676,8.218267440795898,8.24151611328125,18265700,7.605988025665283
12/10/2015,8.596052169799805,8.60767650604248,8.444938659667969,8.555368423461914,17466200,7.895639419555664
12/9/2015,8.71229362487793,8.94477653503418,8.532119750976562,8.630925178527832,24538300,7.965370178222656
12/8/2015,8.770414352416992,8.886655807495117,8.497247695922852,8.816910743713379,19988600,8.13701343536377
12/7/2015,8.718106269836426,8.997085571289062,8.671609878540039,8.979649543762207,16424400,8.287201881408691
12/4/2015,8.363569259643555,8.889561653137207,8.276388168334961,8.84597110748291,20648400,8.113072395324707
12/3/2015,8.718106269836426,8.915716171264648,8.4739990234375,8.497247695922852,32527300,7.793242454528809
12/2/2015,8.933152198791504,9.031957626342773,8.642549514770508,8.689045906066895,21818500,7.969148635864258
12/1/2015,8.648361206054688,9.229568481445312,8.630925178527832,9.07264232635498,43197200,8.320963859558105
11/30/2015,8.270576477050781,8.718106269836426,8.24151611328125,8.636736869812012,50075500,7.921174049377441
11/27/2015,8.206644058227539,8.508871078491211,8.165959358215332,8.34032154083252,10395000,7.649317741394043
11/25/2015,8.084589958190918,8.636736869812012,8.043906211853027,8.206644058227539,39017100,7.526714324951172
11/24/2015,7.892791748046875,8.151429176330566,7.846295356750488,7.956724643707275,41484100,7.297502040863037
11/23/2015,8.23570442199707,8.258952140808105,7.886980056762695,8.049717903137207,26354200,7.382791042327881
11/20/2015,8.009033203125,8.503059387207031,7.9509124755859375,8.258952140808105,31932300,7.5746893882751465
11/19/2015,7.863731384277344,8.072966575622559,7.857919692993164,8.009033203125,22662200,7.3454766273498535
11/18/2015,7.8346710205078125,7.979972839355469,7.665539741516113,7.927664279937744,22402400,7.270848274230957
11/17/2015,7.77655029296875,7.84048318862915,7.625436782836914,7.683557510375977,21370500,7.046966552734375
11/16/2015,7.77073860168457,7.910228252410889,7.637060642242432,7.77655029296875,23712100,7.132256031036377
11/13/2015,7.910228252410889,7.997409343719482,7.6428728103637695,7.782362461090088,25678400,7.13758659362793
11/12/2015,8.026469230651855,8.032281875610352,7.898603916168213,7.962536811828613,35050600,7.302832126617432
11/11/2015,8.253140449523926,8.317072868347168,8.189207077026367,8.200831413269043,18942200,7.521384239196777
11/10/2015,8.212455749511719,8.392629623413086,8.14271068572998,8.37519359588623,25426000,7.681299686431885
11/9/2015,8.288012504577637,8.415878295898438,8.212455749511719,8.253140449523926,30158000,7.569359302520752
11/6/2015,7.660309314727783,8.415878295898438,7.6428728103637695,8.36938190460205,51702600,7.675971031188965
11/5/2015,7.927664279937744,8.072966575622559,7.625436782836914,7.718430042266846,38179900,7.078949451446533
11/4/2015,8.363569259643555,8.433314323425293,7.910228252410889,7.93928861618042,54241800,7.281510829925537
11/3/2015,8.177583694458008,8.549555778503418,7.948006629943848,8.3461332321167,69176300,7.654647350311279
11/2/2015,8.71229362487793,8.816910743713379,8.055529594421387,8.421689987182617,70312600,7.723943710327148
10/30/2015,9.241191864013672,9.357433319091797,8.555368423461914,8.555368423461914,4214100,7.846547603607178
10/29/2015,9.30512523651123,9.456238746643066,9.03777027130127,9.270252227783203,499600,8.502202987670898
10/28/2015,9.241191864013672,9.502735137939453,9.20922565460205,9.462051391601562,509700,8.678112030029297
10/27/2015,9.624789237976074,9.735218048095703,9.0668306350708,9.142387390136719,1094200,8.384932518005371
10/26/2015,9.944453239440918,9.944453239440918,9.479487419128418,9.54341983795166,885600,8.752737045288086
10/23/2015,10.025821685791016,10.025821685791016,9.793338775634766,9.88051986694336,102900,9.061909675598145
10/22/2015,9.711970329284668,9.90958023071289,9.438802719116211,9.851459503173828,189200,9.035255432128906
10/21/2015,10.025821685791016,10.083942413330078,9.531795501708984,9.578292846679688,135200,8.784720420837402
10/20/2015,9.44461441040039,9.839835166931152,9.44461441040039,9.804963111877441,1220800,8.9926118850708
10/19/2015,10.752330780029297,10.752330780029297,9.578292846679688,9.618976593017578,2721200,8.822033882141113
