4/22/2019,22.93000030517578,24.25,22.899999618530273,23.979999542236328,8398300,23.979999542236328
4/18/2019,23,23.34000015258789,22.969999313354492,23.19499969482422,5117700,23.19499969482422
4/17/2019,23.15999984741211,23.219999313354492,22.6200008392334,22.899999618530273,6949800,22.899999618530273
4/16/2019,22.760000228881836,23.079999923706055,22.399999618530273,22.950000762939453,7404400,22.950000762939453
4/15/2019,23.579999923706055,23.600000381469727,22.315000534057617,22.440000534057617,9181000,22.440000534057617
4/12/2019,23.780000686645508,24.31999969482422,23.549999237060547,23.700000762939453,6760300,23.700000762939453
4/11/2019,23.889999389648438,24.149999618530273,23.190000534057617,23.31999969482422,5428900,23.31999969482422
4/10/2019,23.950000762939453,24.139999389648438,23.52199935913086,24.1299991607666,5833900,24.1299991607666
4/9/2019,23.25,24.309999465942383,23.239999771118164,23.8799991607666,6804000,23.8799991607666
4/8/2019,23.309999465942383,23.610000610351562,22.850000381469727,23.3799991607666,4000300,23.3799991607666
4/5/2019,23.639999389648438,23.899999618530273,23.350000381469727,23.479999542236328,5664300,23.479999542236328
4/4/2019,23.850000381469727,24.299999237060547,23,23.479999542236328,8497700,23.479999542236328
4/3/2019,24.729999542236328,24.81999969482422,23.81999969482422,23.979999542236328,8913400,23.979999542236328
4/2/2019,24.469999313354492,24.68000030517578,24.040000915527344,24.399999618530273,7838800,24.399999618530273
4/1/2019,24.899999618530273,25.049999237060547,24.30299949645996,24.790000915527344,12547500,24.790000915527344
3/29/2019,23.170000076293945,24.06999969482422,23.100000381469727,23.920000076293945,14237200,23.920000076293945
3/28/2019,22.709999084472656,22.920000076293945,22.469999313354492,22.719999313354492,10191400,22.719999313354492
3/27/2019,22.790000915527344,23.170000076293945,22.229999542236328,22.709999084472656,25571800,22.709999084472656
3/26/2019,23.25,24.030000686645508,22.559999465942383,22.8700008392334,23925600,22.8700008392334
3/25/2019,24.239999771118164,24.40999984741211,23.399999618530273,24.020000457763672,13083300,24.020000457763672
3/22/2019,25.75,26.040000915527344,24.93000030517578,25.020000457763672,7941200,25.020000457763672
3/21/2019,26.059999465942383,26.65999984741211,25.8700008392334,26.020000457763672,7957400,26.020000457763672
3/20/2019,27.030000686645508,27.149999618530273,25.360000610351562,26.40999984741211,13875400,26.40999984741211
3/19/2019,27.5,27.920000076293945,27.1200008392334,27.329999923706055,7295900,27.329999923706055
3/18/2019,27.270000457763672,28,26.540000915527344,27.420000076293945,9735800,27.420000076293945
3/15/2019,25.979999542236328,27.219999313354492,25.950000762939453,27.020000457763672,9515200,27.020000457763672
3/14/2019,26.440000534057617,26.479999542236328,25.60300064086914,25.670000076293945,5802900,25.670000076293945
3/13/2019,26.110000610351562,26.950000762939453,25.5,26.40999984741211,6003400,26.40999984741211
3/12/2019,26.260000228881836,26.829999923706055,26.031999588012695,26.3799991607666,5501400,26.3799991607666
3/11/2019,25.510000228881836,26.479999542236328,25.510000228881836,26.229999542236328,6667800,26.229999542236328
3/8/2019,24.8799991607666,25.746999740600586,24.559999465942383,25.360000610351562,12690300,25.360000610351562
3/7/2019,26.5,26.6299991607666,25.219999313354492,26.3799991607666,10049000,26.3799991607666
3/6/2019,27.270000457763672,27.395000457763672,26.513999938964844,26.969999313354492,9537200,26.969999313354492
3/5/2019,26.540000915527344,28,26.40999984741211,27.459999084472656,10328800,27.459999084472656
3/4/2019,27.329999923706055,27.530000686645508,25.850000381469727,26.65999984741211,10772600,26.65999984741211
3/1/2019,27.850000381469727,27.899999618530273,27.06999969482422,27.149999618530273,8521200,27.149999618530273
2/28/2019,26.799999237060547,27.399999618530273,26.040000915527344,27.15999984741211,24473800,27.15999984741211
2/27/2019,26.5,27.149999618530273,26.399999618530273,26.770000457763672,10368900,26.770000457763672
2/26/2019,25.90999984741211,27.239999771118164,25.3799991607666,26.829999923706055,15868000,26.829999923706055
2/25/2019,29.09000015258789,29.18000030517578,26.540000915527344,27.010000228881836,35313700,27.010000228881836
2/22/2019,23.520000457763672,27.950000762939453,23.5,27.700000762939453,42749200,27.700000762939453
2/21/2019,22.899999618530273,23.110000610351562,22.479999542236328,22.760000228881836,12329000,22.760000228881836
2/20/2019,22.600000381469727,22.760000228881836,22.440000534057617,22.600000381469727,9498300,22.600000381469727
2/19/2019,21.8799991607666,22.520000457763672,21.670000076293945,22.34000015258789,9658300,22.34000015258789
2/15/2019,22,22.174999237060547,21.674999237060547,21.799999237060547,6748900,21.799999237060547
2/14/2019,21.5,22.139999389648438,21.350000381469727,22,7141200,22
2/13/2019,21.559999465942383,22.030000686645508,21.3700008392334,21.600000381469727,8001200,21.600000381469727
2/12/2019,21.18000030517578,21.6299991607666,21.084999084472656,21.25,7444300,21.25
2/11/2019,21.020000457763672,21.700000762939453,20.760000228881836,20.829999923706055,8587800,20.829999923706055
2/8/2019,19.540000915527344,20.954999923706055,19.399999618530273,20.6299991607666,8653200,20.6299991607666
2/7/2019,20.860000610351562,20.979999542236328,19.8700008392334,20,10909300,20
2/6/2019,21.440000534057617,21.726999282836914,21.110000610351562,21.290000915527344,5272900,21.290000915527344
2/5/2019,20.760000228881836,21.510000228881836,20.489999771118164,21.229999542236328,7601600,21.229999542236328
2/4/2019,20.170000076293945,20.989999771118164,19.90999984741211,20.489999771118164,5650700,20.489999771118164
2/1/2019,20.1299991607666,20.698999404907227,19.8700008392334,20.1200008392334,8447800,20.1200008392334
1/31/2019,19.5,20.5,19.450000762939453,20.1200008392334,7818400,20.1200008392334
1/30/2019,19.459999084472656,19.59000015258789,18.989999771118164,19.3799991607666,5715800,19.3799991607666
1/29/2019,19.350000381469727,19.3700008392334,18.959999084472656,19.139999389648438,6343100,19.139999389648438
1/28/2019,19.549999237060547,19.639999389648438,18.739999771118164,19.459999084472656,7125600,19.459999084472656
1/25/2019,19.5,20,19.18000030517578,19.950000762939453,9879800,19.950000762939453
1/24/2019,18.399999618530273,19.079999923706055,18.34000015258789,18.969999313354492,7938500,18.969999313354492
1/23/2019,17.989999771118164,18.649999618530273,17.739999771118164,18.290000915527344,9764200,18.290000915527344
1/22/2019,18.18000030517578,18.399999618530273,17.549999237060547,17.729999542236328,14081100,17.729999542236328
1/18/2019,17.979999542236328,18.899999618530273,17.6200008392334,18.5,12839800,18.5
1/17/2019,16.940000534057617,17.8799991607666,16.920000076293945,17.559999465942383,8162600,17.559999465942383
1/16/2019,16.81999969482422,17.270000457763672,16.770000457763672,17.030000686645508,5647700,17.030000686645508
1/15/2019,17.010000228881836,17.110000610351562,16.510000228881836,16.75,8232900,16.75
1/14/2019,16.950000762939453,17.139999389648438,16.510000228881836,16.709999084472656,12300300,16.709999084472656
1/11/2019,18.100000381469727,18.386999130249023,17.670000076293945,17.81999969482422,11311800,17.81999969482422
1/10/2019,17.020000457763672,18.5,16.860000610351562,18.15999984741211,16019400,18.15999984741211
1/9/2019,17.15999984741211,17.584999084472656,16.809999465942383,17.290000915527344,9711900,17.290000915527344
1/8/2019,17.329999923706055,17.399999618530273,16.18000030517578,16.979999542236328,9051400,16.979999542236328
1/7/2019,16.540000915527344,17.450000762939453,16.451000213623047,17.219999313354492,10339500,17.219999313354492
1/4/2019,15.239999771118164,16.520000457763672,15.180000305175781,16.239999771118164,11734400,16.239999771118164
1/3/2019,14.970000267028809,15.329999923706055,14.770000457763672,14.800000190734863,3407600,14.800000190734863
1/2/2019,14.5600004196167,15.550000190734863,14.350000381469727,15.220000267028809,5469100,15.220000267028809
12/31/2018,15.5,15.640000343322754,14.760000228881836,14.869999885559082,5308000,14.869999885559082
12/28/2018,15.5,15.59000015258789,14.949999809265137,15.369999885559082,4959800,15.369999885559082
12/27/2018,15.199999809265137,15.6899995803833,14.524999618530273,15.449999809265137,10032200,15.449999809265137
12/26/2018,15.109999656677246,15.6899995803833,14.649999618530273,15.630000114440918,5604300,15.630000114440918
12/24/2018,14.510000228881836,15.220000267028809,14.390000343322754,15.100000381469727,5120400,15.100000381469727
12/21/2018,15.699999809265137,15.800000190734863,14.4399995803833,14.9399995803833,9989100,14.9399995803833
12/20/2018,15.59000015258789,16.100000381469727,15.260000228881836,15.579999923706055,8100700,15.579999923706055
12/19/2018,16.270000457763672,16.399999618530273,15.34000015258789,15.609999656677246,8285600,15.609999656677246
12/18/2018,16.479999542236328,16.799999237060547,16.145000457763672,16.34000015258789,7440000,16.34000015258789
12/17/2018,17.690000534057617,17.860000610351562,16.25,16.56999969482422,7929800,16.56999969482422
12/14/2018,17.84000015258789,18.110000610351562,17.530000686645508,17.700000762939453,7100400,17.700000762939453
12/13/2018,18.520000457763672,18.73699951171875,18.1200008392334,18.299999237060547,4166800,18.299999237060547
12/12/2018,18.399999618530273,18.700000762939453,18.219999313354492,18.40999984741211,9113700,18.40999984741211
12/11/2018,18.260000228881836,18.75,17.90999984741211,18.020000457763672,6577900,18.020000457763672
12/10/2018,18.200000762939453,18.799999237060547,17.530000686645508,18.010000228881836,7380500,18.010000228881836
12/7/2018,19.829999923706055,20.059999465942383,18.3799991607666,18.520000457763672,9349600,18.520000457763672
12/6/2018,18.940000534057617,19.920000076293945,18.899999618530273,19.84000015258789,5644100,19.84000015258789
12/4/2018,20.549999237060547,20.799999237060547,19.3799991607666,19.579999923706055,8241000,19.579999923706055
12/3/2018,21.600000381469727,21.799999237060547,20.579999923706055,20.729999542236328,15331500,20.729999542236328
11/30/2018,18.899999618530273,20.389999389648438,18.899999618530273,20.309999465942383,14861100,20.309999465942383
11/29/2018,19.520000457763672,19.8799991607666,19.010000228881836,19.209999084472656,9770300,19.209999084472656
11/28/2018,20.010000228881836,20.33300018310547,19.030000686645508,19.920000076293945,9129500,19.920000076293945
11/27/2018,19.889999389648438,20.290000915527344,19.739999771118164,19.8700008392334,4802900,19.8700008392334
11/26/2018,20.09000015258789,20.450000762939453,19.850000381469727,20.1299991607666,4262200,20.1299991607666
11/23/2018,19.950000762939453,20.440000534057617,19.489999771118164,19.700000762939453,3802500,19.700000762939453
11/21/2018,19.639999389648438,20.639999389648438,19.600000381469727,20.360000610351562,6337700,20.360000610351562
11/20/2018,18.649999618530273,19.469999313354492,18.489999771118164,19.09000015258789,5551600,19.09000015258789
11/19/2018,20.549999237060547,20.700000762939453,19.5,19.530000686645508,7156000,19.530000686645508
11/16/2018,20.959999084472656,21.25,20.40999984741211,20.799999237060547,5548600,20.799999237060547
11/15/2018,20.420000076293945,21.190000534057617,19.979999542236328,21.079999923706055,5927400,21.079999923706055
11/14/2018,20.739999771118164,21.139999389648438,19.850000381469727,20.399999618530273,6984300,20.399999618530273
11/13/2018,19.979999542236328,20.780000686645508,19.809999465942383,20.31999969482422,7228800,20.31999969482422
11/12/2018,19.950000762939453,20,19.219999313354492,19.56999969482422,5416800,19.56999969482422
11/9/2018,20.25,20.25,19.700000762939453,20,6532200,20
11/8/2018,21.700000762939453,22.020000457763672,20.75,20.8700008392334,5611900,20.8700008392334
11/7/2018,22.030000686645508,22.280000686645508,21.520000457763672,21.950000762939453,4714300,21.950000762939453
11/6/2018,21.06999969482422,22.139999389648438,21.030000686645508,21.479999542236328,7105000,21.479999542236328
11/5/2018,20.889999389648438,21.31999969482422,20.56999969482422,21.15999984741211,4782000,21.15999984741211
11/2/2018,22.770000457763672,22.799999237060547,20.530000686645508,21.1299991607666,17008700,21.1299991607666
11/1/2018,20.049999237060547,22.469999313354492,19.850000381469727,22.270000457763672,17740800,22.270000457763672
10/31/2018,19.469999313354492,20.389999389648438,19.030000686645508,19.639999389648438,34203600,19.639999389648438
10/30/2018,20.639999389648438,22.389999389648438,20.520000457763672,22.200000762939453,11011200,22.200000762939453
10/29/2018,22.350000381469727,22.469999313354492,20.799999237060547,21.3700008392334,9816200,21.3700008392334
10/26/2018,21.5,22.350000381469727,21.209999084472656,22.059999465942383,10003800,22.059999465942383
10/25/2018,22.309999465942383,23.18000030517578,22.260000228881836,22.549999237060547,8122900,22.549999237060547
10/24/2018,23.389999389648438,23.469999313354492,22.09000015258789,22.399999618530273,8114100,22.399999618530273
10/23/2018,22.56999969482422,23.3799991607666,20.950000762939453,23.170000076293945,13125000,23.170000076293945
10/22/2018,24.030000686645508,24.489999771118164,23.559999465942383,23.8700008392334,8322100,23.8700008392334
10/19/2018,24.93000030517578,24.989999771118164,23.309999465942383,23.56999969482422,9469800,23.56999969482422
10/18/2018,24.290000915527344,24.510000228881836,23.440000534057617,24.459999084472656,10072600,24.459999084472656
10/17/2018,26.510000228881836,26.56999969482422,24.600000381469727,24.809999465942383,12383200,24.809999465942383
10/16/2018,26.149999618530273,26.149999618530273,25,25.93000030517578,10403300,25.93000030517578
10/15/2018,25.510000228881836,26.25,25.219999313354492,26.100000381469727,9971200,26.100000381469727
10/12/2018,25.709999084472656,26.440000534057617,25.21500015258789,26,11288700,26
10/11/2018,24.010000228881836,25.110000610351562,23.65999984741211,24.8700008392334,11036500,24.8700008392334
10/10/2018,25.959999084472656,26.190000534057617,24.579999923706055,24.600000381469727,10138900,24.600000381469727
10/9/2018,26.270000457763672,26.59000015258789,25.709999084472656,25.959999084472656,5364500,25.959999084472656
10/8/2018,24.950000762939453,26.5,24.729999542236328,26.440000534057617,8775700,26.440000534057617
10/5/2018,25.25,25.975000381469727,24.809999465942383,25.489999771118164,9219200,25.489999771118164
10/4/2018,26.450000762939453,26.56999969482422,25,25.309999465942383,16067700,25.309999465942383
10/3/2018,26.8700008392334,27.3799991607666,26.649999618530273,26.889999389648438,8179700,26.889999389648438
10/2/2018,26.510000228881836,26.84000015258789,25.700000762939453,26.469999313354492,10778800,26.469999313354492
10/1/2018,27,27.399999618530273,26.700000762939453,26.90999984741211,6778700,26.90999984741211
9/28/2018,27.75,28.350000381469727,26.959999084472656,27.06999969482422,9645800,27.06999969482422
9/27/2018,27.110000610351562,28.360000610351562,27.010000228881836,27.75,8310100,27.75
9/26/2018,26.719999313354492,27.850000381469727,26.399999618530273,27,11048900,27
9/25/2018,26.1200008392334,27.030000686645508,26.020000457763672,26.5,7560200,26.5
9/24/2018,25.520000457763672,26.229999542236328,24.860000610351562,25.889999389648438,13843300,25.889999389648438
9/21/2018,27.809999465942383,27.850000381469727,26.200000762939453,26.25,12590100,26.25
9/20/2018,28.030000686645508,28.48900032043457,26.950000762939453,27.43000030517578,7726900,27.43000030517578
9/19/2018,26.530000686645508,28.1200008392334,26.489999771118164,27.719999313354492,8990300,27.719999313354492
9/18/2018,27.389999389648438,27.479999542236328,26.048999786376953,26.329999923706055,11963400,26.329999923706055
9/17/2018,27.690000534057617,28.25,26.68000030517578,26.84000015258789,11794900,26.84000015258789
9/14/2018,30.5,30.510000228881836,28.559999465942383,28.559999465942383,10710400,28.559999465942383
9/13/2018,29.649999618530273,30.899999618530273,29.25,30.290000915527344,19391600,30.290000915527344
9/12/2018,26.600000381469727,28.700000762939453,26.360000610351562,28.59000015258789,14508400,28.59000015258789
9/11/2018,26.399999618530273,27.299999237060547,26,26.690000534057617,7174900,26.690000534057617
9/10/2018,27.190000534057617,27.68000030517578,26.350000381469727,26.940000534057617,6549200,26.940000534057617
9/7/2018,26.56999969482422,28.030000686645508,26.559999465942383,27.15999984741211,6608800,27.15999984741211
9/6/2018,27.5,28.149999618530273,26.510000228881836,27,7446700,27
9/5/2018,28,28,26.75,27.15999984741211,10439100,27.15999984741211
9/4/2018,29.100000381469727,29.334999084472656,27.90999984741211,28.520000457763672,8770800,28.520000457763672
8/31/2018,29.049999237060547,29.690000534057617,28.760000228881836,28.899999618530273,6848300,28.899999618530273
8/30/2018,29.899999618530273,30.389999389648438,29.100000381469727,29.440000534057617,9090200,29.440000534057617
8/29/2018,30.399999618530273,30.790000915527344,29.860000610351562,30.389999389648438,7640900,30.389999389648438
8/28/2018,32.25,32.459999084472656,29.709999084472656,30.5,15197600,30.5
8/27/2018,29.600000381469727,31.969999313354492,29.559999465942383,31.1200008392334,23904500,31.1200008392334
8/24/2018,29.059999465942383,29.389999389648438,28.5,28.649999618530273,7932400,28.649999618530273
8/23/2018,29.280000686645508,29.920000076293945,28.190000534057617,28.610000610351562,12383800,28.610000610351562
8/22/2018,28.920000076293945,29.69499969482422,28.65999984741211,28.809999465942383,8473100,28.809999465942383
8/21/2018,29.079999923706055,29.790000915527344,28.75,29,14936600,29
8/20/2018,27.049999237060547,28.799999237060547,26.649999618530273,28.09000015258789,16399100,28.09000015258789
8/17/2018,25.90999984741211,26.989999771118164,25.030000686645508,26.3799991607666,11258100,26.3799991607666
8/16/2018,26.850000381469727,27.299999237060547,26,26.020000457763672,9721500,26.020000457763672
8/15/2018,25.139999389648438,26.399999618530273,24.579999923706055,26.1299991607666,18834100,26.1299991607666
8/14/2018,27.889999389648438,28.139999389648438,26.40999984741211,26.889999389648438,16618600,26.889999389648438
8/13/2018,29.40999984741211,30.09000015258789,28.31999969482422,28.469999313354492,8814600,28.469999313354492
8/10/2018,28.600000381469727,29.399999618530273,28.469999313354492,29.399999618530273,7521000,29.399999618530273
8/9/2018,29.5,30.079999923706055,28.8799991607666,29.170000076293945,8185700,29.170000076293945
8/8/2018,30.350000381469727,30.540000915527344,28.84000015258789,29.100000381469727,9321500,29.100000381469727
8/7/2018,29.5,30.770000457763672,29.219999313354492,30.139999389648438,15054500,30.139999389648438
8/6/2018,28.940000534057617,29.6299991607666,28.670000076293945,29.110000610351562,11879300,29.110000610351562
8/3/2018,30.399999618530273,30.399999618530273,28.010000228881836,28.5,23358100,28.5
8/2/2018,30.5,30.8700008392334,29.610000610351562,30.420000076293945,20784400,30.420000076293945
8/1/2018,32.900001525878906,33.560001373291016,31.610000610351562,32.09000015258789,27960000,32.09000015258789
7/31/2018,31,32.189998626708984,30.052000045776367,32.02000045776367,19888200,32.02000045776367
7/30/2018,31.6299991607666,31.940000534057617,30.049999237060547,30.739999771118164,17414500,30.739999771118164
7/27/2018,33.43000030517578,33.529998779296875,31.799999237060547,32.150001525878906,12424700,32.150001525878906
7/26/2018,32.900001525878906,33.849998474121094,32.619998931884766,33.029998779296875,12663100,33.029998779296875
7/25/2018,31.799999237060547,33.57899856567383,31.239999771118164,33.529998779296875,21659800,33.529998779296875
7/24/2018,32.900001525878906,33.5,30.850000381469727,31.600000381469727,26763300,31.600000381469727
7/23/2018,33.22999954223633,33.7400016784668,32.18000030517578,32.439998626708984,14634900,32.439998626708984
7/20/2018,32.66999816894531,33.52000045776367,31.600000381469727,33.27000045776367,26979600,33.27000045776367
7/19/2018,35.49700164794922,36.150001525878906,32.5099983215332,32.650001525878906,32400000,32.650001525878906
7/18/2018,37.470001220703125,38.11000061035156,35.54999923706055,35.959999084472656,29555300,35.959999084472656
7/17/2018,35.20000076293945,37.75,35.0099983215332,37,34024900,37
7/16/2018,34.630001068115234,37,34.20000076293945,36.93000030517578,39050000,36.93000030517578
7/13/2018,34.5,35.400001525878906,33.22999954223633,33.95000076293945,26115200,33.95000076293945
7/12/2018,32.20000076293945,35.08000183105469,31.829999923706055,35.040000915527344,49430200,35.040000915527344
7/11/2018,30.040000915527344,31.979999542236328,30.010000228881836,31.639999389648438,28357700,31.639999389648438
7/10/2018,31.469999313354492,32.41999816894531,30.799999237060547,31.170000076293945,28030700,31.170000076293945
7/9/2018,30.81999969482422,32.349998474121094,29.81999969482422,31.81999969482422,35544000,31.81999969482422
7/6/2018,29.31999969482422,31.170000076293945,28.940000534057617,29.920000076293945,37612200,29.920000076293945
7/5/2018,31.100000381469727,33.5,30.299999237060547,31.190000534057617,30124600,31.190000534057617
7/3/2018,33.119998931884766,34.209999084472656,32.54999923706055,32.97999954223633,17959100,32.97999954223633
7/2/2018,31.690000534057617,32.9900016784668,30.90999984741211,32.79999923706055,19951000,32.79999923706055
6/29/2018,33.49800109863281,33.75,31.709999084472656,32.29999923706055,23663400,32.29999923706055
6/28/2018,30.75,33.20000076293945,30.200000762939453,31.950000762939453,40945500,31.950000762939453
6/27/2018,37.52000045776367,38.29999923706055,31,31.219999313354492,52691000,31.219999313354492
6/26/2018,34.88100051879883,36.040000915527344,33.849998474121094,36.029998779296875,34969900,36.029998779296875
6/25/2018,33.38999938964844,34.54999923706055,32.599998474121094,32.880001068115234,42472700,32.880001068115234
6/22/2018,38.88999938964844,39.79999923706055,35.11000061035156,36.290000915527344,52776400,36.290000915527344
6/21/2018,43.99100112915039,44.459999084472656,37.79999923706055,38.83000183105469,57277900,38.83000183105469
6/20/2018,45.189998626708984,45.5,41.40999984741211,44.20000076293945,43572400,44.20000076293945
6/19/2018,43.0099983215332,46.22999954223633,40.5,42.58000183105469,58605800,42.58000183105469
6/18/2018,39.900001525878906,43.95000076293945,39.11000061035156,43.93000030517578,42030300,43.93000030517578
6/15/2018,40.54499816894531,43.23400115966797,37.56999969482422,40.15999984741211,61965400,40.15999984741211
6/14/2018,35.45000076293945,40.900001525878906,35.040000915527344,40.5099983215332,45242200,40.5099983215332
6/13/2018,34.97999954223633,35.2400016784668,34.18000030517578,34.75,15276200,34.75
6/12/2018,35.849998474121094,35.95000076293945,33.619998931884766,34.52000045776367,23119200,34.52000045776367
6/11/2018,34.279998779296875,35.54600143432617,33.54999923706055,34.5099983215332,32281000,34.5099983215332
6/8/2018,30.700000762939453,34.349998474121094,30.124000549316406,32.81999969482422,33587900,32.81999969482422
6/7/2018,29,30.989999771118164,29,30.850000381469727,17517200,30.850000381469727
6/6/2018,30.049999237060547,30.149999618530273,28.600000381469727,29,15916300,29
6/5/2018,29.5,29.719999313354492,27.75,29.260000228881836,20472100,29.260000228881836
6/4/2018,29.8700008392334,32.400001525878906,28.049999237060547,29.190000534057617,41717000,29.190000534057617
6/1/2018,25.799999237060547,28.940000534057617,25.579999923706055,28.459999084472656,21683500,28.459999084472656
5/31/2018,26.263999938964844,26.450000762939453,24.43000030517578,25.299999237060547,13954800,25.299999237060547
5/30/2018,23.56999969482422,25.989999771118164,23.301000595092773,25.709999084472656,16874000,25.709999084472656
5/29/2018,22.799999237060547,23.239999771118164,22.600000381469727,23.079999923706055,6840500,23.079999923706055
5/25/2018,22.90999984741211,23.049999237060547,22.280000686645508,22.790000915527344,5005700,22.790000915527344
5/24/2018,23,23.760000228881836,22.899999618530273,22.940000534057617,9450500,22.940000534057617
5/23/2018,22.110000610351562,23.600000381469727,22.010000228881836,23,13429900,23
5/22/2018,20.510000228881836,22.649999618530273,20.399999618530273,22.520000457763672,13962600,22.520000457763672
5/21/2018,20.579999923706055,20.989999771118164,20,20.260000228881836,6694100,20.260000228881836
5/18/2018,20.280000686645508,20.670000076293945,19.90999984741211,20.079999923706055,6679400,20.079999923706055
5/17/2018,20.739999771118164,21.100000381469727,19.700000762939453,20.329999923706055,7870300,20.329999923706055
5/16/2018,21.520000457763672,21.59000015258789,20.100000381469727,20.43000030517578,10603000,20.43000030517578
5/15/2018,21.690000534057617,22.350000381469727,21.170000076293945,21.43000030517578,9922700,21.43000030517578
5/14/2018,21,22.229999542236328,20.899999618530273,21.829999923706055,11584000,21.829999923706055
5/11/2018,21.809999465942383,22.399999618530273,20,20.520000457763672,12479700,20.520000457763672
5/10/2018,18.799999237060547,23.149999618530273,18.670000076293945,20.719999313354492,20345600,20.719999313354492
5/9/2018,17,18.729999542236328,16.93000030517578,18.6200008392334,6231000,18.6200008392334
5/8/2018,16.799999237060547,16.84000015258789,16.299999237060547,16.719999313354492,3474100,16.719999313354492
5/7/2018,16.25,16.979999542236328,16.200000762939453,16.34000015258789,3929100,16.34000015258789
5/4/2018,16.739999771118164,16.739999771118164,16.020000457763672,16.170000076293945,5002400,16.170000076293945
5/3/2018,17.229999542236328,17.299999237060547,15.789999961853027,16.389999389648438,10376600,16.389999389648438
5/2/2018,17.700000762939453,17.790000915527344,16.969999313354492,17.299999237060547,2471800,17.299999237060547
5/1/2018,17.920000076293945,18,17.290000915527344,17.600000381469727,2653200,17.600000381469727
4/30/2018,18.18000030517578,18.600000381469727,17.8799991607666,18.030000686645508,2659800,18.030000686645508
4/27/2018,18.6200008392334,19.079999923706055,17.440000534057617,17.989999771118164,6838100,17.989999771118164
4/26/2018,18.690000534057617,18.799999237060547,18.200000762939453,18.75,6566200,18.75
4/25/2018,18.5,18.75,17.75,18.010000228881836,3328900,18.010000228881836
4/24/2018,19.010000228881836,19.25,18.5,18.530000686645508,5376700,18.530000686645508
4/23/2018,18.059999465942383,18.858999252319336,18,18.239999771118164,4250600,18.239999771118164
4/20/2018,18.170000076293945,18.270000457763672,17.639999389648438,17.809999465942383,3565600,17.809999465942383
4/19/2018,18.75,18.75,18.229999542236328,18.34000015258789,5656700,18.34000015258789
4/18/2018,19.75,19.75,18.670000076293945,18.950000762939453,5473800,18.950000762939453
4/17/2018,20,20.5,19.5,19.6299991607666,9237200,19.6299991607666
4/16/2018,19.5,19.940000534057617,19.100000381469727,19.739999771118164,6404800,19.739999771118164
4/13/2018,19.299999237060547,19.40999984741211,18.299999237060547,19.34000015258789,10007700,19.34000015258789
4/12/2018,18.5,19.399999618530273,18.200000762939453,19.040000915527344,12292700,19.040000915527344
4/11/2018,17.450000762939453,18.18000030517578,17.200000762939453,18.06999969482422,9231100,18.06999969482422
4/10/2018,16.739999771118164,17.739999771118164,16.520000457763672,17.40999984741211,7024400,17.40999984741211
4/9/2018,16.25,16.510000228881836,16.020000457763672,16.40999984741211,4265700,16.40999984741211
4/6/2018,15.970000267028809,16.049999237060547,15.819999694824219,16.020000457763672,3493800,16.020000457763672
4/5/2018,16.020000457763672,16.231000900268555,15.90999984741211,16.040000915527344,4216500,16.040000915527344
4/4/2018,15.359999656677246,15.800000190734863,15.300000190734863,15.670000076293945,9866600,15.670000076293945
4/3/2018,16.350000381469727,16.5,15.899999618530273,16,7994100,16
4/2/2018,16.190000534057617,16.479999542236328,15.619999885559082,15.699999809265137,15287800,15.699999809265137
3/29/2018,18.200000762939453,18.5,15.4399995803833,15.550000190734863,79752900,15.550000190734863
