4/22/2019,5.099999904632568,5.190000057220459,4.929999828338623,5.050000190734863,1005200,5.050000190734863
4/18/2019,5.099999904632568,5.130000114440918,5.019999980926514,5.039999961853027,516000,5.039999961853027
4/17/2019,5.159999847412109,5.239999771118164,5.079999923706055,5.099999904632568,342500,5.099999904632568
4/16/2019,5.150000095367432,5.300000190734863,5.090000152587891,5.130000114440918,464000,5.130000114440918
4/15/2019,5.119999885559082,5.204999923706055,5.039999961853027,5.130000114440918,252600,5.130000114440918
4/12/2019,5.119999885559082,5.190000057220459,5.039999961853027,5.099999904632568,702200,5.099999904632568
4/11/2019,5.199999809265137,5.239999771118164,5.050000190734863,5.099999904632568,334400,5.099999904632568
4/10/2019,5.190000057220459,5.269999980926514,5.119999885559082,5.190000057220459,314500,5.190000057220459
4/9/2019,5.179999828338623,5.269999980926514,5.110000133514404,5.150000095367432,338000,5.150000095367432
4/8/2019,5.269999980926514,5.269999980926514,5.119999885559082,5.210000038146973,536600,5.210000038146973
4/5/2019,5.389999866485596,5.440000057220459,5.210000038146973,5.300000190734863,661500,5.300000190734863
4/4/2019,5.170000076293945,5.400000095367432,5.090000152587891,5.349999904632568,1061500,5.349999904632568
4/3/2019,5.389999866485596,5.389999866485596,5.139999866485596,5.179999828338623,754400,5.179999828338623
4/2/2019,5.449999809265137,5.5,5.349999904632568,5.389999866485596,540300,5.389999866485596
4/1/2019,5.5,5.550000190734863,5.369999885559082,5.519999980926514,545700,5.519999980926514
3/29/2019,5.449999809265137,5.590000152587891,5.400000095367432,5.489999771118164,747800,5.489999771118164
3/28/2019,5.369999885559082,5.559999942779541,5.349999904632568,5.449999809265137,524000,5.449999809265137
3/27/2019,5.190000057220459,5.309999942779541,5.150000095367432,5.309999942779541,460800,5.309999942779541
3/26/2019,5.199999809265137,5.340000152587891,5.110000133514404,5.179999828338623,553700,5.179999828338623
3/25/2019,5.099999904632568,5.300000190734863,5.03000020980835,5.179999828338623,521000,5.179999828338623
3/22/2019,5.260000228881836,5.260000228881836,5.099999904632568,5.110000133514404,489400,5.110000133514404
3/21/2019,5.320000171661377,5.360000133514404,5.195000171661377,5.269999980926514,660400,5.269999980926514
3/20/2019,5.559999942779541,5.590000152587891,5.309999942779541,5.380000114440918,719800,5.380000114440918
3/19/2019,5.710000038146973,5.730000019073486,5.519999980926514,5.590000152587891,517700,5.590000152587891
3/18/2019,5.989999771118164,5.989999771118164,5.545000076293945,5.659999847412109,1856100,5.659999847412109
3/15/2019,5.919395446777344,6.028547286987305,5.793450832366943,6.003358364105225,2419400,6.003358364105225
3/14/2019,5.902602672576904,6.020151138305664,5.726280212402344,5.919395446777344,1254200,5.919395446777344
3/13/2019,5.7094879150390625,6.003358364105225,5.604534149169922,5.902602672576904,1577000,5.902602672576904
3/12/2019,5.810243606567383,5.827035903930664,5.617128372192383,5.667506217956543,936400,5.667506217956543
3/11/2019,5.869017601013184,5.877413749694824,5.726280212402344,5.810243606567383,1203900,5.810243606567383
3/8/2019,5.910999298095703,5.958858013153076,5.633921146392822,5.885810375213623,1610500,5.885810375213623
3/7/2019,5.734676837921143,6.3056254386901855,5.726280212402344,5.910999298095703,1795600,5.910999298095703
3/6/2019,5.2476911544799805,5.776658058166504,5.12174654006958,5.659110069274902,3228800,5.659110069274902
3/5/2019,5.00419807434082,5.012594223022461,4.785894393920898,4.937027931213379,600700,4.937027931213379
3/4/2019,5.04617977142334,5.113349914550781,4.937027931213379,4.99580192565918,233000,4.99580192565918
3/1/2019,5.037783145904541,5.155331611633301,5.0293869972229,5.04617977142334,178300,5.04617977142334
2/28/2019,5.037783145904541,5.07136869430542,4.869857311248779,4.99580192565918,293400,4.99580192565918
2/27/2019,4.987405776977539,5.17212438583374,4.987405776977539,5.037783145904541,480900,5.037783145904541
2/26/2019,5.113349914550781,5.155331611633301,4.937027931213379,4.9454240798950195,195800,4.9454240798950195
2/25/2019,5.104953765869141,5.19731330871582,5.104953765869141,5.12174654006958,126100,5.12174654006958
2/22/2019,4.987405776977539,5.138538837432861,4.9202351570129395,5.104953765869141,188700,5.104953765869141
2/21/2019,4.9454240798950195,4.987405776977539,4.90764045715332,4.9706130027771,183300,4.9706130027771
2/20/2019,4.82787561416626,4.987405776977539,4.818639755249023,4.937027931213379,421000,4.937027931213379
2/19/2019,4.743912696838379,4.844668388366699,4.710327625274658,4.819479465484619,248700,4.819479465484619
2/15/2019,4.659949779510498,4.8110833168029785,4.609571933746338,4.769101619720459,287300,4.769101619720459
2/14/2019,4.82787561416626,4.87825345993042,4.534005165100098,4.643157005310059,522100,4.643157005310059
2/13/2019,4.95382022857666,5.00419807434082,4.861461162567139,4.869857311248779,292600,4.869857311248779
2/12/2019,5.037783145904541,5.12174654006958,4.937027931213379,4.95382022857666,142100,4.95382022857666
2/11/2019,5.0797648429870605,5.205709457397461,4.987405776977539,5.037783145904541,265500,5.037783145904541
2/8/2019,5.07136869430542,5.19731330871582,5.07136869430542,5.088160991668701,236900,5.088160991668701
2/7/2019,5.02099084854126,5.14693546295166,5.012594223022461,5.0797648429870605,279100,5.0797648429870605
2/6/2019,5.088160991668701,5.14273738861084,4.9454240798950195,5.088160991668701,270400,5.088160991668701
2/5/2019,5.062972068786621,5.256087303161621,5.038622856140137,5.07136869430542,195100,5.07136869430542
2/4/2019,4.895046234130859,5.0293869972229,4.869857311248779,5.012594223022461,117000,5.012594223022461
2/1/2019,5.00419807434082,5.0293869972229,4.87825345993042,4.9034423828125,199200,4.9034423828125
1/31/2019,5.0797648429870605,5.0797648429870605,4.97900915145874,4.99580192565918,396800,4.99580192565918
1/30/2019,5.12174654006958,5.12174654006958,5.012594223022461,5.104953765869141,124600,5.104953765869141
1/29/2019,5.19731330871582,5.236775875091553,5.0545759201049805,5.104953765869141,129500,5.104953765869141
1/28/2019,5.264483451843262,5.440805912017822,5.1511335372924805,5.19731330871582,264700,5.19731330871582
1/25/2019,5.264483451843262,5.365239143371582,5.214105606079102,5.323257923126221,205500,5.323257923126221
1/24/2019,5.289672374725342,5.365239143371582,5.155331611633301,5.239294528961182,197100,5.239294528961182
1/23/2019,5.19731330871582,5.314861297607422,5.138538837432861,5.264483451843262,219200,5.264483451843262
1/22/2019,5.314861297607422,5.373635768890381,5.1763224601745605,5.1889166831970215,201700,5.1889166831970215
1/18/2019,5.062972068786621,5.449202537536621,5.062972068786621,5.323257923126221,419000,5.323257923126221
1/17/2019,4.87825345993042,5.0965576171875,4.82787561416626,5.04617977142334,334500,5.04617977142334
1/16/2019,4.7774977684021,4.987405776977539,4.634760856628418,4.861461162567139,310200,4.861461162567139
1/15/2019,4.685138702392578,4.760705471038818,4.550797462463379,4.718723773956299,227700,4.718723773956299
1/14/2019,4.634760856628418,4.9034423828125,4.592779159545898,4.668345928192139,481600,4.668345928192139
1/11/2019,4.517212390899658,4.7523088455200195,4.517212390899658,4.634760856628418,189700,4.634760856628418
1/10/2019,4.534005165100098,4.743912696838379,4.408060550689697,4.517212390899658,331500,4.517212390899658
1/9/2019,4.525608539581299,4.7774977684021,4.458438396453857,4.743912696838379,355600,4.743912696838379
1/8/2019,4.601175308227539,4.601175308227539,4.466834545135498,4.492023468017578,211500,4.492023468017578
1/7/2019,4.349286079406738,4.651553153991699,4.332493782043457,4.567590236663818,226400,4.567590236663818
1/4/2019,4.273719787597656,4.475230693817139,4.198153018951416,4.374475002288818,178000,4.374475002288818
1/3/2019,4.315701007843018,4.332493782043457,4.181360244750977,4.223341941833496,367100,4.223341941833496
1/2/2019,4.332493782043457,4.508816242218018,4.164567470550537,4.357682704925537,397700,4.357682704925537
12/31/2018,4.357682704925537,4.508816242218018,4.240134239196777,4.475230693817139,254300,4.475230693817139
12/28/2018,4.307304859161377,4.475230693817139,4.265323162078857,4.307304859161377,212600,4.307304859161377
12/27/2018,4.273719787597656,4.374475002288818,4.122586250305176,4.366078853607178,264000,4.366078853607178
12/26/2018,4.1561713218688965,4.332493782043457,4.114189624786377,4.324097633361816,324500,4.324097633361816
12/24/2018,3.9630563259124756,4.189756393432617,3.9630563259124756,4.089000701904297,186300,4.089000701904297
12/21/2018,4.0218305587768555,4.214945316314697,3.9630563259124756,4.005037784576416,295600,4.005037784576416
12/20/2018,4.198153018951416,4.35936164855957,4.005037784576416,4.0218305587768555,473500,4.0218305587768555
12/19/2018,4.206549167633057,4.315701007843018,4.130982398986816,4.172964096069336,318000,4.172964096069336
12/18/2018,4.164567470550537,4.500419616699219,4.164567470550537,4.206549167633057,381400,4.206549167633057
12/17/2018,4.072208404541016,4.223341941833496,3.811922788619995,4.130982398986816,934500,4.130982398986816
12/14/2018,4.240134239196777,4.4248528480529785,4.030226707458496,4.080604553222656,580400,4.080604553222656
12/13/2018,4.584383010864258,4.592779159545898,4.240134239196777,4.374475002288818,789300,4.374475002288818
12/12/2018,4.794290542602539,4.819479465484619,4.529807090759277,4.575986385345459,254900,4.575986385345459
12/11/2018,4.99580192565918,5.00419807434082,4.592779159545898,4.769101619720459,289100,4.769101619720459
12/10/2018,5.0545759201049805,5.088160991668701,4.844668388366699,4.9202351570129395,210100,4.9202351570129395
12/7/2018,5.113349914550781,5.323257923126221,5.02099084854126,5.0293869972229,296200,5.0293869972229
12/6/2018,4.844668388366699,5.17212438583374,4.80268669128418,5.130142688751221,333100,5.130142688751221
12/4/2018,5.407220840454102,5.428211688995361,4.87825345993042,4.937027931213379,466000,4.937027931213379
12/3/2018,5.214105606079102,5.507976531982422,5.214105606079102,5.373635768890381,452200,5.373635768890381
11/30/2018,5.17212438583374,5.2225022315979,4.785894393920898,5.180520534515381,927000,5.180520534515381
11/29/2018,5.0293869972229,5.264483451843262,4.92443323135376,5.214105606079102,754700,5.214105606079102
11/28/2018,5.037783145904541,5.155331611633301,4.554996013641357,4.97900915145874,1639100,4.97900915145874
11/27/2018,4.450041770935059,4.676742076873779,4.1561713218688965,4.198153018951416,872500,4.198153018951416
11/26/2018,4.559194087982178,4.668345928192139,4.408060550689697,4.450041770935059,245900,4.450041770935059
11/23/2018,4.575986385345459,4.601175308227539,4.466834545135498,4.500419616699219,97100,4.500419616699219
11/21/2018,4.550797462463379,4.836272239685059,4.492023468017578,4.584383010864258,211300,4.584383010864258
11/20/2018,4.433249473571777,4.601175308227539,4.340889930725098,4.492023468017578,324000,4.492023468017578
11/19/2018,4.609571933746338,4.634760856628418,4.416456699371338,4.508816242218018,153300,4.508816242218018
11/16/2018,4.769101619720459,4.8110833168029785,4.575986385345459,4.601175308227539,205200,4.601175308227539
11/15/2018,4.701930999755859,4.861461162567139,4.584383010864258,4.8110833168029785,220800,4.8110833168029785
11/14/2018,4.643157005310059,4.916037082672119,4.643157005310059,4.769101619720459,334900,4.769101619720459
11/13/2018,4.492023468017578,4.718723773956299,4.492023468017578,4.592779159545898,179200,4.592779159545898
11/12/2018,4.559194087982178,4.626364231109619,4.492023468017578,4.500419616699219,105200,4.500419616699219
11/9/2018,4.769101619720459,4.769101619720459,4.4836273193359375,4.550797462463379,197900,4.550797462463379
11/8/2018,4.760705471038818,4.869857311248779,4.634760856628418,4.769101619720459,166000,4.769101619720459
11/7/2018,4.567590236663818,4.769101619720459,4.408060550689697,4.743912696838379,212100,4.743912696838379
11/6/2018,4.634760856628418,4.634760856628418,4.441645622253418,4.525608539581299,173800,4.525608539581299
11/5/2018,4.517212390899658,4.676742076873779,4.441645622253418,4.634760856628418,149900,4.634760856628418
11/2/2018,4.466834545135498,4.601175308227539,4.391267776489258,4.517212390899658,234200,4.517212390899658
11/1/2018,4.240134239196777,4.466834545135498,4.189756393432617,4.450041770935059,319400,4.450041770935059
10/31/2018,4.340889930725098,4.340889930725098,4.147775173187256,4.240134239196777,236500,4.240134239196777
10/30/2018,4.172964096069336,4.307304859161377,4.172964096069336,4.273719787597656,328400,4.273719787597656
10/29/2018,4.097397327423096,4.315701007843018,4.097397327423096,4.172964096069336,177200,4.172964096069336
10/26/2018,4.139378547668457,4.265323162078857,4.063811779022217,4.097397327423096,194400,4.097397327423096
10/25/2018,4.256927013397217,4.340889930725098,4.122586250305176,4.181360244750977,223700,4.181360244750977
10/24/2018,4.298908710479736,4.349286079406738,4.198153018951416,4.214945316314697,224900,4.214945316314697
10/23/2018,4.298908710479736,4.349286079406738,4.1561713218688965,4.2905120849609375,224700,4.2905120849609375
10/22/2018,4.349286079406738,4.399663925170898,4.256927013397217,4.366078853607178,237100,4.366078853607178
10/19/2018,4.592779159545898,4.601175308227539,4.315701007843018,4.332493782043457,376700,4.332493782043457
10/18/2018,4.559194087982178,4.626364231109619,4.529807090759277,4.601175308227539,288900,4.601175308227539
10/17/2018,4.701930999755859,4.718723773956299,4.534005165100098,4.592779159545898,351000,4.592779159545898
10/16/2018,4.735516548156738,4.760705471038818,4.6179680824279785,4.7271199226379395,207800,4.7271199226379395
10/15/2018,4.659949779510498,4.771620273590088,4.6179680824279785,4.685138702392578,201600,4.685138702392578
10/12/2018,4.769101619720459,4.769101619720459,4.6179680824279785,4.668345928192139,341300,4.668345928192139
10/11/2018,4.643157005310059,4.7774977684021,4.6179680824279785,4.676742076873779,379800,4.676742076873779
10/10/2018,4.87825345993042,4.890848159790039,4.634760856628418,4.651553153991699,442200,4.651553153991699
10/9/2018,4.97900915145874,5.04617977142334,4.785894393920898,4.911839008331299,531500,4.911839008331299
10/8/2018,5.037783145904541,5.17212438583374,4.962216854095459,4.97900915145874,256500,4.97900915145874
10/5/2018,5.04617977142334,5.0965576171875,4.9706130027771,5.04617977142334,245800,5.04617977142334
10/4/2018,5.12174654006958,5.138538837432861,4.987405776977539,5.037783145904541,184400,5.037783145904541
10/3/2018,5.00419807434082,5.138538837432861,4.9706130027771,5.12174654006958,250100,5.12174654006958
10/2/2018,5.138538837432861,5.174643039703369,4.937027931213379,4.9706130027771,306200,4.9706130027771
10/1/2018,5.2225022315979,5.2728800773620605,5.138538837432861,5.155331611633301,201300,5.155331611633301
9/28/2018,5.230898380279541,5.398824691772461,5.180520534515381,5.1889166831970215,338000,5.1889166831970215
9/27/2018,5.17212438583374,5.26868200302124,5.1259446144104,5.239294528961182,341200,5.239294528961182
9/26/2018,5.037783145904541,5.214105606079102,5.037783145904541,5.17212438583374,329500,5.17212438583374
9/25/2018,5.02099084854126,5.02099084854126,4.92863130569458,4.99580192565918,251300,4.99580192565918
9/24/2018,4.962216854095459,5.14693546295166,4.911839008331299,5.00419807434082,269200,5.00419807434082
9/21/2018,5.155331611633301,5.306465148925781,4.95382022857666,4.9706130027771,414200,4.9706130027771
9/20/2018,5.037783145904541,5.163727760314941,4.9202351570129395,5.14693546295166,404100,5.14693546295166
9/19/2018,4.962216854095459,5.088160991668701,4.819479465484619,5.02099084854126,687200,5.02099084854126
9/18/2018,5.0293869972229,5.104953765869141,4.9454240798950195,4.95382022857666,358600,4.95382022857666
9/17/2018,5.155331611633301,5.19731330871582,4.95382022857666,5.02099084854126,314500,5.02099084854126
9/14/2018,5.0965576171875,5.14693546295166,5.012594223022461,5.130142688751221,361200,5.130142688751221
9/13/2018,5.19731330871582,5.214105606079102,4.97900915145874,5.062972068786621,431500,5.062972068786621
9/12/2018,5.214105606079102,5.415616989135742,5.0965576171875,5.163727760314941,506100,5.163727760314941
9/11/2018,4.92863130569458,5.2476911544799805,4.895046234130859,5.214105606079102,527900,5.214105606079102
9/10/2018,4.895046234130859,5.0545759201049805,4.87825345993042,4.95382022857666,384900,4.95382022857666
9/7/2018,4.8110833168029785,4.962216854095459,4.794290542602539,4.886650085449219,323100,4.886650085449219
9/6/2018,4.987405776977539,5.053736209869385,4.785894393920898,4.8110833168029785,512600,4.8110833168029785
9/5/2018,5.00419807434082,5.037783145904541,4.9328293800354,4.987405776977539,351900,4.987405776977539
9/4/2018,5.0797648429870605,5.14693546295166,4.95382022857666,5.00419807434082,454600,5.00419807434082
8/31/2018,4.987405776977539,5.104953765869141,4.987405776977539,5.07136869430542,376500,5.07136869430542
8/30/2018,4.97900915145874,5.180520534515381,4.962216854095459,5.012594223022461,700300,5.012594223022461
8/29/2018,4.962216854095459,5.02099084854126,4.7774977684021,4.99580192565918,725800,4.99580192565918
8/28/2018,4.92863130569458,5.14693546295166,4.836272239685059,4.962216854095459,791800,4.962216854095459
8/27/2018,4.99580192565918,5.094878196716309,4.785894393920898,4.886650085449219,735300,4.886650085449219
8/24/2018,5.04617977142334,5.0797648429870605,4.82787561416626,4.99580192565918,925400,4.99580192565918
8/23/2018,5.2728800773620605,5.314861297607422,4.869857311248779,5.0545759201049805,1498200,5.0545759201049805
8/22/2018,5.549958229064941,5.549958229064941,5.2476911544799805,5.256087303161621,1883600,5.256087303161621
8/21/2018,5.583543300628662,6.087321758270264,5.289672374725342,5.751469135284424,3664800,5.751469135284424
8/20/2018,6.952141284942627,7.085642337799072,6.347607135772705,6.423173904418945,1216000,6.423173904418945
8/17/2018,6.893366813659668,7.052896499633789,6.549118518829346,6.960537433624268,606900,6.960537433624268
8/16/2018,6.926952362060547,7.078085422515869,6.884970664978027,6.926952362060547,333100,6.926952362060547
8/15/2018,7.346767425537109,7.38035249710083,6.754827976226807,6.884970664978027,333500,6.884970664978027
8/14/2018,7.036104202270508,7.47271203994751,7.036104202270508,7.363560199737549,325100,7.363560199737549
8/13/2018,7.1788411140441895,7.187237739562988,6.952141284942627,6.977330207824707,194100,6.977330207824707
8/10/2018,7.237615585327148,7.336691856384277,7.153652191162109,7.162048816680908,177300,7.162048816680908
8/9/2018,7.2040300369262695,7.464315891265869,7.145256042480469,7.246011734008789,270500,7.246011734008789
8/8/2018,6.968933582305908,7.246011734008789,6.968933582305908,7.2040300369262695,265700,7.2040300369262695
8/7/2018,6.859781742095947,6.977330207824707,6.834592819213867,6.943744659423828,365400,6.943744659423828
8/6/2018,6.842988967895508,6.901763439178467,6.7422332763671875,6.817800045013428,171700,6.817800045013428
8/3/2018,6.826196670532227,6.981528282165527,6.767422199249268,6.834592819213867,215500,6.834592819213867
8/2/2018,6.7422332763671875,6.876574516296387,6.675063133239746,6.826196670532227,397900,6.826196670532227
8/1/2018,6.834592819213867,6.968933582305908,6.549118518829346,6.7422332763671875,424000,6.7422332763671875
7/31/2018,6.985726356506348,7.036104202270508,6.851385593414307,6.876574516296387,463700,6.876574516296387
7/30/2018,6.884970664978027,7.128463268280029,6.884970664978027,7.002518653869629,241400,7.002518653869629
7/27/2018,7.052896499633789,7.052896499633789,6.739714622497559,6.926952362060547,335500,6.926952362060547
7/26/2018,7.002518653869629,7.187237739562988,6.884970664978027,7.019311428070068,328500,7.019311428070068
7/25/2018,6.910159587860107,7.027707576751709,6.818639755249023,6.952141284942627,331100,6.952141284942627
7/24/2018,7.45591926574707,7.5062971115112305,6.910159587860107,6.943744659423828,491500,6.943744659423828
7/23/2018,7.321578502655029,7.48110818862915,7.296389579772949,7.40554141998291,386100,7.40554141998291
7/20/2018,7.57346773147583,7.607052803039551,7.25440788269043,7.296389579772949,458200,7.296389579772949
7/19/2018,7.044500350952148,7.6028547286987305,6.977330207824707,7.581863880157471,654700,7.581863880157471
7/18/2018,7.136859893798828,7.153652191162109,6.952141284942627,7.019311428070068,472800,7.019311428070068
7/17/2018,7.052896499633789,7.195633888244629,6.968933582305908,7.128463268280029,593700,7.128463268280029
7/16/2018,7.153652191162109,7.195633888244629,6.910159587860107,7.052896499633789,543900,7.052896499633789
7/13/2018,7.094878196716309,7.2628045082092285,7.078085422515869,7.145256042480469,228700,7.145256042480469
7/12/2018,7.2628045082092285,7.2628045082092285,6.826196670532227,7.094878196716309,454100,7.094878196716309
7/11/2018,7.3971452713012695,7.43073034286499,7.195633888244629,7.2628045082092285,434500,7.2628045082092285
7/10/2018,7.54827880859375,7.54827880859375,7.1662468910217285,7.388749122619629,857800,7.388749122619629
7/9/2018,7.741393566131592,7.8337531089782715,7.44752311706543,7.54827880859375,661000,7.54827880859375
7/6/2018,7.732997417449951,7.846347808837891,7.607052803039551,7.707808494567871,739500,7.707808494567871
7/5/2018,7.842149257659912,7.884130954742432,7.749790191650391,7.749790191650391,513000,7.749790191650391
7/3/2018,7.9680938720703125,8.001679420471191,7.816960334777832,7.825356960296631,313600,7.825356960296631
7/2/2018,7.816960334777832,8.077245712280273,7.732997417449951,7.934508800506592,545400,7.934508800506592
6/29/2018,7.909319877624512,8.001679420471191,7.67422342300415,7.842149257659912,688400,7.842149257659912
6/28/2018,7.49790096282959,7.926112651824951,7.43073034286499,7.8337531089782715,1096400,7.8337531089782715
6/27/2018,7.7246012687683105,7.783375263214111,7.42233419418335,7.489504814147949,356300,7.489504814147949
6/26/2018,7.57346773147583,7.758186340332031,7.388749122619629,7.707808494567871,449500,7.707808494567871
6/25/2018,7.6994123458862305,7.842149257659912,7.4349284172058105,7.5650715827941895,447100,7.5650715827941895
6/22/2018,7.682619571685791,7.800168037414551,7.5062971115112305,7.783375263214111,1078800,7.783375263214111
6/21/2018,7.49790096282959,7.691015720367432,7.489504814147949,7.61544942855835,397700,7.61544942855835
6/20/2018,7.40554141998291,7.51889181137085,7.313182353973389,7.514693737030029,329400,7.514693737030029
6/19/2018,7.212426662445068,7.38035249710083,7.170444965362549,7.35516357421875,436600,7.35516357421875
6/18/2018,7.061293125152588,7.32997465133667,6.958858013153076,7.287993431091309,485300,7.287993431091309
6/15/2018,6.9353485107421875,7.235096454620361,6.9353485107421875,7.120067119598389,729100,7.120067119598389
6/14/2018,7.363560199737549,7.363560199737549,6.994122505187988,7.010915279388428,513400,7.010915279388428
6/13/2018,7.464315891265869,7.48110818862915,7.35516357421875,7.388749122619629,343000,7.388749122619629
6/12/2018,7.49790096282959,7.581863880157471,7.35516357421875,7.45591926574707,263000,7.45591926574707
6/11/2018,7.47271203994751,7.682619571685791,7.44752311706543,7.48110818862915,416300,7.48110818862915
6/8/2018,7.296389579772949,7.47271203994751,7.237615585327148,7.44752311706543,309100,7.44752311706543
6/7/2018,7.3971452713012695,7.5314860343933105,7.2040300369262695,7.27959680557251,531700,7.27959680557251
6/6/2018,7.296389579772949,7.40134334564209,7.136859893798828,7.338371276855469,535600,7.338371276855469
6/5/2018,7.094878196716309,7.287993431091309,6.960537433624268,7.246011734008789,644200,7.246011734008789
6/4/2018,6.792611122131348,7.103274345397949,6.767422199249268,7.052896499633789,1360600,7.052896499633789
6/1/2018,6.633081436157227,7.019311428070068,6.583543300628662,6.775818824768066,2001400,6.775818824768066
5/31/2018,6.129302978515625,6.633081436157227,6.045340061187744,6.582703590393066,4525900,6.582703590393066
5/30/2018,5.07136869430542,5.214105606079102,4.937027931213379,5.205709457397461,1183900,5.205709457397461
5/29/2018,4.886650085449219,5.12174654006958,4.869857311248779,5.04617977142334,681100,5.04617977142334
5/25/2018,4.962216854095459,5.001679420471191,4.80268669128418,4.9034423828125,163300,4.9034423828125
5/24/2018,4.895046234130859,5.012594223022461,4.85306453704834,4.962216854095459,186400,4.962216854095459
5/23/2018,4.9706130027771,5.02099084854126,4.844668388366699,4.9202351570129395,343200,4.9202351570129395
5/22/2018,4.82787561416626,5.0797648429870605,4.744752407073975,5.012594223022461,555500,5.012594223022461
5/21/2018,4.7523088455200195,4.836272239685059,4.710327625274658,4.794290542602539,341100,4.794290542602539
5/18/2018,4.819479465484619,4.819479465484619,4.693534851074219,4.710327625274658,232500,4.710327625274658
5/17/2018,4.819479465484619,4.820319175720215,4.743912696838379,4.8110833168029785,235800,4.8110833168029785
5/16/2018,4.6179680824279785,4.844668388366699,4.6179680824279785,4.819479465484619,296700,4.819479465484619
5/15/2018,4.668345928192139,4.685138702392578,4.475230693817139,4.592779159545898,509900,4.592779159545898
5/14/2018,4.575986385345459,4.701930999755859,4.550797462463379,4.668345928192139,350200,4.668345928192139
5/11/2018,4.508816242218018,4.643157005310059,4.4836273193359375,4.567590236663818,363700,4.567590236663818
5/10/2018,4.492023468017578,4.575986385345459,4.366078853607178,4.508816242218018,377800,4.508816242218018
5/9/2018,4.391267776489258,4.500419616699219,4.366078853607178,4.500419616699219,289400,4.500419616699219
5/8/2018,4.2905120849609375,4.416456699371338,4.240973949432373,4.374475002288818,433000,4.374475002288818
5/7/2018,4.273719787597656,4.315701007843018,4.122586250305176,4.298908710479736,420300,4.298908710479736
5/4/2018,4.105793476104736,4.298908710479736,4.072208404541016,4.273719787597656,366100,4.273719787597656
5/3/2018,4.214945316314697,4.231738090515137,4.097397327423096,4.114189624786377,347200,4.114189624786377
5/2/2018,4.198153018951416,4.265323162078857,4.089000701904297,4.214945316314697,345500,4.214945316314697
5/1/2018,4.273719787597656,4.2905120849609375,4.089000701904297,4.189756393432617,516800,4.189756393432617
4/30/2018,4.382871627807617,4.399663925170898,4.269521236419678,4.2905120849609375,232100,4.2905120849609375
4/27/2018,4.4248528480529785,4.466834545135498,4.307304859161377,4.399663925170898,279800,4.399663925170898
4/26/2018,4.206549167633057,4.399663925170898,4.206549167633057,4.391267776489258,365000,4.391267776489258
4/25/2018,4.240134239196777,4.315701007843018,4.114189624786377,4.223341941833496,671500,4.223341941833496
4/24/2018,4.282115936279297,4.340889930725098,4.172964096069336,4.240134239196777,563500,4.240134239196777
4/23/2018,4.2905120849609375,4.298908710479736,4.198153018951416,4.256927013397217,494500,4.256927013397217
4/20/2018,4.273719787597656,4.332493782043457,4.214945316314697,4.2905120849609375,488300,4.2905120849609375
4/19/2018,4.340889930725098,4.4248528480529785,4.231738090515137,4.298908710479736,476400,4.298908710479736
4/18/2018,4.475230693817139,4.592779159545898,4.265323162078857,4.366078853607178,829800,4.366078853607178
4/17/2018,4.340889930725098,4.693534851074219,4.324097633361816,4.466834545135498,2360800,4.466834545135498
4/16/2018,4.130982398986816,4.214945316314697,3.921074628829956,4.114189624786377,642700,4.114189624786377
4/13/2018,4.324097633361816,4.340889930725098,4.072208404541016,4.089000701904297,894400,4.089000701904297
4/12/2018,4.273719787597656,4.340889930725098,4.214945316314697,4.307304859161377,531800,4.307304859161377
4/11/2018,4.189756393432617,4.315701007843018,4.157011032104492,4.240134239196777,544500,4.240134239196777
4/10/2018,4.1561713218688965,4.2628045082092285,4.089000701904297,4.198153018951416,819500,4.198153018951416
4/9/2018,4.038622856140137,4.1561713218688965,3.946263551712036,4.114189624786377,540100,4.114189624786377
4/6/2018,4.055415630340576,4.2040300369262695,3.921074628829956,4.030226707458496,742800,4.030226707458496
4/5/2018,3.811922788619995,4.097397327423096,3.7699413299560547,4.089000701904297,1022800,4.089000701904297
4/4/2018,3.6859781742095947,3.9168765544891357,3.6859781742095947,3.7699413299560547,1010100,3.7699413299560547
4/3/2018,3.702770709991455,3.8035264015197754,3.652392864227295,3.6943745613098145,801300,3.6943745613098145
4/2/2018,3.6691856384277344,3.7556674480438232,3.6104114055633545,3.6859781742095947,819500,3.6859781742095947
3/29/2018,3.627203941345215,3.7699413299560547,3.627203941345215,3.711167097091675,1888100,3.711167097091675
3/28/2018,3.6104114055633545,3.652392864227295,3.5012593269348145,3.627203941345215,940800,3.627203941345215
3/27/2018,3.7195634841918945,3.7951302528381348,3.568429946899414,3.627203941345215,840700,3.627203941345215
3/26/2018,3.895885705947876,3.9000840187072754,3.6691856384277344,3.736356019973755,835100,3.736356019973755
3/23/2018,3.6859781742095947,3.837111711502075,3.6356003284454346,3.7195634841918945,914300,3.7195634841918945
3/22/2018,3.6104114055633545,3.7531485557556152,3.5852224826812744,3.6691856384277344,1035900,3.6691856384277344
3/21/2018,3.652392864227295,3.837111711502075,3.568429946899414,3.5768260955810547,1737700,3.5768260955810547
3/20/2018,3.593618869781494,3.7531485557556152,3.543241024017334,3.627203941345215,1082000,3.627203941345215
3/19/2018,3.7447524070739746,3.7951302528381348,3.509655714035034,3.5768260955810547,2819100,3.5768260955810547
3/16/2018,4.089000701904297,4.114189624786377,3.7069690227508545,3.736356019973755,4177800,3.736356019973755
3/15/2018,4.366078853607178,4.458438396453857,3.9966413974761963,4.0470194816589355,8546600,4.0470194816589355
3/14/2018,6.364399433135986,6.510495185852051,6.162888526916504,6.255247592926025,680300,6.255247592926025
3/13/2018,6.456758975982666,6.502938747406006,6.221662521362305,6.322418212890625,588900,6.322418212890625
3/12/2018,6.507136821746826,6.599496364593506,6.288833141326904,6.431570053100586,637700,6.431570053100586
3/9/2018,6.675063133239746,6.700252056121826,6.182199954986572,6.4735517501831055,799200,6.4735517501831055
3/8/2018,7.078085422515869,7.086482048034668,6.549118518829346,6.6078925132751465,465900,6.6078925132751465
3/7/2018,7.346767425537109,7.346767425537109,7.027707576751709,7.052896499633789,364300,7.052896499633789
3/6/2018,7.313182353973389,7.45591926574707,7.30478572845459,7.43073034286499,240000,7.43073034286499
3/5/2018,7.30478572845459,7.42233419418335,7.237615585327148,7.321578502655029,397400,7.321578502655029
3/2/2018,7.162048816680908,7.439126968383789,7.120067119598389,7.287993431091309,275400,7.287993431091309
3/1/2018,7.2040300369262695,7.363560199737549,7.082283973693848,7.27959680557251,313400,7.27959680557251
2/28/2018,7.162048816680908,7.346767425537109,7.094878196716309,7.22921895980835,563700,7.22921895980835
2/27/2018,7.30478572845459,7.489504814147949,7.027707576751709,7.0696892738342285,245700,7.0696892738342285
2/26/2018,7.136859893798828,7.27959680557251,6.985726356506348,7.237615585327148,235700,7.237615585327148
2/23/2018,7.120067119598389,7.184718608856201,7.061293125152588,7.111670970916748,128700,7.111670970916748
2/22/2018,7.153652191162109,7.260285377502441,7.052896499633789,7.0696892738342285,144300,7.0696892738342285
2/21/2018,7.052896499633789,7.338371276855469,7.052896499633789,7.094878196716309,260500,7.094878196716309
2/20/2018,7.38035249710083,7.38035249710083,6.9353485107421875,7.103274345397949,381200,7.103274345397949
2/16/2018,7.3971452713012695,7.514693737030029,7.220822811126709,7.38035249710083,558100,7.38035249710083
2/15/2018,7.5650715827941895,7.64063835144043,7.136859893798828,7.45591926574707,401100,7.45591926574707
2/14/2018,7.010915279388428,7.556674957275391,6.9353485107421875,7.52308988571167,664700,7.52308988571167
2/13/2018,6.523929595947266,7.103274345397949,6.4735517501831055,7.036104202270508,1583300,7.036104202270508
2/12/2018,6.926952362060547,6.926952362060547,6.221662521362305,6.557514667510986,458800,6.557514667510986
2/9/2018,7.002518653869629,7.002518653869629,6.643157005310059,6.884970664978027,251900,6.884970664978027
2/8/2018,7.153652191162109,7.153652191162109,6.792611122131348,6.876574516296387,353400,6.876574516296387
2/7/2018,6.893366813659668,7.212426662445068,6.792611122131348,7.128463268280029,270600,7.128463268280029
2/6/2018,6.599496364593506,6.884970664978027,6.565910816192627,6.884970664978027,497600,6.884970664978027
2/5/2018,6.809403896331787,7.061293125152588,6.700252056121826,6.717044353485107,430800,6.717044353485107
2/2/2018,6.968933582305908,7.187237739562988,6.859781742095947,6.868177890777588,343500,6.868177890777588
2/1/2018,7.019311428070068,7.086482048034668,6.884970664978027,6.985726356506348,185800,6.985726356506348
1/31/2018,7.313182353973389,7.313182353973389,7.078085422515869,7.094878196716309,229000,7.094878196716309
1/30/2018,7.27959680557251,7.363560199737549,7.27959680557251,7.321578502655029,547000,7.321578502655029
1/29/2018,7.32997465133667,7.3971452713012695,7.2628045082092285,7.346767425537109,187200,7.346767425537109
1/26/2018,7.30478572845459,7.388749122619629,7.30478572845459,7.346767425537109,176600,7.346767425537109
1/25/2018,7.296389579772949,7.35936164855957,7.296389579772949,7.313182353973389,261400,7.313182353973389
1/24/2018,7.439126968383789,7.47271203994751,7.296389579772949,7.30478572845459,240300,7.30478572845459
1/23/2018,7.2628045082092285,7.514693737030029,7.2628045082092285,7.439126968383789,414200,7.439126968383789
1/22/2018,7.162048816680908,7.38035249710083,7.147775173187256,7.321578502655029,158300,7.321578502655029
1/19/2018,6.977330207824707,7.236775875091553,6.926952362060547,7.162048816680908,218000,7.162048816680908
1/18/2018,7.094878196716309,7.153652191162109,6.977330207824707,6.985726356506348,119000,6.985726356506348
1/17/2018,7.094878196716309,7.271200656890869,7.044500350952148,7.103274345397949,181700,7.103274345397949
1/16/2018,7.1788411140441895,7.296389579772949,6.943744659423828,7.103274345397949,488100,7.103274345397949
1/12/2018,7.212426662445068,7.38035249710083,7.136859893798828,7.162048816680908,218800,7.162048816680908
1/11/2018,6.834592819213867,7.170444965362549,6.803526401519775,7.136859893798828,619100,7.136859893798828
1/10/2018,6.4735517501831055,6.8010077476501465,6.4735517501831055,6.767422199249268,478700,6.767422199249268
1/9/2018,6.238455295562744,6.579345226287842,5.994962215423584,6.465155124664307,1287600,6.465155124664307
1/8/2018,6.574307441711426,6.616288661956787,6.196473598480225,6.246851444244385,609700,6.246851444244385
1/5/2018,6.7422332763671875,6.834592819213867,6.540721893310547,6.599496364593506,546100,6.599496364593506
1/4/2018,6.666666507720947,6.809403896331787,6.465155124664307,6.708648204803467,352100,6.708648204803467
1/3/2018,6.884970664978027,6.910159587860107,6.649874210357666,6.658270359039307,310600,6.658270359039307
1/2/2018,6.633081436157227,6.868177890777588,6.616288661956787,6.834592819213867,324500,6.834592819213867
12/29/2017,6.507136821746826,6.683459281921387,6.4987406730651855,6.549118518829346,323100,6.549118518829346
12/28/2017,6.565910816192627,6.599496364593506,6.448362827301025,6.557514667510986,177000,6.557514667510986
12/27/2017,6.868177890777588,6.868177890777588,6.515532970428467,6.582703590393066,283000,6.582703590393066
12/26/2017,6.666666507720947,7.002518653869629,6.666666507720947,6.884970664978027,354600,6.884970664978027
12/22/2017,6.591099739074707,6.675063133239746,6.439966201782227,6.641477584838867,314800,6.641477584838867
12/21/2017,6.4147772789001465,6.842988967895508,6.4147772789001465,6.616288661956787,533000,6.616288661956787
12/20/2017,6.456758975982666,6.4987406730651855,6.314022064208984,6.481947898864746,273700,6.481947898864746
12/19/2017,6.641477584838867,6.700252056121826,6.3056254386901855,6.389588356018066,478100,6.389588356018066
12/18/2017,6.356003284454346,6.532325744628906,6.314022064208984,6.507136821746826,687300,6.507136821746826
12/15/2017,6.129302978515625,6.700252056121826,6.104114055633545,6.263644218444824,1570700,6.263644218444824
12/14/2017,6.129302978515625,6.188077449798584,5.877413749694824,5.919395446777344,619200,5.919395446777344
12/13/2017,6.053736209869385,6.238455295562744,6.042820930480957,6.104114055633545,446500,6.104114055633545
12/12/2017,6.078925132751465,6.3056254386901855,6.053736209869385,6.087321758270264,249400,6.087321758270264
12/11/2017,6.053736209869385,6.112510681152344,5.994962215423584,6.053736209869385,343800,6.053736209869385
12/8/2017,6.188077449798584,6.188077449798584,5.969773292541504,6.104114055633545,329200,6.104114055633545
12/7/2017,5.743072986602783,6.162888526916504,5.717884063720703,6.129302978515625,558800,6.129302978515625
12/6/2017,5.768261909484863,5.885810375213623,5.600336074829102,5.759865760803223,446700,5.759865760803223
12/5/2017,6.011754989624023,6.120067119598389,5.541561603546143,5.785054683685303,1653900,5.785054683685303
12/4/2017,5.2225022315979,5.541561603546143,5.214105606079102,5.415616989135742,1081900,5.415616989135742
12/1/2017,5.314861297607422,5.373635768890381,4.92863130569458,5.12174654006958,689600,5.12174654006958
11/30/2017,5.264483451843262,5.432409763336182,5.189756393432617,5.340050220489502,613800,5.340050220489502
11/29/2017,4.895046234130859,5.365239143371582,4.895046234130859,5.264483451843262,949000,5.264483451843262
11/28/2017,4.769101619720459,4.92863130569458,4.676742076873779,4.9202351570129395,602800,4.9202351570129395
11/27/2017,4.735516548156738,5.00419807434082,4.7271199226379395,4.769101619720459,741500,4.769101619720459
11/24/2017,4.7523088455200195,4.8110833168029785,4.668345928192139,4.701930999755859,96900,4.701930999755859
11/22/2017,4.7271199226379395,4.869857311248779,4.710327625274658,4.7523088455200195,399000,4.7523088455200195
11/21/2017,4.785894393920898,4.869857311248779,4.6179680824279785,4.710327625274658,488500,4.710327625274658
11/20/2017,4.693534851074219,4.87825345993042,4.534005165100098,4.8110833168029785,534900,4.8110833168029785
11/17/2017,4.366078853607178,4.710327625274658,4.349286079406738,4.685138702392578,630500,4.685138702392578
11/16/2017,4.2905120849609375,4.366078853607178,4.214945316314697,4.349286079406738,276600,4.349286079406738
11/15/2017,4.139378547668457,4.324097633361816,4.063811779022217,4.282115936279297,272000,4.282115936279297
11/14/2017,4.248530864715576,4.248530864715576,4.114189624786377,4.164567470550537,188100,4.164567470550537
11/13/2017,4.357682704925537,4.366078853607178,4.198153018951416,4.265323162078857,203100,4.265323162078857
11/10/2017,4.273719787597656,4.357682704925537,4.256927013397217,4.273719787597656,256200,4.273719787597656
11/9/2017,4.139378547668457,4.349286079406738,4.139378547668457,4.265323162078857,284100,4.265323162078857
11/8/2017,4.214945316314697,4.214945316314697,4.105793476104736,4.198153018951416,236300,4.198153018951416
11/7/2017,4.231738090515137,4.282115936279297,4.105793476104736,4.181360244750977,440600,4.181360244750977
11/6/2017,4.2905120849609375,4.2905120849609375,4.214945316314697,4.265323162078857,276100,4.265323162078857
11/3/2017,4.433249473571777,4.433249473571777,4.214945316314697,4.256927013397217,404400,4.256927013397217
11/2/2017,4.307304859161377,4.475230693817139,4.307304859161377,4.458438396453857,197200,4.458438396453857
11/1/2017,4.307304859161377,4.399663925170898,4.240134239196777,4.273719787597656,329900,4.273719787597656
10/31/2017,4.349286079406738,4.441645622253418,4.181360244750977,4.2905120849609375,457200,4.2905120849609375
10/30/2017,4.685138702392578,4.701930999755859,4.2905120849609375,4.349286079406738,676600,4.349286079406738
10/27/2017,4.601175308227539,4.701930999755859,4.592779159545898,4.685138702392578,546200,4.685138702392578
10/26/2017,4.567590236663818,4.693534851074219,4.567590236663818,4.651553153991699,430700,4.651553153991699
10/25/2017,4.6179680824279785,4.634760856628418,4.559194087982178,4.575986385345459,621000,4.575986385345459
10/24/2017,4.693534851074219,4.701930999755859,4.460957050323486,4.626364231109619,719000,4.626364231109619
10/23/2017,4.273719787597656,4.7271199226379395,4.256927013397217,4.651553153991699,2135700,4.651553153991699
10/20/2017,4.172964096069336,4.315701007843018,4.122586250305176,4.307304859161377,868700,4.307304859161377
10/19/2017,4.114189624786377,4.130982398986816,4.0319061279296875,4.122586250305176,435800,4.122586250305176
10/18/2017,4.0218305587768555,4.122586250305176,3.979848861694336,4.097397327423096,683000,4.097397327423096
10/17/2017,4.114189624786377,4.240134239196777,4.0218305587768555,4.0470194816589355,927900,4.0470194816589355
10/16/2017,4.366078853607178,4.366078853607178,3.9882452487945557,4.114189624786377,2824300,4.114189624786377
10/13/2017,4.198153018951416,4.324097633361816,4.055415630340576,4.2905120849609375,3127600,4.2905120849609375
10/12/2017,4.307304859161377,4.433249473571777,4.0470194816589355,4.080604553222656,12373800,4.080604553222656
10/11/2017,8.547439575195312,8.648195266723633,8.236775398254395,8.337531089782715,493000,8.337531089782715
10/10/2017,8.555835723876953,8.648195266723633,8.488664627075195,8.522250175476074,149500,8.522250175476074
10/9/2017,8.992443084716797,8.992443084716797,8.463476181030273,8.471872329711914,199600,8.471872329711914
10/6/2017,8.925272941589355,8.958858489990234,8.841309547424316,8.916876792907715,104900,8.916876792907715
10/5/2017,8.858102798461914,8.936187744140625,8.732157707214355,8.883291244506836,143500,8.883291244506836
10/4/2017,8.883291244506836,8.921074867248535,8.757347106933594,8.832913398742676,234300,8.832913398742676
10/3/2017,9.143576622009277,9.143576622009277,8.799327850341797,8.807724952697754,198900,8.807724952697754
10/2/2017,9.202350616455078,9.202350616455078,8.963895797729492,9.084802627563477,179000,9.084802627563477
9/29/2017,9.328295707702637,9.332493782043457,9.109992027282715,9.143576622009277,167200,9.143576622009277
9/28/2017,9.269521713256836,9.353484153747559,9.015953063964844,9.328295707702637,173900,9.328295707702637
9/27/2017,9.034424781799316,9.395465850830078,8.942065238952637,9.277917861938477,340700,9.277917861938477
9/26/2017,9.059614181518555,9.059614181518555,8.858102798461914,8.967254638671875,194100,8.967254638671875
9/25/2017,8.900083541870117,9.168766021728516,8.740553855895996,8.975650787353516,337800,8.975650787353516
9/22/2017,8.782535552978516,8.900083541870117,8.732157707214355,8.866498947143555,171300,8.866498947143555
9/21/2017,8.807724952697754,8.849705696105957,8.740553855895996,8.782535552978516,185400,8.782535552978516
9/20/2017,8.883291244506836,8.908480644226074,8.698572158813477,8.799327850341797,233400,8.799327850341797
9/19/2017,8.925272941589355,8.933669090270996,8.782535552978516,8.866498947143555,220900,8.866498947143555
9/18/2017,9.093198776245117,9.126784324645996,8.799327850341797,8.891687393188477,355600,8.891687393188477
9/15/2017,8.740553855895996,9.093198776245117,8.698572158813477,9.093198776245117,863100,9.093198776245117
9/14/2017,8.648195266723633,8.807724952697754,8.581024169921875,8.765743255615234,991000,8.765743255615234
9/13/2017,8.320738792419434,8.723761558532715,8.320738792419434,8.664987564086914,601500,8.664987564086914
9/12/2017,8.261964797973633,8.404702186584473,8.229219436645508,8.270360946655273,274300,8.270360946655273
9/11/2017,8.387908935546875,8.446683883666992,8.211586952209473,8.211586952209473,260800,8.211586952209473
9/8/2017,8.337531089782715,8.438286781311035,8.211586952209473,8.303946495056152,286300,8.303946495056152
9/7/2017,8.597817420959473,8.656591415405273,8.312342643737793,8.354324340820312,349700,8.354324340820312
9/6/2017,8.480268478393555,8.606213569641113,8.354324340820312,8.572628021240234,413800,8.572628021240234
9/5/2017,8.765743255615234,8.832913398742676,8.261964797973633,8.463476181030273,960400,8.463476181030273
9/1/2017,8.228379249572754,8.597817420959473,8.161209106445312,8.572628021240234,492700,8.572628021240234
8/31/2017,8.530646324157715,8.564231872558594,8.110831260681152,8.152812957763672,896900,8.152812957763672
8/30/2017,8.354324340820312,8.816121101379395,8.186397552490234,8.488664627075195,1247000,8.488664627075195
8/29/2017,8.606213569641113,8.858102798461914,8.018471717834473,8.295550346374512,4454800,8.295550346374512
8/28/2017,9.689336776733398,10.2518892288208,9.583542823791504,9.84886646270752,1481100,9.84886646270752
8/25/2017,9.160369873046875,9.65575122833252,9.093198776245117,9.538203239440918,396700,9.538203239440918
8/24/2017,9.168766021728516,9.3618803024292,9.034424781799316,9.151972770690918,333800,9.151972770690918
8/23/2017,8.891687393188477,9.286314010620117,8.841309547424316,9.042820930480957,280800,9.042820930480957
8/22/2017,8.774139404296875,9.126784324645996,8.774139404296875,8.984046936035156,558900,8.984046936035156
8/21/2017,8.690176010131836,8.715365409851074,8.303946495056152,8.690176010131836,903700,8.690176010131836
8/18/2017,8.824517250061035,8.916876792907715,8.597817420959473,8.648195266723633,328800,8.648195266723633
8/17/2017,9.000839233398438,9.076406478881836,8.664987564086914,8.740553855895996,221800,8.740553855895996
8/16/2017,9.042820930480957,9.235936164855957,8.942065238952637,9.009236335754395,218300,9.009236335754395
8/15/2017,9.378673553466797,9.378673553466797,8.984046936035156,8.992443084716797,234600,8.992443084716797
8/14/2017,9.471033096313477,9.596977233886719,9.319899559020996,9.395465850830078,127300,9.395465850830078
8/11/2017,9.353484153747559,9.60537338256836,9.051217079162598,9.471033096313477,339700,9.471033096313477
8/10/2017,9.504617691040039,9.60537338256836,9.336691856384277,9.420655250549316,228400,9.420655250549316
8/9/2017,9.71452522277832,9.731318473815918,9.475231170654297,9.56339168548584,155200,9.56339168548584
8/8/2017,9.638958930969238,9.924433708190918,9.638958930969238,9.672544479370117,202000,9.672544479370117
8/7/2017,9.781696319580078,9.81528091430664,9.387069702148438,9.596977233886719,269300,9.596977233886719
8/4/2017,9.89924430847168,10.04198169708252,9.647355079650879,9.722922325134277,433300,9.722922325134277
8/3/2017,9.8656587600708,10.15113353729248,9.8656587600708,9.882452011108398,185100,9.882452011108398
8/2/2017,10.302267074584961,10.302267074584961,9.85726261138916,9.916036605834961,279200,9.916036605834961
8/1/2017,10.277077674865723,10.43660831451416,10.067170143127441,10.277077674865723,210800,10.277077674865723
7/31/2017,10.302267074584961,10.319059371948242,10.159529685974121,10.277077674865723,193700,10.277077674865723
7/28/2017,10.419815063476562,10.453400611877441,10.218303680419922,10.310663223266602,120200,10.310663223266602
7/27/2017,10.411418914794922,10.520570755004883,10.218303680419922,10.495382308959961,150900,10.495382308959961
7/26/2017,10.53736400604248,10.596138000488281,10.277077674865723,10.411418914794922,277900,10.411418914794922
7/25/2017,10.403022766113281,10.713685989379883,10.302267074584961,10.503778457641602,142200,10.503778457641602
7/24/2017,10.43660831451416,10.453400611877441,10.244332313537598,10.369437217712402,211000,10.369437217712402
7/21/2017,10.503778457641602,10.629722595214844,10.369437217712402,10.512174606323242,217000,10.512174606323242
7/20/2017,10.495382308959961,10.663308143615723,10.369437217712402,10.461796760559082,297800,10.461796760559082
7/19/2017,10.28547477722168,10.520570755004883,10.28547477722168,10.453400611877441,226100,10.453400611877441
7/18/2017,10.159529685974121,10.369437217712402,9.99160385131836,10.302267074584961,529400,10.302267074584961
7/17/2017,10.24349308013916,10.38623046875,10.05037784576416,10.159529685974121,417300,10.159529685974121
7/14/2017,10.218303680419922,10.4450044631958,10.163727760314941,10.2518892288208,207100,10.2518892288208
7/13/2017,10.193115234375,10.495382308959961,10.10075569152832,10.159529685974121,281400,10.159529685974121
7/12/2017,10.23509693145752,10.461796760559082,10.09235954284668,10.226699829101562,279400,10.226699829101562
7/11/2017,10.377833366394043,10.612930297851562,10.10075569152832,10.18471908569336,555800,10.18471908569336
7/10/2017,10.4450044631958,10.570948600769043,10.125944137573242,10.361041069030762,419500,10.361041069030762
7/7/2017,10.23509693145752,10.503778457641602,10.218303680419922,10.495382308959961,159800,10.495382308959961
7/6/2017,10.579344749450684,10.617968559265137,10.218303680419922,10.268681526184082,394500,10.268681526184082
7/5/2017,10.361041069030762,10.722082138061523,10.218303680419922,10.654911994934082,386700,10.654911994934082
7/3/2017,10.319059371948242,10.520570755004883,10.28127670288086,10.377833366394043,214600,10.377833366394043
6/30/2017,10.495382308959961,10.662468910217285,10.302267074584961,10.319059371948242,319300,10.319059371948242
6/29/2017,10.24349308013916,10.53736400604248,10.24349308013916,10.520570755004883,295000,10.520570755004883
6/28/2017,10.05037784576416,10.369437217712402,10.05037784576416,10.327455520629883,314100,10.327455520629883
6/27/2017,10.28547477722168,10.39462661743164,9.974811553955078,10.05037784576416,529900,10.05037784576416
6/26/2017,10.05037784576416,10.654911994934082,10.05037784576416,10.28547477722168,622100,10.28547477722168
6/23/2017,9.932829856872559,10.167925834655762,9.81528091430664,10.05037784576416,2097700,10.05037784576416
6/22/2017,10.28547477722168,10.352644920349121,9.89504623413086,9.9412260055542,557300,9.9412260055542
6/21/2017,10.789252281188965,10.806045532226562,10.260285377502441,10.29387092590332,595600,10.29387092590332
6/20/2017,10.654911994934082,10.957179069519043,10.654911994934082,10.789252281188965,371200,10.789252281188965
6/19/2017,10.864819526672363,10.864819526672363,10.512174606323242,10.654911994934082,372900,10.654911994934082
6/16/2017,11.057934761047363,11.125104904174805,10.772459983825684,10.864819526672363,993200,10.864819526672363
6/15/2017,10.898405075073242,11.326616287231445,10.898405075073242,11.057934761047363,344800,11.057934761047363
6/14/2017,11.360201835632324,11.410579681396484,10.764063835144043,11.032745361328125,347700,11.032745361328125
6/13/2017,11.242652893066406,11.511335372924805,11.193115234375,11.343408584594727,322300,11.343408584594727
6/12/2017,11.335012435913086,11.460957527160645,11.284634590148926,11.293030738830566,316400,11.293030738830566
6/9/2017,11.074727058410645,11.335012435913086,10.973971366882324,11.309823989868164,415800,11.309823989868164
6/8/2017,10.797649383544922,11.217464447021484,10.785054206848145,11.083123207092285,574300,11.083123207092285
6/7/2017,10.822837829589844,10.990763664245605,10.747271537780762,10.864819526672363,186900,10.864819526672363
6/6/2017,11.041141510009766,11.133501052856445,10.722082138061523,10.890007972717285,375500,10.890007972717285
6/5/2017,11.049538612365723,11.251049995422363,10.948782920837402,11.074727058410645,265600,11.074727058410645
6/2/2017,11.200672149658203,11.251049995422363,10.901762962341309,11.015953063964844,315000,11.015953063964844
6/1/2017,10.6381196975708,11.209068298339844,10.6381196975708,11.108312606811523,793000,11.108312606811523
5/31/2017,10.915197372436523,10.915197372436523,10.39462661743164,10.705289840698242,2782100,10.705289840698242
5/30/2017,9.65575122833252,9.739714622497559,9.277917861938477,9.46263599395752,500800,9.46263599395752
5/26/2017,9.378673553466797,9.7103271484375,9.244332313537598,9.487825393676758,206000,9.487825393676758
5/25/2017,9.580184936523438,9.781696319580078,9.294710159301758,9.429051399230957,301700,9.429051399230957
5/24/2017,9.773300170898438,9.95801830291748,9.580184936523438,9.60537338256836,187500,9.60537338256836
5/23/2017,9.46263599395752,9.85726261138916,9.46263599395752,9.773300170898438,147400,9.773300170898438
5/22/2017,9.328295707702637,9.739714622497559,9.328295707702637,9.471033096313477,366900,9.471033096313477
5/19/2017,9.336691856384277,9.521410942077637,9.261125564575195,9.41225814819336,425900,9.41225814819336
5/18/2017,9.76490306854248,9.7691011428833,9.185558319091797,9.252728462219238,461200,9.252728462219238
5/17/2017,10.04198169708252,10.277077674865723,9.764063835144043,9.773300170898438,147000,9.773300170898438
5/16/2017,10.193115234375,10.382871627807617,9.319899559020996,10.15113353729248,255500,10.15113353729248
5/15/2017,10.705289840698242,10.873215675354004,10.193115234375,10.226699829101562,269900,10.226699829101562
5/12/2017,11.015953063964844,11.015953063964844,10.453400611877441,10.579344749450684,229000,10.579344749450684
5/11/2017,11.099916458129883,11.099916458129883,10.496221542358398,10.923593521118164,215900,10.923593521118164
5/10/2017,11.099916458129883,11.284634590148926,10.957179069519043,11.167086601257324,160500,11.167086601257324
5/9/2017,11.125104904174805,11.242652893066406,10.806045532226562,11.074727058410645,225900,11.074727058410645
5/8/2017,11.141897201538086,11.318220138549805,10.957179069519043,11.125104904174805,221900,11.125104904174805
5/5/2017,11.099916458129883,11.376994132995605,10.957179069519043,11.192275047302246,154800,11.192275047302246
5/4/2017,11.217464447021484,11.217464447021484,10.864819526672363,10.965575218200684,141400,10.965575218200684
5/3/2017,11.293030738830566,11.318220138549805,11.150294303894043,11.234256744384766,146900,11.234256744384766
5/2/2017,11.066330909729004,11.309823989868164,10.990763664245605,11.259446144104004,120200,11.259446144104004
5/1/2017,13.15999984741211,13.329999923706055,13.005000114440918,13.140000343322754,90400,13.140000343322754
4/28/2017,11.251049995422363,11.251049995422363,11.00839614868164,11.083123207092285,83100,11.083123207092285
4/27/2017,11.293030738830566,11.435768127441406,11.14273738861084,11.209068298339844,96600,11.209068298339844
4/26/2017,11.108312606811523,11.477749824523926,11.083123207092285,11.376994132995605,190800,11.376994132995605
4/25/2017,11.150294303894043,11.460957527160645,10.881611824035645,11.066330909729004,327200,11.066330909729004
4/24/2017,11.544919967651367,11.721242904663086,11.032745361328125,11.167086601257324,134100,11.167086601257324
4/21/2017,11.561713218688965,11.830394744873047,11.200672149658203,11.502938270568848,344800,11.502938270568848
4/20/2017,11.192275047302246,11.662468910217285,11.192275047302246,11.536523818969727,270800,11.536523818969727
4/19/2017,11.083123207092285,11.544919967651367,11.041141510009766,11.251049995422363,368400,11.251049995422363
4/18/2017,11.049538612365723,11.179680824279785,10.789252281188965,11.057934761047363,275700,11.057934761047363
4/17/2017,10.814441680908203,11.154492378234863,10.755667686462402,11.091519355773926,230500,11.091519355773926
4/13/2017,11.007556915283203,11.309823989868164,10.797649383544922,10.848027229309082,178100,10.848027229309082
4/12/2017,11.192275047302246,11.309823989868164,10.747271537780762,11.049538612365723,266700,11.049538612365723
4/11/2017,11.175482749938965,11.544919967651367,11.133501052856445,11.251049995422363,137400,11.251049995422363
4/10/2017,11.209068298339844,11.582703590393066,11.108312606811523,11.125104904174805,305800,11.125104904174805
4/7/2017,11.922754287719727,11.964735984802246,11.225860595703125,11.225860595703125,446300,11.225860595703125
4/6/2017,11.704449653625488,11.964735984802246,11.637279510498047,11.922754287719727,724500,11.922754287719727
4/5/2017,11.838790893554688,11.838790893554688,11.469353675842285,11.796809196472168,304300,11.796809196472168
4/4/2017,11.897564888000488,11.897564888000488,11.536523818969727,11.855583190917969,246400,11.855583190917969
4/3/2017,12.048698425292969,12.090680122375488,11.729639053344727,11.847187042236328,565100,11.847187042236328
3/31/2017,11.670865058898926,11.922754287719727,11.670865058898926,11.838790893554688,358000,11.838790893554688
3/30/2017,11.318220138549805,11.679261207580566,11.167086601257324,11.628883361816406,744600,11.628883361816406
3/29/2017,11.024349212646484,11.150294303894043,10.928631782531738,11.007556915283203,244300,11.007556915283203
3/28/2017,10.923593521118164,11.209068298339844,10.915197372436523,11.099916458129883,252000,11.099916458129883
3/27/2017,10.856423377990723,11.057934761047363,10.671704292297363,10.999160766601562,118400,10.999160766601562
3/24/2017,10.839630126953125,11.057934761047363,10.738874435424805,10.881611824035645,240900,10.881611824035645
3/23/2017,10.28547477722168,11.083123207092285,10.23509693145752,10.915197372436523,373500,10.915197372436523
3/22/2017,10.2518892288208,10.654911994934082,10.075566291809082,10.302267074584961,486500,10.302267074584961
3/21/2017,10.503778457641602,10.621326446533203,10.28547477722168,10.361041069030762,574900,10.361041069030762
3/20/2017,10.654911994934082,10.747271537780762,10.495382308959961,10.554156303405762,174100,10.554156303405762
3/17/2017,10.797649383544922,10.819478988647461,10.495382308959961,10.705289840698242,364900,10.705289840698242
3/16/2017,10.696893692016602,10.705289840698242,10.545760154724121,10.671704292297363,304800,10.671704292297363
3/15/2017,10.789252281188965,10.873215675354004,10.528966903686523,10.528966903686523,414600,10.528966903686523
3/14/2017,11.125104904174805,11.125104904174805,10.696893692016602,10.831233978271484,526700,10.831233978271484
3/13/2017,10.881611824035645,11.284634590148926,10.864819526672363,10.999160766601562,676200,10.999160766601562
3/10/2017,10.663308143615723,11.099916458129883,10.53736400604248,10.873215675354004,1589400,10.873215675354004
3/9/2017,10.705289840698242,10.890007972717285,10.28547477722168,10.621326446533203,11783400,10.621326446533203
