4/22/2019,27.729999542236328,29.299999237060547,27.479999542236328,29.239999771118164,141800,29.239999771118164
4/18/2019,28.729999542236328,29,27.68000030517578,27.690000534057617,76100,27.690000534057617
4/17/2019,28.709999084472656,29,28.360000610351562,28.729999542236328,89500,28.729999542236328
4/16/2019,28.969999313354492,29.06999969482422,28.540000915527344,28.56999969482422,173100,28.56999969482422
4/15/2019,28.360000610351562,29.1200008392334,28.360000610351562,28.979999542236328,170200,28.979999542236328
4/12/2019,28.56999969482422,28.829999923706055,28.229999542236328,28.559999465942383,106100,28.559999465942383
4/11/2019,28.200000762939453,28.469999313354492,27.65999984741211,28.260000228881836,81800,28.260000228881836
4/10/2019,27.450000762939453,28.700000762939453,27.219999313354492,28.389999389648438,160800,28.389999389648438
4/9/2019,27.5,27.989999771118164,26.889999389648438,27.43000030517578,106300,27.43000030517578
4/8/2019,26.690000534057617,27.8700008392334,26.25,27.700000762939453,121700,27.700000762939453
4/5/2019,26.799999237060547,27,25.959999084472656,26.719999313354492,149400,26.719999313354492
4/4/2019,25.81999969482422,26.93000030517578,25.540000915527344,26.829999923706055,133200,26.829999923706055
4/3/2019,26.479999542236328,26.989999771118164,25.260000228881836,25.649999618530273,138400,25.649999618530273
4/2/2019,26.219999313354492,26.65999984741211,25.6200008392334,25.65999984741211,61900,25.65999984741211
4/1/2019,25.31999969482422,26.5,25.31999969482422,26.3799991607666,118600,26.3799991607666
3/29/2019,25.5,25.899999618530273,24.65999984741211,25.139999389648438,133900,25.139999389648438
3/28/2019,24.90999984741211,25.579999923706055,24.520000457763672,25.18000030517578,125600,25.18000030517578
3/27/2019,25.700000762939453,26.25,24.520000457763672,25.18000030517578,74900,25.18000030517578
3/26/2019,25.81999969482422,26.899999618530273,25.420000076293945,25.700000762939453,82900,25.700000762939453
3/25/2019,24.770000457763672,25.6299991607666,24.200000762939453,25.59000015258789,97700,25.59000015258789
3/22/2019,26.270000457763672,26.530000686645508,24.780000686645508,24.850000381469727,109400,24.850000381469727
3/21/2019,26.739999771118164,26.93000030517578,26.299999237060547,26.59000015258789,144600,26.59000015258789
3/20/2019,25.5,26.770000457763672,24.790000915527344,26.229999542236328,139500,26.229999542236328
3/19/2019,24.84000015258789,26.1299991607666,24.709999084472656,25.520000457763672,142600,25.520000457763672
3/18/2019,24.649999618530273,25,24.260000228881836,24.68000030517578,287100,24.68000030517578
3/15/2019,24.68000030517578,25.309999465942383,24.540000915527344,24.649999618530273,354100,24.649999618530273
3/14/2019,25.610000610351562,26.010000228881836,24.579999923706055,24.700000762939453,167700,24.700000762939453
3/13/2019,25.950000762939453,26.079999923706055,24.270000457763672,25.899999618530273,210700,25.899999618530273
3/12/2019,25.229999542236328,27.209999084472656,25.09000015258789,25.81999969482422,277000,25.81999969482422
3/11/2019,23.719999313354492,25.549999237060547,23.639999389648438,24.799999237060547,167700,24.799999237060547
3/8/2019,22.760000228881836,23.81999969482422,22.3799991607666,23.5,229400,23.5
3/7/2019,24.34000015258789,24.770000457763672,22.90999984741211,22.979999542236328,258200,22.979999542236328
3/6/2019,25.030000686645508,25.18000030517578,23.75,24.5,141100,24.5
3/5/2019,26.18000030517578,26.450000762939453,24.969999313354492,25.079999923706055,131400,25.079999923706055
3/4/2019,26.329999923706055,26.959999084472656,25.469999313354492,26.18000030517578,146500,26.18000030517578
3/1/2019,26.459999084472656,26.780000686645508,26.110000610351562,26.149999618530273,148000,26.149999618530273
2/28/2019,28.190000534057617,28.209999084472656,26.100000381469727,26.360000610351562,200000,26.360000610351562
2/27/2019,29.770000457763672,29.850000381469727,28.079999923706055,28.239999771118164,101900,28.239999771118164
2/26/2019,29.3700008392334,30.110000610351562,29.3700008392334,30,81400,30
2/25/2019,28.649999618530273,29.950000762939453,28.649999618530273,29.3799991607666,69100,29.3799991607666
2/22/2019,28.950000762939453,29.479999542236328,28.360000610351562,28.65999984741211,51700,28.65999984741211
2/21/2019,29.450000762939453,29.700000762939453,28.520000457763672,28.889999389648438,71300,28.889999389648438
2/20/2019,28.399999618530273,29.729999542236328,28.399999618530273,29.540000915527344,125300,29.540000915527344
2/19/2019,28.40999984741211,28.989999771118164,28.270000457763672,28.729999542236328,67100,28.729999542236328
2/15/2019,28.8700008392334,29.040000915527344,28.25,28.420000076293945,87500,28.420000076293945
2/14/2019,28,29.309999465942383,28,28.6299991607666,120900,28.6299991607666
2/13/2019,27.350000381469727,28.200000762939453,27.350000381469727,28.049999237060547,96200,28.049999237060547
2/12/2019,27.6200008392334,27.700000762939453,26.8799991607666,27.200000762939453,93300,27.200000762939453
2/11/2019,26.889999389648438,27.309999465942383,26.610000610351562,27.229999542236328,61400,27.229999542236328
2/8/2019,26.639999389648438,27.1200008392334,25.950000762939453,26.899999618530273,61900,26.899999618530273
2/7/2019,27.559999465942383,28.3700008392334,26.5,26.649999618530273,100700,26.649999618530273
2/6/2019,27.649999618530273,28.219999313354492,27.649999618530273,27.760000228881836,72700,27.760000228881836
2/5/2019,28.049999237060547,28.34000015258789,27.540000915527344,27.670000076293945,97800,27.670000076293945
2/4/2019,27.479999542236328,28.469999313354492,27.18000030517578,28,183200,28
2/1/2019,26.030000686645508,27.65999984741211,25.889999389648438,27.56999969482422,98900,27.56999969482422
1/31/2019,25.75,26.219999313354492,25.75,26.059999465942383,116000,26.059999465942383
1/30/2019,25,25.940000534057617,24.790000915527344,25.549999237060547,152900,25.549999237060547
1/29/2019,25.559999465942383,26.049999237060547,24.950000762939453,25.049999237060547,71900,25.049999237060547
1/28/2019,27.15999984741211,27.31999969482422,24.969999313354492,25.549999237060547,91800,25.549999237060547
1/25/2019,27.1299991607666,27.739999771118164,27.1299991607666,27.450000762939453,129000,27.450000762939453
1/24/2019,26.860000610351562,29.010000228881836,26.690000534057617,27,95900,27
1/23/2019,27.1299991607666,28.1200008392334,26.639999389648438,27,58500,27
1/22/2019,27.799999237060547,27.799999237060547,26.520000457763672,27.010000228881836,103300,27.010000228881836
1/18/2019,28.260000228881836,29.100000381469727,27.8700008392334,27.969999313354492,150800,27.969999313354492
1/17/2019,27.790000915527344,28.450000762939453,27.549999237060547,28.3799991607666,222900,28.3799991607666
1/16/2019,27.540000915527344,28.43000030517578,27.209999084472656,28,65900,28
1/15/2019,27.25,28.200000762939453,27.049999237060547,27.469999313354492,80800,27.469999313354492
1/14/2019,28.100000381469727,28.190000534057617,27.010000228881836,27.260000228881836,98900,27.260000228881836
1/11/2019,26.969999313354492,28.229999542236328,26.56999969482422,28.100000381469727,166200,28.100000381469727
1/10/2019,26.100000381469727,27.350000381469727,26.100000381469727,27,108300,27
1/9/2019,26.719999313354492,28.940000534057617,25.950000762939453,26.049999237060547,318900,26.049999237060547
1/8/2019,26.40999984741211,26.90999984741211,25.25,25.639999389648438,199800,25.639999389648438
1/7/2019,24.309999465942383,26.450000762939453,23.649999618530273,26.190000534057617,123600,26.190000534057617
1/4/2019,23.56999969482422,24.6299991607666,23.5,24.329999923706055,92500,24.329999923706055
1/3/2019,24.18000030517578,24.809999465942383,23.06999969482422,23.25,98200,23.25
1/2/2019,22.75,24.59000015258789,22.420000076293945,24.450000762939453,177700,24.450000762939453
12/31/2018,25.239999771118164,25.25,22.700000762939453,23.450000762939453,268800,23.450000762939453
12/28/2018,23.579999923706055,25.25,23.579999923706055,24.899999618530273,162900,24.899999618530273
12/27/2018,23.65999984741211,27.309999465942383,22.780000686645508,23.799999237060547,185000,23.799999237060547
12/26/2018,21.559999465942383,23.709999084472656,20.649999618530273,23.450000762939453,308800,23.450000762939453
12/24/2018,22.190000534057617,22.510000228881836,21.5,21.5,141800,21.5
12/21/2018,24.389999389648438,25.520000457763672,22.260000228881836,22.59000015258789,904100,22.59000015258789
12/20/2018,24.209999084472656,25.399999618530273,24.209999084472656,24.600000381469727,320200,24.600000381469727
12/19/2018,25.329999923706055,26.459999084472656,24.540000915527344,24.540000915527344,256500,24.540000915527344
12/18/2018,25,26.229999542236328,24.049999237060547,25.030000686645508,306000,25.030000686645508
12/17/2018,24.40999984741211,25,23.739999771118164,24.739999771118164,275500,24.739999771118164
12/14/2018,23.18000030517578,24.1299991607666,23.1200008392334,23.760000228881836,272800,23.760000228881836
12/13/2018,24.75,24.989999771118164,23.670000076293945,23.719999313354492,91300,23.719999313354492
12/12/2018,25.3700008392334,25.709999084472656,24.040000915527344,24.479999542236328,150300,24.479999542236328
12/11/2018,25.479999542236328,25.559999465942383,24.329999923706055,25.020000457763672,215600,25.020000457763672
12/10/2018,24.68000030517578,25.459999084472656,23.549999237060547,24.940000534057617,633100,24.940000534057617
12/7/2018,25.40999984741211,25.860000610351562,24.420000076293945,24.68000030517578,340000,24.68000030517578
12/6/2018,21,25.8799991607666,21,25.229999542236328,669700,25.229999542236328
12/4/2018,20.950000762939453,21.209999084472656,19.59000015258789,19.799999237060547,335900,19.799999237060547
12/3/2018,20.989999771118164,21.440000534057617,20,20.979999542236328,247500,20.979999542236328
11/30/2018,19.979999542236328,20.950000762939453,19.729999542236328,20.190000534057617,410000,20.190000534057617
11/29/2018,20.530000686645508,20.8799991607666,19.6200008392334,20.15999984741211,287500,20.15999984741211
11/28/2018,20.65999984741211,20.969999313354492,19.950000762939453,20.459999084472656,500000,20.459999084472656
11/27/2018,21.729999542236328,22.31999969482422,19.950000762939453,20.510000228881836,557800,20.510000228881836
11/26/2018,23.270000457763672,23.40999984741211,21.530000686645508,21.75,283500,21.75
11/23/2018,23.559999465942383,24.040000915527344,23.030000686645508,23.040000915527344,87800,23.040000915527344
11/21/2018,24.110000610351562,25.18000030517578,23.799999237060547,24.09000015258789,282700,24.09000015258789
11/20/2018,26.110000610351562,26.110000610351562,24.299999237060547,24.459999084472656,233400,24.459999084472656
11/19/2018,28.450000762939453,28.459999084472656,26.399999618530273,26.530000686645508,271700,26.530000686645508
11/16/2018,28.459999084472656,29.1299991607666,28,28.389999389648438,227300,28.389999389648438
11/15/2018,28.360000610351562,29.920000076293945,26.770000457763672,28.56999969482422,154100,28.56999969482422
11/14/2018,29.760000228881836,29.760000228881836,28.399999618530273,28.530000686645508,144100,28.530000686645508
11/13/2018,29.8700008392334,30.479999542236328,28.75,29.06999969482422,336300,29.06999969482422
11/12/2018,30.06999969482422,30.079999923706055,29.43000030517578,29.84000015258789,219300,29.84000015258789
11/9/2018,29.34000015258789,30.030000686645508,29.030000686645508,29.700000762939453,124400,29.700000762939453
11/8/2018,29.270000457763672,29.8700008392334,28.799999237060547,29.760000228881836,199800,29.760000228881836
11/7/2018,29.200000762939453,29.459999084472656,28.6299991607666,29.389999389648438,275000,29.389999389648438
11/6/2018,29.040000915527344,29.700000762939453,28.719999313354492,29.030000686645508,216100,29.030000686645508
11/5/2018,28.809999465942383,29.479999542236328,28.719999313354492,28.979999542236328,308700,28.979999542236328
11/2/2018,28.899999618530273,29.510000228881836,27.989999771118164,28.6299991607666,150000,28.6299991607666
11/1/2018,29.309999465942383,29.780000686645508,28.5,28.8799991607666,198400,28.8799991607666
10/31/2018,28.8700008392334,28.989999771118164,27.709999084472656,28.889999389648438,535700,28.889999389648438
10/30/2018,29.25,29.420000076293945,28.350000381469727,28.540000915527344,501400,28.540000915527344
10/29/2018,30.809999465942383,30.809999465942383,28.260000228881836,28.6299991607666,408400,28.6299991607666
10/26/2018,30.899999618530273,31.25,30,30.299999237060547,226700,30.299999237060547
10/25/2018,33.08000183105469,33.11000061035156,30.25,31.190000534057617,508500,31.190000534057617
10/24/2018,34.2599983215332,35.95000076293945,32.4900016784668,32.61000061035156,599300,32.61000061035156
10/23/2018,34.630001068115234,34.7400016784668,33.220001220703125,33.61000061035156,335200,33.61000061035156
10/22/2018,32.7400016784668,36.130001068115234,32.7400016784668,34.20000076293945,462900,34.20000076293945
10/19/2018,31.709999084472656,32.959999084472656,31.520000457763672,32.279998779296875,161700,32.279998779296875
10/18/2018,33,34.290000915527344,31.56999969482422,31.979999542236328,129600,31.979999542236328
10/17/2018,33.93000030517578,35.08000183105469,33.099998474121094,33.13999938964844,208500,33.13999938964844
10/16/2018,33.630001068115234,35.099998474121094,33.630001068115234,34,179700,34
10/15/2018,33.220001220703125,33.7400016784668,32.75,33.529998779296875,174800,33.529998779296875
10/12/2018,34.90999984741211,34.93000030517578,32.709999084472656,33.11000061035156,150500,33.11000061035156
10/11/2018,35.099998474121094,35.099998474121094,33.83000183105469,34.369998931884766,395500,34.369998931884766
10/10/2018,34.61000061035156,35,34.349998474121094,34.459999084472656,314200,34.459999084472656
10/9/2018,33.63999938964844,34.81999969482422,33.02000045776367,34.4900016784668,328400,34.4900016784668
10/8/2018,32.689998626708984,33.83000183105469,32.209999084472656,33.7599983215332,206800,33.7599983215332
10/5/2018,32.849998474121094,33.119998931884766,32.13999938964844,32.72999954223633,675400,32.72999954223633
10/4/2018,32.97999954223633,33.63999938964844,32.11000061035156,32.880001068115234,193400,32.880001068115234
10/3/2018,32,33.279998779296875,31.610000610351562,32.959999084472656,421100,32.959999084472656
10/2/2018,30.93000030517578,32.20000076293945,30.110000610351562,32,309600,32
10/1/2018,32.08000183105469,32.27000045776367,30.760000228881836,30.920000076293945,240200,30.920000076293945
9/28/2018,32.040000915527344,32.150001525878906,31.6299991607666,32.0099983215332,287000,32.0099983215332
9/27/2018,30.90999984741211,32.130001068115234,30.770000457763672,32.04999923706055,649300,32.04999923706055
9/26/2018,30.299999237060547,30.81999969482422,30,30.719999313354492,531500,30.719999313354492
9/25/2018,29.010000228881836,30.479999542236328,28.5,30.360000610351562,639300,30.360000610351562
9/24/2018,29.5,30.25,28.5,28.790000915527344,587600,28.790000915527344
9/21/2018,28.799999237060547,30.299999237060547,28.799999237060547,29.329999923706055,2003500,29.329999923706055
9/20/2018,28.729999542236328,29.25,28.15999984741211,28.93000030517578,649800,28.93000030517578
9/19/2018,29.420000076293945,29.440000534057617,28.5,28.860000610351562,692600,28.860000610351562
9/18/2018,29.969999313354492,30.5,29,29.420000076293945,1618700,29.420000076293945
9/17/2018,28.440000534057617,29.989999771118164,28.110000610351562,29.989999771118164,5553100,29.989999771118164
