4/22/2019,36.369998931884766,36.75,35.81999969482422,36.13999938964844,129100,36.13999938964844
4/18/2019,36.33000183105469,36.790000915527344,35.88999938964844,36.4900016784668,147800,36.4900016784668
4/17/2019,36.540000915527344,36.650001525878906,35.97999954223633,36.40999984741211,193100,36.40999984741211
4/16/2019,35.349998474121094,36.33000183105469,35.279998779296875,36.290000915527344,143800,36.290000915527344
4/15/2019,35.75,35.959999084472656,34.90999984741211,35.2400016784668,142400,35.2400016784668
4/12/2019,35.52000045776367,35.869998931884766,35.16999816894531,35.709999084472656,147800,35.709999084472656
4/11/2019,34.34000015258789,35.13999938964844,34.20000076293945,35.099998474121094,128700,35.099998474121094
4/10/2019,34.150001525878906,34.52000045776367,33.86000061035156,34.29999923706055,151300,34.29999923706055
4/9/2019,34.93000030517578,34.93000030517578,33.880001068115234,34.06999969482422,163100,34.06999969482422
4/8/2019,34.7400016784668,35.16999816894531,34.439998626708984,35.150001525878906,80400,35.150001525878906
4/5/2019,34.900001525878906,35.2400016784668,34.22999954223633,34.900001525878906,414900,34.900001525878906
4/4/2019,34.060001373291016,34.9900016784668,34.02000045776367,34.79999923706055,182800,34.79999923706055
4/3/2019,33.599998474121094,34.029998779296875,33.52000045776367,34.029998779296875,176300,34.029998779296875
4/2/2019,33.439998626708984,33.7599983215332,32.79999923706055,33.31999969482422,172000,33.31999969482422
4/1/2019,32.540000915527344,33.47999954223633,32.540000915527344,33.43000030517578,211000,33.43000030517578
3/29/2019,32.09000015258789,32.65999984741211,31.700000762939453,32.18000030517578,304700,32.18000030517578
3/28/2019,31.290000915527344,31.90999984741211,31.049999237060547,31.84000015258789,143700,31.84000015258789
3/27/2019,30.799999237060547,31.420000076293945,30.709999084472656,31.110000610351562,173800,31.110000610351562
3/26/2019,31.170000076293945,31.639999389648438,30.68000030517578,30.770000457763672,204200,30.770000457763672
3/25/2019,30.479999542236328,31.399999618530273,30.18000030517578,30.889999389648438,236400,30.889999389648438
3/22/2019,32.90999984741211,33.04999923706055,30.5,30.520000457763672,214900,30.520000457763672
3/21/2019,32.540000915527344,33.88999938964844,32.540000915527344,33.220001220703125,209400,33.220001220703125
3/20/2019,32.63999938964844,33.31999969482422,32,32.630001068115234,314100,32.630001068115234
3/19/2019,33.40999984741211,33.650001525878906,32.630001068115234,32.75,458500,32.75
3/18/2019,32.93000030517578,33.630001068115234,32.619998931884766,33.08000183105469,176200,33.08000183105469
3/15/2019,32.90999984741211,33.599998474121094,32.81999969482422,32.939998626708984,397200,32.939998626708984
3/14/2019,33.83000183105469,33.970001220703125,32.709999084472656,32.810001373291016,323100,32.810001373291016
3/13/2019,35.29999923706055,35.380001068115234,33.95000076293945,33.959999084472656,151100,33.959999084472656
3/12/2019,34.970001220703125,35.220001220703125,34.5,35.04999923706055,283200,35.04999923706055
3/11/2019,34.90999984741211,35.529998779296875,34.5,34.900001525878906,201600,34.900001525878906
3/8/2019,34.279998779296875,34.65999984741211,33.650001525878906,34.5,173400,34.5
3/7/2019,35.43000030517578,35.43000030517578,34.34000015258789,34.599998474121094,399800,34.599998474121094
3/6/2019,35.150001525878906,35.95000076293945,34.95000076293945,35.540000915527344,431000,35.540000915527344
3/5/2019,36.310001373291016,36.310001373291016,35.08000183105469,35.18000030517578,333800,35.18000030517578
3/4/2019,35.779998779296875,36.34000015258789,35.220001220703125,36.04999923706055,364300,36.04999923706055
3/1/2019,36.18000030517578,36.41999816894531,35.06999969482422,35.66999816894531,339400,35.66999816894531
2/28/2019,35,40.7599983215332,34.119998931884766,35.58000183105469,603900,35.58000183105469
2/27/2019,35.68000030517578,36.290000915527344,35.290000915527344,36.2400016784668,208900,36.2400016784668
2/26/2019,35.79999923706055,36.119998931884766,35.209999084472656,35.61000061035156,170200,35.61000061035156
2/25/2019,35.95000076293945,36.58000183105469,35.810001373291016,35.81999969482422,426500,35.81999969482422
2/22/2019,34.81999969482422,35.79999923706055,34.630001068115234,35.779998779296875,185800,35.779998779296875
2/21/2019,34.9900016784668,34.9900016784668,33.869998931884766,34.540000915527344,232500,34.540000915527344
2/20/2019,36,36.79999923706055,34.959999084472656,35.0099983215332,403000,35.0099983215332
2/19/2019,30.100000381469727,37.779998779296875,30.09000015258789,36.369998931884766,1255200,36.369998931884766
2/15/2019,28.709999084472656,29.219999313354492,28.59000015258789,29.15999984741211,200500,29.15999984741211
2/14/2019,28.010000228881836,28.690000534057617,28.010000228881836,28.350000381469727,177300,28.350000381469727
2/13/2019,28.5,28.700000762939453,28.149999618530273,28.190000534057617,142300,28.190000534057617
2/12/2019,28.219999313354492,28.6299991607666,27.940000534057617,28.3700008392334,81800,28.3700008392334
2/11/2019,27.06999969482422,27.719999313354492,26.90999984741211,27.709999084472656,135500,27.709999084472656
2/8/2019,27.40999984741211,27.8700008392334,26.739999771118164,27,103100,27
2/7/2019,28.549999237060547,28.549999237060547,27.469999313354492,27.690000534057617,179400,27.690000534057617
2/6/2019,28.40999984741211,29.06999969482422,28.270000457763672,28.850000381469727,162700,28.850000381469727
2/5/2019,28.860000610351562,29.059999465942383,28.25,28.440000534057617,126300,28.440000534057617
2/4/2019,28.610000610351562,28.850000381469727,28.329999923706055,28.829999923706055,178000,28.829999923706055
2/1/2019,28.100000381469727,28.799999237060547,28.030000686645508,28.6299991607666,122300,28.6299991607666
1/31/2019,28.15999984741211,28.649999618530273,27.969999313354492,28.200000762939453,127600,28.200000762939453
1/30/2019,28,28.760000228881836,27.649999618530273,28.489999771118164,178900,28.489999771118164
1/29/2019,27.3799991607666,27.8799991607666,26.920000076293945,27.690000534057617,187800,27.690000534057617
1/28/2019,26.979999542236328,27.520000457763672,26.899999618530273,27.299999237060547,149700,27.299999237060547
1/25/2019,26.75,27.579999923706055,26.540000915527344,27.3700008392334,178200,27.3700008392334
1/24/2019,25.649999618530273,26.549999237060547,25.649999618530273,26.290000915527344,154800,26.290000915527344
1/23/2019,26.549999237060547,26.8799991607666,25.299999237060547,25.520000457763672,208400,25.520000457763672
1/22/2019,25.969999313354492,26.440000534057617,25.6200008392334,26.34000015258789,158600,26.34000015258789
1/18/2019,26.15999984741211,26.8799991607666,26.15999984741211,26.34000015258789,233200,26.34000015258789
1/17/2019,25.420000076293945,26.059999465942383,25.420000076293945,25.8799991607666,287700,25.8799991607666
1/16/2019,25.440000534057617,25.920000076293945,25.170000076293945,25.530000686645508,295800,25.530000686645508
1/15/2019,25.700000762939453,25.8799991607666,25.020000457763672,25.3700008392334,124000,25.3700008392334
1/14/2019,25.420000076293945,26.170000076293945,25.270000457763672,25.760000228881836,194000,25.760000228881836
1/11/2019,25.5,25.950000762939453,25.399999618530273,25.649999618530273,221000,25.649999618530273
1/10/2019,25.209999084472656,25.860000610351562,25.190000534057617,25.81999969482422,151300,25.81999969482422
1/9/2019,25.290000915527344,25.969999313354492,25.1200008392334,25.510000228881836,366100,25.510000228881836
1/8/2019,24.68000030517578,25.450000762939453,24.299999237060547,25.270000457763672,313500,25.270000457763672
1/7/2019,23.799999237060547,24.719999313354492,23.5,24.309999465942383,241000,24.309999465942383
1/4/2019,22.600000381469727,23.860000610351562,22.329999923706055,23.729999542236328,241600,23.729999542236328
1/3/2019,22.6299991607666,22.700000762939453,21.610000610351562,22.049999237060547,148100,22.049999237060547
1/2/2019,21.15999984741211,23.079999923706055,21.15999984741211,22.899999618530273,223800,22.899999618530273
12/31/2018,22.329999923706055,22.329999923706055,21.299999237060547,21.84000015258789,231900,21.84000015258789
12/28/2018,22.06999969482422,22.739999771118164,21.93000030517578,22.139999389648438,266200,22.139999389648438
12/27/2018,20.979999542236328,22.06999969482422,20.93000030517578,22.040000915527344,203500,22.040000915527344
12/26/2018,20.040000915527344,21.610000610351562,19.670000076293945,21.530000686645508,344000,21.530000686645508
12/24/2018,19.459999084472656,20.829999923706055,19.1299991607666,19.940000534057617,176000,19.940000534057617
12/21/2018,21.34000015258789,21.350000381469727,19.6200008392334,19.739999771118164,1466200,19.739999771118164
12/20/2018,21.639999389648438,22.010000228881836,21.049999237060547,21.389999389648438,259900,21.389999389648438
12/19/2018,22.520000457763672,23.049999237060547,21.5,21.670000076293945,275000,21.670000076293945
12/18/2018,22.389999389648438,22.850000381469727,22.280000686645508,22.489999771118164,284700,22.489999771118164
12/17/2018,22.030000686645508,23.06999969482422,21.610000610351562,21.829999923706055,338700,21.829999923706055
12/14/2018,23.100000381469727,23.219999313354492,22.100000381469727,22.260000228881836,188100,22.260000228881836
12/13/2018,23.959999084472656,24.139999389648438,23.049999237060547,23.219999313354492,278100,23.219999313354492
12/12/2018,24.31999969482422,24.3700008392334,23.709999084472656,23.709999084472656,260700,23.709999084472656
12/11/2018,24.309999465942383,24.989999771118164,23.149999618530273,23.389999389648438,249000,23.389999389648438
12/10/2018,23.920000076293945,24.469999313354492,23.59000015258789,24.239999771118164,371900,24.239999771118164
12/7/2018,24.43000030517578,25.219999313354492,23.84000015258789,23.93000030517578,283600,23.93000030517578
12/6/2018,23.8700008392334,24.34000015258789,23.479999542236328,24.329999923706055,391000,24.329999923706055
12/4/2018,26.5,26.520000457763672,24.040000915527344,24.389999389648438,249500,24.389999389648438
12/3/2018,27.329999923706055,27.34000015258789,25.889999389648438,26.56999969482422,259900,26.56999969482422
11/30/2018,26.100000381469727,26.729999542236328,25.860000610351562,26.200000762939453,225200,26.200000762939453
11/29/2018,26.700000762939453,26.920000076293945,25.959999084472656,26.290000915527344,141300,26.290000915527344
11/28/2018,25.350000381469727,26.950000762939453,25.350000381469727,26.940000534057617,400700,26.940000534057617
11/27/2018,25.350000381469727,25.579999923706055,24.790000915527344,25.149999618530273,169700,25.149999618530273
11/26/2018,25.510000228881836,26.1299991607666,25.219999313354492,25.6299991607666,272000,25.6299991607666
11/23/2018,25.06999969482422,25.600000381469727,25.020000457763672,25.1299991607666,90400,25.1299991607666
11/21/2018,24.700000762939453,25.93000030517578,24.690000534057617,25.5,176300,25.5
11/20/2018,25.149999618530273,25.31999969482422,24.290000915527344,24.559999465942383,239800,24.559999465942383
11/19/2018,26,26.170000076293945,25.18000030517578,25.610000610351562,320300,25.610000610351562
11/16/2018,26.6299991607666,26.670000076293945,25.56999969482422,26.149999618530273,407200,26.149999618530273
11/15/2018,26.299999237060547,27.110000610351562,26.229999542236328,26.899999618530273,199900,26.899999618530273
11/14/2018,27.1200008392334,27.709999084472656,26.239999771118164,26.59000015258789,220000,26.59000015258789
11/13/2018,27.110000610351562,27.670000076293945,26.729999542236328,26.829999923706055,205600,26.829999923706055
11/12/2018,27.670000076293945,27.989999771118164,26.979999542236328,27.040000915527344,170000,27.040000915527344
11/9/2018,27.860000610351562,28.1299991607666,27.100000381469727,27.5,269300,27.5
11/8/2018,29.020000457763672,29.020000457763672,28,28.079999923706055,108200,28.079999923706055
11/7/2018,28.31999969482422,29.520000457763672,27.809999465942383,29.3799991607666,252900,29.3799991607666
11/6/2018,27.860000610351562,28.1299991607666,27.420000076293945,27.950000762939453,401900,27.950000762939453
11/5/2018,28.670000076293945,28.799999237060547,27.799999237060547,28.010000228881836,225300,28.010000228881836
11/2/2018,28.969999313354492,29.940000534057617,28.059999465942383,28.65999984741211,327300,28.65999984741211
11/1/2018,27.760000228881836,29.149999618530273,27.760000228881836,28.959999084472656,303300,28.959999084472656
10/31/2018,28.079999923706055,28.579999923706055,27.399999618530273,27.540000915527344,504400,27.540000915527344
10/30/2018,27.270000457763672,27.979999542236328,26.809999465942383,27.799999237060547,499900,27.799999237060547
10/29/2018,27.450000762939453,28.760000228881836,26.719999313354492,27.100000381469727,534000,27.100000381469727
10/26/2018,27.75,28.190000534057617,26.799999237060547,27.219999313354492,564100,27.219999313354492
10/25/2018,31.489999771118164,31.950000762939453,28.65999984741211,29.520000457763672,1094500,29.520000457763672
10/24/2018,35.290000915527344,35.38999938964844,33.31999969482422,33.349998474121094,217900,33.349998474121094
10/23/2018,35.22999954223633,35.779998779296875,34.380001068115234,35.220001220703125,302800,35.220001220703125
10/22/2018,36.33000183105469,36.66999816894531,35.650001525878906,36.060001373291016,137400,36.060001373291016
10/19/2018,36.869998931884766,37.27000045776367,35.91999816894531,36.130001068115234,148300,36.130001068115234
10/18/2018,37.43000030517578,37.939998626708984,36.68000030517578,36.77000045776367,171500,36.77000045776367
10/17/2018,38.5,38.5,37.43000030517578,37.70000076293945,190800,37.70000076293945
10/16/2018,37.369998931884766,38.72999954223633,36.90999984741211,38.63999938964844,150000,38.63999938964844
10/15/2018,37.5,37.5,35.63999938964844,37.06999969482422,239800,37.06999969482422
10/12/2018,38,38.7599983215332,37.439998626708984,37.59000015258789,273700,37.59000015258789
10/11/2018,38,38.720001220703125,36.97999954223633,37.029998779296875,311900,37.029998779296875
10/10/2018,41.189998626708984,41.189998626708984,37.97999954223633,38.09000015258789,480900,38.09000015258789
10/9/2018,42.869998931884766,42.869998931884766,41.13999938964844,41.189998626708984,165500,41.189998626708984
10/8/2018,43.22999954223633,43.540000915527344,42.54999923706055,42.849998474121094,128900,42.849998474121094
10/5/2018,45.08000183105469,45.2400016784668,43.060001373291016,43.400001525878906,206000,43.400001525878906
10/4/2018,45.849998474121094,45.849998474121094,44.779998779296875,45.189998626708984,141300,45.189998626708984
10/3/2018,45.72999954223633,46.20000076293945,45,45.84000015258789,86700,45.84000015258789
10/2/2018,46.13999938964844,46.369998931884766,45.189998626708984,45.43000030517578,157300,45.43000030517578
10/1/2018,47.36000061035156,47.68000030517578,45.9900016784668,46.20000076293945,164600,46.20000076293945
9/28/2018,47.279998779296875,47.790000915527344,46.869998931884766,47.150001525878906,194600,47.150001525878906
9/27/2018,47.88999938964844,48.16999816894531,47.22999954223633,47.29999923706055,154200,47.29999923706055
9/26/2018,48.470001220703125,48.70000076293945,47.68000030517578,47.79999923706055,155300,47.79999923706055
9/25/2018,49.220001220703125,49.220001220703125,48.34000015258789,48.529998779296875,149400,48.529998779296875
9/24/2018,49.54999923706055,49.66999816894531,48.5,49,130500,49
9/21/2018,50,50.20000076293945,49.560001373291016,49.7400016784668,364000,49.7400016784668
9/20/2018,48.130001068115234,50,48.130001068115234,49.97999954223633,331000,49.97999954223633
9/19/2018,46.97999954223633,47.880001068115234,46.959999084472656,47.7599983215332,181000,47.7599983215332
9/18/2018,47.099998474121094,47.41999816894531,46.529998779296875,47,130200,47
9/17/2018,47.63999938964844,47.68000030517578,46.7400016784668,46.88999938964844,118800,46.88999938964844
9/14/2018,47.63999938964844,47.84000015258789,47.130001068115234,47.56999969482422,124300,47.56999969482422
9/13/2018,47.08000183105469,47.900001525878906,46.869998931884766,47.630001068115234,89500,47.630001068115234
9/12/2018,46.93000030517578,46.939998626708984,46.209999084472656,46.779998779296875,109700,46.779998779296875
9/11/2018,46.25,47.119998931884766,46.130001068115234,46.90999984741211,195800,46.90999984741211
9/10/2018,47.06999969482422,47.33000183105469,46.29999923706055,46.369998931884766,70900,46.369998931884766
9/7/2018,46.08000183105469,46.939998626708984,45.5099983215332,46.86000061035156,125800,46.86000061035156
9/6/2018,46.06999969482422,46.790000915527344,45.72999954223633,46.220001220703125,149300,46.220001220703125
9/5/2018,45.88999938964844,46.15999984741211,45.43000030517578,46.09000015258789,80800,46.09000015258789
9/4/2018,46.650001525878906,46.7599983215332,45.7599983215332,46.0099983215332,125000,46.0099983215332
8/31/2018,46.65999984741211,47.04999923706055,46.36000061035156,47.029998779296875,99000,47.029998779296875
8/30/2018,47.540000915527344,47.58000183105469,46.779998779296875,46.90999984741211,80300,46.90999984741211
8/29/2018,47.79999923706055,48,47.2599983215332,47.65999984741211,112900,47.65999984741211
8/28/2018,49.36000061035156,49.599998474121094,47.72999954223633,47.77000045776367,97700,47.77000045776367
8/27/2018,48.279998779296875,49.47999954223633,48.279998779296875,49.2599983215332,142800,49.2599983215332
8/24/2018,46.72999954223633,48.2400016784668,46.72999954223633,48.150001525878906,203800,48.150001525878906
8/23/2018,47.040000915527344,47.310001373291016,46.5,46.529998779296875,90400,46.529998779296875
8/22/2018,46.41999816894531,47.31999969482422,46.0099983215332,47.25,123100,47.25
8/21/2018,46.38999938964844,46.88999938964844,46.36000061035156,46.41999816894531,167000,46.41999816894531
8/20/2018,46.220001220703125,46.880001068115234,46.16999816894531,46.279998779296875,147300,46.279998779296875
8/17/2018,45.689998626708984,46.25,45.34000015258789,46.13999938964844,119600,46.13999938964844
8/16/2018,45.880001068115234,46.25,45.650001525878906,45.83000183105469,149800,45.83000183105469
8/15/2018,46.93000030517578,46.93000030517578,44.959999084472656,45.560001373291016,121000,45.560001373291016
8/14/2018,46.7400016784668,47.31999969482422,46.439998626708984,47.13999938964844,71100,47.13999938964844
8/13/2018,48.18000030517578,48.34000015258789,46.40999984741211,46.5099983215332,95800,46.5099983215332
8/10/2018,48.439998626708984,48.61000061035156,47.439998626708984,48.16999816894531,131800,48.16999816894531
8/9/2018,48.790000915527344,49.459999084472656,48.7599983215332,48.849998474121094,109100,48.849998474121094
8/8/2018,48.529998779296875,49.060001373291016,48.15999984741211,48.790000915527344,116400,48.790000915527344
8/7/2018,47.68000030517578,48.959999084472656,47.68000030517578,48.439998626708984,66100,48.439998626708984
8/6/2018,47.68000030517578,48.43000030517578,47.290000915527344,48.15999984741211,69300,48.15999984741211
8/3/2018,48.369998931884766,49.040000915527344,47.650001525878906,47.810001373291016,72100,47.810001373291016
8/2/2018,48.439998626708984,48.58000183105469,47.849998474121094,48.29999923706055,141500,48.29999923706055
8/1/2018,48.130001068115234,48.900001525878906,48.130001068115234,48.81999969482422,275100,48.81999969482422
7/31/2018,45.83000183105469,48.220001220703125,45.720001220703125,48.09000015258789,280900,48.09000015258789
7/30/2018,47.75,48,45.90999984741211,46.06999969482422,295600,46.06999969482422
7/27/2018,48.08000183105469,49.029998779296875,46.900001525878906,47.4900016784668,179000,47.4900016784668
7/26/2018,45.2400016784668,48.68000030517578,44,47.779998779296875,387700,47.779998779296875
7/25/2018,46.15999984741211,46.54999923706055,44.97999954223633,46.41999816894531,171200,46.41999816894531
7/24/2018,47.459999084472656,48.68000030517578,45.97999954223633,46.290000915527344,226800,46.290000915527344
7/23/2018,48.06999969482422,48.06999969482422,46.709999084472656,46.7400016784668,212200,46.7400016784668
7/20/2018,49.099998474121094,49.099998474121094,48.189998626708984,48.2400016784668,81900,48.2400016784668
7/19/2018,48.70000076293945,49.34000015258789,48.290000915527344,49.130001068115234,149800,49.130001068115234
7/18/2018,48.290000915527344,49.13999938964844,48.290000915527344,49.130001068115234,196300,49.130001068115234
7/17/2018,47.279998779296875,48.470001220703125,47.2599983215332,48.369998931884766,141600,48.369998931884766
7/16/2018,47.9900016784668,48.459999084472656,47.0099983215332,47.45000076293945,112900,47.45000076293945
7/13/2018,47.290000915527344,48.2400016784668,47.18000030517578,47.900001525878906,118200,47.900001525878906
7/12/2018,47.72999954223633,47.72999954223633,46.63999938964844,47.29999923706055,107800,47.29999923706055
7/11/2018,48.25,48.5099983215332,47.2599983215332,47.290000915527344,123100,47.290000915527344
7/10/2018,48.06999969482422,48.720001220703125,47.79999923706055,48.619998931884766,118700,48.619998931884766
7/9/2018,47.11000061035156,48.029998779296875,46.9900016784668,48,147700,48
7/6/2018,46.150001525878906,46.86000061035156,45.900001525878906,46.81999969482422,96500,46.81999969482422
7/5/2018,46.060001373291016,46.22999954223633,45.40999984741211,46.18000030517578,121300,46.18000030517578
7/3/2018,45.880001068115234,46.25,45.470001220703125,45.650001525878906,79900,45.650001525878906
7/2/2018,46.099998474121094,46.15999984741211,44.369998931884766,45.41999816894531,233100,45.41999816894531
6/29/2018,46,46.849998474121094,45.900001525878906,46.13999938964844,208400,46.13999938964844
6/28/2018,45.83000183105469,45.88999938964844,44.86000061035156,45.720001220703125,127300,45.720001220703125
6/27/2018,46.16999816894531,46.75,45.54999923706055,45.66999816894531,142000,45.66999816894531
6/26/2018,45.7599983215332,46.11000061035156,44.880001068115234,45.939998626708984,230900,45.939998626708984
6/25/2018,47.22999954223633,47.439998626708984,45.380001068115234,45.630001068115234,171500,45.630001068115234
6/22/2018,47.41999816894531,48.08000183105469,47.06999969482422,47.7599983215332,488300,47.7599983215332
6/21/2018,48.22999954223633,48.22999954223633,46.91999816894531,47.13999938964844,136300,47.13999938964844
6/20/2018,48.47999954223633,48.5099983215332,47.97999954223633,48.38999938964844,150200,48.38999938964844
6/19/2018,47.599998474121094,48.2400016784668,46.63999938964844,48.16999816894531,239700,48.16999816894531
6/18/2018,47.959999084472656,48.36000061035156,47.689998626708984,48.310001373291016,90500,48.310001373291016
6/15/2018,48.04999923706055,48.34000015258789,47.310001373291016,48.310001373291016,262500,48.310001373291016
6/14/2018,49.709999084472656,49.9900016784668,47.189998626708984,48.11000061035156,241000,48.11000061035156
6/13/2018,49.970001220703125,50.2400016784668,49.150001525878906,49.560001373291016,183000,49.560001373291016
6/12/2018,50.880001068115234,51.33000183105469,49.7599983215332,49.9900016784668,140000,49.9900016784668
6/11/2018,50.209999084472656,51.099998474121094,50.029998779296875,50.90999984741211,133900,50.90999984741211
6/8/2018,49.7400016784668,50.45000076293945,49.7400016784668,50.02000045776367,100500,50.02000045776367
6/7/2018,49.970001220703125,50.369998931884766,49.380001068115234,49.779998779296875,85600,49.779998779296875
6/6/2018,49.18000030517578,49.90999984741211,48.810001373291016,49.90999984741211,117200,49.90999984741211
6/5/2018,48.59000015258789,49.16999816894531,48.400001525878906,49.06999969482422,136300,49.06999969482422
6/4/2018,49.130001068115234,49.29999923706055,48.08000183105469,48.59000015258789,171800,48.59000015258789
6/1/2018,49,49.380001068115234,48.7599983215332,48.970001220703125,161100,48.970001220703125
5/31/2018,49.29999923706055,49.369998931884766,48.4900016784668,48.52000045776367,180300,48.52000045776367
5/30/2018,49.540000915527344,50.09000015258789,49.16999816894531,49.349998474121094,133100,49.349998474121094
5/29/2018,48.380001068115234,49.40999984741211,48.380001068115234,49.11000061035156,153000,49.11000061035156
5/25/2018,48.810001373291016,49.02000045776367,48.20000076293945,48.72999954223633,122800,48.72999954223633
5/24/2018,49.38999938964844,49.599998474121094,48.72999954223633,49.08000183105469,177100,49.08000183105469
5/23/2018,49.22999954223633,49.7599983215332,48.779998779296875,49.34000015258789,136700,49.34000015258789
5/22/2018,50.560001373291016,50.93000030517578,49.66999816894531,49.72999954223633,130100,49.72999954223633
5/21/2018,50.36000061035156,51.11000061035156,50.15999984741211,50.59000015258789,185100,50.59000015258789
5/18/2018,49.08000183105469,50.27000045776367,49.08000183105469,50.08000183105469,163900,50.08000183105469
5/17/2018,48.15999984741211,49.11000061035156,48.15999984741211,48.95000076293945,193700,48.95000076293945
5/16/2018,46.86000061035156,48.2400016784668,46.86000061035156,48.029998779296875,237100,48.029998779296875
5/15/2018,46.5,46.970001220703125,46.29999923706055,46.720001220703125,180000,46.720001220703125
5/14/2018,47.34000015258789,47.56999969482422,46.59000015258789,46.97999954223633,171300,46.97999954223633
5/11/2018,47.779998779296875,47.97999954223633,46.880001068115234,47.06999969482422,109600,47.06999969482422
5/10/2018,47.2599983215332,47.7400016784668,46.88999938964844,47.56999969482422,127800,47.56999969482422
5/9/2018,47.72999954223633,47.959999084472656,46.66999816894531,46.97999954223633,256900,46.97999954223633
5/8/2018,47.08000183105469,47.88999938964844,47.08000183105469,47.45000076293945,255100,47.45000076293945
5/7/2018,47.029998779296875,47.45000076293945,46.45000076293945,47.130001068115234,301800,47.130001068115234
5/4/2018,45.900001525878906,47.189998626708984,45.61000061035156,47.02000045776367,238700,47.02000045776367
5/3/2018,46.0099983215332,46.380001068115234,45.40999984741211,46.119998931884766,177700,46.119998931884766
5/2/2018,44.810001373291016,46.790000915527344,44.54999923706055,46.220001220703125,296700,46.220001220703125
5/1/2018,45.279998779296875,45.279998779296875,44.25,44.83000183105469,214200,44.83000183105469
4/30/2018,46.70000076293945,47.220001220703125,45.560001373291016,45.66999816894531,241300,45.66999816894531
4/27/2018,48.369998931884766,48.61000061035156,46.27000045776367,46.70000076293945,342400,46.70000076293945
4/26/2018,49.029998779296875,52.029998779296875,47.779998779296875,48.20000076293945,530200,48.20000076293945
4/25/2018,50.540000915527344,50.540000915527344,49.720001220703125,49.900001525878906,312100,49.900001525878906
4/24/2018,51.90999984741211,52.31999969482422,50.09000015258789,50.560001373291016,160600,50.560001373291016
4/23/2018,51.81999969482422,52.31999969482422,51.40999984741211,51.849998474121094,190900,51.849998474121094
4/20/2018,52.45000076293945,52.75,51.27000045776367,51.68000030517578,271700,51.68000030517578
4/19/2018,52.790000915527344,53.9900016784668,52.02000045776367,52.7599983215332,144200,52.7599983215332
4/18/2018,52.290000915527344,53.11000061035156,52,52.810001373291016,216600,52.810001373291016
4/17/2018,51.459999084472656,52.209999084472656,51.22999954223633,51.97999954223633,307000,51.97999954223633
4/16/2018,51,51.43000030517578,50.47999954223633,50.97999954223633,163800,50.97999954223633
4/13/2018,50.66999816894531,50.66999816894531,49.61000061035156,50.58000183105469,217800,50.58000183105469
4/12/2018,50.310001373291016,50.959999084472656,49.849998474121094,50.20000076293945,252100,50.20000076293945
4/11/2018,49.79999923706055,50.130001068115234,49.290000915527344,50.119998931884766,178000,50.119998931884766
4/10/2018,49.400001525878906,50.2599983215332,48.790000915527344,50.09000015258789,196100,50.09000015258789
4/9/2018,48.58000183105469,49.220001220703125,47.7400016784668,48.54999923706055,166800,48.54999923706055
4/6/2018,49.040000915527344,50.0099983215332,47.7599983215332,48.029998779296875,249800,48.029998779296875
4/5/2018,48.150001525878906,49.68000030517578,48.150001525878906,49.459999084472656,314600,49.459999084472656
4/4/2018,45.58000183105469,47.93000030517578,44.97999954223633,47.779998779296875,235700,47.779998779296875
4/3/2018,46.13999938964844,46.68000030517578,45.59000015258789,46.380001068115234,263200,46.380001068115234
4/2/2018,47.52000045776367,48,45.06999969482422,45.970001220703125,253000,45.970001220703125
3/29/2018,47.15999984741211,48.16999816894531,46.79999923706055,47.709999084472656,464100,47.709999084472656
3/28/2018,47.630001068115234,47.97999954223633,46.540000915527344,46.81999969482422,297700,46.81999969482422
3/27/2018,48.650001525878906,48.650001525878906,47.13999938964844,47.369998931884766,196600,47.369998931884766
3/26/2018,47.83000183105469,48.4900016784668,46.9900016784668,48.380001068115234,169200,48.380001068115234
3/23/2018,48.27000045776367,48.849998474121094,46.900001525878906,46.90999984741211,250400,46.90999984741211
3/22/2018,48.40999984741211,49.439998626708984,47.61000061035156,48.02000045776367,200300,48.02000045776367
3/21/2018,49.31999969482422,50.130001068115234,48.68000030517578,49.02000045776367,293900,49.02000045776367
3/20/2018,47.83000183105469,49.290000915527344,47.709999084472656,49.27000045776367,478700,49.27000045776367
3/19/2018,46.59000015258789,47.619998931884766,46.29999923706055,47.54999923706055,276700,47.54999923706055
3/16/2018,46.29999923706055,47.04999923706055,45.2599983215332,46.939998626708984,399100,46.939998626708984
3/15/2018,46.540000915527344,46.61000061035156,45.75,46.279998779296875,172600,46.279998779296875
3/14/2018,47.880001068115234,47.880001068115234,46.25,46.439998626708984,277000,46.439998626708984
3/13/2018,47.04999923706055,47.88999938964844,47.04999923706055,47.529998779296875,253100,47.529998779296875
3/12/2018,46.310001373291016,47.279998779296875,46.310001373291016,46.75,180800,46.75
3/9/2018,45.459999084472656,46.349998474121094,44.880001068115234,46.31999969482422,222100,46.31999969482422
3/8/2018,45.81999969482422,46.08000183105469,44.810001373291016,45.11000061035156,215400,45.11000061035156
3/7/2018,44.790000915527344,46.47999954223633,44.77000045776367,45.790000915527344,323900,45.790000915527344
3/6/2018,44.86000061035156,45.75,43.880001068115234,45.2599983215332,346400,45.2599983215332
3/5/2018,44.83000183105469,45.2599983215332,44.060001373291016,44.599998474121094,343700,44.599998474121094
3/2/2018,42.11000061035156,45.400001525878906,41.9900016784668,45.279998779296875,478000,45.279998779296875
3/1/2018,42.34000015258789,43.560001373291016,42.099998474121094,42.439998626708984,310200,42.439998626708984
2/28/2018,44.4900016784668,44.849998474121094,42.36000061035156,42.40999984741211,491600,42.40999984741211
2/27/2018,44.900001525878906,45.61000061035156,44.400001525878906,44.470001220703125,297500,44.470001220703125
2/26/2018,46.220001220703125,46.25,44.90999984741211,45.060001373291016,365100,45.060001373291016
2/23/2018,44.209999084472656,46.18000030517578,44.0099983215332,45.91999816894531,399000,45.91999816894531
2/22/2018,43.4900016784668,45.84000015258789,43.16999816894531,43.709999084472656,607700,43.709999084472656
2/21/2018,49.04999923706055,49.310001373291016,42.29999923706055,43.099998474121094,1496800,43.099998474121094
2/20/2018,49.439998626708984,51.029998779296875,49.40999984741211,50.790000915527344,345000,50.790000915527344
2/16/2018,49.869998931884766,50.20000076293945,49.20000076293945,49.849998474121094,326500,49.849998474121094
2/15/2018,50.45000076293945,50.45000076293945,49.45000076293945,50.11000061035156,190300,50.11000061035156
2/14/2018,48.31999969482422,50.400001525878906,48.31999969482422,49.9900016784668,215300,49.9900016784668
2/13/2018,47.599998474121094,49.08000183105469,47.599998474121094,48.790000915527344,160500,48.790000915527344
2/12/2018,47.13999938964844,48.11000061035156,46.779998779296875,47.88999938964844,227500,47.88999938964844
2/9/2018,46.56999969482422,47.099998474121094,44.540000915527344,46.59000015258789,244400,46.59000015258789
2/8/2018,47.86000061035156,48.779998779296875,45.7599983215332,45.779998779296875,361900,45.779998779296875
2/7/2018,46.7400016784668,48.56999969482422,46.150001525878906,47.939998626708984,254400,47.939998626708984
2/6/2018,44.09000015258789,47.45000076293945,44.04999923706055,47.119998931884766,338400,47.119998931884766
2/5/2018,47.5,48.79999923706055,45.209999084472656,45.5,435700,45.5
2/2/2018,50.90999984741211,51.06999969482422,48.0099983215332,48.060001373291016,464000,48.060001373291016
2/1/2018,50.060001373291016,51.7400016784668,49.849998474121094,51.33000183105469,297100,51.33000183105469
1/31/2018,50.68000030517578,50.75,49.970001220703125,50.2599983215332,192100,50.2599983215332
1/30/2018,50.77000045776367,50.810001373291016,50.029998779296875,50.369998931884766,172000,50.369998931884766
1/29/2018,52.18000030517578,52.18000030517578,51.09000015258789,51.15999984741211,155500,51.15999984741211
1/26/2018,52.38999938964844,52.83000183105469,51.68000030517578,52.18000030517578,210200,52.18000030517578
1/25/2018,51.20000076293945,52.099998474121094,50.779998779296875,52.09000015258789,249100,52.09000015258789
1/24/2018,50.95000076293945,51.63999938964844,50.5,50.790000915527344,115800,50.790000915527344
1/23/2018,50.790000915527344,51.11000061035156,49.849998474121094,50.900001525878906,118000,50.900001525878906
1/22/2018,50.61000061035156,51.18000030517578,50.31999969482422,50.88999938964844,116100,50.88999938964844
1/19/2018,49.66999816894531,50.83000183105469,49.40999984741211,50.810001373291016,161900,50.810001373291016
1/18/2018,50.720001220703125,51.16999816894531,49.720001220703125,49.86000061035156,182000,49.86000061035156
1/17/2018,50.66999816894531,51.22999954223633,50.220001220703125,51.04999923706055,180600,51.04999923706055
1/16/2018,52.189998626708984,52.4900016784668,49.72999954223633,50.31999969482422,270300,50.31999969482422
11/6/2017,50.09000015258789,51.22999954223633,49.95000076293945,50.7400016784668,332600,50.7400016784668
11/3/2017,49.33000183105469,50.04999923706055,48.81999969482422,49.88999938964844,352600,49.88999938964844
11/2/2017,49.5099983215332,49.7400016784668,48.75,49.349998474121094,241600,49.349998474121094
11/1/2017,49.5,50.13999938964844,48.79999923706055,49.34000015258789,490700,49.34000015258789
