4/22/2019,60.459999084472656,61.279998779296875,60.07500076293945,60.25,1133600,60.25
4/18/2019,60.27000045776367,61.11000061035156,59.400001525878906,60.75,1136100,60.75
4/17/2019,61.36000061035156,61.61000061035156,60.11000061035156,60.13999938964844,1108100,60.13999938964844
4/16/2019,61.2400016784668,61.54999923706055,59.95000076293945,60.72999954223633,1298400,60.72999954223633
4/15/2019,60.540000915527344,60.83000183105469,59.77000045776367,60.72999954223633,948600,60.72999954223633
4/12/2019,60.060001373291016,61,59.529998779296875,60.650001525878906,1534100,60.650001525878906
4/11/2019,59.79999923706055,60.150001525878906,58.599998474121094,58.88999938964844,881300,58.88999938964844
4/10/2019,59.189998626708984,60.07099914550781,58.5,59.88999938964844,997300,59.88999938964844
4/9/2019,59.11000061035156,59.38999938964844,58.59000015258789,59.04999923706055,1283400,59.04999923706055
4/8/2019,58.400001525878906,59.119998931884766,57.54999923706055,59.11000061035156,1057700,59.11000061035156
4/5/2019,59.13999938964844,59.72999954223633,58.54999923706055,58.709999084472656,996200,58.709999084472656
4/4/2019,58.79999923706055,59.10499954223633,57.7400016784668,59.04999923706055,976800,59.04999923706055
4/3/2019,58.04999923706055,59.58000183105469,57.95100021362305,58.59000015258789,2027000,58.59000015258789
4/2/2019,57.4900016784668,58.20000076293945,56.5,57.900001525878906,1506700,57.900001525878906
4/1/2019,57.060001373291016,57.97999954223633,56.7599983215332,57.599998474121094,1933000,57.599998474121094
3/29/2019,55.939998626708984,56.95000076293945,55.61000061035156,56.540000915527344,3242100,56.540000915527344
3/28/2019,54.970001220703125,55.75,54.04999923706055,55.16999816894531,1508200,55.16999816894531
3/27/2019,55,56.18000030517578,53.939998626708984,54.880001068115234,2083700,54.880001068115234
3/26/2019,52.7599983215332,53.84000015258789,52.130001068115234,53.40999984741211,1401300,53.40999984741211
3/25/2019,52.58000183105469,53.20000076293945,51.2599983215332,51.900001525878906,1962000,51.900001525878906
3/22/2019,53.86000061035156,54.34000015258789,51.84000015258789,52.84000015258789,2942300,52.84000015258789
3/21/2019,49.65999984741211,52.209999084472656,49.46500015258789,52.099998474121094,2007600,52.099998474121094
3/20/2019,51.34000015258789,51.4900016784668,49.599998474121094,49.65999984741211,1584400,49.65999984741211
3/19/2019,52.79999923706055,53.099998474121094,50.880001068115234,51.2400016784668,1391400,51.2400016784668
3/18/2019,53.380001068115234,53.95000076293945,51.880001068115234,52.68000030517578,2050400,52.68000030517578
3/15/2019,51.70000076293945,53.65999984741211,51.505001068115234,53.5,2851900,53.5
3/14/2019,51.65999984741211,51.959999084472656,50.95000076293945,51.369998931884766,1527900,51.369998931884766
3/13/2019,50.970001220703125,51.7400016784668,50.810001373291016,51.5,2158800,51.5
3/12/2019,49.619998931884766,50.599998474121094,49.099998474121094,50.04999923706055,1396300,50.04999923706055
3/11/2019,47.34000015258789,49.560001373291016,47.13999938964844,49.560001373291016,1528200,49.560001373291016
3/8/2019,45.70000076293945,46.900001525878906,45.16999816894531,46.86000061035156,1771200,46.86000061035156
3/7/2019,46.900001525878906,47.34000015258789,45.959999084472656,46.33000183105469,1228000,46.33000183105469
3/6/2019,47.95000076293945,48.380001068115234,46.29999923706055,46.88999938964844,1649500,46.88999938964844
3/5/2019,50.68000030517578,51.08000183105469,47.5,47.810001373291016,1987600,47.810001373291016
3/4/2019,51.25,51.60300064086914,50.02000045776367,50.7599983215332,1351700,50.7599983215332
3/1/2019,50.31999969482422,51.72999954223633,49.970001220703125,50.0099983215332,1187700,50.0099983215332
2/28/2019,50.43000030517578,50.599998474121094,49.68000030517578,49.75,933600,49.75
2/27/2019,50.619998931884766,50.849998474121094,49.72999954223633,50.61000061035156,966100,50.61000061035156
2/26/2019,51,52.06999969482422,50.70000076293945,50.84000015258789,1801500,50.84000015258789
2/25/2019,51,52.119998931884766,50.90999984741211,51.2400016784668,1677200,51.2400016784668
2/22/2019,47.81999969482422,50.790000915527344,47.529998779296875,50.61000061035156,2033200,50.61000061035156
2/21/2019,48.029998779296875,48.71500015258789,47.099998474121094,47.529998779296875,996000,47.529998779296875
2/20/2019,46.88999938964844,48.650001525878906,46.88999938964844,48.06999969482422,1420100,48.06999969482422
2/19/2019,46.47999954223633,47.2400016784668,46.279998779296875,46.88999938964844,1233100,46.88999938964844
2/15/2019,45.95000076293945,46.7400016784668,45.47999954223633,46.650001525878906,1246100,46.650001525878906
2/14/2019,45.54999923706055,46.220001220703125,45.220001220703125,45.75,1599000,45.75
2/13/2019,44.81999969482422,46.209999084472656,44.66999816894531,45.52000045776367,1765600,45.52000045776367
2/12/2019,44.5099983215332,45.84000015258789,43.779998779296875,44.439998626708984,2339300,44.439998626708984
2/11/2019,42.58000183105469,44.31999969482422,41.70000076293945,44.25,2378900,44.25
2/8/2019,42.18000030517578,42.720001220703125,41.099998474121094,42.33000183105469,2471300,42.33000183105469
2/7/2019,46.08000183105469,46.20000076293945,42.06999969482422,42.709999084472656,3742900,42.709999084472656
2/6/2019,47.720001220703125,48.25,46.369998931884766,46.75,1886700,46.75
2/5/2019,48.58000183105469,48.900001525878906,46.34000015258789,47.25,3669700,47.25
2/4/2019,50.04999923706055,50.84000015258789,49.34000015258789,49.63999938964844,2219100,49.63999938964844
2/1/2019,49.150001525878906,51.09000015258789,48.650001525878906,49.91999816894531,2394600,49.91999816894531
1/31/2019,47.33000183105469,49.310001373291016,47.099998474121094,48.90999984741211,1922400,48.90999984741211
1/30/2019,45.77000045776367,47.33000183105469,44.900001525878906,46.84000015258789,1949700,46.84000015258789
1/29/2019,47.290000915527344,47.529998779296875,44.29999923706055,44.36000061035156,1659400,44.36000061035156
1/28/2019,48.099998474121094,48.97999954223633,46.71500015258789,47.310001373291016,1292300,47.310001373291016
1/25/2019,48.2599983215332,49.15999984741211,48.08000183105469,49.040000915527344,928200,49.040000915527344
1/24/2019,46.18000030517578,47.779998779296875,46.15999984741211,47.7400016784668,1067300,47.7400016784668
1/23/2019,45.5,46.13999938964844,45.2599983215332,46,934500,46
1/22/2019,46.88999938964844,47,45.029998779296875,45.33000183105469,847700,45.33000183105469
1/18/2019,46,47.31999969482422,45.61000061035156,47.029998779296875,1330200,47.029998779296875
1/17/2019,45.59000015258789,46.459999084472656,45.400001525878906,46,1115400,46
1/16/2019,45.93000030517578,46.25,45.45000076293945,45.689998626708984,906300,45.689998626708984
1/15/2019,45.529998779296875,46.2599983215332,45.20000076293945,45.90999984741211,1273900,45.90999984741211
1/14/2019,45.38999938964844,45.709999084472656,44.33000183105469,45.349998474121094,967900,45.349998474121094
1/11/2019,44.83000183105469,45.93000030517578,44.560001373291016,45.72999954223633,966800,45.72999954223633
1/10/2019,44.59000015258789,45.959999084472656,44.31999969482422,45.09000015258789,1155200,45.09000015258789
1/9/2019,43.5,45.439998626708984,43.400001525878906,44.75,1614400,44.75
1/8/2019,42.900001525878906,43.77000045776367,42.25,43.459999084472656,1137500,43.459999084472656
1/7/2019,41.84000015258789,42.25,40.90999984741211,42.22999954223633,1214200,42.22999954223633
1/4/2019,39.93000030517578,41.90999984741211,39.70000076293945,41.790000915527344,1426900,41.790000915527344
1/3/2019,39.095001220703125,40.40999984741211,38.72999954223633,39.0099983215332,2441800,39.0099983215332
1/2/2019,41.279998779296875,43.18000030517578,40.58000183105469,42.59000015258789,1125100,42.59000015258789
12/31/2018,42,42.25,40.790000915527344,42.0099983215332,943500,42.0099983215332
12/28/2018,41,42.41999816894531,40.2400016784668,41.56999969482422,1396700,41.56999969482422
12/27/2018,39.41999816894531,40.7599983215332,38.70000076293945,40.66999816894531,1219300,40.66999816894531
12/26/2018,37.95000076293945,40.13999938964844,37.5,40.099998474121094,1534500,40.099998474121094
12/24/2018,37.66999816894531,38.595001220703125,37.310001373291016,37.54999923706055,768900,37.54999923706055
12/21/2018,40.849998474121094,41.31999969482422,37.310001373291016,37.97999954223633,2665700,37.97999954223633
12/20/2018,41.099998474121094,42.52000045776367,40.09000015258789,40.83000183105469,1568300,40.83000183105469
12/19/2018,41.939998626708984,43.310001373291016,41.279998779296875,41.720001220703125,1253500,41.720001220703125
12/18/2018,43.34000015258789,43.84000015258789,41.869998931884766,42.220001220703125,1618500,42.220001220703125
12/17/2018,43.470001220703125,44.40999984741211,42.27000045776367,42.83000183105469,1608100,42.83000183105469
12/14/2018,43.59000015258789,44.54999923706055,43.279998779296875,43.459999084472656,1332500,43.459999084472656
12/13/2018,45.650001525878906,45.720001220703125,43.33000183105469,43.86000061035156,1275000,43.86000061035156
12/12/2018,45,45.45000076293945,44.060001373291016,44.86000061035156,1812700,44.86000061035156
12/11/2018,44.290000915527344,45.47999954223633,43.38999938964844,44.16999816894531,3544500,44.16999816894531
12/10/2018,41.79999923706055,43.790000915527344,40.63999938964844,43.400001525878906,3003100,43.400001525878906
12/7/2018,44.209999084472656,44.90999984741211,41.189998626708984,41.90999984741211,2138100,41.90999984741211
12/6/2018,43.0099983215332,45.099998474121094,42.400001525878906,44.72999954223633,3288600,44.72999954223633
12/4/2018,46.849998474121094,47.2599983215332,44.529998779296875,45.119998931884766,1772200,45.119998931884766
12/3/2018,47,47.93000030517578,46,47.77000045776367,2324400,47.77000045776367
11/30/2018,44.060001373291016,44.599998474121094,43.36000061035156,44.470001220703125,1185500,44.470001220703125
11/29/2018,44.099998474121094,44.900001525878906,43.369998931884766,44.38999938964844,1591700,44.38999938964844
11/28/2018,43.599998474121094,44.2400016784668,42.34000015258789,44.209999084472656,1513800,44.209999084472656
11/27/2018,42.599998474121094,43.880001068115234,41.81999969482422,42.810001373291016,1630700,42.810001373291016
11/26/2018,41,43.22999954223633,40.439998626708984,43.060001373291016,2629600,43.060001373291016
11/23/2018,39.650001525878906,40.4900016784668,39.560001373291016,39.849998474121094,740000,39.849998474121094
11/21/2018,41.13999938964844,41.46699905395508,40.099998474121094,40.279998779296875,1414300,40.279998779296875
11/20/2018,37.599998474121094,41.130001068115234,37.290000915527344,39.93000030517578,1436200,39.93000030517578
11/19/2018,40.38999938964844,40.5,38.119998931884766,39.439998626708984,2077300,39.439998626708984
11/16/2018,40.720001220703125,42.25,40.2599983215332,41.52000045776367,1824300,41.52000045776367
11/15/2018,38.869998931884766,41.099998474121094,38.849998474121094,41.08000183105469,2517000,41.08000183105469
11/14/2018,39.20000076293945,39.869998931884766,38.41999816894531,38.849998474121094,3078400,38.849998474121094
11/13/2018,37.959999084472656,41.09000015258789,37.75,38.95000076293945,8365900,38.95000076293945
11/12/2018,44.02000045776367,44.439998626708984,37,37.5,17787600,37.5
11/9/2018,58.290000915527344,58.400001525878906,55.2400016784668,55.95000076293945,2286300,55.95000076293945
11/8/2018,56.95000076293945,58.88999938964844,56.70000076293945,58.31999969482422,1272400,58.31999969482422
11/7/2018,55.4900016784668,57.470001220703125,55.09000015258789,56.91999816894531,1085000,56.91999816894531
11/6/2018,53.529998779296875,56.040000915527344,53.380001068115234,55.099998474121094,1635400,55.099998474121094
11/5/2018,52.619998931884766,53.560001373291016,51.349998474121094,53.369998931884766,1745800,53.369998931884766
11/2/2018,55.2400016784668,56.15999984741211,51.65999984741211,52.34000015258789,3449900,52.34000015258789
11/1/2018,56.36000061035156,58.33000183105469,54.33000183105469,56.31999969482422,4952000,56.31999969482422
10/31/2018,55.95000076293945,56.5,54.5,54.650001525878906,2262300,54.650001525878906
10/30/2018,52.900001525878906,54.83000183105469,52.5,54.779998779296875,1179700,54.779998779296875
10/29/2018,56.77000045776367,57.189998626708984,52.099998474121094,53.040000915527344,1457500,53.040000915527344
10/26/2018,54.029998779296875,56.630001068115234,54.029998779296875,55.52000045776367,1402300,55.52000045776367
10/25/2018,53.849998474121094,56.540000915527344,53.5099983215332,55.529998779296875,1738000,55.529998779296875
10/24/2018,58.27000045776367,58.27000045776367,53.439998626708984,53.45000076293945,2184700,53.45000076293945
10/23/2018,56,58.779998779296875,54.040000915527344,57.84000015258789,2911400,57.84000015258789
10/22/2018,62.209999084472656,63.95000076293945,57.20000076293945,59.11000061035156,3491100,59.11000061035156
10/19/2018,62.59000015258789,63.470001220703125,61.63999938964844,62.08000183105469,1351600,62.08000183105469
10/18/2018,61.9900016784668,63.34000015258789,61.599998474121094,62.220001220703125,1126100,62.220001220703125
10/17/2018,62.220001220703125,63.310001373291016,61.060001373291016,62.36000061035156,1293300,62.36000061035156
10/16/2018,58.63999938964844,62.560001373291016,58.619998931884766,61.93000030517578,1546400,61.93000030517578
10/15/2018,57.75,59.119998931884766,57.09000015258789,58.439998626708984,786500,58.439998626708984
10/12/2018,59.099998474121094,59.900001525878906,57.099998474121094,58.29999923706055,1487100,58.29999923706055
10/11/2018,56.869998931884766,58.7599983215332,56,56.939998626708984,1953800,56.939998626708984
10/10/2018,57.25,57.45000076293945,55.404998779296875,55.58000183105469,2440000,55.58000183105469
10/9/2018,55.66999816894531,57.52000045776367,55.4900016784668,57.2599983215332,1266400,57.2599983215332
10/8/2018,54.97999954223633,56.47999954223633,54.29999923706055,55.9900016784668,1996600,55.9900016784668
10/5/2018,58.900001525878906,58.900001525878906,53.63999938964844,54.91999816894531,3153800,54.91999816894531
10/4/2018,60.83000183105469,61,58.790000915527344,59.36000061035156,1134200,59.36000061035156
10/3/2018,60.439998626708984,61.83000183105469,60.04999923706055,61.15999984741211,668900,61.15999984741211
10/2/2018,60.150001525878906,61.349998474121094,59.88999938964844,60.209999084472656,851200,60.209999084472656
10/1/2018,60.599998474121094,60.63999938964844,59.849998474121094,60.13999938964844,1046400,60.13999938964844
9/28/2018,60.849998474121094,61.25,59.150001525878906,59.95000076293945,1535800,59.95000076293945
9/27/2018,60.900001525878906,61.849998474121094,60.400001525878906,61.25,705500,61.25
9/26/2018,62.849998474121094,63.04999923706055,60.7599983215332,61.25,1116300,61.25
9/25/2018,62.45000076293945,63.099998474121094,61.79999923706055,62.599998474121094,743400,62.599998474121094
9/24/2018,61.400001525878906,62.45000076293945,61.04999923706055,62.150001525878906,819900,62.150001525878906
9/21/2018,63.150001525878906,63.45000076293945,61.150001525878906,61.5,1218600,61.5
9/20/2018,60.54999923706055,63.25,60.32500076293945,63.150001525878906,1666600,63.150001525878906
9/19/2018,60.75,61,59.650001525878906,60.25,710800,60.25
9/18/2018,60.900001525878906,61.599998474121094,60.04999923706055,60.400001525878906,794300,60.400001525878906
9/17/2018,61.150001525878906,61.650001525878906,59.900001525878906,60.95000076293945,999500,60.95000076293945
9/14/2018,60.45000076293945,61.400001525878906,60.150001525878906,61,1044600,61
9/13/2018,60.650001525878906,61.95000076293945,59.79999923706055,60.04999923706055,1506600,60.04999923706055
9/12/2018,60.900001525878906,61.54999923706055,58.349998474121094,60.70000076293945,2313800,60.70000076293945
9/11/2018,64.5999984741211,64.7750015258789,60.849998474121094,61.29999923706055,2414200,61.29999923706055
9/10/2018,65.9000015258789,65.9000015258789,64.94999694824219,65.1500015258789,899400,65.1500015258789
9/7/2018,64.8499984741211,67.94999694824219,64.5999984741211,65.80000305175781,1658700,65.80000305175781
9/6/2018,68,68.25,64.69999694824219,64.9000015258789,1715400,64.9000015258789
9/5/2018,68.5,68.8499984741211,66.0999984741211,68.0999984741211,1742700,68.0999984741211
9/4/2018,67.94999694824219,69.322998046875,67.5999984741211,67.9000015258789,1542100,67.9000015258789
8/31/2018,68.5,68.94999694824219,67.80000305175781,67.9000015258789,1663200,67.9000015258789
8/30/2018,68.8499984741211,69.94999694824219,68.05000305175781,68.4000015258789,1867700,68.4000015258789
8/29/2018,68.1500015258789,69.25,67.80000305175781,68.80000305175781,1316200,68.80000305175781
8/28/2018,66.80000305175781,68.25,66.1500015258789,68.1500015258789,1454600,68.1500015258789
8/27/2018,65.44999694824219,66.7249984741211,64.30000305175781,66.4000015258789,1218800,66.4000015258789
8/24/2018,64.94999694824219,65.4000015258789,64,65.0999984741211,1414200,65.0999984741211
8/23/2018,63.150001525878906,64.78399658203125,63.04999923706055,64.5999984741211,1647200,64.5999984741211
8/22/2018,61.79999923706055,63.400001525878906,61.79999923706055,63.150001525878906,1360300,63.150001525878906
8/21/2018,60.5,62.400001525878906,60.5,61.849998474121094,1464900,61.849998474121094
8/20/2018,59.75,60.29999923706055,59.0099983215332,60.150001525878906,1119700,60.150001525878906
8/17/2018,59.95000076293945,60.45000076293945,59.10499954223633,59.95000076293945,1308900,59.95000076293945
8/16/2018,59.45000076293945,61.32500076293945,59,60.29999923706055,1357700,60.29999923706055
8/15/2018,58.849998474121094,59.92499923706055,58.13600158691406,59.20000076293945,1489600,59.20000076293945
8/14/2018,58.75,60.099998474121094,58.224998474121094,59.599998474121094,1209700,59.599998474121094
8/13/2018,58.849998474121094,59.79999923706055,57.70000076293945,58.29999923706055,1345900,58.29999923706055
8/10/2018,57.79999923706055,59.95000076293945,57.400001525878906,58.599998474121094,1754400,58.599998474121094
8/9/2018,57.29999923706055,59.54999923706055,56.150001525878906,58.45000076293945,2680100,58.45000076293945
8/8/2018,61,61,54.04999923706055,56.5,7799300,56.5
8/7/2018,56.5,59,56.20000076293945,57.849998474121094,3189800,57.849998474121094
8/6/2018,54.900001525878906,56.25,54.32500076293945,56.099998474121094,1165700,56.099998474121094
8/3/2018,54.20000076293945,55.17499923706055,54,54.849998474121094,1815800,54.849998474121094
8/2/2018,53.20000076293945,54.45000076293945,52.849998474121094,53.5,1284700,53.5
8/1/2018,54,55.599998474121094,53.349998474121094,53.45000076293945,1901100,53.45000076293945
7/31/2018,52,53.349998474121094,51.54999923706055,52.25,1745700,52.25
7/30/2018,53.29999923706055,53.45000076293945,52,52.099998474121094,1202000,52.099998474121094
7/27/2018,54.849998474121094,55.29999923706055,52.900001525878906,53.20000076293945,1267300,53.20000076293945
7/26/2018,53,54.849998474121094,52.7400016784668,54.75,1094400,54.75
7/25/2018,53.099998474121094,53.849998474121094,52.5,53.54999923706055,1001600,53.54999923706055
7/24/2018,54.95000076293945,55,52.20000076293945,53.150001525878906,2340100,53.150001525878906
7/23/2018,54.150001525878906,56.29999923706055,51.099998474121094,54.400001525878906,4232600,54.400001525878906
7/20/2018,56.150001525878906,56.439998626708984,53.20000076293945,54.400001525878906,5324900,54.400001525878906
7/19/2018,59.54999923706055,60.79999923706055,59.20000076293945,59.400001525878906,1420800,59.400001525878906
7/18/2018,59.75,60.099998474121094,59,59.29999923706055,949100,59.29999923706055
7/17/2018,57.45000076293945,60.20000076293945,57.099998474121094,59.29999923706055,1240600,59.29999923706055
7/16/2018,59.099998474121094,59.60100173950195,57.29999923706055,57.849998474121094,1066200,57.849998474121094
7/13/2018,58.20000076293945,60.599998474121094,58.20000076293945,58.849998474121094,1396700,58.849998474121094
7/12/2018,56.849998474121094,59.04999923706055,56.38800048828125,58.45000076293945,1275700,58.45000076293945
7/11/2018,56.20000076293945,56.95000076293945,55.768001556396484,56.150001525878906,1047500,56.150001525878906
7/10/2018,56.525001525878906,57.45000076293945,55.54999923706055,57.29999923706055,1223100,57.29999923706055
7/9/2018,57.54999923706055,58.04999923706055,55.29999923706055,56.29999923706055,1910600,56.29999923706055
7/6/2018,56.45000076293945,58.099998474121094,55.150001525878906,57.95000076293945,1140000,57.95000076293945
7/5/2018,56.25,56.599998474121094,55.29999923706055,56.29999923706055,1450200,56.29999923706055
7/3/2018,58.75,58.88999938964844,55,55.04999923706055,2252300,55.04999923706055
7/2/2018,57.650001525878906,59.275001525878906,57.224998474121094,58.900001525878906,1078900,58.900001525878906
6/29/2018,56.900001525878906,58.625,56.5,57.900001525878906,1631400,57.900001525878906
6/28/2018,56.25,57,55.150001525878906,56.75,1006600,56.75
6/27/2018,57.20000076293945,57.70000076293945,55.900001525878906,55.95000076293945,892200,55.95000076293945
6/26/2018,55.54999923706055,57.900001525878906,55.361000061035156,57.099998474121094,1100000,57.099998474121094
6/25/2018,56.5,57.150001525878906,55.04999923706055,55.150001525878906,1900900,55.150001525878906
6/22/2018,58.599998474121094,58.95000076293945,56.150001525878906,57.70000076293945,1424100,57.70000076293945
6/21/2018,58.599998474121094,59.4900016784668,57.82500076293945,58.04999923706055,1616700,58.04999923706055
6/20/2018,56.45000076293945,57.400001525878906,55.625,56.5,1098100,56.5
6/19/2018,55.70000076293945,56,54.099998474121094,55.650001525878906,1530100,55.650001525878906
6/18/2018,56.25,57.75,55.5,57.349998474121094,796100,57.349998474121094
6/15/2018,57.70000076293945,58.20000076293945,56.599998474121094,57,2133500,57
6/14/2018,59.099998474121094,60,58.70000076293945,59.04999923706055,1025900,59.04999923706055
6/13/2018,59.900001525878906,60.474998474121094,58.650001525878906,58.900001525878906,842000,58.900001525878906
6/12/2018,58.70000076293945,60.20000076293945,58.70000076293945,59.95000076293945,774600,59.95000076293945
6/11/2018,58.70000076293945,59.70000076293945,58.349998474121094,59,716400,59
6/8/2018,59.650001525878906,59.849998474121094,57.29999923706055,59,2198300,59
6/7/2018,61.95000076293945,62.650001525878906,59.5,61.099998474121094,1258100,61.099998474121094
6/6/2018,61.75,62.79999923706055,60.54999923706055,61.349998474121094,1288200,61.349998474121094
6/5/2018,60.70000076293945,62.82500076293945,59.75,60.79999923706055,1879100,60.79999923706055
6/4/2018,61.70000076293945,61.849998474121094,59.599998474121094,60.599998474121094,1281800,60.599998474121094
6/1/2018,59.5,61.849998474121094,59.349998474121094,61.29999923706055,1625100,61.29999923706055
5/31/2018,59.900001525878906,60.54999923706055,58.11000061035156,58.75,1506900,58.75
5/30/2018,63.150001525878906,63.150001525878906,59.20000076293945,59.900001525878906,2135000,59.900001525878906
5/29/2018,63,64.44999694824219,62.04999923706055,62.95000076293945,1185100,62.95000076293945
5/25/2018,62.349998474121094,64.05000305175781,62.099998474121094,63.349998474121094,845500,63.349998474121094
5/24/2018,63,63.29999923706055,61.599998474121094,62.29999923706055,851000,62.29999923706055
5/23/2018,63.54999923706055,63.54999923706055,62.45000076293945,63.29999923706055,875900,63.29999923706055
5/22/2018,62.75,64.45800018310547,62.75,63.25,735800,63.25
5/21/2018,63.95000076293945,64.44999694824219,62.20000076293945,62.5,684500,62.5
5/18/2018,62.849998474121094,62.849998474121094,61.95000076293945,62.400001525878906,953100,62.400001525878906
5/17/2018,63.650001525878906,63.70000076293945,62.599998474121094,62.75,950900,62.75
5/16/2018,63.29999923706055,64.1500015258789,63,63.650001525878906,907000,63.650001525878906
5/15/2018,64.25,64.37000274658203,62.70000076293945,63.54999923706055,961600,63.54999923706055
5/14/2018,66.44999694824219,67.3499984741211,64.1500015258789,64.5,1963100,64.5
5/11/2018,63.04999923706055,63.900001525878906,62.349998474121094,63.099998474121094,1115100,63.099998474121094
5/10/2018,63.650001525878906,64.0999984741211,62.82500076293945,63.349998474121094,1167200,63.349998474121094
5/9/2018,63.599998474121094,63.82500076293945,62.275001525878906,63.650001525878906,1197300,63.650001525878906
5/8/2018,61.349998474121094,63.54999923706055,61.20000076293945,63.54999923706055,1415100,63.54999923706055
5/7/2018,59.25,62.25,59.04999923706055,61.45000076293945,1931400,61.45000076293945
5/4/2018,58.650001525878906,60.099998474121094,58.400001525878906,58.95000076293945,1286500,58.95000076293945
5/3/2018,57.75,59.150001525878906,57.150001525878906,58.599998474121094,1821100,58.599998474121094
5/2/2018,59,61.75,56.900001525878906,58.5,4978900,58.5
5/1/2018,50.29999923706055,52.95000076293945,50.270999908447266,52.650001525878906,2720600,52.650001525878906
4/30/2018,50.75,51.849998474121094,50.45000076293945,50.45000076293945,1594900,50.45000076293945
4/27/2018,52.150001525878906,52.75,50.04999923706055,50.20000076293945,1819400,50.20000076293945
4/26/2018,51.5,52.64500045776367,50.849998474121094,51.79999923706055,1375700,51.79999923706055
4/25/2018,55.70000076293945,56.400001525878906,50.150001525878906,51.20000076293945,3947200,51.20000076293945
4/24/2018,54.79999923706055,56.25,53.45000076293945,55.45000076293945,2580900,55.45000076293945
4/23/2018,59.54999923706055,60.099998474121094,53.5,54.45000076293945,5555600,54.45000076293945
4/20/2018,60.04999923706055,60.5,58.775001525878906,58.849998474121094,1421500,58.849998474121094
4/19/2018,61.599998474121094,61.79999923706055,59.75,60.04999923706055,2037600,60.04999923706055
4/18/2018,61.75,63.25,60.5,63.04999923706055,1274800,63.04999923706055
4/17/2018,59.400001525878906,63.25,59.349998474121094,61.95000076293945,2929500,61.95000076293945
4/16/2018,58.95000076293945,60.5,57.099998474121094,58.474998474121094,5955700,58.474998474121094
4/13/2018,64.19999694824219,64.69999694824219,62.75,64.30000305175781,1588200,64.30000305175781
4/12/2018,63.849998474121094,65.55000305175781,63.45000076293945,64.25,1892100,64.25
4/11/2018,60.75,63.95000076293945,60.75,63.5,1735500,63.5
4/10/2018,60.349998474121094,61.099998474121094,59.849998474121094,60.75,1116500,60.75
4/9/2018,59.849998474121094,60.79999923706055,58.5,59.29999923706055,1580900,59.29999923706055
4/6/2018,60,61,58.150001525878906,59.150001525878906,1873800,59.150001525878906
4/5/2018,63.25,64.36499786376953,60.5,60.5,2130600,60.5
4/4/2018,59,62.54999923706055,58.45000076293945,62.29999923706055,2394500,62.29999923706055
4/3/2018,61.849998474121094,62.474998474121094,60.025001525878906,60.400001525878906,11669600,60.400001525878906
4/2/2018,63.099998474121094,64.1500015258789,60.75,61.5,2022000,61.5
3/29/2018,62.5,64.4000015258789,61.54999923706055,63.79999923706055,2220800,63.79999923706055
3/28/2018,64.55000305175781,65.0999984741211,62,62.20000076293945,3071900,62.20000076293945
3/27/2018,68.25,69.5,65.82499694824219,66.4000015258789,1666600,66.4000015258789
3/26/2018,68.5,69.24500274658203,67.0999984741211,67.94999694824219,1279000,67.94999694824219
3/23/2018,68.80000305175781,69.16000366210938,67.3499984741211,67.3499984741211,1852300,67.3499984741211
3/22/2018,69.0999984741211,71,68.8499984741211,69.05000305175781,1302300,69.05000305175781
3/21/2018,69.0999984741211,71.44999694824219,69.0999984741211,69.80000305175781,1600800,69.80000305175781
3/20/2018,69.44999694824219,70.94999694824219,68.82499694824219,69.4000015258789,989800,69.4000015258789
3/19/2018,69.30000305175781,70.5999984741211,67.05000305175781,69.05000305175781,1773000,69.05000305175781
3/16/2018,71.30000305175781,71.5,69.1500015258789,69.94999694824219,2337800,69.94999694824219
3/15/2018,73.75,74.05000305175781,70.25,71.19999694824219,1911900,71.19999694824219
3/14/2018,72,73.8499984741211,71.55000305175781,73.19999694824219,1818300,73.19999694824219
3/13/2018,72.55000305175781,73.55000305175781,71.1500015258789,71.9000015258789,2040400,71.9000015258789
3/12/2018,71,74.4000015258789,70.4000015258789,72,6371300,72
3/9/2018,65.9000015258789,69.25,65.75,68.9749984741211,2549000,68.9749984741211
3/8/2018,65.4000015258789,67.4000015258789,64.80999755859375,65.3499984741211,1824200,65.3499984741211
3/7/2018,64.4000015258789,66,64.30000305175781,65.30000305175781,1518800,65.30000305175781
3/6/2018,64.55000305175781,65.75,63.54999923706055,65.30000305175781,1683700,65.30000305175781
3/5/2018,63.150001525878906,64.69999694824219,62.70000076293945,63.900001525878906,1657800,63.900001525878906
3/2/2018,61.04999923706055,63.75,60.70000076293945,63.275001525878906,1862700,63.275001525878906
3/1/2018,61.29999923706055,62.45000076293945,60.625,61.54999923706055,1704700,61.54999923706055
2/28/2018,60,62.04999923706055,59.29999923706055,61,1712300,61
2/27/2018,60.29999923706055,60.849998474121094,59.55500030517578,60.099998474121094,1017900,60.099998474121094
2/26/2018,59.5,60.599998474121094,59.25,60.54999923706055,1434300,60.54999923706055
2/23/2018,58.29999923706055,59.650001525878906,57.5,59.400001525878906,1392800,59.400001525878906
2/22/2018,58.54999923706055,59.349998474121094,57.755001068115234,58.099998474121094,1155600,58.099998474121094
2/21/2018,58.79999923706055,59.974998474121094,58.45000076293945,58.79999923706055,1355900,58.79999923706055
2/20/2018,58.5,59.599998474121094,58.349998474121094,58.75,1661700,58.75
2/16/2018,58.04999923706055,59.20000076293945,57.525001525878906,59.04999923706055,1725700,59.04999923706055
2/15/2018,57.349998474121094,58.54999923706055,56.20000076293945,58.45000076293945,1976800,58.45000076293945
2/14/2018,56.75,57.96200180053711,56.54999923706055,57.099998474121094,2077100,57.099998474121094
2/13/2018,55.04999923706055,57.95000076293945,54.709999084472656,57.54999923706055,2135700,57.54999923706055
2/12/2018,57.7599983215332,58.20000076293945,55.599998474121094,56.900001525878906,1967700,56.900001525878906
2/9/2018,55.849998474121094,57.75,54.75,57.20000076293945,3771400,57.20000076293945
2/8/2018,53.25,56.92499923706055,53.25,55.400001525878906,4322300,55.400001525878906
2/7/2018,52.5,55.95000076293945,52.20000076293945,53.599998474121094,5748700,53.599998474121094
2/6/2018,46.5,52.400001525878906,46.099998474121094,51.650001525878906,9851500,51.650001525878906
2/5/2018,44.5,45.75,41.95000076293945,42.599998474121094,2711900,42.599998474121094
2/2/2018,47.79999923706055,47.900001525878906,44.5,44.849998474121094,3169700,44.849998474121094
2/1/2018,46,48.45000076293945,45.79999923706055,47.900001525878906,2969100,47.900001525878906
1/31/2018,46.20000076293945,46.57500076293945,45.25,46.29999923706055,2485500,46.29999923706055
1/30/2018,43.849998474121094,46,43.849998474121094,44.95000076293945,1665700,44.95000076293945
1/29/2018,45.349998474121094,45.95000076293945,44,44.349998474121094,2697300,44.349998474121094
1/26/2018,44.20000076293945,44.70000076293945,43.79999923706055,44.25,2111700,44.25
1/25/2018,44.5,44.9900016784668,43.70000076293945,44.5,2353600,44.5
1/24/2018,43.849998474121094,44.54999923706055,42.599998474121094,44.45000076293945,4146600,44.45000076293945
1/23/2018,45.650001525878906,45.790000915527344,43.150001525878906,44.099998474121094,4286400,44.099998474121094
1/22/2018,48.04999923706055,48.099998474121094,44.29999923706055,45.20000076293945,6347700,45.20000076293945
1/19/2018,51.79999923706055,51.79999923706055,48.599998474121094,48.849998474121094,3096600,48.849998474121094
1/18/2018,51.150001525878906,51.849998474121094,50.150001525878906,51.70000076293945,1842300,51.70000076293945
1/17/2018,51.650001525878906,52.400001525878906,50.54999923706055,51.5,1573900,51.5
1/16/2018,53.20000076293945,53.45000076293945,50.599998474121094,51.650001525878906,2774200,51.650001525878906
1/12/2018,53.45000076293945,53.849998474121094,52.25,53.20000076293945,1356500,53.20000076293945
1/11/2018,51.70000076293945,53.650001525878906,51.70000076293945,53,1691200,53
1/10/2018,51.849998474121094,51.849998474121094,50.54999923706055,51.650001525878906,1936300,51.650001525878906
1/9/2018,51.79999923706055,51.849998474121094,50.099998474121094,50.45000076293945,2016600,50.45000076293945
1/8/2018,51.45000076293945,52.099998474121094,50.400001525878906,51.75,1400200,51.75
1/5/2018,50.400001525878906,51.29999923706055,49.349998474121094,51.099998474121094,1267200,51.099998474121094
1/4/2018,51.29999923706055,51.650001525878906,49.07500076293945,50.20000076293945,1744600,50.20000076293945
1/3/2018,51.150001525878906,51.27000045776367,49.849998474121094,50.900001525878906,1192800,50.900001525878906
1/2/2018,49.349998474121094,50.375,48.599998474121094,50.150001525878906,1287000,50.150001525878906
12/29/2017,49.25,49.5,47.599998474121094,48.900001525878906,1766700,48.900001525878906
12/28/2017,50.349998474121094,50.75,48.95000076293945,49.04999923706055,1660000,49.04999923706055
12/27/2017,49.75,51.375,49.45000076293945,50.04999923706055,1444000,50.04999923706055
12/26/2017,52,52,49.5,49.70000076293945,2129100,49.70000076293945
12/22/2017,53.400001525878906,53.54999923706055,52.20000076293945,52.79999923706055,992500,52.79999923706055
12/21/2017,53.95000076293945,55.20000076293945,53.20000076293945,53.349998474121094,1740800,53.349998474121094
12/20/2017,53.54999923706055,53.95000076293945,51.650001525878906,53.900001525878906,2029700,53.900001525878906
12/19/2017,52.25,53.650001525878906,52.07400131225586,53.400001525878906,1480500,53.400001525878906
12/18/2017,52.650001525878906,53,51.29999923706055,52.349998474121094,1723400,52.349998474121094
12/15/2017,51,52.79999923706055,49.849998474121094,52.150001525878906,2744500,52.150001525878906
12/14/2017,51.400001525878906,53,50.650001525878906,50.92499923706055,3135400,50.92499923706055
12/13/2017,45.599998474121094,51.07500076293945,44.04999923706055,50.275001525878906,12293900,50.275001525878906
12/12/2017,53.70000076293945,53.900001525878906,51.650001525878906,51.75,2321400,51.75
12/11/2017,51.79999923706055,53.80500030517578,51.150001525878906,53.5,3135000,53.5
12/8/2017,49.5,52.13999938964844,49.04999923706055,49.599998474121094,4233600,49.599998474121094
12/7/2017,47,49.599998474121094,46.75,48.54999923706055,3527300,48.54999923706055
12/6/2017,46.70000076293945,47.599998474121094,45.900001525878906,46.400001525878906,2036000,46.400001525878906
12/5/2017,47.79999923706055,49.25,47,47.150001525878906,2389600,47.150001525878906
12/4/2017,52.900001525878906,53.29999923706055,46.974998474121094,47.150001525878906,3890900,47.150001525878906
12/1/2017,53.45000076293945,53.95000076293945,51.04999923706055,52.25,2169200,52.25
11/30/2017,54.349998474121094,55.150001525878906,53.5,54.04999923706055,1772200,54.04999923706055
11/29/2017,57.54999923706055,57.54999923706055,53.45000076293945,54.099998474121094,4011400,54.099998474121094
11/28/2017,58.20000076293945,58.45000076293945,56.5,57.29999923706055,1351900,57.29999923706055
11/27/2017,60.04999923706055,60.39500045776367,57.79999923706055,58.150001525878906,1474700,58.150001525878906
11/24/2017,60.5,60.67499923706055,59.75,60.29999923706055,496600,60.29999923706055
11/22/2017,59.45000076293945,61,59.400001525878906,60.25,1323300,60.25
11/21/2017,58.349998474121094,59.45000076293945,58,59.32500076293945,1204600,59.32500076293945
11/20/2017,57.5,58.79999923706055,57.349998474121094,57.95000076293945,996300,57.95000076293945
11/17/2017,57.70000076293945,58,56.54999923706055,57.5,1422000,57.5
11/16/2017,57,58.75,57,57.650001525878906,1284100,57.650001525878906
11/15/2017,55.349998474121094,56.70000076293945,54.54999923706055,56.45000076293945,1008800,56.45000076293945
11/14/2017,58,58.09000015258789,55.70000076293945,55.79999923706055,1351400,55.79999923706055
11/13/2017,56.54999923706055,58,56.54999923706055,57.650001525878906,819300,57.650001525878906
11/10/2017,55.45000076293945,57.95000076293945,55.45000076293945,57.150001525878906,1363100,57.150001525878906
11/9/2017,56.29999923706055,56.849998474121094,54.849998474121094,55.45000076293945,1776600,55.45000076293945
11/8/2017,55.95000076293945,57.650001525878906,55.650001525878906,57.349998474121094,1802800,57.349998474121094
11/7/2017,56.95000076293945,58,55.849998474121094,56,1584500,56
11/6/2017,59.70000076293945,59.70000076293945,56.5,57.400001525878906,1749400,57.400001525878906
11/3/2017,60,60.349998474121094,56.70000076293945,59.29999923706055,2828000,59.29999923706055
11/2/2017,63,64.79499816894531,58.20000076293945,58.849998474121094,3593700,58.849998474121094
11/1/2017,62.5,66.69999694824219,60.150001525878906,63.20000076293945,6257700,63.20000076293945
10/31/2017,65.05000305175781,65.8499984741211,63.099998474121094,63.150001525878906,3422500,63.150001525878906
10/30/2017,62.70000076293945,65.0999984741211,62.650001525878906,64.75,2453900,64.75
10/27/2017,62.599998474121094,63.130001068115234,61.375,62.599998474121094,1733400,62.599998474121094
10/26/2017,62.04999923706055,62.95000076293945,60.5,61.650001525878906,1201000,61.650001525878906
10/25/2017,63.099998474121094,63.400001525878906,60.45000076293945,61.349998474121094,1876100,61.349998474121094
10/24/2017,59.900001525878906,63.79999923706055,59.900001525878906,63.099998474121094,3744900,63.099998474121094
10/23/2017,55.79999923706055,59.75,55.150001525878906,59.5,2253700,59.5
10/20/2017,56.599998474121094,56.67499923706055,55.20000076293945,55.95000076293945,1409100,55.95000076293945
10/19/2017,55.650001525878906,57.5,55.20000076293945,56.04999923706055,1422300,56.04999923706055
10/18/2017,56.099998474121094,56.849998474121094,55.5,56.5,1052200,56.5
10/17/2017,55.900001525878906,57,55.75,56.099998474121094,963900,56.099998474121094
10/16/2017,57.20000076293945,57.9900016784668,55.599998474121094,55.75,1563700,55.75
10/13/2017,58.25,59.75,57.275001525878906,57.70000076293945,1475500,57.70000076293945
10/12/2017,58,60.20000076293945,57.459999084472656,58.95000076293945,1334300,58.95000076293945
10/11/2017,57.79999923706055,58.54999923706055,57.599998474121094,58,860500,58
10/10/2017,58.849998474121094,59.150001525878906,57.599998474121094,57.79999923706055,999400,57.79999923706055
10/9/2017,58.900001525878906,59.400001525878906,57.875,58.599998474121094,1282600,58.599998474121094
10/6/2017,56.25,59.09000015258789,55.400001525878906,58.599998474121094,2296100,58.599998474121094
10/5/2017,55,56.650001525878906,54.54999923706055,55.29999923706055,1110900,55.29999923706055
10/4/2017,55.79999923706055,56.70000076293945,54.099998474121094,56.04999923706055,2193500,56.04999923706055
10/3/2017,55.54999923706055,55.599998474121094,54.349998474121094,54.54999923706055,814600,54.54999923706055
10/2/2017,54.54999923706055,55.650001525878906,54,55.599998474121094,1047600,55.599998474121094
9/29/2017,55.25,55.849998474121094,53.75,54.349998474121094,1479200,54.349998474121094
9/28/2017,55,55.25,53.70000076293945,55.20000076293945,1389800,55.20000076293945
9/27/2017,53.25,55.5,52.400001525878906,55,3296400,55
9/26/2017,52.099998474121094,52.70000076293945,50.79999923706055,50.79999923706055,1926100,50.79999923706055
9/25/2017,54.29999923706055,54.375,51.150001525878906,51.900001525878906,2477900,51.900001525878906
9/22/2017,54.849998474121094,55.599998474121094,54.54999923706055,55.099998474121094,1224600,55.099998474121094
9/21/2017,56.45000076293945,56.650001525878906,54.349998474121094,55.04999923706055,1516400,55.04999923706055
9/20/2017,59.349998474121094,59.39500045776367,56.400001525878906,56.650001525878906,1612600,56.650001525878906
9/19/2017,59.54999923706055,59.849998474121094,58.400001525878906,59.25,866400,59.25
9/18/2017,57.25,59.54999923706055,56.86000061035156,59.349998474121094,1573200,59.349998474121094
9/15/2017,57,57.849998474121094,56.20000076293945,57.25,2416000,57.25
9/14/2017,58.20000076293945,58.619998931884766,56.45000076293945,57,1672900,57
9/13/2017,56.70000076293945,59.79999923706055,56.20000076293945,58.79999923706055,2083900,58.79999923706055
9/12/2017,59.25,60,56.150001525878906,57.25,3338800,57.25
9/11/2017,57,59.150001525878906,57,58.5,2381500,58.5
9/8/2017,58.650001525878906,58.650001525878906,56.25,56.400001525878906,1664000,56.400001525878906
9/7/2017,57.95000076293945,58.099998474121094,57.150001525878906,57.400001525878906,1120400,57.400001525878906
9/6/2017,58.5,59.75,56.861000061035156,57.849998474121094,1652600,57.849998474121094
9/5/2017,57,59.150001525878906,56.29999923706055,58.20000076293945,1941800,58.20000076293945
9/1/2017,57.25,58,56.599998474121094,57.25,858300,57.25
8/31/2017,56.150001525878906,58.400001525878906,54.650001525878906,56.849998474121094,2362900,56.849998474121094
8/30/2017,56,57.099998474121094,55.75,56.79999923706055,1296500,56.79999923706055
8/29/2017,55.75,56.599998474121094,54.79999923706055,56,1165700,56
8/28/2017,56.70000076293945,56.95000076293945,55.9119987487793,56.599998474121094,869400,56.599998474121094
8/25/2017,58,58.04999923706055,56.45000076293945,56.70000076293945,1390700,56.70000076293945
8/24/2017,57.150001525878906,59.5,56.650001525878906,57.45000076293945,4238200,57.45000076293945
8/23/2017,53.29999923706055,56.70000076293945,53,56,2730100,56
8/22/2017,51.25,54.400001525878906,51.25,54.349998474121094,1992500,54.349998474121094
8/21/2017,51.849998474121094,52.349998474121094,50.45000076293945,51.099998474121094,1435900,51.099998474121094
8/18/2017,51.150001525878906,53.34000015258789,51,52,1871100,52
8/17/2017,52.150001525878906,53.25,51.25,51.349998474121094,1872800,51.349998474121094
8/16/2017,52.650001525878906,53.70000076293945,51.400001525878906,53,1684300,53
8/15/2017,54.5,54.650001525878906,52.29999923706055,53,1990300,53
8/14/2017,52.599998474121094,54.849998474121094,52.599998474121094,54.099998474121094,1901200,54.099998474121094
8/11/2017,52.650001525878906,53.849998474121094,51.849998474121094,51.95000076293945,2550800,51.95000076293945
8/10/2017,57.04999923706055,57.3129997253418,52.79999923706055,53.04999923706055,3472600,53.04999923706055
8/9/2017,64.25,64.5,56.79999923706055,57.400001525878906,6306900,57.400001525878906
8/8/2017,58.70000076293945,59.400001525878906,57.099998474121094,59.25,3532800,59.25
8/7/2017,60,60.650001525878906,58.29999923706055,58.75,1988300,58.75
8/4/2017,61.599998474121094,62.349998474121094,58.099998474121094,58.849998474121094,2878000,58.849998474121094
8/3/2017,62.75,63.45000076293945,61.505001068115234,62.45000076293945,1478700,62.45000076293945
8/2/2017,64,65,61.099998474121094,61.70000076293945,3201400,61.70000076293945
8/1/2017,63.099998474121094,64.42500305175781,62.150001525878906,63.70000076293945,1012900,63.70000076293945
7/31/2017,62.650001525878906,63.29999923706055,61.150001525878906,62.599998474121094,937600,62.599998474121094
7/28/2017,61.45000076293945,63,60.849998474121094,61.900001525878906,1006900,61.900001525878906
7/27/2017,65.55000305175781,65.75,59.900001525878906,61.900001525878906,2330800,61.900001525878906
7/26/2017,67.5,68.62999725341797,64.5999984741211,64.9000015258789,1824000,64.9000015258789
7/25/2017,67.5,67.75,65.75,66.94999694824219,2447100,66.94999694824219
7/24/2017,63.54999923706055,68.05000305175781,62.95000076293945,67.94999694824219,3768500,67.94999694824219
7/21/2017,60.849998474121094,64.25,60.349998474121094,63.349998474121094,1947500,63.349998474121094
7/20/2017,61.75,62.345001220703125,60.29999923706055,60.45000076293945,1747700,60.45000076293945
7/19/2017,60.54999923706055,62.25,60.54999923706055,61.54999923706055,1899000,61.54999923706055
7/18/2017,61.79999923706055,61.86800003051758,60.5,60.70000076293945,1584400,60.70000076293945
7/17/2017,64.25,64.3499984741211,61.25,61.349998474121094,1502500,61.349998474121094
7/14/2017,63.5,64.55000305175781,63.099998474121094,63.79999923706055,1082200,63.79999923706055
7/13/2017,61.900001525878906,65.1500015258789,60.54999923706055,64.05000305175781,2792000,64.05000305175781
7/12/2017,61.95000076293945,62.45000076293945,60.20000076293945,60.349998474121094,1266900,60.349998474121094
7/11/2017,61.45000076293945,61.959999084472656,59.75,61.349998474121094,1310500,61.349998474121094
7/10/2017,62.79999923706055,63.099998474121094,60.5,61.599998474121094,1573900,61.599998474121094
7/7/2017,58.900001525878906,62,58.900001525878906,61.599998474121094,1847800,61.599998474121094
7/6/2017,57.25,59.5,56.71500015258789,58.5,1401300,58.5
7/5/2017,58.20000076293945,59.25,57.70000076293945,58.25,1133200,58.25
7/3/2017,57.5,60.5,56.5,57.900001525878906,2194800,57.900001525878906
6/30/2017,57.5,58.45000076293945,56.875,57.04999923706055,1259600,57.04999923706055
6/29/2017,59.599998474121094,59.95000076293945,56.20000076293945,57.29999923706055,1583300,57.29999923706055
6/28/2017,59.54999923706055,60.67499923706055,58.599998474121094,60.20000076293945,1807400,60.20000076293945
6/27/2017,63,63.04999923706055,59.150001525878906,59.349998474121094,1668000,59.349998474121094
6/26/2017,64.8499984741211,65.80000305175781,61.40999984741211,62.650001525878906,1680600,62.650001525878906
6/23/2017,63.04999923706055,65.4000015258789,62,64,2887800,64
6/22/2017,63.900001525878906,64.44000244140625,61.75,62.45000076293945,1199100,62.45000076293945
6/21/2017,62.599998474121094,63.494998931884766,61.54999923706055,62.5,777300,62.5
6/20/2017,63.04999923706055,64.6500015258789,62.29999923706055,62.45000076293945,1220800,62.45000076293945
6/19/2017,64.55000305175781,64.80000305175781,62.25,62.849998474121094,1234200,62.849998474121094
6/16/2017,62,64.30000305175781,61.5,63.099998474121094,1932400,63.099998474121094
6/15/2017,60.5,62.54999923706055,60.29999923706055,61.54999923706055,1062200,61.54999923706055
6/14/2017,63.099998474121094,63.5,60.95000076293945,62.150001525878906,1401400,62.150001525878906
6/13/2017,62.5,64.82499694824219,61.79999923706055,62.54999923706055,1516900,62.54999923706055
6/12/2017,61,62.20000076293945,57.5,61,1675000,61
6/9/2017,65.3499984741211,67.30000305175781,58.95000076293945,60.5,2840600,60.5
6/8/2017,63.25,65.32499694824219,62.45000076293945,65.0999984741211,2032900,65.0999984741211
6/7/2017,62.95000076293945,63.54999923706055,61.900001525878906,63.5,1600400,63.5
6/6/2017,57.25,64.55000305175781,57.25,62.849998474121094,4147900,62.849998474121094
6/5/2017,58.349998474121094,58.67499923706055,57.349998474121094,57.79999923706055,789200,57.79999923706055
6/2/2017,58.599998474121094,59.20000076293945,57.849998474121094,58.29999923706055,871500,58.29999923706055
6/1/2017,58.349998474121094,58.790000915527344,56.849998474121094,58.54999923706055,1073200,58.54999923706055
5/31/2017,58.400001525878906,58.650001525878906,56.20000076293945,57.04999923706055,1308600,57.04999923706055
5/30/2017,58.5,59.20000076293945,57.599998474121094,58.5,1173400,58.5
5/26/2017,56.70000076293945,59.25,56.202999114990234,58.5,1711600,58.5
5/25/2017,56.650001525878906,57.599998474121094,55.900001525878906,56.45000076293945,1143700,56.45000076293945
5/24/2017,56.849998474121094,56.900001525878906,55.599998474121094,56.20000076293945,830200,56.20000076293945
5/23/2017,58.150001525878906,58.900001525878906,55.900001525878906,56.849998474121094,1947000,56.849998474121094
5/22/2017,53.900001525878906,58.29999923706055,53.900001525878906,57.349998474121094,2243100,57.349998474121094
5/19/2017,53.650001525878906,54.95000076293945,53.099998474121094,53.349998474121094,931300,53.349998474121094
5/18/2017,51.400001525878906,53.25,50.54999923706055,53.04999923706055,1693100,53.04999923706055
5/17/2017,54.400001525878906,55.75,51.75,52.04999923706055,2363300,52.04999923706055
5/16/2017,53.29999923706055,56.70000076293945,52.86600112915039,56.54999923706055,2519800,56.54999923706055
5/15/2017,53.849998474121094,55.650001525878906,53.650001525878906,54.54999923706055,1767300,54.54999923706055
5/12/2017,51.5,53.54999923706055,51.099998474121094,53.400001525878906,1346100,53.400001525878906
5/11/2017,52.45000076293945,52.75,50.95000076293945,51.599998474121094,1100300,51.599998474121094
5/10/2017,51.04999923706055,52.900001525878906,50.560001373291016,52.79999923706055,1341900,52.79999923706055
5/9/2017,49.79999923706055,51.57500076293945,49.45000076293945,51.349998474121094,1504200,51.349998474121094
5/8/2017,49.45000076293945,50.25,48.07500076293945,49.5,1608500,49.5
5/5/2017,47.54999923706055,49.95000076293945,46.900001525878906,49.45000076293945,2826100,49.45000076293945
5/4/2017,46.5,50.650001525878906,46.20000076293945,47,7729500,47
5/3/2017,41,43.25,40.349998474121094,42.75,4420300,42.75
5/2/2017,43.70000076293945,44,42.45000076293945,42.75,1556100,42.75
5/1/2017,43.099998474121094,43.92499923706055,42.724998474121094,43.70000076293945,1791800,43.70000076293945
4/28/2017,43.900001525878906,44.25,42.25,42.75,2394200,42.75
4/27/2017,43.849998474121094,44.650001525878906,43.54999923706055,43.79999923706055,1028200,43.79999923706055
4/26/2017,46.849998474121094,46.849998474121094,43.45000076293945,43.54999923706055,2656800,43.54999923706055
4/25/2017,46.5,48.04999923706055,46.5,47.349998474121094,1438500,47.349998474121094
4/24/2017,46.150001525878906,47.599998474121094,44.875,47.45000076293945,2334500,47.45000076293945
4/21/2017,44.099998474121094,46.150001525878906,44,45.20000076293945,1895400,45.20000076293945
4/20/2017,43.349998474121094,44.20000076293945,43.04999923706055,43.900001525878906,1309500,43.900001525878906
4/19/2017,45.900001525878906,45.95000076293945,42.400001525878906,42.95000076293945,2517400,42.95000076293945
4/18/2017,44.849998474121094,46.349998474121094,44.75,45.29999923706055,1607300,45.29999923706055
4/17/2017,44.04999923706055,45.150001525878906,44.04999923706055,45,1029100,45
4/13/2017,45.599998474121094,46,43.849998474121094,44.099998474121094,1525900,44.099998474121094
4/12/2017,45.099998474121094,46.303001403808594,44.150001525878906,44.25,2183000,44.25
4/11/2017,47.04999923706055,47.599998474121094,45.57500076293945,45.70000076293945,1791000,45.70000076293945
4/10/2017,48.04999923706055,48.439998626708984,46.45000076293945,47.150001525878906,1544100,47.150001525878906
4/7/2017,48.79999923706055,49.29999923706055,48.04999923706055,48.20000076293945,1000800,48.20000076293945
4/6/2017,47.95000076293945,49.54999923706055,47.79999923706055,49,1114400,49
4/5/2017,50.29999923706055,50.45000076293945,47.900001525878906,47.95000076293945,2079500,47.95000076293945
4/4/2017,51,52,50,50.45000076293945,1532500,50.45000076293945
4/3/2017,53.275001525878906,53.70000076293945,51.150001525878906,51.5,1613200,51.5
3/31/2017,53.54999923706055,53.650001525878906,52.349998474121094,53.349998474121094,1117000,53.349998474121094
3/30/2017,53.45000076293945,55.099998474121094,52.650001525878906,53.70000076293945,1244000,53.70000076293945
3/29/2017,55.849998474121094,55.92499923706055,51.900001525878906,53.54999923706055,3138500,53.54999923706055
3/28/2017,54.04999923706055,54.92499923706055,53.849998474121094,54.70000076293945,1074400,54.70000076293945
3/27/2017,51.95000076293945,55.20000076293945,51.15999984741211,54.150001525878906,2003400,54.150001525878906
3/24/2017,52.04999923706055,54.04999923706055,52.0099983215332,53.5,2026400,53.5
3/23/2017,52.5,52.5,51.099998474121094,51.5,1841700,51.5
3/22/2017,48.5,51.70000076293945,47.900001525878906,51.45000076293945,1749700,51.45000076293945
3/21/2017,49.75,51.75,48.400001525878906,48.45000076293945,2418200,48.45000076293945
3/20/2017,49.20000076293945,49.75,48.099998474121094,49.20000076293945,1279000,49.20000076293945
3/17/2017,48.849998474121094,49.79999923706055,48,49.45000076293945,2072000,49.45000076293945
3/16/2017,46.650001525878906,49.75,46.400001525878906,48.900001525878906,3652700,48.900001525878906
3/15/2017,44.29999923706055,46.20000076293945,43,45.650001525878906,2644000,45.650001525878906
3/14/2017,44.45000076293945,44.54999923706055,42.900001525878906,43.099998474121094,1755300,43.099998474121094
3/13/2017,45.75,46.79999923706055,44.5,44.849998474121094,1769000,44.849998474121094
3/10/2017,45,46.95000076293945,44.599998474121094,45.79999923706055,2526100,45.79999923706055
3/9/2017,45.25,46.45000076293945,43.900001525878906,45.849998474121094,1658700,45.849998474121094
3/8/2017,46.75,46.95000076293945,45.150001525878906,45.5,1091800,45.5
3/7/2017,47.5,47.849998474121094,46.099998474121094,46.5,1544300,46.5
3/6/2017,46.400001525878906,47.70000076293945,45.900001525878906,47.20000076293945,1830900,47.20000076293945
3/3/2017,45.95000076293945,46.79999923706055,45.25,46.70000076293945,2885600,46.70000076293945
3/2/2017,45.599998474121094,47.400001525878906,45.54999923706055,45.75,3241000,45.75
3/1/2017,46.650001525878906,48.30699920654297,46.625,47.900001525878906,1616300,47.900001525878906
2/28/2017,46.349998474121094,47.349998474121094,45.400001525878906,45.900001525878906,1119700,45.900001525878906
2/27/2017,46.849998474121094,47.599998474121094,44.75,46.45000076293945,2381500,46.45000076293945
2/24/2017,47.79999923706055,48.400001525878906,47,47.79999923706055,921400,47.79999923706055
2/23/2017,50,50.2400016784668,46.54999923706055,48.70000076293945,2065400,48.70000076293945
2/22/2017,52.099998474121094,52.38999938964844,48.875,49.650001525878906,1904800,49.650001525878906
2/21/2017,51.150001525878906,53.69499969482422,51.150001525878906,52.54999923706055,1078500,52.54999923706055
2/17/2017,51.29999923706055,51.400001525878906,50.29999923706055,51.099998474121094,1279000,51.099998474121094
2/16/2017,50.150001525878906,52,50.099998474121094,51.849998474121094,2023400,51.849998474121094
2/15/2017,50.45000076293945,50.75,49,49.45000076293945,1594000,49.45000076293945
2/14/2017,49.54999923706055,51.25,49,50.5,1470100,50.5
2/13/2017,48.5,50.20000076293945,48.25,49.54999923706055,2170600,49.54999923706055
2/10/2017,46.95000076293945,48.349998474121094,46.900001525878906,47.45000076293945,1750500,47.45000076293945
2/9/2017,46.150001525878906,49.400001525878906,45.900001525878906,46.599998474121094,3645400,46.599998474121094
2/8/2017,42,46.45000076293945,41.904998779296875,45.849998474121094,5356400,45.849998474121094
2/7/2017,39.20000076293945,41.20000076293945,36.900001525878906,40.20000076293945,5208100,40.20000076293945
2/6/2017,38.75,38.974998474121094,38.349998474121094,38.79999923706055,705000,38.79999923706055
2/3/2017,38.099998474121094,39,38,38.849998474121094,783400,38.849998474121094
2/2/2017,38.099998474121094,38.29999923706055,37.67399978637695,37.849998474121094,729600,37.849998474121094
2/1/2017,38.5,38.5,37.04999923706055,38.099998474121094,1105200,38.099998474121094
1/31/2017,36.54999923706055,38.20000076293945,35.849998474121094,37.95000076293945,1099400,37.95000076293945
1/30/2017,36.900001525878906,36.95000076293945,36.04999923706055,36.75,411500,36.75
1/27/2017,37.75,37.849998474121094,36.95000076293945,37.400001525878906,488600,37.400001525878906
1/26/2017,38.599998474121094,38.75,37.52000045776367,37.75,557700,37.75
1/25/2017,38.54999923706055,39.04999923706055,37.67499923706055,38.54999923706055,1201000,38.54999923706055
1/24/2017,34.75,37.82500076293945,34.650001525878906,37.70000076293945,1561300,37.70000076293945
1/23/2017,35.04999923706055,35.599998474121094,34.150001525878906,34.400001525878906,986200,34.400001525878906
1/20/2017,35.20000076293945,35.45000076293945,34.79999923706055,35.150001525878906,655700,35.150001525878906
1/19/2017,35.04999923706055,36.54999923706055,34.900001525878906,35.099998474121094,1318800,35.099998474121094
1/18/2017,35.04999923706055,35.25,34.20000076293945,34.70000076293945,866400,34.70000076293945
1/17/2017,36.04999923706055,36.04999923706055,34.775001525878906,34.900001525878906,674000,34.900001525878906
1/13/2017,36.150001525878906,37,35.625,36.349998474121094,600000,36.349998474121094
1/12/2017,37.25,37.25,35.125,36.04999923706055,1251100,36.04999923706055
1/11/2017,37.349998474121094,37.45000076293945,36.20000076293945,36.54999923706055,1019400,36.54999923706055
1/10/2017,36.599998474121094,37.54999923706055,36.29999923706055,37.5,1281700,37.5
1/9/2017,36.349998474121094,36.84000015258789,36.224998474121094,36.349998474121094,937700,36.349998474121094
1/6/2017,36.849998474121094,37.20000076293945,35.900001525878906,36.54999923706055,737800,36.54999923706055
1/5/2017,37.45000076293945,37.599998474121094,36.650001525878906,36.79999923706055,578400,36.79999923706055
1/4/2017,37.54999923706055,38.45000076293945,36.849998474121094,37.599998474121094,1089000,37.599998474121094
1/3/2017,39.400001525878906,39.70000076293945,36.849998474121094,37.29999923706055,1190300,37.29999923706055
12/30/2016,39.349998474121094,39.45000076293945,38,38.650001525878906,786200,38.650001525878906
12/29/2016,39.349998474121094,39.737998962402344,38.75,39.29999923706055,661500,39.29999923706055
12/28/2016,41.45000076293945,41.5,39.29999923706055,39.400001525878906,645800,39.400001525878906
12/27/2016,40.5,41.400001525878906,40.25,41.150001525878906,454600,41.150001525878906
12/23/2016,39.75,40.5,39.75,40.5,293700,40.5
12/22/2016,40.349998474121094,40.775001525878906,39.650001525878906,39.900001525878906,330200,39.900001525878906
12/21/2016,40.04999923706055,40.70000076293945,39.849998474121094,40.29999923706055,425800,40.29999923706055
12/20/2016,40,40.349998474121094,39.5,40.20000076293945,501900,40.20000076293945
12/19/2016,39.29999923706055,40.400001525878906,39,39.95000076293945,512800,39.95000076293945
12/16/2016,40.400001525878906,41.20000076293945,38.849998474121094,39.099998474121094,1749800,39.099998474121094
12/15/2016,39,40.95000076293945,39,40.20000076293945,968300,40.20000076293945
12/14/2016,40.45000076293945,40.75,37.900001525878906,38.900001525878906,1480600,38.900001525878906
12/13/2016,41.95000076293945,42.70000076293945,40.400001525878906,40.5,715700,40.5
12/12/2016,42.150001525878906,43.224998474121094,40.849998474121094,41.599998474121094,604300,41.599998474121094
12/9/2016,44.5,44.70000076293945,40,42.400001525878906,1941500,42.400001525878906
12/8/2016,40.45000076293945,44,40.11000061035156,43.5,2133400,43.5
12/7/2016,39.849998474121094,40.34000015258789,39.20000076293945,39.599998474121094,528100,39.599998474121094
12/6/2016,39.70000076293945,40.150001525878906,39.060001373291016,40,869100,40
12/5/2016,37.20000076293945,40.349998474121094,37.150001525878906,39.5,1332900,39.5
12/2/2016,37.599998474121094,37.79999923706055,35.900001525878906,37,1079000,37
12/1/2016,40.099998474121094,40.45000076293945,37.04999923706055,37.79999923706055,1217500,37.79999923706055
11/30/2016,41.5,41.9900016784668,39.29999923706055,40.099998474121094,704900,40.099998474121094
11/29/2016,41.150001525878906,42,40.55099868774414,41.349998474121094,425400,41.349998474121094
11/28/2016,41.20000076293945,41.95000076293945,40.900001525878906,41.29999923706055,515500,41.29999923706055
11/25/2016,41.5,41.5,40.5,41.20000076293945,170200,41.20000076293945
11/23/2016,40.75,41.676998138427734,40.5,41.29999923706055,323200,41.29999923706055
11/22/2016,40.5,41.349998474121094,40.04999923706055,41.099998474121094,752400,41.099998474121094
11/21/2016,42.29999923706055,42.5,40.25,40.5,1093100,40.5
11/18/2016,41.75,42.30500030517578,41.20000076293945,42.20000076293945,911000,42.20000076293945
11/17/2016,40.45000076293945,41.70000076293945,40.222999572753906,41.54999923706055,1282800,41.54999923706055
11/16/2016,38.45000076293945,40.775001525878906,38.40999984741211,40.650001525878906,1233400,40.650001525878906
11/15/2016,37.849998474121094,39.42499923706055,37.75,38.79999923706055,1481100,38.79999923706055
11/14/2016,36.599998474121094,37.95000076293945,36.599998474121094,37.45000076293945,1000600,37.45000076293945
11/11/2016,34.650001525878906,37,34.310001373291016,36.599998474121094,1438200,36.599998474121094
11/10/2016,37,37.04999923706055,34.54999923706055,34.70000076293945,1222100,34.70000076293945
11/9/2016,35.70000076293945,36.70000076293945,35.099998474121094,36.5,585400,36.5
11/8/2016,35.849998474121094,37,35.650001525878906,36.5,789300,36.5
11/7/2016,36.349998474121094,37.04999923706055,35.75,35.849998474121094,1332400,35.849998474121094
11/4/2016,35.45000076293945,35.79999923706055,34.20000076293945,34.400001525878906,867800,34.400001525878906
11/3/2016,35.599998474121094,36.400001525878906,35.400001525878906,35.45000076293945,704200,35.45000076293945
11/2/2016,36.04999923706055,37.099998474121094,35.04999923706055,35.599998474121094,975500,35.599998474121094
11/1/2016,33.599998474121094,36.20000076293945,33.599998474121094,35.79999923706055,2301200,35.79999923706055
10/31/2016,37.75,37.95000076293945,32.900001525878906,33.599998474121094,3507500,33.599998474121094
10/28/2016,37.5,41.150001525878906,34.70000076293945,37.45000076293945,2135800,37.45000076293945
10/27/2016,40.79999923706055,41.5,38.5,38.900001525878906,2157400,38.900001525878906
10/26/2016,40.849998474121094,41.400001525878906,40.20000076293945,40.650001525878906,545200,40.650001525878906
10/25/2016,41.5,41.9900016784668,40.75,40.849998474121094,489600,40.849998474121094
10/24/2016,40.75,41.54999923706055,40.54999923706055,41.400001525878906,475000,41.400001525878906
10/21/2016,40.630001068115234,40.970001220703125,40.32099914550781,40.400001525878906,352100,40.400001525878906
10/20/2016,40.5,41.11000061035156,40.18000030517578,41.040000915527344,598300,41.040000915527344
10/19/2016,40.439998626708984,40.779998779296875,40.130001068115234,40.63999938964844,277800,40.63999938964844
10/18/2016,40.70000076293945,40.79999923706055,40.22999954223633,40.38999938964844,447500,40.38999938964844
10/17/2016,40.5,40.79899978637695,39.9900016784668,40.25,497900,40.25
10/14/2016,40.75,41.41400146484375,40.45000076293945,40.470001220703125,420400,40.470001220703125
10/13/2016,40.380001068115234,40.790000915527344,39.119998931884766,40.72999954223633,1088900,40.72999954223633
10/12/2016,40.70000076293945,41.43000030517578,40.11000061035156,40.970001220703125,840900,40.970001220703125
10/11/2016,41.029998779296875,42.869998931884766,39.84000015258789,40.72999954223633,2954700,40.72999954223633
10/10/2016,44.36000061035156,44.9900016784668,44.36000061035156,44.5,492700,44.5
10/7/2016,44.72999954223633,45.25,43.880001068115234,44.2400016784668,757100,44.2400016784668
10/6/2016,43.369998931884766,44.689998626708984,43.189998626708984,44.47999954223633,895800,44.47999954223633
10/5/2016,42.9900016784668,43.810001373291016,42.5,43.369998931884766,945100,43.369998931884766
10/4/2016,41.630001068115234,42.2400016784668,41.43000030517578,42.119998931884766,590700,42.119998931884766
10/3/2016,41.95000076293945,41.970001220703125,41.13999938964844,41.45000076293945,507300,41.45000076293945
9/30/2016,41.59000015258789,41.970001220703125,41.18000030517578,41.77000045776367,1017100,41.77000045776367
9/29/2016,41.9900016784668,41.9900016784668,41.029998779296875,41.36000061035156,721800,41.36000061035156
9/28/2016,42.06999969482422,42.354000091552734,41.439998626708984,41.9900016784668,639500,41.9900016784668
9/27/2016,40.75,41.91999816894531,40.40999984741211,41.84000015258789,803800,41.84000015258789
9/26/2016,41.04999923706055,41.470001220703125,40.31999969482422,40.97999954223633,929200,40.97999954223633
9/23/2016,41.59000015258789,41.77000045776367,40.810001373291016,40.970001220703125,864000,40.970001220703125
9/22/2016,40.36000061035156,41.80500030517578,40.36000061035156,41.790000915527344,1050600,41.790000915527344
9/21/2016,39.880001068115234,40.959999084472656,39.58000183105469,40.31999969482422,1036200,40.31999969482422
9/20/2016,41,41.119998931884766,39.20000076293945,39.869998931884766,1245200,39.869998931884766
9/19/2016,39.97999954223633,41.183998107910156,39.80099868774414,40.54999923706055,1392300,40.54999923706055
9/16/2016,39.88999938964844,39.900001525878906,39,39.209999084472656,2173700,39.209999084472656
9/15/2016,38.29999923706055,39.56999969482422,38.29999923706055,39.150001525878906,964300,39.150001525878906
9/14/2016,37.25,38.91600036621094,37.25,38.29999923706055,862100,38.29999923706055
9/13/2016,37.279998779296875,37.77000045776367,36.79499816894531,37.189998626708984,757100,37.189998626708984
9/12/2016,35.97999954223633,37.5,35.369998931884766,37.349998474121094,1041700,37.349998474121094
9/9/2016,37.599998474121094,38,36.20000076293945,36.43000030517578,1120900,36.43000030517578
9/8/2016,37.33000183105469,37.81999969482422,36.939998626708984,37.599998474121094,762500,37.599998474121094
9/7/2016,36.83000183105469,37.45000076293945,36.56999969482422,37.349998474121094,1404000,37.349998474121094
9/6/2016,35.45000076293945,36.849998474121094,35.38999938964844,36.25,1550200,36.25
9/2/2016,34.75,35.25,34.08000183105469,35.2400016784668,567500,35.2400016784668
9/1/2016,35.2400016784668,35.45000076293945,34.470001220703125,34.5,1731600,34.5
8/31/2016,34.47999954223633,35.25,34.34000015258789,35.119998931884766,797100,35.119998931884766
8/30/2016,34.54999923706055,35.25,34.15999984741211,34.54999923706055,664200,34.54999923706055
8/29/2016,33.83000183105469,34.599998474121094,33.80500030517578,34.529998779296875,406600,34.529998779296875
8/26/2016,33.779998779296875,34.150001525878906,33.470001220703125,33.88999938964844,795300,33.88999938964844
8/25/2016,33.5,34,33.20000076293945,33.869998931884766,330100,33.869998931884766
8/24/2016,34.130001068115234,34.2400016784668,33.58000183105469,33.65999984741211,386100,33.65999984741211
8/23/2016,33.959999084472656,34.38999938964844,33.779998779296875,34.209999084472656,998800,34.209999084472656
8/22/2016,34.650001525878906,34.66999816894531,33.5,34.040000915527344,1475000,34.040000915527344
8/19/2016,34.45000076293945,34.790000915527344,34.27000045776367,34.599998474121094,1140900,34.599998474121094
8/18/2016,32.220001220703125,34.560001373291016,32.040000915527344,34.310001373291016,1756400,34.310001373291016
8/17/2016,32.59000015258789,32.86000061035156,31.81999969482422,32,591300,32
8/16/2016,32.86000061035156,32.9900016784668,32.2400016784668,32.83000183105469,584800,32.83000183105469
8/15/2016,32.900001525878906,32.97999954223633,32.13999938964844,32.65999984741211,697100,32.65999984741211
8/12/2016,32,32.86000061035156,31.5,32.720001220703125,822100,32.720001220703125
8/11/2016,30.690000534057617,32.04999923706055,30.239999771118164,31.809999465942383,1184200,31.809999465942383
8/10/2016,33.40999984741211,33.5,30.170000076293945,31.81999969482422,2431200,31.81999969482422
8/9/2016,31.15999984741211,32.47999954223633,30.790000915527344,32.130001068115234,1063800,32.130001068115234
8/8/2016,31.5,31.5,30.861000061035156,31.270000457763672,565700,31.270000457763672
8/5/2016,31.270000457763672,31.889999389648438,30.93000030517578,31.329999923706055,565200,31.329999923706055
8/4/2016,30.8799991607666,31.239999771118164,30.559999465942383,30.889999389648438,486300,30.889999389648438
8/3/2016,30.049999237060547,31.079999923706055,29.860000610351562,30.770000457763672,969300,30.770000457763672
8/2/2016,30.34000015258789,30.469999313354492,29.309999465942383,29.520000457763672,446600,29.520000457763672
8/1/2016,30.329999923706055,30.479999542236328,29.979999542236328,30.40999984741211,497900,30.40999984741211
7/29/2016,30.280000686645508,30.62299919128418,29.700000762939453,30.25,406300,30.25
7/28/2016,29.139999389648438,30.56999969482422,28.434999465942383,30.459999084472656,1223500,30.459999084472656
7/27/2016,30.950000762939453,31.040000915527344,30.540000915527344,30.93000030517578,550500,30.93000030517578
7/26/2016,30.600000381469727,31.40999984741211,30.540000915527344,30.719999313354492,967800,30.719999313354492
7/25/2016,28.43000030517578,30.649999618530273,28.399999618530273,30.479999542236328,2060400,30.479999542236328
7/22/2016,26.649999618530273,27.520000457763672,26.510000228881836,27.489999771118164,522200,27.489999771118164
7/21/2016,27.280000686645508,27.450000762939453,26.68000030517578,26.729999542236328,468300,26.729999542236328
7/20/2016,26.81999969482422,27.68000030517578,26.799999237060547,27.190000534057617,952000,27.190000534057617
7/19/2016,26.65999984741211,27.1200008392334,26.219999313354492,26.290000915527344,778100,26.290000915527344
7/18/2016,26.489999771118164,26.899999618530273,26.280000686645508,26.790000915527344,973300,26.790000915527344
7/15/2016,25.780000686645508,26.790000915527344,25.350000381469727,26.399999618530273,1135100,26.399999618530273
7/14/2016,24.860000610351562,25.860000610351562,24.83799934387207,25.579999923706055,1016000,25.579999923706055
7/13/2016,25.139999389648438,25.709999084472656,24.59000015258789,24.739999771118164,814200,24.739999771118164
7/12/2016,25,25,24.34000015258789,24.950000762939453,475800,24.950000762939453
7/11/2016,24.670000076293945,24.969999313354492,24.469999313354492,24.75,604700,24.75
7/8/2016,24.1299991607666,24.559999465942383,23.799999237060547,24.510000228881836,372600,24.510000228881836
7/7/2016,23.399999618530273,23.959999084472656,23.399999618530273,23.860000610351562,351400,23.860000610351562
7/6/2016,23.31999969482422,23.639999389648438,23.049999237060547,23.299999237060547,506900,23.299999237060547
7/5/2016,23.600000381469727,23.649999618530273,23.020000457763672,23.5,352900,23.5
7/1/2016,24.209999084472656,24.56999969482422,23.5,23.649999618530273,624300,23.649999618530273
6/30/2016,24.1299991607666,24.270000457763672,23.716999053955078,24.200000762939453,909000,24.200000762939453
6/29/2016,23.780000686645508,24.270000457763672,23.299999237060547,24.020000457763672,883800,24.020000457763672
6/28/2016,22.520000457763672,23.59000015258789,22.520000457763672,23.530000686645508,952800,23.530000686645508
6/27/2016,24.149999618530273,24.350000381469727,22.040000915527344,22.329999923706055,1266800,22.329999923706055
6/24/2016,23.75,25.020000457763672,23.75,24.229999542236328,5781700,24.229999542236328
6/23/2016,24.729999542236328,25.579999923706055,24.65999984741211,25.200000762939453,672000,25.200000762939453
6/22/2016,24.799999237060547,24.93000030517578,24.264999389648438,24.600000381469727,703300,24.600000381469727
6/21/2016,24.940000534057617,24.979999542236328,24.059999465942383,24.8799991607666,707100,24.8799991607666
6/20/2016,25.200000762939453,25.399999618530273,24.71299934387207,24.889999389648438,1099700,24.889999389648438
6/17/2016,26.649999618530273,27.389999389648438,24.81999969482422,24.969999313354492,1195600,24.969999313354492
6/16/2016,25.719999313354492,25.719999313354492,24.8700008392334,25.450000762939453,637500,25.450000762939453
6/15/2016,25.1200008392334,26.149999618530273,24.825000762939453,25.809999465942383,990500,25.809999465942383
6/14/2016,24.09000015258789,24.530000686645508,23.981000900268555,24.479999542236328,375000,24.479999542236328
6/13/2016,24.360000610351562,24.549999237060547,24.040000915527344,24.110000610351562,581300,24.110000610351562
6/10/2016,24.479999542236328,25.049999237060547,24.059999465942383,24.530000686645508,668300,24.530000686645508
6/9/2016,24.65999984741211,24.760000228881836,24.290000915527344,24.68000030517578,403300,24.68000030517578
6/8/2016,24.860000610351562,25.25,24.540000915527344,24.780000686645508,571400,24.780000686645508
6/7/2016,25.030000686645508,25.309999465942383,24.829999923706055,24.860000610351562,294100,24.860000610351562
6/6/2016,24.649999618530273,25.190000534057617,24.440000534057617,25.110000610351562,421300,25.110000610351562
6/3/2016,24.260000228881836,24.59000015258789,24.170000076293945,24.530000686645508,472700,24.530000686645508
6/2/2016,25.399999618530273,25.719999313354492,24.489999771118164,24.489999771118164,1001000,24.489999771118164
6/1/2016,25.450000762939453,25.850000381469727,25.1299991607666,25.360000610351562,674000,25.360000610351562
5/31/2016,25.5,26,25.139999389648438,25.34000015258789,907000,25.34000015258789
5/27/2016,23.860000610351562,24.540000915527344,23.549999237060547,24.420000076293945,746900,24.420000076293945
5/26/2016,22.889999389648438,24.25,22.889999389648438,23.950000762939453,721600,23.950000762939453
5/25/2016,22,23.030000686645508,22,22.780000686645508,922400,22.780000686645508
5/24/2016,22.459999084472656,22.479999542236328,21.780000686645508,21.979999542236328,1090600,21.979999542236328
5/23/2016,22.530000686645508,22.889999389648438,22.110000610351562,22.43000030517578,553500,22.43000030517578
5/20/2016,21.84000015258789,22.81999969482422,21.719999313354492,22.459999084472656,830700,22.459999084472656
5/19/2016,22.739999771118164,22.850000381469727,20.799999237060547,21.709999084472656,1937900,21.709999084472656
5/18/2016,22.6200008392334,23.139999389648438,22.549999237060547,23.059999465942383,247000,23.059999465942383
5/17/2016,23.110000610351562,23.309999465942383,22.594999313354492,22.709999084472656,527100,22.709999084472656
5/16/2016,23.329999923706055,23.704999923706055,23.1200008392334,23.18000030517578,661400,23.18000030517578
5/13/2016,23.940000534057617,24.219999313354492,23.280000686645508,23.440000534057617,619400,23.440000534057617
5/12/2016,23.700000762939453,24.15999984741211,23.549999237060547,23.899999618530273,606700,23.899999618530273
5/11/2016,23.5,24.030000686645508,23.5,23.719999313354492,326200,23.719999313354492
5/10/2016,23.889999389648438,23.899999618530273,23.229999542236328,23.489999771118164,566300,23.489999771118164
5/9/2016,24.469999313354492,24.6299991607666,23.770000457763672,23.899999618530273,575900,23.899999618530273
5/6/2016,24.59000015258789,24.73200035095215,23.799999237060547,24.469999313354492,631200,24.469999313354492
5/5/2016,25,25.549999237060547,23.43000030517578,24.65999984741211,1245800,24.65999984741211
5/4/2016,26.040000915527344,26.540000915527344,24.81999969482422,25,935600,25
5/3/2016,25.8700008392334,26.440000534057617,25.600000381469727,26,1158000,26
5/2/2016,25.190000534057617,25.674999237060547,25.110000610351562,25.5,618600,25.5
4/29/2016,25.280000686645508,25.350000381469727,24.56999969482422,25.299999237060547,518400,25.299999237060547
4/28/2016,25.549999237060547,25.959999084472656,25.34000015258789,25.479999542236328,306700,25.479999542236328
4/27/2016,24.8700008392334,25.8799991607666,24.638999938964844,25.690000534057617,363200,25.690000534057617
4/26/2016,25.3700008392334,25.700000762939453,24.670000076293945,24.770000457763672,324400,24.770000457763672
4/25/2016,25.5,25.979999542236328,25.1200008392334,25.34000015258789,411900,25.34000015258789
4/22/2016,25,25.75,25,25.6200008392334,527200,25.6200008392334
4/21/2016,24.809999465942383,25.280000686645508,24.799999237060547,25.049999237060547,220500,25.049999237060547
4/20/2016,24.809999465942383,25.020000457763672,24.5,24.809999465942383,571400,24.809999465942383
4/19/2016,25.8700008392334,26.135000228881836,24.010000228881836,24.81999969482422,1424700,24.81999969482422
4/18/2016,26.829999923706055,27.049999237060547,25.610000610351562,25.940000534057617,521600,25.940000534057617
4/15/2016,26.899999618530273,27.010000228881836,26.059999465942383,26.920000076293945,277100,26.920000076293945
4/14/2016,26.420000076293945,27.049999237060547,26.25,26.979999542236328,245500,26.979999542236328
4/13/2016,26.479999542236328,26.947999954223633,26.309999465942383,26.43000030517578,342800,26.43000030517578
4/12/2016,27.139999389648438,27.139999389648438,26.1299991607666,26.239999771118164,356200,26.239999771118164
4/11/2016,27.540000915527344,27.6200008392334,27.079999923706055,27.200000762939453,288200,27.200000762939453
4/8/2016,26.700000762939453,27.90999984741211,26.59000015258789,27.459999084472656,653700,27.459999084472656
4/7/2016,26.469999313354492,26.850000381469727,26.2810001373291,26.68000030517578,570500,26.68000030517578
4/6/2016,26.31999969482422,27.6200008392334,26.2549991607666,26.6200008392334,523500,26.6200008392334
4/5/2016,26.350000381469727,26.59000015258789,25.93000030517578,26.239999771118164,433900,26.239999771118164
4/4/2016,26.56999969482422,26.860000610351562,26.110000610351562,26.399999618530273,286400,26.399999618530273
4/1/2016,26.860000610351562,26.959999084472656,26.489999771118164,26.579999923706055,273400,26.579999923706055
3/31/2016,27.110000610351562,27.190000534057617,26.790000915527344,26.969999313354492,424600,26.969999313354492
3/30/2016,26.600000381469727,27.200000762939453,26.5,27.139999389648438,755100,27.139999389648438
3/29/2016,26.1200008392334,26.6299991607666,25.93000030517578,26.479999542236328,338400,26.479999542236328
3/28/2016,26.899999618530273,27.14900016784668,26.200000762939453,26.219999313354492,437800,26.219999313354492
3/24/2016,26.530000686645508,27,26.010000228881836,26.729999542236328,552800,26.729999542236328
3/23/2016,26.719999313354492,27.149999618530273,26.65999984741211,26.709999084472656,374200,26.709999084472656
3/22/2016,26.799999237060547,27.110000610351562,26.639999389648438,26.84000015258789,561800,26.84000015258789
3/21/2016,25.93000030517578,27.25,25.84000015258789,26.920000076293945,664000,26.920000076293945
3/18/2016,26.06999969482422,26.34000015258789,25.690000534057617,26.079999923706055,605100,26.079999923706055
3/17/2016,25.18000030517578,26.290000915527344,25.125,26.110000610351562,653900,26.110000610351562
3/16/2016,24.989999771118164,25.5,24.820999145507812,25.25,382400,25.25
3/15/2016,25.020000457763672,25.65999984741211,24.790000915527344,25.18000030517578,570100,25.18000030517578
3/14/2016,25.229999542236328,26.459999084472656,25.110000610351562,25.790000915527344,751500,25.790000915527344
3/11/2016,25.200000762939453,25.440000534057617,24.450000762939453,25.3700008392334,659600,25.3700008392334
3/10/2016,24.559999465942383,24.799999237060547,24.209999084472656,24.469999313354492,436700,24.469999313354492
3/9/2016,24.719999313354492,25.399999618530273,24.139999389648438,24.43000030517578,524800,24.43000030517578
3/8/2016,24,24.415000915527344,22.1299991607666,23.739999771118164,1005500,23.739999771118164
3/7/2016,24.59000015258789,25.43000030517578,24.299999237060547,24.559999465942383,462300,24.559999465942383
3/4/2016,25.600000381469727,26.229999542236328,24.514999389648438,24.989999771118164,1306500,24.989999771118164
3/3/2016,24.989999771118164,25.100000381469727,24.190000534057617,24.459999084472656,877400,24.459999084472656
3/2/2016,24.75,25.649999618530273,24.540000915527344,25.290000915527344,1231500,25.290000915527344
3/1/2016,24.149999618530273,24.790000915527344,24,24.3799991607666,1056300,24.3799991607666
2/29/2016,24.420000076293945,24.420000076293945,23.8799991607666,24.030000686645508,574100,24.030000686645508
2/26/2016,24.260000228881836,24.5,23.979999542236328,24,449300,24
2/25/2016,24.239999771118164,24.415000915527344,24.149999618530273,24.25,421700,24.25
2/24/2016,24.040000915527344,24.579999923706055,23.389999389648438,24.260000228881836,917900,24.260000228881836
2/23/2016,24.850000381469727,24.850000381469727,23.89299964904785,24.079999923706055,460300,24.079999923706055
2/22/2016,24.549999237060547,24.579999923706055,23.93000030517578,24.200000762939453,678700,24.200000762939453
2/19/2016,24.1299991607666,24.389999389648438,23.719999313354492,23.8700008392334,574100,23.8700008392334
2/18/2016,24.510000228881836,24.75,24.190000534057617,24.389999389648438,483300,24.389999389648438
2/17/2016,24,25,23.59000015258789,24.389999389648438,947600,24.389999389648438
2/16/2016,23.510000228881836,23.90999984741211,23.1200008392334,23.809999465942383,607200,23.809999465942383
2/12/2016,23.110000610351562,23.700000762939453,22.8799991607666,23.110000610351562,436100,23.110000610351562
2/11/2016,23.889999389648438,24.260000228881836,22.719999313354492,23.030000686645508,469700,23.030000686645508
2/10/2016,23.18000030517578,24.030000686645508,23.06999969482422,23.969999313354492,657200,23.969999313354492
2/9/2016,23.389999389648438,24.3799991607666,22.889999389648438,23,721100,23
2/8/2016,23.5,23.670000076293945,22.5,23.559999465942383,813100,23.559999465942383
2/5/2016,23.75,24.399999618530273,23.139999389648438,23.790000915527344,1759100,23.790000915527344
2/4/2016,21.670000076293945,23.739999771118164,21.219999313354492,22.200000762939453,1479900,22.200000762939453
2/3/2016,21.5,22,20.600000381469727,21.780000686645508,1226900,21.780000686645508
2/2/2016,21.020000457763672,22.209999084472656,20.700000762939453,21.110000610351562,1371000,21.110000610351562
2/1/2016,19.719999313354492,20.5,19.649999618530273,20.43000030517578,627800,20.43000030517578
1/29/2016,19.639999389648438,20.209999084472656,19.5,19.729999542236328,1119300,19.729999542236328
1/28/2016,19.700000762939453,20.049999237060547,18.989999771118164,19.600000381469727,382900,19.600000381469727
1/27/2016,19.969999313354492,20.190000534057617,19.530000686645508,19.690000534057617,311600,19.690000534057617
1/26/2016,19.549999237060547,20.309999465942383,19.549999237060547,19.979999542236328,382500,19.979999542236328
1/25/2016,19.549999237060547,19.760000228881836,19.350000381469727,19.450000762939453,169900,19.450000762939453
1/22/2016,19.079999923706055,19.670000076293945,18.899999618530273,19.639999389648438,314500,19.639999389648438
1/21/2016,18.920000076293945,19.229999542236328,18.59000015258789,18.809999465942383,526200,18.809999465942383
1/20/2016,18.709999084472656,18.930999755859375,18.100000381469727,18.81999969482422,298500,18.81999969482422
1/19/2016,19.440000534057617,19.950000762939453,18.709999084472656,18.989999771118164,417400,18.989999771118164
1/15/2016,19.139999389648438,19.56999969482422,18.389999389648438,19.40999984741211,438500,19.40999984741211
1/14/2016,19.43000030517578,19.6200008392334,18.649999618530273,19.31999969482422,389400,19.31999969482422
1/13/2016,19.670000076293945,19.979999542236328,19.059999465942383,19.6200008392334,242500,19.6200008392334
1/12/2016,20.360000610351562,20.729999542236328,19.200000762939453,19.579999923706055,410600,19.579999923706055
1/11/2016,19.709999084472656,20.059999465942383,19.420000076293945,19.6299991607666,520700,19.6299991607666
1/8/2016,19.329999923706055,20.700000762939453,19.149999618530273,19.559999465942383,705900,19.559999465942383
1/7/2016,21.360000610351562,21.790000915527344,20.469999313354492,20.549999237060547,552400,20.549999237060547
1/6/2016,21.200000762939453,22.170000076293945,21.049999237060547,21.639999389648438,529300,21.639999389648438
1/5/2016,22.200000762939453,22.639999389648438,21.25,21.540000915527344,397800,21.540000915527344
1/4/2016,21.719999313354492,22.610000610351562,21.5,22.329999923706055,425200,22.329999923706055
12/31/2015,22.34000015258789,22.573999404907227,21.860000610351562,22.020000457763672,221700,22.020000457763672
12/30/2015,21.850000381469727,22.600000381469727,21.770000457763672,22.559999465942383,295500,22.559999465942383
12/29/2015,21.5,22,21.229999542236328,22,189000,22
12/28/2015,20.649999618530273,21.40999984741211,20.579999923706055,21.399999618530273,295400,21.399999618530273
12/24/2015,20.950000762939453,20.979999542236328,20.579999923706055,20.780000686645508,73500,20.780000686645508
12/23/2015,20.760000228881836,21.239999771118164,20.5,21.010000228881836,375700,21.010000228881836
12/22/2015,21,21.34000015258789,20.600000381469727,20.780000686645508,391300,20.780000686645508
12/21/2015,21.049999237060547,21.399999618530273,20.8700008392334,21,521100,21
12/18/2015,21.950000762939453,21.969999313354492,20.700000762939453,21.040000915527344,777000,21.040000915527344
12/17/2015,21.75,22.219999313354492,21.5,21.81999969482422,596100,21.81999969482422
12/16/2015,20.309999465942383,21.860000610351562,20.302000045776367,21.559999465942383,486100,21.559999465942383
12/15/2015,19.75,20.31999969482422,19.5,20.229999542236328,273700,20.229999542236328
12/14/2015,20.239999771118164,20.780000686645508,19.6200008392334,19.75,452300,19.75
12/11/2015,19.850000381469727,20.719999313354492,19.506000518798828,20.34000015258789,703300,20.34000015258789
12/10/2015,19.670000076293945,19.799999237060547,19.440000534057617,19.540000915527344,1308400,19.540000915527344
12/9/2015,20.809999465942383,20.860000610351562,19.889999389648438,20.110000610351562,293900,20.110000610351562
12/8/2015,20.1299991607666,20.809999465942383,19.969999313354492,20.780000686645508,268500,20.780000686645508
12/7/2015,20.200000762939453,20.770000457763672,19.5,20.299999237060547,229700,20.299999237060547
12/4/2015,19.850000381469727,20.690000534057617,19.770000457763672,20.31999969482422,912600,20.31999969482422
12/3/2015,19.90999984741211,20.100000381469727,19.549999237060547,19.809999465942383,201800,19.809999465942383
12/2/2015,19.93000030517578,20.030000686645508,19.81999969482422,19.940000534057617,145500,19.940000534057617
12/1/2015,20.059999465942383,20.059999465942383,19.860000610351562,20,430200,20
11/30/2015,20.049999237060547,20.059999465942383,19.889999389648438,20,207900,20
11/27/2015,19.940000534057617,20.06999969482422,19.290000915527344,20.010000228881836,112300,20.010000228881836
11/25/2015,19.68000030517578,20.190000534057617,19.68000030517578,19.81999969482422,350100,19.81999969482422
11/24/2015,19.399999618530273,19.959999084472656,19.360000610351562,19.75,589700,19.75
11/23/2015,18.899999618530273,19.690000534057617,18.81999969482422,19.579999923706055,664000,19.579999923706055
11/20/2015,18.309999465942383,19,18.239999771118164,18.809999465942383,394900,18.809999465942383
11/19/2015,17.889999389648438,18.479999542236328,17.760000228881836,18.239999771118164,228800,18.239999771118164
11/18/2015,18.139999389648438,18.420000076293945,17.895000457763672,18.079999923706055,300300,18.079999923706055
11/17/2015,18.040000915527344,18.809999465942383,17.975000381469727,18.200000762939453,544500,18.200000762939453
11/16/2015,17.549999237060547,18.260000228881836,17.459999084472656,18.190000534057617,550700,18.190000534057617
11/13/2015,17.690000534057617,18.110000610351562,17.475000381469727,17.639999389648438,320900,17.639999389648438
11/12/2015,18.049999237060547,18.44499969482422,17.5,17.600000381469727,360800,17.600000381469727
11/11/2015,18.200000762939453,19.378999710083008,17.850000381469727,17.950000762939453,1371400,17.950000762939453
11/10/2015,16.020000457763672,16.729999542236328,15.970000267028809,16.540000915527344,364700,16.540000915527344
11/9/2015,15.979999542236328,16.149999618530273,15.850000381469727,16.030000686645508,256500,16.030000686645508
11/6/2015,16.25,16.3799991607666,15.829999923706055,16.06999969482422,164900,16.06999969482422
11/5/2015,16.149999618530273,16.5,15.920999526977539,16.350000381469727,462200,16.350000381469727
11/4/2015,15.399999618530273,16.34000015258789,15.329999923706055,16.059999465942383,484600,16.059999465942383
11/3/2015,14.9399995803833,15.5,14.800000190734863,15.380000114440918,272800,15.380000114440918
11/2/2015,14.350000381469727,14.899999618530273,14.300000190734863,14.800000190734863,291000,14.800000190734863
10/30/2015,14.460000038146973,14.6899995803833,14.25,14.34000015258789,400200,14.34000015258789
10/29/2015,14.600000381469727,14.989999771118164,14.460000038146973,14.510000228881836,183700,14.510000228881836
10/28/2015,14.630000114440918,14.920000076293945,14.550000190734863,14.699999809265137,133900,14.699999809265137
10/27/2015,14.789999961853027,14.789999961853027,14.510000228881836,14.550000190734863,229800,14.550000190734863
10/26/2015,14.789999961853027,15.020000457763672,14.71500015258789,14.829999923706055,603500,14.829999923706055
10/23/2015,14.65999984741211,14.989999771118164,14.65999984741211,14.869999885559082,178200,14.869999885559082
10/22/2015,14.699999809265137,15.029999732971191,14.369999885559082,14.600000381469727,715300,14.600000381469727
10/21/2015,14.210000038146973,14.6899995803833,14.170000076293945,14.5,526500,14.5
10/20/2015,14.170000076293945,14.600000381469727,13.989999771118164,14.279999732971191,854800,14.279999732971191
10/19/2015,14.40999984741211,14.40999984741211,13.970000267028809,14.119999885559082,582400,14.119999885559082
10/16/2015,14.779999732971191,14.800000190734863,14.390000343322754,14.470000267028809,183600,14.470000267028809
10/15/2015,14.4399995803833,14.779999732971191,14.399999618530273,14.75,165700,14.75
10/14/2015,14.760000228881836,14.829999923706055,14.399999618530273,14.449999809265137,150500,14.449999809265137
10/13/2015,14.649999618530273,14.930000305175781,14.649999618530273,14.6899995803833,173000,14.6899995803833
10/12/2015,15.15999984741211,15.359999656677246,14.706000328063965,14.75,120700,14.75
10/9/2015,14.90999984741211,15.390000343322754,14.850000381469727,15.140000343322754,419300,15.140000343322754
10/8/2015,15.359999656677246,15.817999839782715,15,15.180000305175781,695400,15.180000305175781
10/7/2015,15.399999618530273,15.5600004196167,15.15999984741211,15.229999542236328,438000,15.229999542236328
10/6/2015,15.510000228881836,15.550000190734863,15.270000457763672,15.279999732971191,429500,15.279999732971191
10/5/2015,15.680000305175781,15.960000038146973,15.489999771118164,15.59000015258789,268400,15.59000015258789
10/2/2015,16.479999542236328,16.649999618530273,15.59000015258789,15.760000228881836,378300,15.760000228881836
10/1/2015,16.8799991607666,16.979999542236328,16.540000915527344,16.540000915527344,265400,16.540000915527344
9/30/2015,16.81999969482422,17,16.75,16.950000762939453,345500,16.950000762939453
9/29/2015,16.829999923706055,16.989999771118164,16.65999984741211,16.84000015258789,117900,16.84000015258789
9/28/2015,16.8700008392334,17.010000228881836,16.65999984741211,16.920000076293945,386900,16.920000076293945
9/25/2015,16.889999389648438,17.125,16.760000228881836,16.979999542236328,482000,16.979999542236328
9/24/2015,16.950000762939453,17.010000228881836,16.780000686645508,16.940000534057617,353100,16.940000534057617
9/23/2015,16.770000457763672,16.940000534057617,16.65999984741211,16.780000686645508,338800,16.780000686645508
9/22/2015,16.889999389648438,16.989999771118164,16.739999771118164,16.809999465942383,241600,16.809999465942383
9/21/2015,17.079999923706055,17.200000762939453,16.959999084472656,17.049999237060547,329000,17.049999237060547
9/18/2015,17.139999389648438,17.174999237060547,16.950000762939453,17.079999923706055,360900,17.079999923706055
9/17/2015,16.969999313354492,17.4950008392334,16.969999313354492,17.25,348200,17.25
9/16/2015,17.31999969482422,17.510000228881836,16.950000762939453,16.969999313354492,325300,16.969999313354492
9/15/2015,17.65999984741211,17.829999923706055,17.329999923706055,17.3799991607666,433700,17.3799991607666
9/14/2015,17.719999313354492,17.81999969482422,17.350000381469727,17.56999969482422,392400,17.56999969482422
9/11/2015,17.899999618530273,18.59000015258789,17.65999984741211,17.709999084472656,597400,17.709999084472656
9/10/2015,18.530000686645508,18.780000686645508,18.15999984741211,18.350000381469727,176900,18.350000381469727
9/9/2015,17.5,18.989999771118164,17.393999099731445,18.790000915527344,468000,18.790000915527344
9/8/2015,18.959999084472656,19.5,17.209999084472656,17.770000457763672,559600,17.770000457763672
9/4/2015,19.06999969482422,19.440000534057617,18.649999618530273,19.06999969482422,359500,19.06999969482422
9/3/2015,18.489999771118164,19.46500015258789,18.302000045776367,19.309999465942383,305300,19.309999465942383
9/2/2015,18.979999542236328,20.18000030517578,18.1299991607666,18.709999084472656,485800,18.709999084472656
9/1/2015,19.219999313354492,19.709999084472656,18.8700008392334,19.079999923706055,201700,19.079999923706055
8/31/2015,19.520000457763672,19.950000762939453,19.440000534057617,19.739999771118164,164700,19.739999771118164
8/28/2015,20.200000762939453,20.2450008392334,18.81999969482422,19.920000076293945,202500,19.920000076293945
8/27/2015,20.260000228881836,20.860000610351562,20.260000228881836,20.399999618530273,269100,20.399999618530273
8/26/2015,20,20.940000534057617,20,20.40999984741211,376900,20.40999984741211
8/25/2015,21.010000228881836,21.360000610351562,19.770000457763672,20.399999618530273,534400,20.399999618530273
8/24/2015,19.989999771118164,21.010000228881836,19.75,21.010000228881836,407200,21.010000228881836
8/21/2015,20.950000762939453,21.360000610351562,20.610000610351562,21.25,384700,21.25
8/20/2015,21.139999389648438,21.899999618530273,20.43000030517578,21.200000762939453,716600,21.200000762939453
8/19/2015,21.079999923706055,21.809999465942383,20.309999465942383,21.389999389648438,299700,21.389999389648438
8/18/2015,21.280000686645508,21.579999923706055,21.100000381469727,21.440000534057617,380000,21.440000534057617
8/17/2015,19.93000030517578,21.704999923706055,19.93000030517578,21.06999969482422,562600,21.06999969482422
8/14/2015,19.950000762939453,20.889999389648438,19.219999313354492,20.329999923706055,526600,20.329999923706055
8/13/2015,19.799999237060547,20.780000686645508,19.3799991607666,20.600000381469727,491700,20.600000381469727
8/12/2015,19.469999313354492,19.5,18.690000534057617,19.3700008392334,452700,19.3700008392334
8/11/2015,18.790000915527344,19.940000534057617,18.790000915527344,19.559999465942383,741500,19.559999465942383
8/10/2015,19.43000030517578,19.690000534057617,18.81999969482422,19.010000228881836,259100,19.010000228881836
8/7/2015,18.34000015258789,19.579999923706055,17.670000076293945,19.299999237060547,598900,19.299999237060547
8/6/2015,20.5,20.649999618530273,17.283000946044922,18.600000381469727,326700,18.600000381469727
8/5/2015,21,21.360000610351562,20.1299991607666,20.559999465942383,692700,20.559999465942383
8/4/2015,24.25,25.860000610351562,19.239999771118164,21.149999618530273,1516900,21.149999618530273
8/3/2015,26.8799991607666,26.8799991607666,20,23.450000762939453,322800,23.450000762939453
7/31/2015,21,21,19.700000762939453,19.700000762939453,1600,19.700000762939453
7/30/2015,21,21,21,21,800,21
7/29/2015,20.950000762939453,21.00200080871582,19.260000228881836,21.00200080871582,1900,21.00200080871582
7/28/2015,21,21,19.364999771118164,21,1500,21
7/27/2015,20.950000762939453,21.200000762939453,20.049999237060547,20.850000381469727,2300,20.850000381469727
7/24/2015,17,17,17,17,200,17
7/23/2015,18.600000381469727,18.600000381469727,17,17,75800,17
