4/22/2019,12.300000190734863,12.5,12.149999618530273,12.270000457763672,2102100,12.270000457763672
4/18/2019,12.199999809265137,12.369999885559082,11.600000381469727,12.229999542236328,4635000,12.229999542236328
4/17/2019,11.119999885559082,11.619999885559082,11.029999732971191,11.479999542236328,1441000,11.479999542236328
4/16/2019,11.319999694824219,11.430000305175781,10.949999809265137,11.039999961853027,1800300,11.039999961853027
4/15/2019,10.949999809265137,11.529999732971191,10.800000190734863,11.270000457763672,1793400,11.270000457763672
4/12/2019,10.90999984741211,11.180000305175781,10.789999961853027,10.960000038146973,689500,10.960000038146973
4/11/2019,10.739999771118164,11.039999961853027,10.630000114440918,10.850000381469727,594300,10.850000381469727
4/10/2019,10.720000267028809,10.84000015258789,10.550000190734863,10.75,820700,10.75
4/9/2019,10.729999542236328,10.979999542236328,10.630000114440918,10.710000038146973,719200,10.710000038146973
4/8/2019,10.8100004196167,10.899999618530273,10.670000076293945,10.770000457763672,801400,10.770000457763672
4/5/2019,10.680000305175781,10.899999618530273,10.4399995803833,10.859999656677246,690400,10.859999656677246
4/4/2019,10.260000228881836,10.739999771118164,10.260000228881836,10.649999618530273,941200,10.649999618530273
4/3/2019,10.25,10.399999618530273,10.1899995803833,10.279999732971191,583600,10.279999732971191
4/2/2019,10.270000457763672,10.460000038146973,10.149999618530273,10.149999618530273,789000,10.149999618530273
4/1/2019,10.199999809265137,10.34000015258789,10,10.289999961853027,966500,10.289999961853027
3/29/2019,10.220000267028809,10.25,10.050000190734863,10.100000381469727,1168200,10.100000381469727
3/28/2019,10.5600004196167,10.6899995803833,10.130000114440918,10.1899995803833,1228700,10.1899995803833
3/27/2019,10.289999961853027,10.6899995803833,10.229999542236328,10.479999542236328,991900,10.479999542236328
3/26/2019,10.40999984741211,10.630000114440918,10.15999984741211,10.260000228881836,1018700,10.260000228881836
3/25/2019,10.350000381469727,10.479999542236328,10.15999984741211,10.300000190734863,1152100,10.300000190734863
3/22/2019,10.619999885559082,10.760000228881836,10.270000457763672,10.399999618530273,1290900,10.399999618530273
3/21/2019,9.90999984741211,10.619999885559082,9.90999984741211,10.609999656677246,1610600,10.609999656677246
3/20/2019,9.859999656677246,10.25,9.729999542236328,10,2761600,10
3/19/2019,9.989999771118164,10.210000038146973,9.649999618530273,9.699999809265137,3289900,9.699999809265137
3/18/2019,9.09000015258789,9.979999542236328,8.8100004196167,9.819999694824219,6931700,9.819999694824219
3/15/2019,10.25,10.350000381469727,9.9399995803833,10.170000076293945,2544200,10.170000076293945
3/14/2019,10.9399995803833,11,10.180000305175781,10.25,1796800,10.25
3/13/2019,11.100000381469727,11.449999809265137,10.920000076293945,10.930000305175781,1148400,10.930000305175781
3/12/2019,11.5,12.180000305175781,10.899999618530273,11.079999923706055,2105800,11.079999923706055
3/11/2019,11.229999542236328,11.449999809265137,11.170000076293945,11.4399995803833,576300,11.4399995803833
3/8/2019,11.0600004196167,11.3100004196167,11,11.199999809265137,402700,11.199999809265137
3/7/2019,11.369999885559082,11.550000190734863,11.149999618530273,11.170000076293945,626500,11.170000076293945
3/6/2019,11.210000038146973,11.4399995803833,11.100000381469727,11.399999618530273,690800,11.399999618530273
3/5/2019,11.550000190734863,11.550000190734863,11.1899995803833,11.210000038146973,905700,11.210000038146973
3/4/2019,11.789999961853027,11.8100004196167,11.319999694824219,11.5600004196167,1178900,11.5600004196167
3/1/2019,11.920000076293945,12.140000343322754,11.600000381469727,11.729999542236328,618500,11.729999542236328
2/28/2019,11.970000267028809,12.050000190734863,11.670000076293945,11.8100004196167,494100,11.8100004196167
2/27/2019,12.25,12.59000015258789,11.930000305175781,12,701000,12
2/26/2019,12.329999923706055,12.390000343322754,12.069999694824219,12.199999809265137,911800,12.199999809265137
2/25/2019,11.899999618530273,12.539999961853027,11.800000190734863,12.460000038146973,1566400,12.460000038146973
2/22/2019,11.5600004196167,11.850000381469727,11.5600004196167,11.729999542236328,506800,11.729999542236328
2/21/2019,11.5600004196167,11.8100004196167,11.449999809265137,11.539999961853027,684400,11.539999961853027
2/20/2019,11.5600004196167,11.720000267028809,11.539999961853027,11.569999694824219,485300,11.569999694824219
2/19/2019,11.729999542236328,11.869999885559082,11.529999732971191,11.539999961853027,589400,11.539999961853027
2/15/2019,11.350000381469727,11.899999618530273,11.300000190734863,11.720000267028809,919700,11.720000267028809
2/14/2019,11.109999656677246,11.34000015258789,11.0600004196167,11.229999542236328,574600,11.229999542236328
2/13/2019,11.010000228881836,11.289999961853027,11.010000228881836,11.170000076293945,501300,11.170000076293945
2/12/2019,10.779999732971191,11.050000190734863,10.760000228881836,10.970000267028809,588400,10.970000267028809
2/11/2019,11.119999885559082,11.180000305175781,10.729999542236328,10.729999542236328,743000,10.729999542236328
2/8/2019,11.279999732971191,11.460000038146973,11.119999885559082,11.140000343322754,773000,11.140000343322754
2/7/2019,11.5600004196167,11.579999923706055,11.220000267028809,11.329999923706055,1106600,11.329999923706055
2/6/2019,11.619999885559082,11.720000267028809,11.460000038146973,11.649999618530273,662500,11.649999618530273
2/5/2019,11.680000305175781,11.800000190734863,11.4399995803833,11.600000381469727,486400,11.600000381469727
2/4/2019,11.680000305175781,11.8100004196167,11.569999694824219,11.640000343322754,401100,11.640000343322754
2/1/2019,12.029999732971191,12.079999923706055,11.579999923706055,11.680000305175781,765600,11.680000305175781
1/31/2019,11.789999961853027,12.140000343322754,11.670000076293945,12.020000457763672,1109200,12.020000457763672
1/30/2019,11.670000076293945,11.960000038146973,11.5,11.829999923706055,646600,11.829999923706055
1/29/2019,11.65999984741211,11.760000228881836,11.489999771118164,11.630000114440918,492900,11.630000114440918
1/28/2019,11.5,11.880000114440918,11.430000305175781,11.739999771118164,564900,11.739999771118164
1/25/2019,11.640000343322754,11.960000038146973,11.619999885559082,11.6899995803833,955400,11.6899995803833
1/24/2019,11.279999732971191,11.539999961853027,11.279999732971191,11.529999732971191,427000,11.529999732971191
1/23/2019,11.300000190734863,11.489999771118164,11.119999885559082,11.270000457763672,454900,11.270000457763672
1/22/2019,11.489999771118164,11.630000114440918,11.199999809265137,11.260000228881836,568300,11.260000228881836
1/18/2019,11.430000305175781,11.59000015258789,11.260000228881836,11.539999961853027,479900,11.539999961853027
1/17/2019,11.0600004196167,11.399999618530273,11.020000457763672,11.329999923706055,656100,11.329999923706055
1/16/2019,11.229999542236328,11.479999542236328,11.050000190734863,11.180000305175781,604600,11.180000305175781
1/15/2019,10.920000076293945,11.220000267028809,10.649999618530273,11.199999809265137,800300,11.199999809265137
1/14/2019,10.869999885559082,11.15999984741211,10.770000457763672,11.0600004196167,418200,11.0600004196167
1/11/2019,10.760000228881836,10.979999542236328,10.600000381469727,10.960000038146973,444400,10.960000038146973
1/10/2019,10.75,10.989999771118164,10.619999885559082,10.75,679400,10.75
1/9/2019,10.84000015258789,11.069999694824219,10.65999984741211,10.90999984741211,870300,10.90999984741211
1/8/2019,10.670000076293945,10.920000076293945,10.470000267028809,10.75,863600,10.75
1/7/2019,9.979999542236328,10.720000267028809,9.899999618530273,10.600000381469727,837800,10.600000381469727
1/4/2019,9.5,10.09000015258789,9.319999694824219,10.039999961853027,1769000,10.039999961853027
1/3/2019,9.529999732971191,9.600000381469727,9.130000114440918,9.399999618530273,2045300,9.399999618530273
1/2/2019,9.430000305175781,10.100000381469727,9.350000381469727,9.970000267028809,1121600,9.970000267028809
12/31/2018,10.010000228881836,10.079999923706055,9.390000343322754,9.520000457763672,1722400,9.520000457763672
12/28/2018,9.979999542236328,10.149999618530273,9.850000381469727,10.029999732971191,923400,10.029999732971191
12/27/2018,10.09000015258789,10.119999885559082,9.649999618530273,10,1192600,10
12/26/2018,9.819999694824219,10.210000038146973,9.619999885559082,10.199999809265137,715200,10.199999809265137
12/24/2018,10,10.109999656677246,9.520000457763672,9.779999732971191,643200,9.779999732971191
12/21/2018,10.460000038146973,10.529999732971191,9.949999809265137,10.020000457763672,1966500,10.020000457763672
12/20/2018,10.3100004196167,10.819999694824219,10.220000267028809,10.390000343322754,1236200,10.390000343322754
12/19/2018,10.359999656677246,10.739999771118164,10.220000267028809,10.3100004196167,1037700,10.3100004196167
12/18/2018,10.239999771118164,10.619999885559082,10.210000038146973,10.34000015258789,938800,10.34000015258789
12/17/2018,10.069999694824219,10.609999656677246,10.069999694824219,10.220000267028809,883300,10.220000267028809
12/14/2018,10.130000114440918,10.479999542236328,10.069999694824219,10.140000343322754,727900,10.140000343322754
12/13/2018,10.260000228881836,10.5,10.029999732971191,10.15999984741211,874900,10.15999984741211
12/12/2018,10.5,10.65999984741211,10.140000343322754,10.239999771118164,1012600,10.239999771118164
12/11/2018,10.880000114440918,11.029999732971191,10.350000381469727,10.390000343322754,942500,10.390000343322754
12/10/2018,10.789999961853027,10.890000343322754,10.399999618530273,10.710000038146973,1271900,10.710000038146973
12/7/2018,10.970000267028809,11.270000457763672,10.630000114440918,10.739999771118164,958900,10.739999771118164
12/6/2018,11.0600004196167,11.100000381469727,10.390000343322754,11.029999732971191,1465600,11.029999732971191
12/4/2018,12.25,12.369999885559082,11.140000343322754,11.180000305175781,1767200,11.180000305175781
12/3/2018,12.869999885559082,13.119999885559082,12.020000457763672,12.260000228881836,2063700,12.260000228881836
11/30/2018,12.59000015258789,12.699999809265137,12.260000228881836,12.630000114440918,992500,12.630000114440918
11/29/2018,13.0600004196167,13.25,12.380000114440918,12.630000114440918,1894000,12.630000114440918
11/28/2018,12.529999732971191,13.199999809265137,12.329999923706055,13.180000305175781,1343100,13.180000305175781
11/27/2018,12.510000228881836,12.75,12.369999885559082,12.5,1390600,12.5
11/26/2018,12.670000076293945,12.829999923706055,12.270000457763672,12.609999656677246,1051100,12.609999656677246
11/23/2018,12.430000305175781,12.720000267028809,12.390000343322754,12.539999961853027,362500,12.539999961853027
11/21/2018,12.199999809265137,12.520000457763672,12.140000343322754,12.460000038146973,659600,12.460000038146973
11/20/2018,12.140000343322754,12.300000190734863,11.869999885559082,12.100000381469727,824000,12.100000381469727
11/19/2018,12.520000457763672,12.9399995803833,12.319999694824219,12.369999885559082,841200,12.369999885559082
11/16/2018,12.460000038146973,12.670000076293945,12.229999542236328,12.529999732971191,893200,12.529999732971191
11/15/2018,12.15999984741211,12.729999542236328,11.59000015258789,12.670000076293945,1310100,12.670000076293945
11/14/2018,12.380000114440918,12.699999809265137,12.229999542236328,12.289999961853027,1007500,12.289999961853027
11/13/2018,11.739999771118164,12.84000015258789,11.739999771118164,12.319999694824219,1909900,12.319999694824219
11/12/2018,11.65999984741211,11.989999771118164,11.510000228881836,11.720000267028809,842500,11.720000267028809
11/9/2018,12.079999923706055,12.239999771118164,11.649999618530273,11.680000305175781,914300,11.680000305175781
11/8/2018,12.170000076293945,12.489999771118164,11.930000305175781,12.15999984741211,1309600,12.15999984741211
11/7/2018,12.460000038146973,12.65999984741211,11.859999656677246,12.34000015258789,1078200,12.34000015258789
11/6/2018,12.199999809265137,12.550000190734863,12.079999923706055,12.420000076293945,973900,12.420000076293945
11/5/2018,12.59000015258789,12.729999542236328,11.760000228881836,12.210000038146973,1074200,12.210000038146973
11/2/2018,12.619999885559082,12.84000015258789,11.859999656677246,12.569999694824219,1642400,12.569999694824219
11/1/2018,11.899999618530273,13.050000190734863,11.680000305175781,12.510000228881836,3058500,12.510000228881836
10/31/2018,11.510000228881836,12.109999656677246,11.0600004196167,11.960000038146973,2752100,11.960000038146973
10/30/2018,10.779999732971191,12.229999542236328,9.949999809265137,11.539999961853027,4097500,11.539999961853027
10/29/2018,12.75,12.989999771118164,12.140000343322754,12.329999923706055,1760700,12.329999923706055
10/26/2018,12.600000381469727,12.979999542236328,12.420000076293945,12.640000343322754,774500,12.640000343322754
10/25/2018,12.65999984741211,12.9399995803833,12.390000343322754,12.770000457763672,774100,12.770000457763672
10/24/2018,12.579999923706055,13.149999618530273,12.539999961853027,12.569999694824219,1232200,12.569999694824219
10/23/2018,12.149999618530273,12.600000381469727,12.079999923706055,12.550000190734863,831700,12.550000190734863
10/22/2018,12.380000114440918,12.609999656677246,12.0600004196167,12.229999542236328,626500,12.229999542236328
10/19/2018,12.670000076293945,12.9399995803833,12.1899995803833,12.319999694824219,1218400,12.319999694824219
10/18/2018,12.930000305175781,13.010000228881836,12.600000381469727,12.640000343322754,1046500,12.640000343322754
10/17/2018,13.390000343322754,13.5,12.869999885559082,12.920000076293945,992300,12.920000076293945
10/16/2018,13.260000228881836,13.699999809265137,12.930000305175781,13.420000076293945,868800,13.420000076293945
10/15/2018,13.220000267028809,13.479999542236328,13.100000381469727,13.140000343322754,787000,13.140000343322754
10/12/2018,13.989999771118164,14.069999694824219,13,13.220000267028809,1326000,13.220000267028809
10/11/2018,13.720000267028809,14.359999656677246,13.569999694824219,13.710000038146973,1004200,13.710000038146973
10/10/2018,13.6899995803833,14.0600004196167,13.420000076293945,13.880000114440918,1120900,13.880000114440918
10/9/2018,13.770000457763672,14.239999771118164,13.649999618530273,13.720000267028809,924800,13.720000267028809
10/8/2018,13.84000015258789,13.920000076293945,13.529999732971191,13.819999694824219,913800,13.819999694824219
10/5/2018,14.279999732971191,14.5,13.699999809265137,13.920000076293945,906500,13.920000076293945
10/4/2018,14.649999618530273,14.710000038146973,14.09000015258789,14.3100004196167,1032200,14.3100004196167
10/3/2018,14.25,14.720000267028809,14.020000457763672,14.640000343322754,1438400,14.640000343322754
10/2/2018,15.279999732971191,15.289999961853027,13.8100004196167,14.109999656677246,3088200,14.109999656677246
10/1/2018,15.539999961853027,15.789999961853027,15.460000038146973,15.479999542236328,973900,15.479999542236328
9/28/2018,15.729999542236328,15.890000343322754,15.359999656677246,15.489999771118164,1182000,15.489999771118164
9/27/2018,16.709999084472656,16.799999237060547,15.680000305175781,15.739999771118164,1733100,15.739999771118164
9/26/2018,17.110000610351562,17.34000015258789,16.649999618530273,16.700000762939453,907300,16.700000762939453
9/25/2018,17.31999969482422,17.43000030517578,16.56999969482422,16.959999084472656,1313900,16.959999084472656
9/24/2018,17.75,17.889999389648438,17.299999237060547,17.31999969482422,672900,17.31999969482422
9/21/2018,17.700000762939453,17.829999923706055,17.59000015258789,17.739999771118164,588900,17.739999771118164
9/20/2018,17.770000457763672,17.84000015258789,17.399999618530273,17.690000534057617,516300,17.690000534057617
9/19/2018,17.549999237060547,18.15999984741211,17.549999237060547,17.670000076293945,536600,17.670000076293945
9/18/2018,17.549999237060547,17.989999771118164,17.40999984741211,17.549999237060547,949200,17.549999237060547
9/17/2018,17.389999389648438,17.790000915527344,17.360000610351562,17.600000381469727,859500,17.600000381469727
9/14/2018,17.40999984741211,17.59000015258789,17.149999618530273,17.229999542236328,534800,17.229999542236328
9/13/2018,17.690000534057617,17.690000534057617,17.190000534057617,17.40999984741211,624100,17.40999984741211
9/12/2018,17.520000457763672,18.170000076293945,17.520000457763672,17.719999313354492,1008700,17.719999313354492
9/11/2018,17.309999465942383,17.65999984741211,17.09000015258789,17.450000762939453,784600,17.450000762939453
9/10/2018,16.979999542236328,17.170000076293945,16.709999084472656,17.139999389648438,792400,17.139999389648438
9/7/2018,17.520000457763672,17.860000610351562,16.780000686645508,16.799999237060547,798700,16.799999237060547
9/6/2018,17.709999084472656,17.729999542236328,17.200000762939453,17.600000381469727,1093100,17.600000381469727
9/5/2018,17.6200008392334,17.850000381469727,17.520000457763672,17.690000534057617,398900,17.690000534057617
9/4/2018,17.440000534057617,17.690000534057617,17.229999542236328,17.65999984741211,631800,17.65999984741211
8/31/2018,17.559999465942383,17.829999923706055,17.3700008392334,17.43000030517578,848800,17.43000030517578
8/30/2018,18,18.360000610351562,17.540000915527344,17.549999237060547,814200,17.549999237060547
8/29/2018,17.31999969482422,18.010000228881836,17.170000076293945,17.989999771118164,1069500,17.989999771118164
8/28/2018,17.31999969482422,17.600000381469727,17.110000610351562,17.40999984741211,1001600,17.40999984741211
8/27/2018,17.3700008392334,17.459999084472656,17.030000686645508,17.280000686645508,910400,17.280000686645508
8/24/2018,17.3700008392334,17.520000457763672,17.219999313354492,17.329999923706055,888500,17.329999923706055
8/23/2018,17.329999923706055,17.739999771118164,17.31999969482422,17.350000381469727,867000,17.350000381469727
8/22/2018,17.479999542236328,17.889999389648438,17.170000076293945,17.239999771118164,1470100,17.239999771118164
8/21/2018,17.399999618530273,17.5,17.059999465942383,17.389999389648438,1430100,17.389999389648438
8/20/2018,17.100000381469727,17.399999618530273,17.030000686645508,17.350000381469727,794500,17.350000381469727
8/17/2018,17.290000915527344,17.3799991607666,16.899999618530273,17.110000610351562,1186900,17.110000610351562
8/16/2018,18.239999771118164,18.260000228881836,17.260000228881836,17.309999465942383,1901400,17.309999465942383
8/15/2018,18.040000915527344,18.149999618530273,17.5,18.149999618530273,1309100,18.149999618530273
8/14/2018,17.799999237060547,18.309999465942383,17.649999618530273,18.209999084472656,1429900,18.209999084472656
8/13/2018,18.860000610351562,18.899999618530273,17.530000686645508,17.690000534057617,2167500,17.690000534057617
8/10/2018,19.100000381469727,19.360000610351562,18.860000610351562,18.979999542236328,1110900,18.979999542236328
8/9/2018,19.100000381469727,19.579999923706055,19.06999969482422,19.309999465942383,805500,19.309999465942383
8/8/2018,19.239999771118164,19.579999923706055,19.010000228881836,19.020000457763672,847900,19.020000457763672
8/7/2018,19.010000228881836,19.329999923706055,18.850000381469727,19.290000915527344,1236200,19.290000915527344
8/6/2018,19.389999389648438,19.479999542236328,18.979999542236328,19.010000228881836,1086400,19.010000228881836
8/3/2018,19.139999389648438,19.610000610351562,18.920000076293945,19.489999771118164,2118400,19.489999771118164
8/2/2018,18.780000686645508,19.420000076293945,18.610000610351562,19.200000762939453,1538400,19.200000762939453
8/1/2018,19.5,20.06999969482422,18.68000030517578,19.190000534057617,2634500,19.190000534057617
7/31/2018,19.030000686645508,20.950000762939453,18.260000228881836,19.34000015258789,11571300,19.34000015258789
7/30/2018,23.84000015258789,24.68000030517578,23.719999313354492,24.3700008392334,1071700,24.3700008392334
7/27/2018,24.540000915527344,24.649999618530273,23.59000015258789,23.860000610351562,620200,23.860000610351562
7/26/2018,25.06999969482422,25.309999465942383,24.190000534057617,24.469999313354492,707400,24.469999313354492
7/25/2018,25.219999313354492,25.299999237060547,24.530000686645508,24.950000762939453,447200,24.950000762939453
7/24/2018,25.8700008392334,26.049999237060547,24.90999984741211,25.170000076293945,629200,25.170000076293945
7/23/2018,25.600000381469727,25.860000610351562,25.270000457763672,25.68000030517578,327900,25.68000030517578
7/20/2018,26.229999542236328,26.260000228881836,25.399999618530273,25.56999969482422,561000,25.56999969482422
7/19/2018,25.760000228881836,26.399999618530273,25.469999313354492,26.299999237060547,467300,26.299999237060547
7/18/2018,25.729999542236328,25.84000015258789,25.360000610351562,25.739999771118164,359200,25.739999771118164
7/17/2018,25.40999984741211,25.959999084472656,25.290000915527344,25.709999084472656,459100,25.709999084472656
7/16/2018,26.149999618530273,26.149999618530273,25.170000076293945,25.459999084472656,586500,25.459999084472656
7/13/2018,25.90999984741211,26.389999389648438,25.889999389648438,26.18000030517578,532900,26.18000030517578
7/12/2018,25.15999984741211,26.100000381469727,25.15999984741211,25.780000686645508,661700,25.780000686645508
7/11/2018,26.200000762939453,26.200000762939453,24.940000534057617,25.139999389648438,1086000,25.139999389648438
7/10/2018,26.530000686645508,26.739999771118164,26.110000610351562,26.399999618530273,513300,26.399999618530273
7/9/2018,25.8700008392334,26.65999984741211,25.530000686645508,26.40999984741211,589000,26.40999984741211
7/6/2018,25.299999237060547,26.170000076293945,25.229999542236328,25.729999542236328,599300,25.729999542236328
7/5/2018,24.81999969482422,25.489999771118164,24.3799991607666,25.469999313354492,713000,25.469999313354492
7/3/2018,24.270000457763672,24.780000686645508,24.1200008392334,24.639999389648438,259400,24.639999389648438
7/2/2018,24.149999618530273,24.459999084472656,23.920000076293945,24.049999237060547,345500,24.049999237060547
6/29/2018,25.010000228881836,25.329999923706055,24.31999969482422,24.350000381469727,495000,24.350000381469727
6/28/2018,25.200000762939453,25.3700008392334,24.43000030517578,24.809999465942383,638300,24.809999465942383
6/27/2018,25.829999923706055,26.139999389648438,25.25,25.260000228881836,619200,25.260000228881836
6/26/2018,25.5,25.829999923706055,25.260000228881836,25.81999969482422,609300,25.81999969482422
6/25/2018,25.450000762939453,25.790000915527344,25.149999618530273,25.299999237060547,685400,25.299999237060547
6/22/2018,26.360000610351562,26.43000030517578,25.139999389648438,25.639999389648438,952300,25.639999389648438
6/21/2018,26.690000534057617,26.920000076293945,26.100000381469727,26.15999984741211,712700,26.15999984741211
6/20/2018,25.25,26.760000228881836,24.959999084472656,26.65999984741211,1842700,26.65999984741211
6/19/2018,24.739999771118164,25.40999984741211,24.549999237060547,25.139999389648438,421900,25.139999389648438
6/18/2018,24.579999923706055,25.040000915527344,24.56999969482422,25.010000228881836,579400,25.010000228881836
6/15/2018,24.3799991607666,24.739999771118164,24.25,24.559999465942383,608100,24.559999465942383
6/14/2018,25.15999984741211,25.15999984741211,23.959999084472656,24.579999923706055,1084300,24.579999923706055
6/13/2018,25.6200008392334,25.850000381469727,24.649999618530273,25.200000762939453,1499600,25.200000762939453
6/12/2018,24.920000076293945,26.149999618530273,24.899999618530273,25.670000076293945,2034800,25.670000076293945
6/11/2018,25.1299991607666,26.229999542236328,24.260000228881836,24.760000228881836,3050200,24.760000228881836
6/8/2018,23.559999465942383,25.139999389648438,23.479999542236328,25.049999237060547,1539200,25.049999237060547
6/7/2018,23.34000015258789,23.90999984741211,23.329999923706055,23.65999984741211,941500,23.65999984741211
6/6/2018,22.5,23.389999389648438,22.479999542236328,23.219999313354492,789200,23.219999313354492
6/5/2018,22,22.479999542236328,21.850000381469727,22.469999313354492,412500,22.469999313354492
6/4/2018,21.399999618530273,22.34000015258789,21.399999618530273,22.170000076293945,793000,22.170000076293945
6/1/2018,21.360000610351562,21.790000915527344,21.270000457763672,21.389999389648438,465700,21.389999389648438
5/31/2018,21.229999542236328,21.3799991607666,20.959999084472656,21.15999984741211,588800,21.15999984741211
5/30/2018,21.329999923706055,21.389999389648438,21.079999923706055,21.170000076293945,429300,21.170000076293945
5/29/2018,21.190000534057617,21.8700008392334,21.100000381469727,21.190000534057617,551000,21.190000534057617
5/25/2018,21.030000686645508,21.56999969482422,21.030000686645508,21.469999313354492,668900,21.469999313354492
5/24/2018,20.950000762939453,21.3799991607666,20.920000076293945,21.149999618530273,774500,21.149999618530273
5/23/2018,20.1299991607666,20.969999313354492,20.010000228881836,20.950000762939453,1455200,20.950000762939453
5/22/2018,20.40999984741211,20.489999771118164,19.920000076293945,20.139999389648438,863300,20.139999389648438
5/21/2018,20.420000076293945,20.520000457763672,20.200000762939453,20.360000610351562,599300,20.360000610351562
5/18/2018,20.3700008392334,20.530000686645508,20.149999618530273,20.31999969482422,717000,20.31999969482422
5/17/2018,20.200000762939453,20.799999237060547,20.09000015258789,20.34000015258789,1306400,20.34000015258789
5/16/2018,21.219999313354492,21.280000686645508,20.190000534057617,20.239999771118164,1412100,20.239999771118164
5/15/2018,21.100000381469727,21.639999389648438,20.979999542236328,21.059999465942383,813400,21.059999465942383
5/14/2018,21.239999771118164,21.510000228881836,20.899999618530273,21.31999969482422,639400,21.31999969482422
5/11/2018,21.360000610351562,21.729999542236328,21.219999313354492,21.299999237060547,540200,21.299999237060547
5/10/2018,21.6200008392334,21.75,21.270000457763672,21.290000915527344,601600,21.290000915527344
5/9/2018,21.40999984741211,21.770000457763672,21.149999618530273,21.479999542236328,786500,21.479999542236328
5/8/2018,20.719999313354492,21.399999618530273,20.65999984741211,21.290000915527344,802100,21.290000915527344
5/7/2018,20.940000534057617,21.1299991607666,20.520000457763672,20.8700008392334,907700,20.8700008392334
5/4/2018,20.3799991607666,21.280000686645508,20.34000015258789,20.8700008392334,1030200,20.8700008392334
5/3/2018,19.93000030517578,20.610000610351562,19.6299991607666,20.459999084472656,1528500,20.459999084472656
5/2/2018,19.90999984741211,20.329999923706055,19.40999984741211,20,1986000,20
5/1/2018,22.860000610351562,22.860000610351562,19.670000076293945,19.860000610351562,6247100,19.860000610351562
4/30/2018,24.920000076293945,24.93000030517578,23.889999389648438,24.06999969482422,1676100,24.06999969482422
4/27/2018,24.75,24.90999984741211,24.34000015258789,24.75,936100,24.75
4/26/2018,23.850000381469727,24.770000457763672,23.68000030517578,24.6299991607666,963400,24.6299991607666
4/25/2018,23.989999771118164,24.049999237060547,23.399999618530273,23.739999771118164,814300,23.739999771118164
4/24/2018,23.75,24.219999313354492,23.479999542236328,24.110000610351562,1288700,24.110000610351562
4/23/2018,22.75,23.65999984741211,22.600000381469727,23.579999923706055,728000,23.579999923706055
4/20/2018,22.959999084472656,22.989999771118164,22.450000762939453,22.719999313354492,571400,22.719999313354492
4/19/2018,23.90999984741211,23.90999984741211,22.639999389648438,22.950000762939453,1002500,22.950000762939453
4/18/2018,23.56999969482422,24.420000076293945,23.56999969482422,24.06999969482422,844100,24.06999969482422
4/17/2018,22.940000534057617,23.540000915527344,22.940000534057617,23.43000030517578,795400,23.43000030517578
4/16/2018,22.65999984741211,23.079999923706055,22.399999618530273,22.809999465942383,740300,22.809999465942383
4/13/2018,22.979999542236328,23.040000915527344,22.34000015258789,22.540000915527344,491700,22.540000915527344
4/12/2018,22.940000534057617,23.06999969482422,22.350000381469727,22.889999389648438,491400,22.889999389648438
4/11/2018,22.75,23.309999465942383,22.68000030517578,22.81999969482422,542500,22.81999969482422
4/10/2018,22.81999969482422,23.030000686645508,22.6299991607666,22.920000076293945,463400,22.920000076293945
4/9/2018,23.149999618530273,23.360000610351562,22.440000534057617,22.450000762939453,415500,22.450000762939453
4/6/2018,23.420000076293945,23.899999618530273,22.600000381469727,22.959999084472656,514800,22.959999084472656
4/5/2018,23.809999465942383,23.8799991607666,23.209999084472656,23.68000030517578,417300,23.68000030517578
4/4/2018,21.950000762939453,23.559999465942383,21.84000015258789,23.510000228881836,738600,23.510000228881836
4/3/2018,22.219999313354492,22.75,21.920000076293945,22.299999237060547,666300,22.299999237060547
4/2/2018,23.75,23.790000915527344,21.899999618530273,22.170000076293945,800700,22.170000076293945
3/29/2018,23.510000228881836,24.040000915527344,23.510000228881836,23.920000076293945,425800,23.920000076293945
3/28/2018,23.43000030517578,23.770000457763672,23.329999923706055,23.479999542236328,394500,23.479999542236328
3/27/2018,23.979999542236328,24.020000457763672,23.290000915527344,23.389999389648438,491100,23.389999389648438
3/26/2018,23.6200008392334,24.1200008392334,23.520000457763672,23.950000762939453,712400,23.950000762939453
3/23/2018,23.90999984741211,24.139999389648438,23.280000686645508,23.290000915527344,696600,23.290000915527344
3/22/2018,24,24.530000686645508,23.670000076293945,23.770000457763672,576600,23.770000457763672
3/21/2018,24.450000762939453,24.59000015258789,24.100000381469727,24.280000686645508,544700,24.280000686645508
3/20/2018,24.34000015258789,24.479999542236328,23.770000457763672,24.420000076293945,812300,24.420000076293945
3/19/2018,25.649999618530273,25.649999618530273,24.209999084472656,24.290000915527344,920700,24.290000915527344
3/16/2018,25.420000076293945,26.059999465942383,24.969999313354492,25.350000381469727,1979700,25.350000381469727
3/15/2018,25,25.329999923706055,24.3799991607666,24.56999969482422,629500,24.56999969482422
3/14/2018,25.049999237060547,25.200000762939453,24.6200008392334,24.850000381469727,821300,24.850000381469727
3/13/2018,25.139999389648438,25.639999389648438,24.860000610351562,24.899999618530273,755500,24.899999618530273
3/12/2018,25.209999084472656,25.43000030517578,24.959999084472656,25.040000915527344,1093800,25.040000915527344
3/9/2018,24.469999313354492,25.239999771118164,24.139999389648438,25.100000381469727,906000,25.100000381469727
3/8/2018,24.440000534057617,24.799999237060547,24.25,24.31999969482422,664200,24.31999969482422
3/7/2018,23.809999465942383,24.530000686645508,23.809999465942383,24.25,661800,24.25
3/6/2018,23.969999313354492,24.34000015258789,23.649999618530273,24.09000015258789,1018500,24.09000015258789
3/5/2018,23.190000534057617,24.200000762939453,23.09000015258789,23.84000015258789,1078100,23.84000015258789
3/2/2018,23.010000228881836,23.479999542236328,22.59000015258789,23.309999465942383,980100,23.309999465942383
3/1/2018,22.81999969482422,23.690000534057617,22.639999389648438,23.350000381469727,1244300,23.350000381469727
2/28/2018,21.979999542236328,23.489999771118164,21.6200008392334,23.15999984741211,1975100,23.15999984741211
2/27/2018,24.25,24.360000610351562,20.200000762939453,22.43000030517578,7159100,22.43000030517578
2/26/2018,25,25.290000915527344,24.200000762939453,24.719999313354492,1665100,24.719999313354492
2/23/2018,23.920000076293945,24.899999618530273,23.920000076293945,24.850000381469727,900900,24.850000381469727
2/22/2018,23.690000534057617,24.31999969482422,23.68000030517578,23.84000015258789,838700,23.84000015258789
2/21/2018,23.600000381469727,23.889999389648438,22.790000915527344,23.510000228881836,1231000,23.510000228881836
2/20/2018,23.739999771118164,24.229999542236328,23.5,23.6299991607666,850000,23.6299991607666
2/16/2018,24.469999313354492,25.1200008392334,23.450000762939453,23.829999923706055,1102600,23.829999923706055
2/15/2018,24.030000686645508,24.639999389648438,23.709999084472656,24.520000457763672,886900,24.520000457763672
2/14/2018,23.010000228881836,24.190000534057617,22.600000381469727,23.90999984741211,1161500,23.90999984741211
2/13/2018,24.209999084472656,24.25,22.350000381469727,23.1299991607666,2895300,23.1299991607666
2/12/2018,25.809999465942383,25.889999389648438,24.110000610351562,24.489999771118164,3225900,24.489999771118164
2/9/2018,25.90999984741211,27.06999969482422,25.399999618530273,26.860000610351562,1255200,26.860000610351562
2/8/2018,26.030000686645508,26.219999313354492,25.18000030517578,25.56999969482422,959100,25.56999969482422
2/7/2018,26.110000610351562,26.59000015258789,25.670000076293945,26,847800,26
2/6/2018,24.09000015258789,26.329999923706055,23.809999465942383,26.139999389648438,1140100,26.139999389648438
2/5/2018,25.6200008392334,26.149999618530273,24.610000610351562,24.700000762939453,1242000,24.700000762939453
2/2/2018,26.780000686645508,27.100000381469727,25.780000686645508,25.790000915527344,1107500,25.790000915527344
2/1/2018,27.719999313354492,27.780000686645508,26.65999984741211,27.049999237060547,1294800,27.049999237060547
1/31/2018,29.5,29.530000686645508,27.5,27.940000534057617,1483700,27.940000534057617
1/30/2018,28.959999084472656,29.68000030517578,28.670000076293945,29.200000762939453,747800,29.200000762939453
1/29/2018,30.649999618530273,30.719999313354492,29.360000610351562,29.389999389648438,914400,29.389999389648438
1/26/2018,30.610000610351562,30.790000915527344,30.200000762939453,30.760000228881836,392300,30.760000228881836
1/25/2018,30.850000381469727,30.8700008392334,30.309999465942383,30.559999465942383,599800,30.559999465942383
1/24/2018,30.809999465942383,31.18000030517578,30.440000534057617,30.6299991607666,357000,30.6299991607666
1/23/2018,31.190000534057617,31.239999771118164,30.329999923706055,30.649999618530273,429300,30.649999618530273
1/22/2018,30.40999984741211,31.190000534057617,30.100000381469727,31.149999618530273,702300,31.149999618530273
1/19/2018,29.420000076293945,30.549999237060547,29.290000915527344,30.329999923706055,481400,30.329999923706055
1/18/2018,29.40999984741211,29.719999313354492,28.780000686645508,29.420000076293945,584700,29.420000076293945
1/17/2018,29.1200008392334,29.739999771118164,28.719999313354492,29.40999984741211,889100,29.40999984741211
1/16/2018,30.690000534057617,30.799999237060547,28.8700008392334,29.06999969482422,1265700,29.06999969482422
1/12/2018,31.809999465942383,31.950000762939453,30.34000015258789,30.469999313354492,790900,30.469999313354492
11/6/2017,30.6299991607666,31.030000686645508,30.239999771118164,30.729999542236328,715100,30.729999542236328
11/3/2017,30.459999084472656,31.469999313354492,30.43000030517578,30.709999084472656,1430800,30.709999084472656
11/2/2017,31.229999542236328,31.25,30.239999771118164,30.350000381469727,1208700,30.350000381469727
11/1/2017,31.010000228881836,31.75,29.209999084472656,31.3799991607666,2726800,31.3799991607666
