4/22/2019,14.079999923706055,14.079999923706055,13.25,13.329999923706055,2082700,13.329999923706055
4/18/2019,14,14.5,13.770000457763672,14.430000305175781,1127500,14.430000305175781
4/17/2019,13.8100004196167,14.029999732971191,13.739999771118164,13.84000015258789,1416600,13.84000015258789
4/16/2019,13.5600004196167,13.859999656677246,13.399999618530273,13.640000343322754,902300,13.640000343322754
4/15/2019,13.979999542236328,13.979999542236328,13.039999961853027,13.260000228881836,830200,13.260000228881836
4/12/2019,14,14.579999923706055,13.859999656677246,14,1113600,14
4/11/2019,13.579999923706055,13.890000343322754,13.470000267028809,13.729999542236328,551900,13.729999542236328
4/10/2019,14.079999923706055,14.140000343322754,13.329999923706055,13.59000015258789,1080900,13.59000015258789
4/9/2019,14.319999694824219,14.65999984741211,13.989999771118164,14.109999656677246,1277100,14.109999656677246
4/8/2019,12.789999961853027,14.520000457763672,12.758999824523926,14.279999732971191,1592500,14.279999732971191
4/5/2019,12.579999923706055,13.199999809265137,12.579999923706055,13.0600004196167,2132600,13.0600004196167
4/4/2019,11.869999885559082,12.59000015258789,11.84000015258789,12.460000038146973,777400,12.460000038146973
4/3/2019,12.210000038146973,12.770000457763672,11.850000381469727,11.920000076293945,820300,11.920000076293945
4/2/2019,11.180000305175781,12.130000114440918,11.114999771118164,11.9399995803833,1084200,11.9399995803833
4/1/2019,10.710000038146973,11.289999961853027,10.649999618530273,11.109999656677246,748000,11.109999656677246
3/29/2019,10.430000305175781,10.5,9.449999809265137,10.5,1650900,10.5
3/28/2019,10.369999885559082,10.760000228881836,9.710000038146973,10.430000305175781,1935900,10.430000305175781
3/27/2019,11.050000190734863,11.1899995803833,10.670000076293945,10.770000457763672,794400,10.770000457763672
3/26/2019,11.270000457763672,11.270000457763672,10.770000457763672,11.020000457763672,578100,11.020000457763672
3/25/2019,10.699999809265137,11.430000305175781,10.520000457763672,11.260000228881836,987300,11.260000228881836
3/22/2019,11.15999984741211,11.289999961853027,10.550000190734863,10.75,1031900,10.75
3/21/2019,10.75,11.380000114440918,10.699999809265137,11.300000190734863,1383900,11.300000190734863
3/20/2019,11.430000305175781,11.430000305175781,10.625,10.789999961853027,1775900,10.789999961853027
3/19/2019,10.479999542236328,11.520999908447266,10.279999732971191,11.420000076293945,3073600,11.420000076293945
3/18/2019,10.399999618530273,10.505000114440918,10,10.489999771118164,4795600,10.489999771118164
3/15/2019,10.510000228881836,10.614999771118164,10.390000343322754,10.529999732971191,2349400,10.529999732971191
3/14/2019,11.970000267028809,12,10.319999694824219,10.390000343322754,1919900,10.390000343322754
3/13/2019,11.25,11.281000137329102,11.0600004196167,11.149999618530273,889600,11.149999618530273
3/12/2019,11.3100004196167,11.380000114440918,10.899999618530273,11.229999542236328,597500,11.229999542236328
3/11/2019,11.15999984741211,11.359999656677246,11.029999732971191,11.199999809265137,447400,11.199999809265137
3/8/2019,11.369999885559082,11.369999885559082,10.770000457763672,11.0600004196167,622500,11.0600004196167
3/7/2019,11.699999809265137,11.699999809265137,11.109999656677246,11.149999618530273,565300,11.149999618530273
3/6/2019,11.890000343322754,12.050000190734863,11.670000076293945,11.699999809265137,282500,11.699999809265137
3/5/2019,12.069999694824219,12.119999885559082,11.720000267028809,11.880000114440918,315400,11.880000114440918
3/4/2019,12.020000457763672,12.4399995803833,11.859999656677246,12.109999656677246,449300,12.109999656677246
3/1/2019,11.859999656677246,12.199999809265137,11.720000267028809,12.149999618530273,315000,12.149999618530273
2/28/2019,12.039999961853027,12.076000213623047,11.529999732971191,11.649999618530273,286600,11.649999618530273
2/27/2019,11.899999618530273,12.140000343322754,11.630000114440918,12.039999961853027,348600,12.039999961853027
2/26/2019,12,12.140000343322754,11.850000381469727,11.960000038146973,311400,11.960000038146973
2/25/2019,12.300000190734863,12.819999694824219,12.029999732971191,12.100000381469727,965500,12.100000381469727
2/22/2019,10.300000190734863,11.630000114440918,10.279999732971191,11.479999542236328,764700,11.479999542236328
2/21/2019,10.3100004196167,10.5,10.210000038146973,10.3100004196167,696200,10.3100004196167
2/20/2019,10.109999656677246,10.350000381469727,10.029999732971191,10.279999732971191,641200,10.279999732971191
2/19/2019,10.050000190734863,10.260000228881836,9.970000267028809,10.050000190734863,1138600,10.050000190734863
2/15/2019,10.100000381469727,10.119999885559082,10.020000457763672,10.039999961853027,548300,10.039999961853027
2/14/2019,10.119999885559082,10.140000343322754,9.920000076293945,10.050000190734863,448400,10.050000190734863
2/13/2019,10.010000228881836,10.350000381469727,9.960000038146973,10.1899995803833,932100,10.1899995803833
2/12/2019,10.119999885559082,10.119999885559082,9.96500015258789,10,465700,10
2/11/2019,10.140000343322754,10.15999984741211,9.970000267028809,10,558300,10
2/8/2019,10.039999961853027,10.109999656677246,9.949999809265137,10.010000228881836,157100,10.010000228881836
2/7/2019,10.029999732971191,10.239999771118164,9.885000228881836,10.100000381469727,164500,10.100000381469727
2/6/2019,10.149999618530273,10.15999984741211,9.859999656677246,10.039999961853027,151600,10.039999961853027
2/5/2019,10.1899995803833,10.239999771118164,10,10.149999618530273,247500,10.149999618530273
2/4/2019,9.819999694824219,10.119999885559082,9.630000114440918,10.109999656677246,177200,10.109999656677246
2/1/2019,9.75,9.859999656677246,9.6899995803833,9.850000381469727,148000,9.850000381469727
1/31/2019,9.5,9.789999961853027,9.395000457763672,9.779999732971191,210600,9.779999732971191
1/30/2019,9.649999618530273,9.649999618530273,9.380000114440918,9.4399995803833,136000,9.4399995803833
1/29/2019,9.460000038146973,9.670000076293945,9.40999984741211,9.569999694824219,241400,9.569999694824219
1/28/2019,9.279999732971191,9.510000228881836,9.279999732971191,9.460000038146973,233900,9.460000038146973
1/25/2019,9.069999694824219,9.5,9.069999694824219,9.3100004196167,305100,9.3100004196167
1/24/2019,9.029999732971191,9.15999984741211,8.979999542236328,9.0600004196167,112600,9.0600004196167
1/23/2019,9.460000038146973,9.649999618530273,8.800000190734863,9.029999732971191,341000,9.029999732971191
1/22/2019,9.220000267028809,9.779999732971191,9.1899995803833,9.4399995803833,540600,9.4399995803833
1/18/2019,9.460000038146973,9.460000038146973,9.223999977111816,9.329999923706055,155600,9.329999923706055
1/17/2019,9.100000381469727,9.390000343322754,9.100000381469727,9.350000381469727,80200,9.350000381469727
1/16/2019,8.989999771118164,9.300000190734863,8.989999771118164,9.199999809265137,161200,9.199999809265137
1/15/2019,8.699999809265137,9.020000457763672,8.649999618530273,8.960000038146973,163600,8.960000038146973
1/14/2019,8.8100004196167,8.880000114440918,8.630000114440918,8.75,66700,8.75
1/11/2019,8.920000076293945,8.970000267028809,8.65999984741211,8.960000038146973,119500,8.960000038146973
1/10/2019,8.800000190734863,8.949999809265137,8.708000183105469,8.949999809265137,67200,8.949999809265137
1/9/2019,8.6899995803833,8.979999542236328,8.609999656677246,8.819999694824219,203500,8.819999694824219
1/8/2019,8.569999694824219,8.65999984741211,8.279999732971191,8.59000015258789,85000,8.59000015258789
1/7/2019,8.199999809265137,8.550000190734863,8.199999809265137,8.489999771118164,171300,8.489999771118164
1/4/2019,7.739999771118164,8.239999771118164,7.7220001220703125,8.180000305175781,514800,8.180000305175781
1/3/2019,7.300000190734863,7.900000095367432,7.269999980926514,7.619999885559082,243500,7.619999885559082
1/2/2019,7.150000095367432,7.5,7.050000190734863,7.420000076293945,143900,7.420000076293945
12/31/2018,7.650000095367432,7.900000095367432,7.170000076293945,7.25,206300,7.25
12/28/2018,7.630000114440918,7.789999961853027,7.260000228881836,7.739999771118164,255700,7.739999771118164
12/27/2018,7.519999980926514,7.75,7.300000190734863,7.730000019073486,181300,7.730000019073486
12/26/2018,7.25,7.699999809265137,7.019999980926514,7.679999828338623,183500,7.679999828338623
12/24/2018,7.559999942779541,7.63100004196167,7.329999923706055,7.409999847412109,145500,7.409999847412109
12/21/2018,7.639999866485596,7.9079999923706055,7.525000095367432,7.78000020980835,301800,7.78000020980835
12/20/2018,8.050000190734863,8.130000114440918,7.559999942779541,7.679999828338623,164300,7.679999828338623
12/19/2018,8.199999809265137,8.34000015258789,8.069999694824219,8.100000381469727,195900,8.100000381469727
12/17/2018,8.59000015258789,8.699999809265137,7.96999979019165,8.119999885559082,418000,8.119999885559082
12/14/2018,8.180000305175781,8.6899995803833,8.100000381469727,8.640000343322754,454000,8.640000343322754
12/13/2018,8.399999618530273,8.800000190734863,8.199999809265137,8.329999923706055,967800,8.329999923706055
12/12/2018,7.119999885559082,8.5,7.039999961853027,8.350000381469727,1329100,8.350000381469727
12/11/2018,7.539999961853027,7.599999904632568,6.480000019073486,6.619999885559082,914700,6.619999885559082
12/10/2018,7.989999771118164,7.989999771118164,7.300000190734863,7.53000020980835,892200,7.53000020980835
12/7/2018,8.829999923706055,8.829999923706055,8.0600004196167,8.09000015258789,500800,8.09000015258789
12/6/2018,9.100000381469727,9.239999771118164,8.5600004196167,8.869999885559082,479700,8.869999885559082
12/4/2018,9.460000038146973,9.600000381469727,9.25,9.260000228881836,216800,9.260000228881836
12/3/2018,9.520000457763672,9.859999656677246,9.359999656677246,9.630000114440918,282000,9.630000114440918
11/30/2018,9.3100004196167,9.550000190734863,9.270000457763672,9.510000228881836,86900,9.510000228881836
11/29/2018,9.65999984741211,9.6899995803833,9.15999984741211,9.329999923706055,367200,9.329999923706055
11/28/2018,9.619999885559082,9.739999771118164,9.529999732971191,9.649999618530273,155900,9.649999618530273
11/27/2018,9.550000190734863,9.729999542236328,9.460000038146973,9.529999732971191,272000,9.529999732971191
11/26/2018,10,10.020000457763672,9.600000381469727,9.619999885559082,240000,9.619999885559082
11/23/2018,9.65999984741211,10,9.59000015258789,9.869999885559082,279800,9.869999885559082
11/21/2018,9.600000381469727,10,9.600000381469727,9.65999984741211,359400,9.65999984741211
11/20/2018,9.649999618530273,9.899999618530273,9.449999809265137,9.550000190734863,364700,9.550000190734863
11/19/2018,10,10,9.760000228881836,9.899999618530273,301500,9.899999618530273
11/16/2018,9.920000076293945,10.050000190734863,9.869999885559082,10.050000190734863,277400,10.050000190734863
11/15/2018,10.140000343322754,10.15999984741211,9.90999984741211,10.050000190734863,448800,10.050000190734863
11/14/2018,10.920000076293945,11.079999923706055,9.600000381469727,10.300000190734863,1691900,10.300000190734863
11/13/2018,9.899999618530273,10.270000457763672,9.770000457763672,10.170000076293945,554500,10.170000076293945
11/12/2018,9.729999542236328,10.062999725341797,9.710000038146973,9.869999885559082,207800,9.869999885559082
11/9/2018,9.609999656677246,9.869999885559082,9.40999984741211,9.680000305175781,186400,9.680000305175781
11/8/2018,9.949999809265137,9.949999809265137,9.380000114440918,9.569999694824219,220900,9.569999694824219
11/7/2018,9.65999984741211,10.199999809265137,9.645000457763672,10.010000228881836,411100,10.010000228881836
11/6/2018,10.180000305175781,10.210000038146973,9.470000267028809,9.609999656677246,649000,9.609999656677246
11/5/2018,10.100000381469727,10.380000114440918,9.899999618530273,10.180000305175781,230200,10.180000305175781
11/2/2018,10.59000015258789,10.880000114440918,10,10,609200,10
11/1/2018,9.75,10.6899995803833,9.649999618530273,10.550000190734863,491500,10.550000190734863
10/31/2018,9.399999618530273,9.819999694824219,9.34000015258789,9.779999732971191,236300,9.779999732971191
10/30/2018,9.300000190734863,9.461000442504883,9.170000076293945,9.380000114440918,97700,9.380000114440918
10/29/2018,9.600000381469727,9.760000228881836,9.130000114440918,9.279999732971191,546400,9.279999732971191
10/26/2018,9.890000343322754,9.979999542236328,9.430000305175781,9.489999771118164,500500,9.489999771118164
10/25/2018,9.579999923706055,10.020000457763672,9.5600004196167,9.949999809265137,123100,9.949999809265137
10/24/2018,9.720000267028809,9.720000267028809,9.489999771118164,9.550000190734863,187300,9.550000190734863
10/23/2018,9.710000038146973,9.850000381469727,9.399999618530273,9.75,512100,9.75
10/22/2018,9.800000190734863,10.399999618530273,9.75,10.289999961853027,333600,10.289999961853027
10/19/2018,9.380000114440918,9.75,9.380000114440918,9.470000267028809,136000,9.470000267028809
10/18/2018,9.65999984741211,9.753000259399414,9.350000381469727,9.369999885559082,252800,9.369999885559082
10/17/2018,9.829999923706055,9.869999885559082,9.449999809265137,9.779999732971191,190400,9.779999732971191
10/16/2018,9.399999618530273,9.890000343322754,9.319999694824219,9.829999923706055,169200,9.829999923706055
10/15/2018,9.260000228881836,9.630000114440918,9.149999618530273,9.420000076293945,173700,9.420000076293945
10/12/2018,9.680000305175781,9.90999984741211,9.210000038146973,9.289999961853027,407300,9.289999961853027
10/11/2018,9.609999656677246,9.8100004196167,9.460000038146973,9.579999923706055,126700,9.579999923706055
10/10/2018,10.100000381469727,10.109999656677246,9.770000457763672,9.8100004196167,231100,9.8100004196167
10/9/2018,9.84000015258789,10.199999809265137,9.84000015258789,10.100000381469727,172500,10.100000381469727
10/8/2018,9.630000114440918,9.989999771118164,9.5,9.880000114440918,201300,9.880000114440918
10/5/2018,9.399999618530273,9.949999809265137,9.399999618530273,9.770000457763672,210600,9.770000457763672
10/4/2018,9.5,9.579999923706055,9.295000076293945,9.430000305175781,484300,9.430000305175781
10/3/2018,9.550000190734863,9.789999961853027,9.369999885559082,9.579999923706055,245300,9.579999923706055
10/2/2018,9.880000114440918,9.90999984741211,9.111000061035156,9.520000457763672,501600,9.520000457763672
10/1/2018,10.079999923706055,10.130000114440918,9.800000190734863,9.850000381469727,99500,9.850000381469727
9/28/2018,9.979999542236328,10.199999809265137,9.920000076293945,9.930000305175781,278500,9.930000305175781
9/27/2018,10.100000381469727,10.130000114440918,9.989999771118164,10.010000228881836,477200,10.010000228881836
9/26/2018,10.050000190734863,10.1899995803833,9.960000038146973,10.0600004196167,448000,10.0600004196167
9/25/2018,10.300000190734863,10.390000343322754,10.069999694824219,10.119999885559082,156300,10.119999885559082
9/24/2018,10.180000305175781,10.5,9.960000038146973,10.430000305175781,627300,10.430000305175781
9/21/2018,10.199999809265137,10.449999809265137,10.069999694824219,10.369999885559082,1834600,10.369999885559082
9/20/2018,10.180000305175781,10.279999732971191,9.859999656677246,10.050000190734863,779400,10.050000190734863
9/19/2018,10,10.15999984741211,9.949999809265137,10.149999618530273,287200,10.149999618530273
9/18/2018,9.989999771118164,10.050000190734863,9.949999809265137,9.979999542236328,179400,9.979999542236328
9/17/2018,9.880000114440918,10.199999809265137,9.869999885559082,9.949999809265137,162900,9.949999809265137
9/14/2018,10.199999809265137,10.300000190734863,9.680000305175781,9.90999984741211,564100,9.90999984741211
9/13/2018,10.300000190734863,10.300000190734863,10.0649995803833,10.1899995803833,729700,10.1899995803833
9/12/2018,10.239999771118164,10.5,9.960000038146973,10.5,291600,10.5
9/11/2018,9.819999694824219,10.380000114440918,9.699999809265137,10.3100004196167,156800,10.3100004196167
9/10/2018,10.020000457763672,10.20300006866455,9.619999885559082,9.8100004196167,362200,9.8100004196167
9/7/2018,10.539999961853027,10.789999961853027,10.109999656677246,10.119999885559082,382500,10.119999885559082
9/6/2018,11,11.21500015258789,10.5,10.640000343322754,274200,10.640000343322754
9/5/2018,11.489999771118164,11.5,11.079999923706055,11.119999885559082,486700,11.119999885559082
9/4/2018,11.609999656677246,11.680000305175781,11.550999641418457,11.600000381469727,254000,11.600000381469727
8/31/2018,11.899999618530273,11.970000267028809,11.699999809265137,11.859999656677246,214800,11.859999656677246
8/30/2018,12.329999923706055,12.479999542236328,12,12.010000228881836,260800,12.010000228881836
8/29/2018,12.15999984741211,12.770000457763672,12.029999732971191,12.539999961853027,377200,12.539999961853027
8/28/2018,11.600000381469727,12.378999710083008,11.300000190734863,12.1899995803833,472200,12.1899995803833
8/27/2018,12.720000267028809,12.800000190734863,11.829999923706055,11.850000381469727,686800,11.850000381469727
8/24/2018,13.130000114440918,13.199999809265137,12.420000076293945,13,1014600,13
8/23/2018,12.739999771118164,14.229999542236328,12.399999618530273,12.84000015258789,4840200,12.84000015258789
8/22/2018,11.119999885559082,11.289999961853027,11.039999961853027,11.15999984741211,440000,11.15999984741211
8/21/2018,11.579999923706055,11.579999923706055,10.800000190734863,10.989999771118164,319900,10.989999771118164
8/20/2018,11.199999809265137,11.630000114440918,10.699999809265137,11.25,370300,11.25
8/17/2018,10.079999923706055,11.180000305175781,9.930000305175781,11.100000381469727,253900,11.100000381469727
8/16/2018,10.050000190734863,10.22700023651123,9.850000381469727,10,213100,10
8/15/2018,10.180000305175781,10.380000114440918,9.630000114440918,9.979999542236328,347400,9.979999542236328
8/14/2018,10.600000381469727,10.850000381469727,9.550000190734863,10.420000076293945,923200,10.420000076293945
8/13/2018,12.399999618530273,12.420000076293945,10.449999809265137,10.579999923706055,746100,10.579999923706055
8/10/2018,12.699999809265137,12.699999809265137,12.3100004196167,12.4399995803833,160800,12.4399995803833
8/9/2018,12.479999542236328,12.880000114440918,12.399999618530273,12.720000267028809,256500,12.720000267028809
8/8/2018,12.710000038146973,12.800000190734863,12.279999732971191,12.520000457763672,198900,12.520000457763672
8/7/2018,12.479999542236328,12.899999618530273,12.15999984741211,12.770000457763672,300500,12.770000457763672
8/6/2018,12.350000381469727,12.479999542236328,12.149999618530273,12.40999984741211,268100,12.40999984741211
8/3/2018,12.25,12.75,12.100000381469727,12.25,477500,12.25
8/2/2018,12.0600004196167,12.199999809265137,12,12.199999809265137,331300,12.199999809265137
8/1/2018,12.5,12.760000228881836,12.09000015258789,12.229999542236328,198800,12.229999542236328
7/31/2018,12.430000305175781,12.930000305175781,12.211000442504883,12.75,176300,12.75
7/30/2018,12.779999732971191,12.930999755859375,12.01099967956543,12.289999961853027,375300,12.289999961853027
7/27/2018,12.529999732971191,13,12.529999732971191,12.84000015258789,212800,12.84000015258789
7/26/2018,12.6899995803833,13.130000114440918,12.26099967956543,12.529999732971191,354300,12.529999732971191
7/25/2018,12,12.6899995803833,12,12.670000076293945,626700,12.670000076293945
7/24/2018,11.670000076293945,12.359999656677246,11.5,11.619999885559082,513800,11.619999885559082
7/23/2018,10.279999732971191,11.800000190734863,10.140000343322754,11.449999809265137,588000,11.449999809265137
7/20/2018,10.880000114440918,10.920000076293945,10.199999809265137,10.300000190734863,438800,10.300000190734863
7/19/2018,11.119999885559082,11.350000381469727,10.720000267028809,10.880000114440918,484900,10.880000114440918
7/18/2018,11.430000305175781,11.649999618530273,11.15999984741211,11.5,310900,11.5
7/17/2018,11.25,11.460000038146973,11,11.1899995803833,268800,11.1899995803833
7/16/2018,11.210000038146973,11.420000076293945,11.029999732971191,11.289999961853027,220500,11.289999961853027
7/13/2018,11.850000381469727,12.057000160217285,10.880000114440918,11.029999732971191,436100,11.029999732971191
7/12/2018,11.149999618530273,12.220000267028809,11.149999618530273,11.84000015258789,490200,11.84000015258789
7/11/2018,11.40999984741211,11.779999732971191,10.850000381469727,10.960000038146973,860500,10.960000038146973
7/10/2018,11.960000038146973,12.25,11.569999694824219,11.65999984741211,428700,11.65999984741211
7/9/2018,12.420000076293945,12.479999542236328,11.067000389099121,11.890000343322754,784700,11.890000343322754
7/6/2018,12.5600004196167,12.795000076293945,12.199999809265137,12.420000076293945,348400,12.420000076293945
7/5/2018,12.25,12.656999588012695,12.130000114440918,12.489999771118164,246600,12.489999771118164
7/3/2018,12.25,12.699999809265137,12.149999618530273,12.170000076293945,114500,12.170000076293945
7/2/2018,12.210000038146973,12.40999984741211,12.010000228881836,12.210000038146973,183200,12.210000038146973
6/29/2018,12.300000190734863,12.5,12.1899995803833,12.25,327500,12.25
6/28/2018,12.75,13.005000114440918,12.149999618530273,12.149999618530273,434700,12.149999618530273
6/27/2018,14.100000381469727,14.300000190734863,12.65999984741211,12.899999618530273,676100,12.899999618530273
6/26/2018,14.180000305175781,14.399999618530273,13.989999771118164,14.229999542236328,410500,14.229999542236328
6/25/2018,14.800000190734863,14.949999809265137,14.369999885559082,14.4399995803833,283500,14.4399995803833
6/22/2018,15,15.100000381469727,14.770000457763672,14.920000076293945,252800,14.920000076293945
6/21/2018,15.180000305175781,15.600000381469727,14.949999809265137,15.029999732971191,169200,15.029999732971191
6/20/2018,15.899999618530273,16.09000015258789,15.050000190734863,15.0600004196167,329100,15.0600004196167
6/19/2018,16.84000015258789,17.389999389648438,15.529999732971191,15.680000305175781,545800,15.680000305175781
6/18/2018,16.639999389648438,17.170000076293945,16.18899917602539,17.09000015258789,362500,17.09000015258789
6/15/2018,15.579999923706055,16.5,14.819999694824219,16.43000030517578,460200,16.43000030517578
6/14/2018,15.399999618530273,15.979999542236328,14.90999984741211,15.529999732971191,500800,15.529999732971191
6/13/2018,16.020000457763672,16.799999237060547,15.180000305175781,15.470000267028809,1192400,15.470000267028809
6/12/2018,15.510000228881836,16,15.449999809265137,15.90999984741211,371400,15.90999984741211
6/11/2018,15.930000305175781,15.949999809265137,15.279999732971191,15.619999885559082,187100,15.619999885559082
6/8/2018,14.800000190734863,15.970000267028809,14.710000038146973,15.9399995803833,327000,15.9399995803833
6/7/2018,14.420000076293945,15.210000038146973,14.359999656677246,14.9399995803833,203100,14.9399995803833
6/6/2018,15.4399995803833,15.524999618530273,14.5600004196167,14.619999885559082,234500,14.619999885559082
6/5/2018,15.8100004196167,15.8100004196167,15.029999732971191,15.420000076293945,141600,15.420000076293945
6/4/2018,15.170000076293945,15.680000305175781,14.819999694824219,15.609999656677246,453900,15.609999656677246
6/1/2018,15.670000076293945,16.020000457763672,15.0600004196167,15.0600004196167,255700,15.0600004196167
5/31/2018,14.300000190734863,15.760000228881836,14.274999618530273,15.619999885559082,421100,15.619999885559082
5/30/2018,14.510000228881836,14.600000381469727,14.029999732971191,14.319999694824219,239100,14.319999694824219
5/29/2018,14.869999885559082,15.010000228881836,14.079999923706055,14.430000305175781,294900,14.430000305175781
5/25/2018,14.880000114440918,15.109999656677246,14.680000305175781,15.039999961853027,233600,15.039999961853027
5/24/2018,16.600000381469727,16.701000213623047,14.5,14.869999885559082,704700,14.869999885559082
5/23/2018,17.020000457763672,17.020000457763672,16.540000915527344,16.579999923706055,379500,16.579999923706055
5/22/2018,16.8799991607666,17.25,16.75,16.790000915527344,287900,16.790000915527344
5/21/2018,17.229999542236328,18.211000442504883,16.3700008392334,16.809999465942383,777100,16.809999465942383
5/18/2018,16.770000457763672,18.34000015258789,16.760000228881836,18.229999542236328,1182000,18.229999542236328
5/17/2018,16.959999084472656,17.049999237060547,16.329999923706055,16.690000534057617,272300,16.690000534057617
5/16/2018,16.860000610351562,17.049999237060547,16.420000076293945,16.969999313354492,458500,16.969999313354492
5/15/2018,16.489999771118164,16.729999542236328,16.299999237060547,16.729999542236328,149000,16.729999542236328
5/14/2018,17,17,16.299999237060547,16.350000381469727,161300,16.350000381469727
5/11/2018,17,17.3700008392334,16.739999771118164,16.770000457763672,126100,16.770000457763672
5/10/2018,16.950000762939453,17,16.5,17,238400,17
5/9/2018,17.25,17.5,16.68899917602539,16.709999084472656,170400,16.709999084472656
5/8/2018,17.360000610351562,17.360000610351562,17.040000915527344,17.239999771118164,214700,17.239999771118164
5/7/2018,17.06999969482422,17.350000381469727,16.780000686645508,17.030000686645508,256400,17.030000686645508
5/4/2018,15.899999618530273,16.700000762939453,15.579999923706055,16.5,305100,16.5
5/3/2018,17.200000762939453,17.479999542236328,15.630000114440918,15.890000343322754,599800,15.890000343322754
5/2/2018,16.700000762939453,17.600000381469727,16.600000381469727,17.100000381469727,608300,17.100000381469727
5/1/2018,16.459999084472656,16.65999984741211,16.350000381469727,16.5,79900,16.5
4/30/2018,16.760000228881836,16.760000228881836,16.149999618530273,16.329999923706055,105500,16.329999923706055
4/27/2018,15.970000267028809,16.639999389648438,15.904999732971191,16.459999084472656,243200,16.459999084472656
4/26/2018,15.579999923706055,16.139999389648438,15.489999771118164,15.619999885559082,117000,15.619999885559082
4/25/2018,16,16,15.050000190734863,15.5600004196167,133300,15.5600004196167
4/24/2018,16.350000381469727,16.799999237060547,15.529999732971191,15.760000228881836,307500,15.760000228881836
4/23/2018,15.640000343322754,16.25,15.420000076293945,16.229999542236328,198700,16.229999542236328
4/20/2018,16.56999969482422,16.59000015258789,15.149999618530273,15.420000076293945,352600,15.420000076293945
4/19/2018,16.420000076293945,16.56999969482422,15.880000114440918,16.479999542236328,846500,16.479999542236328
4/18/2018,15.180000305175781,16.239999771118164,14.489999771118164,16.079999923706055,1584900,16.079999923706055
4/17/2018,13.579999923706055,14.199999809265137,13.40999984741211,13.800000190734863,325200,13.800000190734863
4/16/2018,13.359999656677246,13.859999656677246,13.244999885559082,13.579999923706055,241100,13.579999923706055
4/13/2018,13.399999618530273,13.803000450134277,13.199999809265137,13.279999732971191,79300,13.279999732971191
4/12/2018,13.699999809265137,14.043999671936035,13.199999809265137,13.34000015258789,190100,13.34000015258789
4/11/2018,13.229999542236328,13.949999809265137,13,13.739999771118164,121500,13.739999771118164
4/10/2018,13.380000114440918,13.760000228881836,13.140000343322754,13.319999694824219,171900,13.319999694824219
4/9/2018,12.180000305175781,13.444999694824219,12.029999732971191,13.0600004196167,346200,13.0600004196167
4/6/2018,12.4399995803833,12.666000366210938,11.979999542236328,12.029999732971191,214400,12.029999732971191
4/5/2018,13.079999923706055,13.289999961853027,12.600000381469727,12.649999618530273,135500,12.649999618530273
4/4/2018,12.850000381469727,13,12.210000038146973,12.9399995803833,429600,12.9399995803833
4/3/2018,13.449999809265137,13.640000343322754,13.029999732971191,13.039999961853027,96400,13.039999961853027
4/2/2018,14.380000114440918,14.59000015258789,12.600000381469727,13.319999694824219,840900,13.319999694824219
3/29/2018,14.600000381469727,14.6899995803833,14.385000228881836,14.5,361700,14.5
3/28/2018,14.510000228881836,14.710000038146973,14.350000381469727,14.59000015258789,203300,14.59000015258789
3/27/2018,14.789999961853027,14.880000114440918,14.260000228881836,14.670000076293945,224500,14.670000076293945
3/26/2018,14.760000228881836,14.916000366210938,14.5,14.630000114440918,233800,14.630000114440918
3/23/2018,14.670000076293945,14.680000305175781,14.15999984741211,14.199999809265137,303900,14.199999809265137
3/22/2018,15.75,16.139999389648438,14.680000305175781,14.699999809265137,450900,14.699999809265137
3/21/2018,16.020000457763672,16.059999465942383,15.25,15.720000267028809,416300,15.720000267028809
3/20/2018,18,18,15.289999961853027,15.979999542236328,1461300,15.979999542236328
3/19/2018,17.979999542236328,18.43000030517578,17.5,18.25,1155000,18.25
3/16/2018,16.56999969482422,17.409000396728516,15.920000076293945,17.329999923706055,524100,17.329999923706055
3/15/2018,17.049999237060547,18.600000381469727,16.110000610351562,16.43000030517578,618300,16.43000030517578
3/14/2018,17.540000915527344,17.809999465942383,16.829999923706055,17.110000610351562,412900,17.110000610351562
3/13/2018,18.989999771118164,18.989999771118164,17.299999237060547,17.639999389648438,716700,17.639999389648438
3/12/2018,18.5,20,18.049999237060547,18.84000015258789,1224600,18.84000015258789
3/9/2018,16.200000762939453,19.329999923706055,16.030000686645508,19.09000015258789,897900,19.09000015258789
3/8/2018,15.489999771118164,16.399999618530273,15.489999771118164,16,221900,16
3/7/2018,15.4399995803833,15.630000114440918,15.220000267028809,15.350000381469727,46200,15.350000381469727
3/6/2018,15.430000305175781,15.65999984741211,14.600000381469727,15.579999923706055,59800,15.579999923706055
3/5/2018,14.329999923706055,15.34000015258789,14.222999572753906,15.229999542236328,112500,15.229999542236328
3/2/2018,14.399999618530273,14.890000343322754,14.199999809265137,14.890000343322754,145400,14.890000343322754
3/1/2018,14.819999694824219,14.819999694824219,14.199999809265137,14.399999618530273,121700,14.399999618530273
2/28/2018,15.0600004196167,15.170000076293945,14.300000190734863,14.819999694824219,64300,14.819999694824219
2/27/2018,15.59000015258789,15.600000381469727,14.861000061035156,15.069999694824219,85500,15.069999694824219
2/26/2018,15.619999885559082,15.949999809265137,15.395000457763672,15.59000015258789,21400,15.59000015258789
2/23/2018,15.220000267028809,15.619999885559082,15.100000381469727,15.579999923706055,117100,15.579999923706055
2/22/2018,15.359999656677246,15.520000457763672,15.020000457763672,15.149999618530273,46200,15.149999618530273
2/21/2018,15.329999923706055,15.949999809265137,15.300000190734863,15.399999618530273,73100,15.399999618530273
2/20/2018,14.890000343322754,15.470000267028809,14.880000114440918,15.279999732971191,18800,15.279999732971191
2/16/2018,14.899999618530273,15.130000114440918,14.880000114440918,15.130000114440918,19000,15.130000114440918
2/15/2018,15.119999885559082,15.1899995803833,14.890000343322754,15,80900,15
2/14/2018,14.829999923706055,14.989999771118164,14.5600004196167,14.880000114440918,112000,14.880000114440918
2/13/2018,14.079999923706055,14.654999732971191,13.649999618530273,14.600000381469727,47700,14.600000381469727
2/12/2018,14,14.470000267028809,14,14.149999618530273,125100,14.149999618530273
2/9/2018,14,14.109999656677246,13.510000228881836,13.609999656677246,273200,13.609999656677246
2/8/2018,14.479999542236328,14.779999732971191,14.010000228881836,14.09000015258789,257600,14.09000015258789
2/7/2018,14,14.920000076293945,14,14.399999618530273,272400,14.399999618530273
2/6/2018,13.5,15.350000381469727,13.5,13.949999809265137,446100,13.949999809265137
2/5/2018,14.5,14.600000381469727,13.899999618530273,13.989999771118164,421900,13.989999771118164
2/2/2018,15.739999771118164,15.817999839782715,14.6899995803833,14.800000190734863,398300,14.800000190734863
2/1/2018,15.800000190734863,16,15.449999809265137,15.869999885559082,243000,15.869999885559082
1/31/2018,15.960000038146973,16.489999771118164,15.5,15.829999923706055,238100,15.829999923706055
1/30/2018,16.170000076293945,16.170000076293945,15.630000114440918,15.8100004196167,282900,15.8100004196167
1/29/2018,16.459999084472656,16.93000030517578,15.989999771118164,16.18000030517578,233800,16.18000030517578
1/26/2018,16.559999465942383,17.200000762939453,15.90999984741211,16.469999313354492,459400,16.469999313354492
1/25/2018,16,16.5,15.640000343322754,16.420000076293945,654400,16.420000076293945
1/24/2018,15.779999732971191,16.3799991607666,15.420000076293945,15.989999771118164,1156100,15.989999771118164
1/23/2018,14.239999771118164,15.979999542236328,14.199999809265137,15.529999732971191,925200,15.529999732971191
1/22/2018,14.4399995803833,14.689000129699707,14.100000381469727,14.149999618530273,194500,14.149999618530273
1/19/2018,14.600000381469727,14.600000381469727,14.279999732971191,14.5,197000,14.5
1/18/2018,14.25,14.680000305175781,14.199999809265137,14.4399995803833,162300,14.4399995803833
1/17/2018,14.470000267028809,14.513999938964844,14.0600004196167,14.25,235200,14.25
1/16/2018,15,15,13.979999542236328,14.279999732971191,1122500,14.279999732971191
1/12/2018,14.180000305175781,14.4399995803833,13.510000228881836,13.890000343322754,508800,13.890000343322754
1/11/2018,14.510000228881836,14.90999984741211,14.119999885559082,14.170000076293945,599100,14.170000076293945
1/10/2018,14.819999694824219,14.819999694824219,14.359999656677246,14.5,247300,14.5
1/9/2018,14.609999656677246,15.180000305175781,14.359999656677246,14.9399995803833,299500,14.9399995803833
1/8/2018,15.850000381469727,15.850000381469727,14.210000038146973,14.329999923706055,691800,14.329999923706055
1/5/2018,14.5,15.420000076293945,14.109999656677246,14.640000343322754,970000,14.640000343322754
1/4/2018,15.609999656677246,15.692999839782715,14.399999618530273,14.739999771118164,990100,14.739999771118164
1/3/2018,18.290000915527344,18.290000915527344,15.119999885559082,15.390000343322754,1419800,15.390000343322754
1/2/2018,14.140000343322754,17.700000762939453,14,17.290000915527344,4460900,17.290000915527344
12/29/2017,12.630000114440918,14.300000190734863,12.5,13.899999618530273,581800,13.899999618530273
12/28/2017,13.470000267028809,13.64900016784668,12.5600004196167,12.630000114440918,359900,12.630000114440918
12/27/2017,14.5,14.850000381469727,13.3100004196167,13.529999732971191,450200,13.529999732971191
12/26/2017,14.010000228881836,15.899999618530273,13.720000267028809,14.390000343322754,1642400,14.390000343322754
12/22/2017,1.090000033378601,1.600000023841858,1.0750000476837158,1.4199999570846558,3746100,1.4199999570846558
12/21/2017,1.1799999475479126,1.4880000352859497,1.0149999856948853,1.0700000524520874,2232300,1.0700000524520874
