4/22/2019,22.700000762939453,23.989999771118164,22.51099967956543,23.6299991607666,494100,23.6299991607666
4/18/2019,23.469999313354492,23.549999237060547,22.43000030517578,22.510000228881836,736400,22.510000228881836
4/17/2019,24,24.1200008392334,22.31399917602539,23.5,918500,23.5
4/16/2019,26,26.219999313354492,23.649999618530273,23.780000686645508,964600,23.780000686645508
4/15/2019,24.989999771118164,25.940000534057617,24.6200008392334,25.84000015258789,636500,25.84000015258789
4/12/2019,26,26.051000595092773,24.270000457763672,24.610000610351562,708600,24.610000610351562
4/11/2019,26.81999969482422,26.989999771118164,24.260000228881836,25.729999542236328,1030000,25.729999542236328
4/10/2019,26.899999618530273,27.739999771118164,26.5,26.799999237060547,639200,26.799999237060547
4/9/2019,27.299999237060547,28.399999618530273,26.31100082397461,26.81999969482422,1051500,26.81999969482422
4/8/2019,25.899999618530273,29.790000915527344,25.600000381469727,27.229999542236328,2673100,27.229999542236328
4/5/2019,23.799999237060547,26.229999542236328,22.665000915527344,25.959999084472656,1978100,25.959999084472656
4/4/2019,21.1200008392334,23.18000030517578,21.040000915527344,23.079999923706055,1705900,23.079999923706055
4/3/2019,19.920000076293945,21.670000076293945,19.809999465942383,21.329999923706055,909300,21.329999923706055
4/2/2019,20.68000030517578,20.68000030517578,19.540000915527344,19.700000762939453,546400,19.700000762939453
4/1/2019,20.540000915527344,20.915000915527344,20.040000915527344,20.59000015258789,547600,20.59000015258789
3/29/2019,19.8700008392334,20.799999237060547,19.469999313354492,20.350000381469727,660800,20.350000381469727
3/28/2019,19.299999237060547,19.739999771118164,19,19.65999984741211,453600,19.65999984741211
3/27/2019,20.079999923706055,20.079999923706055,18.889999389648438,19.270000457763672,602600,19.270000457763672
3/26/2019,19.610000610351562,19.940000534057617,19.239999771118164,19.899999618530273,393600,19.899999618530273
3/25/2019,19,19.59000015258789,18.209999084472656,19.399999618530273,671700,19.399999618530273
3/22/2019,19.3799991607666,19.700000762939453,18.75,19,579500,19
3/21/2019,20,20.25,19.209999084472656,19.34000015258789,860500,19.34000015258789
3/20/2019,20.40999984741211,20.979999542236328,19.899999618530273,20,985000,20
3/19/2019,22.469999313354492,22.600000381469727,20.18000030517578,20.350000381469727,976100,20.350000381469727
3/18/2019,21.739999771118164,22.219999313354492,21.219999313354492,22.18000030517578,1245600,22.18000030517578
3/15/2019,20.989999771118164,22.190000534057617,20.889999389648438,21.81999969482422,2686600,21.81999969482422
3/14/2019,19.920000076293945,21,19.920000076293945,20.81999969482422,883600,20.81999969482422
3/13/2019,19.299999237060547,20.2549991607666,19.229999542236328,19.969999313354492,756500,19.969999313354492
3/12/2019,20.520000457763672,20.889999389648438,19.1200008392334,19.260000228881836,1627600,19.260000228881836
3/11/2019,20.989999771118164,20.989999771118164,19.969999313354492,20.43000030517578,915400,20.43000030517578
3/8/2019,20.3700008392334,21.079999923706055,19.899999618530273,20.93000030517578,631100,20.93000030517578
3/7/2019,20.420000076293945,21.155000686645508,19.61199951171875,20.59000015258789,1018100,20.59000015258789
3/6/2019,21.399999618530273,22.049999237060547,20.059999465942383,20.649999618530273,1061000,20.649999618530273
3/5/2019,21.18000030517578,21.489999771118164,20.290000915527344,21.3700008392334,1086400,21.3700008392334
3/4/2019,22.469999313354492,22.799999237060547,20.520000457763672,21.1200008392334,1134100,21.1200008392334
3/1/2019,23.09000015258789,23.389999389648438,21.639999389648438,22.270000457763672,867000,22.270000457763672
2/28/2019,22.450000762939453,23.030000686645508,22.049999237060547,22.600000381469727,511000,22.600000381469727
2/27/2019,23.3700008392334,23.829999923706055,21.530000686645508,22.100000381469727,1553000,22.100000381469727
2/26/2019,21.600000381469727,24.399999618530273,21.559999465942383,23.700000762939453,2522800,23.700000762939453
2/25/2019,20.540000915527344,22.299999237060547,19.829999923706055,21.649999618530273,1917900,21.649999618530273
2/22/2019,19.350000381469727,20.040000915527344,19.350000381469727,19.8799991607666,567600,19.8799991607666
2/21/2019,19.739999771118164,19.979999542236328,18.8799991607666,19.34000015258789,822600,19.34000015258789
2/20/2019,21.1200008392334,21.239999771118164,19.1299991607666,19.920000076293945,1159900,19.920000076293945
2/19/2019,21.510000228881836,21.51300048828125,20.049999237060547,20.829999923706055,1204700,20.829999923706055
2/15/2019,19.940000534057617,21.466999053955078,19.700000762939453,21.440000534057617,2087400,21.440000534057617
2/14/2019,18.639999389648438,19.959999084472656,18.6299991607666,19.65999984741211,1091400,19.65999984741211
2/13/2019,18.989999771118164,19.219999313354492,18.299999237060547,18.530000686645508,1333500,18.530000686645508
2/12/2019,18.209999084472656,18.760000228881836,17.600000381469727,18.690000534057617,753100,18.690000534057617
2/11/2019,17.989999771118164,18.645999908447266,17.750999450683594,18.170000076293945,597900,18.170000076293945
2/8/2019,17.100000381469727,18.149999618530273,17.100000381469727,17.989999771118164,685700,17.989999771118164
2/7/2019,17.950000762939453,18.06800079345703,17.040000915527344,17.049999237060547,527600,17.049999237060547
2/6/2019,17.25,18.389999389648438,17.110000610351562,18.139999389648438,1015900,18.139999389648438
2/5/2019,16.290000915527344,17.489999771118164,16.20800018310547,17.18000030517578,652700,17.18000030517578
2/4/2019,16.219999313354492,16.489999771118164,15.949999809265137,16.270000457763672,297800,16.270000457763672
2/1/2019,16.799999237060547,17.007999420166016,15.899999618530273,16.219999313354492,617200,16.219999313354492
1/31/2019,15.239999771118164,17.479999542236328,15.239999771118164,16.600000381469727,2259200,16.600000381469727
1/30/2019,14.720000267028809,15.545000076293945,14.649999618530273,15.130000114440918,758900,15.130000114440918
1/29/2019,14.460000038146973,14.875,14.449999809265137,14.630000114440918,592800,14.630000114440918
1/28/2019,14.84000015258789,14.84000015258789,14.449999809265137,14.449999809265137,656500,14.449999809265137
1/25/2019,14.800000190734863,14.920000076293945,14.399999618530273,14.90999984741211,942200,14.90999984741211
1/24/2019,14.899999618530273,15.194999694824219,14.640000343322754,14.640000343322754,452900,14.640000343322754
1/23/2019,15.59000015258789,15.920000076293945,14.760000228881836,14.789999961853027,652600,14.789999961853027
1/22/2019,16.6200008392334,16.635000228881836,15.350000381469727,15.5600004196167,636900,15.5600004196167
1/18/2019,16.459999084472656,16.799999237060547,16.25,16.690000534057617,630000,16.690000534057617
1/17/2019,16.049999237060547,16.530000686645508,16.049999237060547,16.309999465942383,315700,16.309999465942383
1/16/2019,16.799999237060547,16.950000762939453,16.260000228881836,16.260000228881836,272800,16.260000228881836
1/15/2019,17,17,16.40999984741211,16.59000015258789,468100,16.59000015258789
1/14/2019,17,17.059999465942383,16.719999313354492,16.739999771118164,612900,16.739999771118164
1/11/2019,16.600000381469727,17.059999465942383,16.530000686645508,17,580600,17
1/10/2019,16.360000610351562,16.510000228881836,16,16.479999542236328,487300,16.479999542236328
1/9/2019,17.200000762939453,17.25,16.149999618530273,16.329999923706055,1187400,16.329999923706055
1/8/2019,17.350000381469727,17.468000411987305,16.049999237060547,16.950000762939453,1892700,16.950000762939453
1/7/2019,17.540000915527344,17.940000534057617,16.18000030517578,16.270000457763672,1585400,16.270000457763672
1/4/2019,16,17.5,15.894000053405762,16.959999084472656,1651800,16.959999084472656
1/3/2019,15.489999771118164,16.079999923706055,15.199999809265137,15.5,1588900,15.5
1/2/2019,14.930000305175781,15.449999809265137,14.510000228881836,15.329999923706055,2318100,15.329999923706055
12/31/2018,14.239999771118164,15.300000190734863,14.213000297546387,15.270000457763672,994700,15.270000457763672
12/28/2018,14.720000267028809,14.850000381469727,13.817999839782715,14.149999618530273,929100,14.149999618530273
12/27/2018,13.489999771118164,14.949999809265137,13.270000457763672,14.649999618530273,1769500,14.649999618530273
12/26/2018,14.149999618530273,14.3100004196167,13.029999732971191,13.520000457763672,1817800,13.520000457763672
12/24/2018,14.319999694824219,14.319999694824219,13.75,14.029999732971191,665400,14.029999732971191
12/21/2018,15.399999618530273,15.5,13.949999809265137,14.470000267028809,2063000,14.470000267028809
12/20/2018,16,16.139999389648438,14.75,15.5,2365200,15.5
12/19/2018,16.860000610351562,17.3700008392334,16,16.18000030517578,941500,16.18000030517578
12/18/2018,17.100000381469727,17.25,16.25,17,1621600,17
12/17/2018,18.329999923706055,18.469999313354492,16.899999618530273,17,1580800,17
12/14/2018,18.75,18.881000518798828,18.25,18.31999969482422,746300,18.31999969482422
12/13/2018,19.25,19.290000915527344,18.68000030517578,18.760000228881836,1608600,18.760000228881836
12/12/2018,18.549999237060547,19.479999542236328,18.020000457763672,18.68000030517578,2590900,18.68000030517578
12/11/2018,20.549999237060547,20.65999984741211,17.989999771118164,18.010000228881836,3435300,18.010000228881836
12/10/2018,18.899999618530273,19.43899917602539,18,18.799999237060547,4233300,18.799999237060547
12/7/2018,22,22.75,18.510000228881836,18.600000381469727,12995600,18.600000381469727
