4/22/2019,37.79999923706055,38.369998931884766,37.34000015258789,38.20000076293945,278700,38.20000076293945
4/18/2019,37.560001373291016,37.68000030517578,37.189998626708984,37.599998474121094,132600,37.599998474121094
4/17/2019,37.790000915527344,38.27000045776367,37.38999938964844,37.459999084472656,158600,37.459999084472656
4/16/2019,37.4900016784668,37.92499923706055,36.869998931884766,37.68000030517578,63600,37.68000030517578
4/15/2019,37,37.41999816894531,36.65999984741211,37.27000045776367,98500,37.27000045776367
4/12/2019,37.43000030517578,37.959999084472656,36.900001525878906,36.900001525878906,193700,36.900001525878906
4/11/2019,36.849998474121094,37.16999816894531,36.47999954223633,37.0099983215332,170200,37.0099983215332
4/10/2019,37.279998779296875,37.5099983215332,36.189998626708984,36.849998474121094,158200,36.849998474121094
4/9/2019,38.150001525878906,38.220001220703125,36.56999969482422,37.150001525878906,135300,37.150001525878906
4/8/2019,37.869998931884766,38.654998779296875,37.70000076293945,38.150001525878906,266200,38.150001525878906
4/5/2019,37.470001220703125,37.810001373291016,37.25,37.65999984741211,146600,37.65999984741211
4/4/2019,37.25,37.4900016784668,37.119998931884766,37.41999816894531,90900,37.41999816894531
4/3/2019,37.619998931884766,37.709999084472656,37.02000045776367,37.25,103900,37.25
4/2/2019,37.369998931884766,37.814998626708984,37.20500183105469,37.54999923706055,72200,37.54999923706055
4/1/2019,36.27000045776367,37.5099983215332,36.22600173950195,37.349998474121094,106500,37.349998474121094
3/29/2019,36.43000030517578,36.56999969482422,35.95000076293945,36.0099983215332,159900,36.0099983215332
3/28/2019,35,36.349998474121094,34.720001220703125,36.220001220703125,418400,36.220001220703125
3/27/2019,35.369998931884766,35.56999969482422,34.83000183105469,35,319700,35
3/26/2019,35.45000076293945,35.959999084472656,35.040000915527344,35.40999984741211,165600,35.40999984741211
3/25/2019,36.529998779296875,37.13999938964844,35.11000061035156,35.209999084472656,324400,35.209999084472656
3/22/2019,37.72999954223633,37.72999954223633,36.599998474121094,36.689998626708984,241000,36.689998626708984
3/21/2019,37.4900016784668,38.19200134277344,37.369998931884766,37.900001525878906,109300,37.900001525878906
3/20/2019,38.5,38.72999954223633,37.400001525878906,37.560001373291016,214700,37.560001373291016
3/19/2019,38.16999816894531,38.90999984741211,37.91999816894531,38.4900016784668,214600,38.4900016784668
3/18/2019,37.2400016784668,38.400001525878906,37.04999923706055,37.95000076293945,244600,37.95000076293945
3/15/2019,37.20000076293945,38.0099983215332,36.369998931884766,37.25,3254900,37.25
3/14/2019,36.88999938964844,37.630001068115234,36.88999938964844,37.13999938964844,258400,37.13999938964844
3/13/2019,37.5,38.4900016784668,36.45000076293945,36.88999938964844,510700,36.88999938964844
3/12/2019,37.22999954223633,37.84000015258789,36.93000030517578,37.16999816894531,375900,37.16999816894531
3/11/2019,36.5,37.20000076293945,35.93000030517578,36.91999816894531,351600,36.91999816894531
3/8/2019,36.849998474121094,37.150001525878906,35.459999084472656,35.70000076293945,647600,35.70000076293945
3/7/2019,35.540000915527344,37,35.31999969482422,36.65999984741211,319300,36.65999984741211
3/6/2019,36.630001068115234,37.20000076293945,36,36.380001068115234,190900,36.380001068115234
3/5/2019,36.5,36.97999954223633,35.43000030517578,36.619998931884766,143400,36.619998931884766
3/4/2019,36,36.65999984741211,35.845001220703125,36.45000076293945,236000,36.45000076293945
3/1/2019,33.900001525878906,36.150001525878906,33.900001525878906,35.959999084472656,449700,35.959999084472656
2/28/2019,35.349998474121094,35.349998474121094,33.56999969482422,33.65999984741211,249400,33.65999984741211
2/27/2019,35.27000045776367,35.5,35.02399826049805,35.13999938964844,100900,35.13999938964844
2/26/2019,35.599998474121094,36.06999969482422,34.869998931884766,35.279998779296875,187800,35.279998779296875
2/25/2019,35,35.75,34.61000061035156,35.59000015258789,197000,35.59000015258789
2/22/2019,34.77000045776367,35.58000183105469,34.59000015258789,35.099998474121094,261000,35.099998474121094
2/21/2019,34.630001068115234,34.7400016784668,33.560001373291016,34.36000061035156,191700,34.36000061035156
2/20/2019,34.54999923706055,34.96500015258789,33.58000183105469,34.70000076293945,234000,34.70000076293945
2/19/2019,32.52000045776367,35.16999816894531,32.52000045776367,34.33000183105469,551500,34.33000183105469
2/15/2019,32.31999969482422,32.65999984741211,31.954999923706055,32.099998474121094,133000,32.099998474121094
2/14/2019,31.700000762939453,32.400001525878906,31.700000762939453,32.150001525878906,236000,32.150001525878906
2/13/2019,31.479999542236328,31.899999618530273,31.31999969482422,31.690000534057617,192000,31.690000534057617
2/12/2019,31.270000457763672,31.979999542236328,30.579999923706055,31.43000030517578,78500,31.43000030517578
2/11/2019,31.309999465942383,31.399999618530273,30.809999465942383,31,41300,31
2/8/2019,31.899999618530273,31.899999618530273,30.690000534057617,31.299999237060547,161200,31.299999237060547
2/7/2019,32.22999954223633,32.27000045776367,31.350000381469727,31.940000534057617,92100,31.940000534057617
2/6/2019,32.459999084472656,32.849998474121094,32.099998474121094,32.279998779296875,253400,32.279998779296875
2/5/2019,32.34000015258789,33.0099983215332,32.15999984741211,32.529998779296875,197500,32.529998779296875
2/4/2019,31.799999237060547,32.25,31.365999221801758,32.25,56400,32.25
2/1/2019,31.860000610351562,32.25,31.299999237060547,32,170500,32
1/31/2019,33.06999969482422,33.06999969482422,31.790000915527344,32.20000076293945,137200,31.614002227783203
1/30/2019,33.380001068115234,33.5,32.900001525878906,33.099998474121094,179700,32.49761962890625
1/29/2019,33.459999084472656,33.720001220703125,33.099998474121094,33.33000183105469,278400,32.72343826293945
1/28/2019,32.5,33.4900016784668,32.5,33.18000030517578,191300,32.576168060302734
1/25/2019,31.559999465942383,33.150001525878906,31.559999465942383,32.75,230600,32.15399169921875
1/24/2019,31.059999465942383,31.6299991607666,30.8799991607666,31.200000762939453,107800,30.632200241088867
1/23/2019,31.829999923706055,31.920000076293945,30.700000762939453,31.1200008392334,75200,30.55365562438965
1/22/2019,32.689998626708984,32.7400016784668,31.729999542236328,31.729999542236328,70500,31.15255355834961
1/18/2019,33.209999084472656,33.5,32.650001525878906,32.939998626708984,56200,32.34053421020508
1/17/2019,33,33.54999923706055,32.709999084472656,33,77800,32.39944076538086
1/16/2019,32.29999923706055,33.439998626708984,31.8799991607666,33.349998474121094,194500,32.743072509765625
1/15/2019,31.479999542236328,32.84000015258789,31.40999984741211,32.619998931884766,138400,32.0263557434082
1/14/2019,31.260000228881836,32,30.780000686645508,31.079999923706055,69600,30.51438331604004
1/11/2019,32.650001525878906,32.91999816894531,31,32.0099983215332,233400,31.427457809448242
1/10/2019,33.970001220703125,33.970001220703125,32.59000015258789,32.77000045776367,164100,32.17362976074219
1/9/2019,34.59000015258789,35.27799987792969,33.689998626708984,34.06999969482422,286100,33.44997024536133
1/8/2019,34.369998931884766,35.560001373291016,33.959999084472656,34.029998779296875,245700,33.41069793701172
1/7/2019,33.65999984741211,35.29800033569336,33.54999923706055,34.0099983215332,276300,33.39105987548828
1/4/2019,31.149999618530273,34.13999938964844,31.1299991607666,33.439998626708984,331900,32.8314323425293
1/3/2019,29.600000381469727,31.270000457763672,29.600000381469727,30.989999771118164,120800,30.426021575927734
1/2/2019,28.600000381469727,29.889999389648438,28.459999084472656,29.670000076293945,129100,29.130043029785156
12/31/2018,27.299999237060547,29.139999389648438,27.229999542236328,28.84000015258789,149900,28.315149307250977
12/28/2018,27.329999923706055,27.659000396728516,26.31999969482422,27.149999618530273,214900,26.65590476989746
12/27/2018,27.93000030517578,28.709999084472656,26.399999618530273,27.450000762939453,181200,26.9504451751709
12/26/2018,27.600000381469727,28.420000076293945,26.079999923706055,28.31999969482422,319500,27.804611206054688
12/24/2018,27.639999389648438,28.450000762939453,26.3799991607666,27.510000228881836,117800,27.009353637695312
12/21/2018,29.770000457763672,30.34000015258789,27.65999984741211,27.81999969482422,312000,27.313711166381836
12/20/2018,31.020000457763672,31.44499969482422,28.770000457763672,29.889999389648438,199400,29.346038818359375
12/19/2018,31.489999771118164,32.07699966430664,30.5,31.399999618530273,235100,30.82855987548828
12/18/2018,33.130001068115234,33.310001373291016,31.040000915527344,31.600000381469727,188900,31.024921417236328
12/17/2018,34.689998626708984,34.689998626708984,32.779998779296875,33.08000183105469,174400,32.477989196777344
12/14/2018,34.349998474121094,35.97999954223633,34.349998474121094,34.72999954223633,184700,34.097957611083984
12/13/2018,34.310001373291016,35.790000915527344,34.250999450683594,34.970001220703125,133700,34.33359146118164
12/12/2018,34.06999969482422,34.84000015258789,33.56999969482422,34.439998626708984,139300,33.813236236572266
12/11/2018,33.68000030517578,34.9900016784668,32.75,33.91999816894531,292400,33.302696228027344
12/10/2018,33.439998626708984,33.88999938964844,32.47999954223633,33.470001220703125,145200,32.86088943481445
12/7/2018,32.880001068115234,34.029998779296875,32.57500076293945,33.90999984741211,167400,33.29288101196289
12/6/2018,32.56999969482422,33.029998779296875,31.309999465942383,32.4900016784668,191800,31.898725509643555
12/4/2018,34.060001373291016,34.060001373291016,32.77000045776367,33.029998779296875,149300,32.42889404296875
12/3/2018,33.88999938964844,34.20000076293945,33.5,33.939998626708984,145800,33.32233428955078
11/30/2018,34.11000061035156,34.11000061035156,32.650001525878906,33.130001068115234,180600,32.527076721191406
11/29/2018,32.5099983215332,34.518001556396484,32.5099983215332,34.189998626708984,269600,33.56778335571289
11/28/2018,32.880001068115234,32.91400146484375,32.099998474121094,32.47999954223633,161400,31.888904571533203
11/27/2018,33.97999954223633,34.54399871826172,32.56999969482422,32.779998779296875,278400,32.18344497680664
11/26/2018,35.7599983215332,35.91999816894531,33.86000061035156,34.06999969482422,137400,33.44997024536133
11/23/2018,34.959999084472656,35.61000061035156,34.255001068115234,35.369998931884766,80300,34.72631072998047
11/21/2018,34.4900016784668,35.5099983215332,33.47999954223633,35.34000015258789,237900,34.69685745239258
11/20/2018,35.599998474121094,35.72999954223633,33.93000030517578,34.11000061035156,180100,33.48924255371094
11/19/2018,36.150001525878906,36.630001068115234,35.599998474121094,36,79600,35.344844818115234
11/16/2018,36.5099983215332,36.65999984741211,36.04999923706055,36.41999816894531,166400,35.7572021484375
11/15/2018,36.290000915527344,36.82899856567383,35.9900016784668,36.459999084472656,92700,35.79647445678711
11/14/2018,37.43000030517578,37.43000030517578,36.0099983215332,36.279998779296875,232300,35.619747161865234
11/13/2018,37.77000045776367,38.209999084472656,37.0099983215332,37.099998474121094,134100,36.424827575683594
11/12/2018,38.33000183105469,38.92100143432617,37.5099983215332,37.66999816894531,102100,36.98445129394531
11/9/2018,39.91999816894531,40.0099983215332,37.849998474121094,38.11000061035156,239900,37.416446685791016
11/8/2018,42.040000915527344,42.790000915527344,39.91999816894531,40.06999969482422,294900,39.34077835083008
11/7/2018,42.04999923706055,43.97999954223633,41.165000915527344,41.7599983215332,895500,41.00001907348633
11/6/2018,34.41999816894531,35.689998626708984,34.34299850463867,35.599998474121094,214500,34.952125549316406
11/5/2018,34,34.900001525878906,33.52000045776367,34.4900016784668,232800,33.862327575683594
11/2/2018,33.939998626708984,34.57500076293945,33.689998626708984,34.02000045776367,294300,33.40087890625
11/1/2018,35.290000915527344,35.779998779296875,33.290000915527344,33.86000061035156,364200,32.694278717041016
10/31/2018,34.779998779296875,34.95000076293945,33.81999969482422,34.13999938964844,245700,32.964637756347656
10/30/2018,34.900001525878906,35.29499816894531,33.16999816894531,34.400001525878906,156700,33.2156867980957
10/29/2018,35.61000061035156,36.93000030517578,34.52000045776367,34.869998931884766,103900,33.66950607299805
10/26/2018,35.369998931884766,36.220001220703125,35.06999969482422,35.380001068115234,147800,34.161949157714844
10/25/2018,36.68000030517578,37.17499923706055,35.560001373291016,35.79999923706055,171800,34.56748580932617
10/24/2018,38.540000915527344,38.869998931884766,36.54999923706055,36.54999923706055,107100,35.291664123535156
10/23/2018,38.59000015258789,38.900001525878906,36.9900016784668,38.72999954223633,127000,37.39661407470703
10/22/2018,39.08000183105469,39.470001220703125,38.599998474121094,38.97999954223633,102000,37.63800811767578
10/19/2018,39.279998779296875,39.82500076293945,38.540000915527344,39.08000183105469,124300,37.73456954956055
10/18/2018,39.29999923706055,40.349998474121094,38.9900016784668,39.34000015258789,206900,37.98561477661133
10/17/2018,40.130001068115234,40.130001068115234,38.84000015258789,39.439998626708984,491000,38.08216857910156
10/16/2018,39.5,40.310001373291016,39.25,39.97999954223633,88000,38.603580474853516
10/15/2018,39.290000915527344,40.34700012207031,38.875,39.40999984741211,194100,38.05320358276367
10/12/2018,41.150001525878906,41.150001525878906,37,39.400001525878906,505800,38.043548583984375
10/11/2018,40.540000915527344,41.650001525878906,39.915000915527344,40.79999923706055,326300,39.395347595214844
10/10/2018,40.220001220703125,40.63999938964844,39.8849983215332,40.47999954223633,426500,39.086368560791016
10/9/2018,40.58000183105469,40.79999923706055,40,40.13999938964844,52600,38.75807189941406
10/8/2018,40.29999923706055,40.619998931884766,39.7599983215332,40.529998779296875,218100,39.1346435546875
10/5/2018,39.41999816894531,40.86000061035156,39.41999816894531,40.36000061035156,238700,38.970497131347656
10/4/2018,39.290000915527344,39.939998626708984,38.650001525878906,39.380001068115234,163400,38.02423858642578
10/3/2018,37.7400016784668,39.41999816894531,37.7400016784668,39.279998779296875,199200,37.927677154541016
10/2/2018,39.099998474121094,39.75,37.68000030517578,37.72999954223633,273900,36.4310417175293
10/1/2018,35.65999984741211,39.41899871826172,35.52000045776367,38.9900016784668,345100,37.647666931152344
9/28/2018,35.029998779296875,35.77000045776367,34.709999084472656,35.40999984741211,479000,34.190914154052734
9/27/2018,34.45000076293945,35.130001068115234,34.029998779296875,35.040000915527344,134800,33.83365249633789
9/26/2018,35,35,33.91999816894531,34.20000076293945,199700,33.0225715637207
9/25/2018,34.27000045776367,35.23500061035156,34.08000183105469,34.900001525878906,268700,33.6984748840332
9/24/2018,36.31999969482422,36.33000183105469,33.505001068115234,34.209999084472656,709800,33.0322265625
9/21/2018,36.869998931884766,37.06999969482422,35.97999954223633,37.02000045776367,315600,35.745487213134766
9/20/2018,36.88999938964844,37.417999267578125,35.849998474121094,36.79999923706055,221900,35.53306198120117
9/19/2018,37.75,37.75,35.65999984741211,36.880001068115234,413300,35.61030578613281
9/18/2018,38.459999084472656,38.70000076293945,37.75,37.81999969482422,238500,36.5179443359375
9/17/2018,39.279998779296875,39.279998779296875,38.25,38.459999084472656,128200,37.13591003417969
9/14/2018,40.36000061035156,40.380001068115234,39.20000076293945,39.439998626708984,145800,38.08216857910156
9/13/2018,41,41,39.540000915527344,40.310001373291016,159900,38.92222213745117
9/12/2018,40.97999954223633,41.619998931884766,40.599998474121094,41.099998474121094,312500,39.685020446777344
9/11/2018,40.349998474121094,41.099998474121094,39.599998474121094,41.029998779296875,275100,39.617431640625
9/10/2018,41.189998626708984,41.2400016784668,40.13999938964844,40.349998474121094,181700,38.96084213256836
9/7/2018,41.79999923706055,42.26599884033203,40.7400016784668,40.970001220703125,175200,39.55949783325195
9/6/2018,43.61000061035156,43.61000061035156,41.56999969482422,41.720001220703125,111100,40.28367614746094
9/5/2018,43.83000183105469,44.22999954223633,42.689998626708984,43.52000045776367,202000,42.02170944213867
9/4/2018,43.790000915527344,44.900001525878906,43.35900115966797,44.08000183105469,87400,42.56242752075195
8/31/2018,44.619998931884766,44.619998931884766,42.630001068115234,43.79999923706055,164900,42.29206466674805
8/30/2018,43.33000183105469,44.599998474121094,42.95000076293945,44.58000183105469,350900,43.04521560668945
8/29/2018,45.220001220703125,45.2400016784668,42.779998779296875,43,372900,41.51960754394531
8/28/2018,46,46.029998779296875,44.470001220703125,44.790000915527344,279100,43.24798583984375
8/27/2018,46.279998779296875,46.43000030517578,44.81999969482422,46.150001525878906,245000,44.56116485595703
8/24/2018,46.619998931884766,46.869998931884766,46.08000183105469,46.29999923706055,185400,44.705997467041016
8/23/2018,47.5099983215332,47.599998474121094,46.22999954223633,46.540000915527344,259300,44.93773651123047
8/22/2018,47.63999938964844,47.900001525878906,46.959999084472656,47.459999084472656,145300,45.8260612487793
8/21/2018,48.0099983215332,48.0099983215332,47.61000061035156,47.63999938964844,61200,45.99986267089844
8/20/2018,47.279998779296875,48.150001525878906,47.279998779296875,47.900001525878906,94900,46.25091552734375
8/17/2018,46.810001373291016,47.130001068115234,46.029998779296875,47.08000183105469,91000,45.459144592285156
8/16/2018,47.90999984741211,48.22100067138672,46.650001525878906,46.790000915527344,55600,45.17913055419922
8/15/2018,47.900001525878906,49.0099983215332,47.04999923706055,47.619998931884766,136700,45.980552673339844
8/14/2018,48.0099983215332,48.32400131225586,47.60499954223633,48.0099983215332,195000,46.35712432861328
8/13/2018,48.849998474121094,49.209999084472656,47.61000061035156,47.869998931884766,107700,46.22194290161133
8/10/2018,49.06999969482422,49.4900016784668,48.68000030517578,48.900001525878906,386100,47.21648406982422
8/9/2018,49.45000076293945,49.90999984741211,49.06999969482422,49.400001525878906,173300,47.69927215576172
8/8/2018,51.25,51.2599983215332,49.25,49.43000030517578,242200,47.728240966796875
8/7/2018,52.4900016784668,52.65999984741211,50.43000030517578,51.16999816894531,176200,49.40833282470703
8/6/2018,53.68000030517578,53.75,52.40999984741211,52.56999969482422,70400,50.760135650634766
8/3/2018,55.790000915527344,56.400001525878906,52.060001373291016,53.70000076293945,361100,51.851234436035156
8/2/2018,53.150001525878906,54.52000045776367,52.58000183105469,54.27000045776367,88600,51.885223388671875
8/1/2018,52.869998931884766,54.349998474121094,52,53.310001373291016,245700,50.967411041259766
7/31/2018,52.900001525878906,53.683998107910156,52.099998474121094,53.04999923706055,54300,50.71883010864258
7/30/2018,53.709999084472656,53.9900016784668,52.209999084472656,52.5099983215332,63400,50.20256042480469
7/27/2018,54.130001068115234,54.47999954223633,52.83000183105469,53.63999938964844,68800,51.28290557861328
7/26/2018,54.150001525878906,54.529998779296875,53.900001525878906,54.029998779296875,266000,51.655765533447266
7/25/2018,52.22999954223633,54.70000076293945,51.994998931884766,54.11000061035156,308800,51.73225021362305
7/24/2018,52.290000915527344,52.7599983215332,51.95500183105469,52.36000061035156,215200,50.05915069580078
7/23/2018,52.119998931884766,52.43000030517578,51.630001068115234,52.04999923706055,179500,49.76277160644531
7/20/2018,52.22999954223633,52.369998931884766,51.52000045776367,52.099998474121094,134000,49.81057357788086
7/19/2018,51.7400016784668,52.7400016784668,51.095001220703125,51.939998626708984,130700,49.6576042175293
7/18/2018,51.20000076293945,51.5099983215332,50.5,51.13999938964844,307100,48.89276123046875
7/17/2018,51.33000183105469,51.880001068115234,50.66999816894531,51.2400016784668,197700,48.98836898803711
7/16/2018,51.349998474121094,51.70500183105469,50.275001525878906,51.349998474121094,68100,49.09353256225586
7/13/2018,50.779998779296875,51.96500015258789,50.744998931884766,51.59000015258789,16200,49.3229866027832
7/12/2018,51.150001525878906,51.150001525878906,49.79999923706055,50.619998931884766,124100,48.39561080932617
7/11/2018,51.5,51.66999816894531,50.459999084472656,50.65999984741211,91500,48.43385696411133
7/10/2018,52.349998474121094,52.720001220703125,51.06999969482422,51.65999984741211,220900,49.38990783691406
7/9/2018,52.68000030517578,52.68000030517578,51.33000183105469,51.7400016784668,88800,49.46639633178711
7/6/2018,50.86000061035156,52.47600173950195,50.86000061035156,52.20000076293945,39400,49.90618133544922
7/5/2018,51.68000030517578,51.7599983215332,50.54999923706055,50.95000076293945,129500,48.71110916137695
7/3/2018,51.380001068115234,51.84000015258789,50.66999816894531,51.720001220703125,103900,49.44727325439453
7/2/2018,50.95000076293945,51.84000015258789,50.5,51.06999969482422,50600,48.825836181640625
6/29/2018,50.189998626708984,51.36000061035156,49.290000915527344,51.060001373291016,101400,48.816280364990234
6/28/2018,49.7599983215332,50.40999984741211,49.130001068115234,50.099998474121094,113600,47.89846420288086
6/27/2018,50.2400016784668,50.25,49.15999984741211,49.7400016784668,201000,47.554283142089844
6/26/2018,50.779998779296875,51.81999969482422,49.560001373291016,49.970001220703125,108700,47.77417755126953
6/25/2018,51.56999969482422,51.56999969482422,50.19499969482422,50.369998931884766,148000,48.156593322753906
6/22/2018,50.86000061035156,52.22999954223633,50,51.68000030517578,90400,49.409034729003906
6/21/2018,51.34000015258789,51.540000915527344,50.32500076293945,50.599998474121094,65100,48.376487731933594
6/20/2018,49.91999816894531,51.459999084472656,49.599998474121094,51.2400016784668,91200,48.98836898803711
6/19/2018,50.22999954223633,50.43000030517578,49.29999923706055,49.939998626708984,119700,47.74549102783203
6/18/2018,49.5,51.060001373291016,49.310001373291016,50.68000030517578,97600,48.45297622680664
6/15/2018,51.93000030517578,52.0099983215332,49.189998626708984,49.86000061035156,201100,47.669010162353516
6/14/2018,52.15999984741211,52.66999816894531,51.43000030517578,51.869998931884766,87100,49.59068298339844
6/13/2018,51.970001220703125,52.43000030517578,51.90999984741211,52.150001525878906,120900,49.85838317871094
6/12/2018,53.0099983215332,53.0099983215332,52,52.22999954223633,99800,49.93486404418945
6/11/2018,52.540000915527344,53.75,51.2400016784668,53.18000030517578,289900,50.843116760253906
6/8/2018,54.11000061035156,54.11000061035156,52.5,52.65999984741211,141100,50.345970153808594
6/7/2018,53.900001525878906,54.52000045776367,53.099998474121094,54.27000045776367,109200,51.885223388671875
6/6/2018,54.29999923706055,54.36000061035156,53.19499969482422,53.599998474121094,120700,51.244659423828125
6/5/2018,54.45000076293945,55.380001068115234,53.11000061035156,54.45000076293945,216400,52.05731201171875
6/4/2018,53.66999816894531,55.13999938964844,53.189998626708984,54.25,381700,51.86609649658203
6/1/2018,51.83000183105469,53.709999084472656,51.2400016784668,53.709999084472656,192500,51.34982681274414
5/31/2018,51.47999954223633,51.81999969482422,50.94499969482422,51.56999969482422,99900,49.30386734008789
5/30/2018,50.15999984741211,51.959999084472656,49.619998931884766,51.5,140700,49.236942291259766
5/29/2018,49.709999084472656,50.5,49.262001037597656,49.900001525878906,44600,47.707252502441406
5/25/2018,50.29999923706055,50.349998474121094,48.81999969482422,49.97999954223633,190200,47.78373336791992
5/24/2018,51.75,51.779998779296875,50.41999816894531,50.54999923706055,110000,48.32868957519531
5/23/2018,51.470001220703125,52.369998931884766,51.275001525878906,51.880001068115234,255900,49.600242614746094
5/22/2018,51.06999969482422,51.97999954223633,50.7599983215332,51.70000076293945,326100,49.42815399169922
5/21/2018,51.619998931884766,51.83000183105469,50.79999923706055,51.060001373291016,241900,48.816280364990234
5/18/2018,51.369998931884766,51.720001220703125,51.01499938964844,51.459999084472656,129300,49.198699951171875
5/17/2018,49.65999984741211,51.630001068115234,49.65999984741211,51.349998474121094,196900,49.09353256225586
5/16/2018,49.04999923706055,49.9900016784668,48.82500076293945,49.689998626708984,166800,47.5064811706543
5/15/2018,48.47999954223633,49.275001525878906,48.31999969482422,48.9900016784668,240700,46.83723831176758
5/14/2018,48.099998474121094,49.08000183105469,47.88999938964844,48.599998474121094,252800,46.46437454223633
5/11/2018,47.119998931884766,48.01499938964844,47.119998931884766,48,181400,45.890743255615234
5/10/2018,46.060001373291016,46.970001220703125,45.959999084472656,46.90999984741211,271000,44.84864044189453
5/9/2018,45.33000183105469,46.15999984741211,45.33000183105469,45.88999938964844,91600,43.87346267700195
5/8/2018,44.72999954223633,45.34000015258789,44.130001068115234,45.09000015258789,94200,43.108619689941406
5/7/2018,44.38999938964844,45.029998779296875,44.29999923706055,44.68000030517578,55600,42.716636657714844
5/4/2018,43.66999816894531,44.61000061035156,43.279998779296875,44.04999923706055,37600,42.114315032958984
5/3/2018,43.790000915527344,44.310001373291016,43.709999084472656,44.029998779296875,79300,41.60664367675781
5/2/2018,44.16999816894531,45.06999969482422,42.349998474121094,44.0099983215332,224200,41.58774948120117
5/1/2018,44.5,45.560001373291016,43.45000076293945,44.56999969482422,322700,42.11692428588867
4/30/2018,44.099998474121094,45.18000030517578,43.650001525878906,45,435100,42.52326202392578
4/27/2018,43.41999816894531,44.72999954223633,43.29499816894531,44.09000015258789,226600,41.663352966308594
4/26/2018,42.709999084472656,43.599998474121094,42.650001525878906,43.25,185900,40.86957550048828
4/25/2018,43.29999923706055,43.64500045776367,42.060001373291016,42.54999923706055,127500,40.20810317993164
4/24/2018,44.099998474121094,44.099998474121094,42.5099983215332,42.9900016784668,178800,40.62388610839844
4/23/2018,42.810001373291016,44.362998962402344,42.244998931884766,44,194900,41.57830047607422
4/20/2018,43.31999969482422,44.53799819946289,42.314998626708984,42.650001525878906,278900,40.302608489990234
4/19/2018,43.25,43.70399856567383,41.9900016784668,42.77000045776367,80000,40.41600036621094
4/18/2018,44.79999923706055,45.40999984741211,43.20000076293945,43.209999084472656,197500,40.83177947998047
4/17/2018,45.310001373291016,45.7599983215332,44.599998474121094,44.630001068115234,449600,42.17362594604492
4/16/2018,45.34000015258789,45.34000015258789,44.53499984741211,45.09000015258789,207900,42.608306884765625
4/13/2018,45.36000061035156,45.5,44.58000183105469,45.16999816894531,239200,42.683902740478516
4/12/2018,45.43000030517578,45.56999969482422,44.75,44.970001220703125,88700,42.49491500854492
4/11/2018,44,45.4900016784668,43.529998779296875,45.18000030517578,302200,42.69335174560547
4/10/2018,43.650001525878906,43.9900016784668,43.150001525878906,43.310001373291016,194600,40.92627716064453
4/9/2018,44.2400016784668,44.34000015258789,43.27000045776367,43.33000183105469,149200,40.9451789855957
4/6/2018,45.63999938964844,45.91299819946289,43.40999984741211,44.130001068115234,146100,41.70114517211914
4/5/2018,46.369998931884766,47.1150016784668,45.30500030517578,46.06999969482422,70000,43.53437042236328
4/4/2018,46.13999938964844,47.11000061035156,45.61000061035156,46.40999984741211,119800,43.855655670166016
4/3/2018,46.029998779296875,47,44.72999954223633,46.40999984741211,66500,43.855655670166016
4/2/2018,46.54999923706055,46.54999923706055,44.7400016784668,45.810001373291016,103800,43.28868103027344
3/29/2018,45.810001373291016,46.630001068115234,45.23500061035156,46.630001068115234,270100,44.06354904174805
3/28/2018,45.709999084472656,46.1349983215332,44.91999816894531,45.630001068115234,107400,43.118587493896484
3/27/2018,46.43000030517578,46.59000015258789,45.04999923706055,45.349998474121094,101300,42.85399627685547
3/26/2018,47.31999969482422,47.31999969482422,45.14500045776367,46.40999984741211,103000,43.855655670166016
3/23/2018,46,47.189998626708984,45.22999954223633,46.84000015258789,150400,44.26198959350586
3/22/2018,45.650001525878906,46.02000045776367,45.04999923706055,45.9900016784668,93600,43.45877456665039
3/21/2018,45.029998779296875,46.04999923706055,44.540000915527344,46,140300,43.468223571777344
3/20/2018,46.61000061035156,46.65999984741211,44.22999954223633,45.02000045776367,82900,42.54215621948242
3/19/2018,48.959999084472656,49.93000030517578,46.11000061035156,46.63999938964844,114900,44.072998046875
3/16/2018,47.04999923706055,49.86000061035156,47.04999923706055,49.369998931884766,207200,46.65274429321289
3/15/2018,47.959999084472656,48.40999984741211,45.11000061035156,47.04999923706055,186400,44.46043014526367
3/14/2018,49.279998779296875,49.595001220703125,47.70000076293945,48.08000183105469,53100,45.43374252319336
3/13/2018,50.02000045776367,50.060001373291016,49,49.25,80700,46.539344787597656
3/12/2018,48.79999923706055,50.43000030517578,48.79999923706055,49.81999969482422,114700,47.077980041503906
3/9/2018,47.060001373291016,48.849998474121094,46.68000030517578,48.5,220000,45.83062744140625
3/8/2018,47.5,47.61000061035156,46.70000076293945,46.97999954223633,35600,44.394283294677734
3/7/2018,47.810001373291016,48.20000076293945,46.560001373291016,47.4900016784668,93000,44.876216888427734
3/6/2018,48.380001068115234,49.904998779296875,47.59000015258789,48.099998474121094,105800,45.452640533447266
3/5/2018,48.02000045776367,48.81999969482422,47.650001525878906,47.900001525878906,64600,45.26365280151367
3/2/2018,48.540000915527344,49.70500183105469,47.75,48.2599983215332,163500,45.60383605957031
3/1/2018,48.2599983215332,49.310001373291016,47.5,49.310001373291016,95500,46.596046447753906
2/28/2018,50.099998474121094,50.369998931884766,47.75,48.20000076293945,102300,45.547142028808594
2/27/2018,51.380001068115234,51.380001068115234,49.75,49.869998931884766,68600,47.125221252441406
2/26/2018,52.400001525878906,52.88999938964844,50.43000030517578,51.439998626708984,94300,48.60881042480469
2/23/2018,49.88999938964844,52.474998474121094,49.88999938964844,51.91999816894531,109300,49.06239318847656
2/22/2018,51.790000915527344,51.79499816894531,49.5,49.720001220703125,86700,46.98347854614258
2/21/2018,51.95000076293945,52.310001373291016,51.459999084472656,51.599998474121094,31700,48.76000213623047
2/20/2018,52.81999969482422,53.875,51.540000915527344,51.90999984741211,70400,49.05294418334961
2/16/2018,54.5,54.5,52.814998626708984,53.27000045776367,206900,50.33809280395508
2/15/2018,54.400001525878906,54.68000030517578,53.066001892089844,54.68000030517578,46000,51.67048645019531
2/14/2018,53.560001373291016,54.4900016784668,52.189998626708984,54.150001525878906,43500,51.16965866088867
2/13/2018,53.06999969482422,53.72999954223633,52,53.65999984741211,46600,50.706626892089844
2/12/2018,53.20000076293945,53.4900016784668,52.02000045776367,53.06999969482422,34500,50.14909744262695
2/9/2018,55.619998931884766,55.619998931884766,50.02000045776367,53.09000015258789,147900,50.167999267578125
2/8/2018,55.93000030517578,56.85499954223633,55.099998474121094,55.220001220703125,67100,52.18077087402344
2/7/2018,56.369998931884766,57.400001525878906,55.54999923706055,56.099998474121094,51800,53.01233673095703
2/6/2018,54.040000915527344,57.040000915527344,54.040000915527344,56.2599983215332,208100,53.16352844238281
2/5/2018,56.43000030517578,57.0099983215332,53.189998626708984,55.11000061035156,131400,52.07682418823242
2/2/2018,55.75,57.61000061035156,55.119998931884766,56.470001220703125,289700,53.361968994140625
2/1/2018,56.060001373291016,56.880001068115234,54.520999908447266,56.7599983215332,148500,53.17457962036133
1/31/2018,55.5,56.869998931884766,55.220001220703125,56.189998626708984,468700,52.640586853027344
1/30/2018,55.900001525878906,56.0099983215332,54.779998779296875,55.380001068115234,90900,51.88175582885742
1/29/2018,56.90999984741211,57.869998931884766,55.75,56.099998474121094,55000,52.556270599365234
1/26/2018,56.16999816894531,57.45000076293945,56.01900100708008,56.900001525878906,53100,53.30573654174805
1/25/2018,55.810001373291016,56.20000076293945,54.95000076293945,56.130001068115234,117000,52.58437728881836
1/24/2018,56.209999084472656,56.47999954223633,55.189998626708984,55.34000015258789,45000,51.844276428222656
1/23/2018,55.869998931884766,56.540000915527344,55.099998474121094,56,114600,52.462589263916016
1/22/2018,55.14400100708008,57.599998474121094,55.02000045776367,56.220001220703125,140100,52.668697357177734
1/19/2018,55.290000915527344,56.29999923706055,54.849998474121094,55.099998474121094,105900,51.619441986083984
1/18/2018,55.91999816894531,56.65999984741211,55.11000061035156,55.58000183105469,73500,52.069122314453125
1/17/2018,56.9900016784668,57.3650016784668,54.650001525878906,55.599998474121094,290500,52.087852478027344
1/16/2018,56.79999923706055,57.97999954223633,56.16999816894531,56.709999084472656,241800,53.12773513793945
1/12/2018,55.34000015258789,56.880001068115234,54.404998779296875,56.540000915527344,194300,52.96847915649414
1/11/2018,54,55.59000015258789,54,55.04999923706055,114000,51.57259750366211
1/10/2018,53.15999984741211,54.38999938964844,52.959999084472656,54.04999923706055,47800,50.63576889038086
1/9/2018,54,54.2599983215332,53.125,53.650001525878906,25200,50.26103591918945
1/8/2018,52.290000915527344,54.34000015258789,52.290000915527344,53.880001068115234,65500,50.47651290893555
1/5/2018,53.349998474121094,53.880001068115234,51.58000183105469,52.20000076293945,57400,48.902626037597656
1/4/2018,52.130001068115234,53,51.08000183105469,52.720001220703125,241600,49.3897819519043
1/3/2018,50.16999816894531,52.9900016784668,49.57500076293945,51.939998626708984,118300,48.6590461730957
1/2/2018,49.720001220703125,50.9900016784668,49,50.099998474121094,79900,46.93527603149414
12/29/2017,50.41999816894531,50.970001220703125,49.380001068115234,50,158800,46.84159851074219
12/28/2017,50.0099983215332,51.43899917602539,49.66999816894531,50.900001525878906,91700,47.68474578857422
12/27/2017,51.2400016784668,51.2400016784668,49.61000061035156,50.13999938964844,108700,46.97275161743164
12/26/2017,51.27000045776367,51.68000030517578,50.849998474121094,51.31999969482422,140200,48.078216552734375
12/22/2017,51.689998626708984,51.93000030517578,50.869998931884766,51.40999984741211,215500,48.16252899169922
12/21/2017,49.970001220703125,50.72999954223633,49.400001525878906,50.16999816894531,96300,47.0008544921875
12/20/2017,50.06999969482422,50.09000015258789,48.85499954223633,49.900001525878906,143700,46.74791717529297
12/19/2017,49.88999938964844,50.150001525878906,49.34000015258789,49.63999938964844,137600,46.50434112548828
12/18/2017,50.029998779296875,50.439998626708984,48.619998931884766,49.95000076293945,117600,46.79475402832031
12/15/2017,49.16999816894531,50.16999816894531,48.33000183105469,49.75,296600,46.607391357421875
12/14/2017,48.04999923706055,50,47.97100067138672,48.959999084472656,264800,45.86729049682617
12/13/2017,47.130001068115234,48.4900016784668,47.060001373291016,48,1284400,44.967933654785156
12/12/2017,51.369998931884766,51.959999084472656,50.93000030517578,51.54999923706055,135900,48.29368591308594
12/11/2017,50.189998626708984,51.869998931884766,49.709999084472656,51.369998931884766,90300,48.125057220458984
12/8/2017,50.08000183105469,50.790000915527344,49.43000030517578,50.16999816894531,83500,47.0008544921875
12/7/2017,48.220001220703125,50.165000915527344,47.869998931884766,49.869998931884766,50900,46.719810485839844
12/6/2017,49.119998931884766,50.13999938964844,47.810001373291016,47.939998626708984,56100,44.91172409057617
12/5/2017,49.540000915527344,50.224998474121094,49.349998474121094,49.5,30900,46.3731803894043
12/4/2017,49.459999084472656,49.790000915527344,48.52000045776367,49.54999923706055,127900,46.42002487182617
12/1/2017,49.45000076293945,49.5,48.630001068115234,49.5,41600,46.3731803894043
11/30/2017,48.400001525878906,49.6150016784668,47.720001220703125,49.45000076293945,98700,46.32633972167969
11/29/2017,48.060001373291016,49.43000030517578,47.869998931884766,48.220001220703125,53100,45.174034118652344
11/28/2017,49.54999923706055,49.54999923706055,47.5099983215332,47.95000076293945,93600,44.92108917236328
11/27/2017,50.77000045776367,50.77000045776367,48.849998474121094,49.540000915527344,86600,46.4106559753418
11/24/2017,50.56999969482422,50.70000076293945,49.7400016784668,50.540000915527344,32300,47.34748840332031
11/22/2017,50.939998626708984,51.220001220703125,50.25,50.5,69600,47.31001281738281
11/21/2017,51.39500045776367,52.071998596191406,50.70000076293945,51,74700,47.77842712402344
11/20/2017,51.86000061035156,52.15999984741211,51.09000015258789,51.22999954223633,58500,47.993900299072266
11/17/2017,51.7599983215332,52.06999969482422,51.04499816894531,52.040000915527344,29300,48.75273895263672
11/16/2017,51.83000183105469,52.02000045776367,51.02000045776367,51.75,25500,48.48105239868164
11/15/2017,51.099998474121094,52,51.08000183105469,51.45000076293945,16000,48.200008392333984
11/14/2017,51.630001068115234,52.46799850463867,51.04999923706055,51.560001373291016,41600,48.30305862426758
11/13/2017,51.52000045776367,52.380001068115234,51.4900016784668,51.599998474121094,57800,48.34052276611328
11/10/2017,51.630001068115234,52.29999923706055,51.45000076293945,51.880001068115234,35400,48.602840423583984
11/9/2017,51.75,51.95000076293945,51.189998626708984,51.560001373291016,40400,48.30305862426758
11/8/2017,52.20000076293945,52.34000015258789,51.66999816894531,52,36100,48.71525955200195
11/7/2017,51.86000061035156,52.29999923706055,51.83000183105469,52,35300,48.71525955200195
11/6/2017,50.72999954223633,51.66999816894531,50.72999954223633,51.459999084472656,38100,48.209373474121094
11/3/2017,51,51.02000045776367,49.7400016784668,50.529998779296875,31800,47.33811569213867
11/2/2017,52.4900016784668,52.4900016784668,51.0099983215332,51.099998474121094,22000,47.434608459472656
11/1/2017,52.0099983215332,52.540000915527344,51.486000061035156,51.88999938964844,78500,48.16794204711914
10/31/2017,51.68000030517578,52.2400016784668,50.29999923706055,51.86000061035156,73800,48.140098571777344
10/30/2017,50.040000915527344,52,49.869998931884766,51.70000076293945,54700,47.991573333740234
10/27/2017,49.79999923706055,51.540000915527344,49.630001068115234,50.029998779296875,67900,46.44136428833008
10/26/2017,47.650001525878906,50.01499938964844,47.650001525878906,49.7400016784668,45500,46.17216873168945
10/25/2017,49.650001525878906,49.720001220703125,47.2599983215332,48.099998474121094,83500,44.64979934692383
10/24/2017,50.189998626708984,51.03499984741211,48.415000915527344,49.619998931884766,43100,46.060768127441406
10/23/2017,51.95000076293945,51.95000076293945,49.95000076293945,50.13999938964844,42600,46.54347229003906
10/20/2017,51.29999923706055,51.869998931884766,51.0099983215332,51.5,43600,47.8059196472168
10/19/2017,50.279998779296875,51.5099983215332,50.099998474121094,51.06999969482422,32400,47.40676498413086
10/18/2017,50.130001068115234,50.70500183105469,49.5,50.04999923706055,53100,46.45992660522461
10/17/2017,51.1619987487793,51.400001525878906,49.599998474121094,50.0099983215332,82700,46.42279815673828
10/16/2017,51.65999984741211,52.25699996948242,50.5,51,45300,47.3417854309082
10/13/2017,51.47999954223633,51.84000015258789,51.35499954223633,51.599998474121094,21600,47.898738861083984
10/12/2017,51.11000061035156,51.880001068115234,51.10300064086914,51.38999938964844,68600,47.70380783081055
10/11/2017,51.150001525878906,51.97999954223633,50.96699905395508,51.33000183105469,50900,47.64812088012695
10/10/2017,51.11000061035156,51.970001220703125,50.599998474121094,51.13999938964844,62900,47.47174835205078
10/9/2017,51.599998474121094,51.599998474121094,50.0099983215332,50.38999938964844,47400,46.77553939819336
10/6/2017,51.36000061035156,51.900001525878906,51.040000915527344,51.290000915527344,60400,47.610984802246094
10/5/2017,51.45000076293945,51.79999923706055,51.11600112915039,51.47999954223633,96200,47.787353515625
10/4/2017,51.34000015258789,52.720001220703125,50.95000076293945,51.45000076293945,65000,47.75951385498047
10/3/2017,51.119998931884766,52.099998474121094,50.52000045776367,51.5,82600,47.8059196472168
10/2/2017,51.560001373291016,52.68000030517578,50.290000915527344,51.13999938964844,110300,47.47174835205078
9/29/2017,52.70000076293945,53.5,51.33000183105469,51.869998931884766,153800,48.14937973022461
9/28/2017,55.470001220703125,55.5099983215332,51.369998931884766,52.20000076293945,118500,48.45570755004883
9/27/2017,54.970001220703125,56.33000183105469,53.400001525878906,54.88999938964844,125700,50.952754974365234
9/26/2017,54.380001068115234,56.224998474121094,52.459999084472656,54.650001525878906,100000,50.7299690246582
9/25/2017,50.95000076293945,54.709999084472656,50.90999984741211,54.11000061035156,65600,50.228702545166016
9/22/2017,50.20000076293945,51.823001861572266,49.5,50.36000061035156,78700,46.7476921081543
9/21/2017,50.5,51.619998931884766,49.68000030517578,50.4900016784668,195500,46.86836624145508
9/20/2017,49.900001525878906,51.400001525878906,49.869998931884766,50.869998931884766,65900,47.221107482910156
9/19/2017,50.150001525878906,50.150001525878906,48.25,49.58000183105469,107400,46.023643493652344
9/18/2017,49.70000076293945,50,49.16400146484375,49.9900016784668,42800,46.404232025146484
9/15/2017,48.529998779296875,49.900001525878906,48.07500076293945,49.70000076293945,205400,46.135032653808594
9/14/2017,47.560001373291016,49.52000045776367,47.25,48.619998931884766,78700,45.13249969482422
9/13/2017,47.04999923706055,47.810001373291016,47.04999923706055,47.40999984741211,175100,44.00929260253906
9/12/2017,47.93000030517578,48.31700134277344,46.619998931884766,47.15999984741211,64200,43.777225494384766
9/11/2017,47.7599983215332,48.4900016784668,46.54499816894531,47.79999923706055,70500,44.37131881713867
9/8/2017,47.86000061035156,48.494998931884766,47.25,47.779998779296875,50200,44.352752685546875
9/7/2017,47.790000915527344,47.95500183105469,47.06800079345703,47.81999969482422,28100,44.38988494873047
9/6/2017,47.689998626708984,48.83000183105469,46.79999923706055,47.849998474121094,32300,44.41773223876953
9/5/2017,48.52000045776367,49.119998931884766,46.70000076293945,47.540000915527344,65500,44.12997055053711
9/1/2017,48.5,48.880001068115234,47.31999969482422,48.5099983215332,58500,45.03038787841797
8/31/2017,46.83000183105469,48.96500015258789,46.11000061035156,48.16999816894531,83800,44.714778900146484
8/30/2017,46.939998626708984,47.20000076293945,45.459999084472656,46.59000015258789,15100,43.24811553955078
8/29/2017,46.15999984741211,47.189998626708984,45.84700012207031,46.619998931884766,67000,43.27595901489258
8/28/2017,45.470001220703125,46.77000045776367,45.22999954223633,46.220001220703125,46400,42.90465545654297
8/25/2017,44.5,45.7599983215332,44.41999816894531,45.68000030517578,86900,42.40338897705078
8/24/2017,44.33000183105469,44.93000030517578,43.7400016784668,44.43000030517578,36600,41.243045806884766
8/23/2017,43.90999984741211,44.599998474121094,43.709999084472656,44.36000061035156,56900,41.178070068359375
8/22/2017,43.9900016784668,44.57500076293945,43.564998626708984,44.09000015258789,86500,40.92744064331055
8/21/2017,44.01499938964844,44.46500015258789,43.33000183105469,43.63999938964844,79800,40.50971221923828
8/18/2017,44.11000061035156,45.39500045776367,43.61000061035156,44.209999084472656,98300,41.0388298034668
8/17/2017,43.91999816894531,44.505001068115234,43.67300033569336,44.20000076293945,66100,41.02954864501953
8/16/2017,44.189998626708984,44.65999984741211,43.75,43.970001220703125,62600,40.81604766845703
8/15/2017,43.650001525878906,44.189998626708984,43.599998474121094,43.90999984741211,54100,40.760345458984375
8/14/2017,42.88999938964844,44.400001525878906,42.58000183105469,43.79999923706055,99000,40.65823745727539
8/11/2017,42.66999816894531,44.2599983215332,42.29999923706055,42.47999954223633,53500,39.432926177978516
8/10/2017,42.810001373291016,43.27000045776367,42.119998931884766,42.220001220703125,113600,39.19157028198242
8/9/2017,43.06999969482422,43.779998779296875,42.31999969482422,42.66999816894531,54700,39.60929489135742
8/8/2017,43.810001373291016,44.560001373291016,42.88999938964844,43.099998474121094,65900,40.00844955444336
8/7/2017,43.91999816894531,44.31999969482422,43.59000015258789,43.75,138000,40.6118278503418
8/4/2017,45,45.900001525878906,43.79999923706055,43.79999923706055,328000,40.65823745727539
8/3/2017,45.45000076293945,46.25,44.75,45.08000183105469,51000,41.84642791748047
8/2/2017,45.41999816894531,46.88999938964844,44.11000061035156,45.459999084472656,148600,41.78544235229492
8/1/2017,45.290000915527344,45.7599983215332,44.560001373291016,45.369998931884766,35800,41.70270919799805
7/31/2017,44.70000076293945,45.93000030517578,43.4900016784668,45.400001525878906,82100,41.730289459228516
7/28/2017,45.33000183105469,45.33000183105469,44.279998779296875,44.56999969482422,30400,40.967376708984375
7/27/2017,45.18000030517578,45.44499969482422,44.86000061035156,45.349998474121094,9300,41.684322357177734
7/26/2017,45.04999923706055,45.75,44.970001220703125,45.20000076293945,18300,41.54645919799805
7/25/2017,45.849998474121094,45.849998474121094,44.7400016784668,45.54499816894531,12400,41.863563537597656
7/24/2017,45.25,45.779998779296875,44.36000061035156,45.47999954223633,21600,41.80381774902344
7/21/2017,45.43000030517578,45.43000030517578,44.400001525878906,45.27000045776367,22200,41.61079406738281
7/20/2017,45.369998931884766,46.06999969482422,44.20000076293945,45.54999923706055,66400,41.868160247802734
7/19/2017,45.68000030517578,45.68000030517578,45.150001525878906,45.400001525878906,39300,41.730289459228516
7/18/2017,44.66999816894531,46.47999954223633,44.02000045776367,45.599998474121094,113000,41.914119720458984
7/17/2017,44.810001373291016,45.220001220703125,44.16999816894531,44.650001525878906,174700,41.04091262817383
7/14/2017,44.83000183105469,46.11000061035156,44.28799819946289,45.209999084472656,92300,41.555641174316406
7/13/2017,45.06999969482422,45.529998779296875,44.060001373291016,44.900001525878906,89600,41.27070236206055
7/12/2017,45.16999816894531,45.91999816894531,44.849998474121094,45.099998474121094,98900,41.45453643798828
7/11/2017,45.0099983215332,45.709999084472656,43.790000915527344,44.849998474121094,65900,41.22473907470703
7/10/2017,45.04999923706055,45.92499923706055,45,45.150001525878906,46700,41.50049591064453
7/7/2017,45.43000030517578,46.29499816894531,45.0099983215332,46.0099983215332,55800,42.290977478027344
7/6/2017,45.369998931884766,46.849998474121094,45,45.58000183105469,61600,41.89574432373047
7/5/2017,45.40999984741211,45.41999816894531,44.70000076293945,45.400001525878906,68200,41.730289459228516
7/3/2017,45.439998626708984,46.10499954223633,44.97999954223633,45.560001373291016,33600,41.87735366821289
6/30/2017,45.90999984741211,46.41999816894531,45,45.400001525878906,369800,41.730289459228516
6/29/2017,45.869998931884766,46.52000045776367,45.349998474121094,45.619998931884766,99300,41.9325065612793
6/28/2017,45.4900016784668,46.40999984741211,44.47999954223633,45.88999938964844,105600,42.1806755065918
6/27/2017,46.27000045776367,47.319000244140625,45.02000045776367,45.41999816894531,65400,41.7486686706543
6/26/2017,46.810001373291016,47.459999084472656,45.689998626708984,46.209999084472656,81400,42.47481155395508
6/23/2017,45.099998474121094,47.27000045776367,45.099998474121094,46.849998474121094,33000,43.06307601928711
6/22/2017,42.29999923706055,46.34000015258789,42.29999923706055,45.099998474121094,113400,41.45453643798828
6/21/2017,44.61000061035156,44.95100021362305,41.90299987792969,42.25,197000,38.834903717041016
6/20/2017,45.40999984741211,45.630001068115234,44,44.45000076293945,143600,40.85707473754883
6/19/2017,46,46.650001525878906,44.77000045776367,45.5,136300,41.822208404541016
6/16/2017,48.41999816894531,48.41999816894531,44.84000015258789,45.72999954223633,635200,42.033607482910156
6/15/2017,48.099998474121094,48.8650016784668,47.63999938964844,48.31999969482422,83000,44.41426086425781
6/14/2017,48.63999938964844,48.915000915527344,47.0989990234375,48.68000030517578,33700,44.74516296386719
6/13/2017,48.720001220703125,49.154998779296875,48.150001525878906,48.70000076293945,67900,44.763545989990234
6/12/2017,49,49.32600021362305,47.05500030517578,48.650001525878906,65900,44.717586517333984
6/9/2017,47.2400016784668,49.060001373291016,47.099998474121094,48.72999954223633,110800,44.79111862182617
6/8/2017,46.90999984741211,47.97999954223633,46.2400016784668,46.72999954223633,48000,42.952781677246094
6/7/2017,46.650001525878906,47.81999969482422,46.2400016784668,46.939998626708984,146600,43.145809173583984
6/6/2017,45.79999923706055,46.95000076293945,45.70100021362305,46.56999969482422,49500,42.80571746826172
6/5/2017,45.22999954223633,45.88999938964844,44.69499969482422,45.66999816894531,43200,41.978458404541016
6/2/2017,45.58000183105469,45.970001220703125,45.20500183105469,45.34000015258789,64200,41.675140380859375
6/1/2017,46,46.150001525878906,45.099998474121094,45.61000061035156,72300,41.923309326171875
5/31/2017,44.970001220703125,46.5,44.33000183105469,45.9900016784668,61600,42.27259063720703
5/30/2017,45.119998931884766,45.77000045776367,44.619998931884766,44.97999954223633,25300,41.344234466552734
5/26/2017,45.5099983215332,45.90999984741211,44.483001708984375,45.70000076293945,51600,42.006038665771484
5/25/2017,45.90999984741211,46,44.542999267578125,45.689998626708984,55300,41.99684524536133
5/24/2017,46,46.42399978637695,45.500999450683594,45.86000061035156,42600,42.153106689453125
5/23/2017,47.0099983215332,47.0099983215332,45.749000549316406,46.16999816894531,40900,42.43804931640625
5/22/2017,46.59000015258789,47.02000045776367,46.40999984741211,46.5,139200,42.74137496948242
5/19/2017,45.099998474121094,46.75,44.61000061035156,46.56999969482422,92300,42.80571746826172
5/18/2017,45.869998931884766,47.2599983215332,44.52000045776367,45.97999954223633,65700,42.26340866088867
5/17/2017,46.40999984741211,47.119998931884766,45.65999984741211,45.79999923706055,31300,42.09794998168945
5/16/2017,46.599998474121094,47.58000183105469,46.5099983215332,46.790000915527344,35000,43.0079345703125
5/15/2017,46,46.909000396728516,46,46.56999969482422,62100,42.80571746826172
5/12/2017,46.38999938964844,47.369998931884766,45.529998779296875,45.77000045776367,60600,42.070377349853516
5/11/2017,46.36000061035156,47.97999954223633,46.02000045776367,46.599998474121094,115200,42.83328628540039
5/10/2017,45.68000030517578,47.439998626708984,45.560001373291016,46.36000061035156,242700,42.61268997192383
5/9/2017,45.72999954223633,47.70000076293945,44.81999969482422,45.599998474121094,77300,41.914119720458984
5/8/2017,46.20000076293945,46.209999084472656,44.99700164794922,45.83000183105469,28500,42.125526428222656
5/5/2017,45.5,46.70000076293945,44.900001525878906,46.25,73400,42.51158142089844
5/4/2017,47.45000076293945,47.45000076293945,45,45.86000061035156,98500,42.153106689453125
5/3/2017,48.81999969482422,49.13999938964844,47.130001068115234,47.959999084472656,174600,43.70576477050781
5/2/2017,50.900001525878906,51,48.79999923706055,49.209999084472656,104000,44.84488296508789
5/1/2017,50.2400016784668,50.40999984741211,49.44900131225586,50.150001525878906,32300,45.701507568359375
4/28/2017,48.849998474121094,50.5,48.5,50.119998931884766,85000,45.674163818359375
4/27/2017,49.70000076293945,49.75,48.500999450683594,48.7400016784668,37300,44.41657638549805
4/26/2017,49.95000076293945,50.400001525878906,49.70000076293945,49.70000076293945,31300,45.291419982910156
4/25/2017,50.150001525878906,50.41999816894531,49.08599853515625,50.380001068115234,29200,45.91110610961914
4/24/2017,49.84000015258789,50.38999938964844,48.5099983215332,49.9900016784668,46900,45.55569839477539
4/21/2017,50.33000183105469,50.68000030517578,49.11000061035156,49.68000030517578,76100,45.273189544677734
4/20/2017,50.54999923706055,50.689998626708984,49.689998626708984,50.29999923706055,114900,45.83819580078125
4/19/2017,51.310001373291016,51.34000015258789,50.1609992980957,50.630001068115234,59700,46.13892364501953
4/18/2017,50.79999923706055,51.779998779296875,50.619998931884766,50.959999084472656,59100,46.43965530395508
4/17/2017,49.63999938964844,51.36000061035156,49.57500076293945,50.9900016784668,53200,46.46699523925781
4/13/2017,49.900001525878906,50.060001373291016,49,50,59400,45.5648078918457
4/12/2017,49.849998474121094,51.5,49.560001373291016,49.86000061035156,82700,45.437225341796875
4/11/2017,49.560001373291016,50.709999084472656,49.11000061035156,49.790000915527344,83700,45.37343978881836
4/10/2017,49.849998474121094,50.28499984741211,49.01100158691406,49.84000015258789,78800,45.41899871826172
4/7/2017,49.59000015258789,50.180999755859375,49.111000061035156,49.88999938964844,121300,45.46456527709961
4/6/2017,50.540000915527344,50.75,48.849998474121094,50.060001373291016,132600,45.619483947753906
4/5/2017,51.869998931884766,52.81999969482422,50.119998931884766,50.310001373291016,564200,45.84730911254883
4/4/2017,51.9900016784668,52,50,51.56999969482422,60500,46.99554443359375
4/3/2017,52.209999084472656,52.54999923706055,51.16999816894531,52.290000915527344,95100,47.651676177978516
3/31/2017,51.08000183105469,52.88999938964844,50.87799835205078,52.08000183105469,59000,47.46030807495117
3/30/2017,51.099998474121094,51.970001220703125,50.11000061035156,51.25,39400,46.70392608642578
3/29/2017,49.779998779296875,51.9900016784668,49.369998931884766,50.68000030517578,41600,46.18449020385742
3/28/2017,48.779998779296875,50.880001068115234,48.779998779296875,49.349998474121094,26200,44.97246551513672
3/27/2017,50.0099983215332,50.55500030517578,48.41999816894531,48.849998474121094,40300,44.51681900024414
3/24/2017,50.65999984741211,51.375,50.51900100708008,50.54999923706055,24600,46.06602096557617
3/23/2017,48.630001068115234,51.47999954223633,48.619998931884766,50.09000015258789,75700,45.64682388305664
3/22/2017,48.77000045776367,49.25899887084961,47.72999954223633,48.560001373291016,33000,44.25254440307617
3/21/2017,49.79999923706055,49.88999938964844,47.54199981689453,48.34000015258789,32100,44.052059173583984
3/20/2017,48.650001525878906,49.97999954223633,47.18000030517578,49.22999954223633,40600,44.86310958862305
3/17/2017,49.81999969482422,50.053001403808594,48,48.959999084472656,90700,44.61705780029297
3/16/2017,49.29999923706055,50.73899841308594,49,49.7400016784668,60500,45.32787322998047
3/15/2017,46.84000015258789,49.459999084472656,46.84000015258789,48.790000915527344,42200,44.4621467590332
3/14/2017,47.15999984741211,47.9900016784668,46.79999923706055,47.040000915527344,76400,42.86737823486328
3/13/2017,47.88999938964844,49.189998626708984,46.59299850463867,47.150001525878906,42800,42.967620849609375
3/10/2017,46.400001525878906,48.5,43.75,47.93000030517578,209700,43.678428649902344
3/9/2017,48.349998474121094,48.36000061035156,46.2599983215332,46.560001373291016,110100,42.42995071411133
3/8/2017,50,50,48.029998779296875,48.349998474121094,98000,44.0611686706543
3/7/2017,49.290000915527344,50.150001525878906,48.933998107910156,49.75,27500,45.33698654174805
3/6/2017,51.41999816894531,51.41999816894531,48.599998474121094,49.5,98000,45.10915756225586
3/3/2017,51.9900016784668,52.652000427246094,50.9900016784668,51.630001068115234,73600,47.05022048950195
3/2/2017,52.099998474121094,53.290000915527344,51.54999923706055,52.0099983215332,120500,47.39651107788086
3/1/2017,49.220001220703125,51.369998931884766,49.0099983215332,51.310001373291016,67700,46.758609771728516
2/28/2017,48.97999954223633,49.94200134277344,48.02000045776367,48.599998474121094,76200,44.28899002075195
2/27/2017,49.11000061035156,49.11000061035156,48.11000061035156,48.619998931884766,97000,44.30721664428711
2/24/2017,48.810001373291016,49.45500183105469,48.0099983215332,49.06999969482422,107900,44.71730041503906
2/23/2017,49.15999984741211,49.560001373291016,48.029998779296875,48.68000030517578,89200,44.36189651489258
2/22/2017,49.29999923706055,49.83000183105469,48.5880012512207,49.099998474121094,106700,44.74463653564453
2/21/2017,49.150001525878906,49.7400016784668,48.45199966430664,49.2400016784668,100400,44.87221908569336
2/17/2017,49.290000915527344,49.895999908447266,48.220001220703125,48.599998474121094,57400,44.28899002075195
2/16/2017,48.689998626708984,49.78499984741211,48,48.970001220703125,105400,44.62617874145508
2/15/2017,46.849998474121094,49.790000915527344,46.849998474121094,48.29999923706055,139100,44.01559829711914
2/14/2017,47.5,47.875,45.91999816894531,46.849998474121094,175400,42.6942253112793
2/13/2017,46,46.71500015258789,46,46.56999969482422,114600,42.43906784057617
2/10/2017,46.5,46.71500015258789,45.2869987487793,46,68900,41.91962432861328
2/9/2017,46.2599983215332,47.43000030517578,46.2599983215332,46.369998931884766,89300,42.25680160522461
2/8/2017,47.459999084472656,47.459999084472656,45.900001525878906,46.20000076293945,43800,42.10187911987305
2/7/2017,46.88999938964844,47.4900016784668,45.869998931884766,47.470001220703125,156300,43.25923156738281
2/6/2017,46,46.869998931884766,44.60900115966797,46.52000045776367,127700,42.393497467041016
2/3/2017,44.68000030517578,46.2400016784668,44.25,45.599998474121094,54100,41.55509948730469
2/2/2017,43.5099983215332,45.09000015258789,43.5099983215332,44.66999816894531,51400,40.707603454589844
2/1/2017,43.130001068115234,46.52000045776367,42.220001220703125,44.02000045776367,109600,39.72039794921875
1/31/2017,42.720001220703125,44.16999816894531,42.58399963378906,43.41999816894531,60900,39.17899703979492
1/30/2017,42.7400016784668,44.06999969482422,42.5,42.90999984741211,135900,38.71881103515625
1/27/2017,44.0099983215332,44.0099983215332,42.80400085449219,42.97999954223633,89600,38.781978607177734
1/26/2017,43.439998626708984,45.20000076293945,42.5,43.52000045776367,75900,39.26922607421875
1/25/2017,44.650001525878906,44.83399963378906,43,43,82100,38.80002212524414
1/24/2017,43,45.02899932861328,42.904998779296875,44,42600,39.702354431152344
1/23/2017,43.369998931884766,43.70000076293945,42.5,43.0099983215332,90400,38.80904006958008
1/20/2017,43.02000045776367,43.79999923706055,43,43.04999923706055,47600,38.84514236450195
1/19/2017,42.08000183105469,42.939998626708984,41.5099983215332,42.77000045776367,67100,38.592491149902344
1/18/2017,42.720001220703125,43.20500183105469,41.04999923706055,41.75,151000,37.67211151123047
1/17/2017,38.720001220703125,43.380001068115234,38.720001220703125,42.349998474121094,159900,38.213504791259766
1/13/2017,38.36000061035156,38.92900085449219,38.06999969482422,38.06999969482422,93100,34.3515510559082
1/12/2017,37.79999923706055,38.89099884033203,37.209999084472656,38.22999954223633,33700,34.49592208862305
1/11/2017,37.61000061035156,38.23899841308594,37.34000015258789,37.84000015258789,29500,34.14401626586914
1/10/2017,38.2599983215332,38.2599983215332,37.36000061035156,37.93600082397461,43400,34.23064422607422
1/9/2017,37.93000030517578,38.5,37.474998474121094,37.95000076293945,96800,34.24327850341797
1/6/2017,37,38,36.98099899291992,37.9900016784668,21800,34.27936935424805
1/5/2017,36.599998474121094,37.90999984741211,36.099998474121094,36.970001220703125,69700,33.35900115966797
1/4/2017,36.689998626708984,37.75899887084961,36.599998474121094,36.619998931884766,61800,33.04317855834961
1/3/2017,36.88999938964844,38.529998779296875,35.56399917602539,36.63999938964844,46100,33.06122589111328
12/30/2016,36.66999816894531,36.72999954223633,35.97999954223633,36,46200,32.48373794555664
12/29/2016,36.7400016784668,37,36.5,36.64899826049805,15600,33.06934356689453
12/28/2016,36.70000076293945,37,36.25,36.939998626708984,47600,33.33192443847656
12/27/2016,37.2599983215332,38.099998474121094,36.54999923706055,36.619998931884766,7600,33.04317855834961
12/23/2016,37.06999969482422,37.5,36.654998779296875,36.93000030517578,13900,33.32290267944336
12/22/2016,36.279998779296875,37.821998596191406,36.279998779296875,36.939998626708984,29500,33.33192443847656
12/21/2016,36.11000061035156,37.43000030517578,35.650001525878906,36.27000045776367,133900,32.72736740112305
12/20/2016,37.529998779296875,39.02000045776367,35.814998626708984,36.400001525878906,76900,32.844669342041016
12/19/2016,36.279998779296875,37.9900016784668,35.1609992980957,37.13999938964844,63500,33.51239013671875
12/16/2016,36.0099983215332,36.75,35.654998779296875,36.130001068115234,134000,32.60103988647461
12/15/2016,36.4900016784668,37.880001068115234,35.2599983215332,36.2599983215332,63800,32.71834182739258
12/14/2016,38.189998626708984,38.5,36.25,36.65999984741211,48100,33.07927322387695
12/13/2016,36.369998931884766,40.15999984741211,36.369998931884766,38.310001373291016,216000,34.568111419677734
12/12/2016,35.9900016784668,37.452999114990234,35.279998779296875,36.029998779296875,354400,32.51081085205078
12/9/2016,34.38999938964844,36,33.994998931884766,35.11000061035156,46800,31.680665969848633
12/8/2016,34.529998779296875,35,33.95000076293945,34.54999923706055,62300,31.175365447998047
12/7/2016,33.869998931884766,35.20000076293945,33.52000045776367,34.52000045776367,48200,31.148296356201172
12/6/2016,32.0099983215332,33.61000061035156,32.0099983215332,33.61000061035156,51800,30.327180862426758
12/5/2016,32.20000076293945,33.12099838256836,31.950000762939453,31.959999084472656,25600,28.838340759277344
12/2/2016,32.29999923706055,32.650001525878906,31.975000381469727,32.150001525878906,13500,29.009784698486328
12/1/2016,32.2400016784668,33,31.6299991607666,32.290000915527344,107800,29.136110305786133
11/30/2016,33.20000076293945,33.75,31.829999923706055,32.06999969482422,168700,28.93759536743164
11/29/2016,33.290000915527344,33.415000915527344,32.02000045776367,32.779998779296875,49900,29.5782470703125
11/28/2016,33.70000076293945,33.88999938964844,32.79399871826172,33.400001525878906,28200,30.137691497802734
11/25/2016,32.849998474121094,34.04999923706055,32.529998779296875,33.97999954223633,7900,30.66103744506836
11/23/2016,32.68000030517578,33.20000076293945,32,32.720001220703125,69500,29.524106979370117
11/22/2016,32.0099983215332,32.790000915527344,32.0099983215332,32.66999816894531,118700,29.478992462158203
11/21/2016,32.439998626708984,33.5,31.700000762939453,31.93000030517578,129100,28.8112735748291
11/18/2016,32.16999816894531,32.7400016784668,31.53499984741211,32.36000061035156,106700,29.19927215576172
11/17/2016,32.04999923706055,33.400001525878906,31.891000747680664,32.16999816894531,75200,29.027830123901367
11/16/2016,30.68000030517578,32.540000915527344,29.799999237060547,32.04999923706055,171800,28.919551849365234
11/15/2016,29.989999771118164,31.559999465942383,29.600000381469727,30.850000381469727,123800,27.83675765991211
11/14/2016,29.709999084472656,30,29.399999618530273,29.770000457763672,93200,26.86224937438965
11/11/2016,29.690000534057617,29.854000091552734,29.510000228881836,29.610000610351562,32500,26.717876434326172
11/10/2016,29.829999923706055,29.959999084472656,29.200000762939453,29.559999465942383,168400,26.672761917114258
11/9/2016,29.329999923706055,30.8799991607666,29,29.93000030517578,30700,27.006620407104492
11/8/2016,30.25,30.469999313354492,29.510000228881836,29.56999969482422,43700,26.681781768798828
11/7/2016,29.530000686645508,30.8799991607666,29.530000686645508,30.15999984741211,26500,27.214155197143555
11/4/2016,29.8700008392334,30.31999969482422,29.5,29.889999389648438,95400,26.97052764892578
11/3/2016,30,30.481000900268555,29.125,29.860000610351562,379900,26.943456649780273
11/2/2016,28.899999618530273,30.729999542236328,28.899999618530273,29.959999084472656,397100,27.033689498901367
11/1/2016,29.850000381469727,30.0939998626709,28.889999389648438,28.989999771118164,174800,26.158430099487305
10/31/2016,30.670000076293945,30.670000076293945,29.760000228881836,30,38400,27.069780349731445
10/28/2016,31.149999618530273,31.302000045776367,30.079999923706055,30.5,27100,27.520946502685547
10/27/2016,30.639999389648438,31.280000686645508,30.639999389648438,31.18000030517578,14100,28.13452911376953
10/26/2016,30.75,30.770000457763672,30.25,30.639999389648438,44800,27.64727020263672
10/25/2016,30.760000228881836,30.94300079345703,30.25,30.700000762939453,15800,27.7014102935791
10/24/2016,30.43000030517578,31.06999969482422,29.854999542236328,31,496300,27.972108840942383
10/21/2016,30.190000534057617,30.659000396728516,29.854999542236328,30.200000762939453,169700,27.2502498626709
10/20/2016,30.010000228881836,30.6299991607666,29.8700008392334,30.040000915527344,226500,27.10587501525879
10/19/2016,30.489999771118164,30.540000915527344,29.649999618530273,29.850000381469727,240600,26.934431076049805
10/18/2016,30.450000762939453,30.700000762939453,30.280000686645508,30.420000076293945,240900,27.448760986328125
10/17/2016,29.440000534057617,30.81999969482422,29.239999771118164,30.5,288100,27.520946502685547
10/14/2016,28.670000076293945,29.299999237060547,28.670000076293945,29.25,280500,26.393037796020508
10/13/2016,29.040000915527344,29.280000686645508,28.149999618530273,28.760000228881836,258900,25.95090103149414
10/12/2016,28.399999618530273,29.719999313354492,28.260000228881836,29.06999969482422,677500,26.23061752319336
10/11/2016,28.799999237060547,28.885000228881836,28.100000381469727,28.389999389648438,349300,25.617036819458008
10/10/2016,28.299999237060547,28.989999771118164,28,28.40999984741211,675000,25.635086059570312
10/7/2016,28,28,27.4950008392334,27.709999084472656,165000,25.003456115722656
10/6/2016,27.969999313354492,28,27.639999389648438,27.799999237060547,121300,25.08466339111328
10/5/2016,27.399999618530273,28.049999237060547,27.209999084472656,27.809999465942383,89000,25.09368896484375
10/4/2016,28,28.030000686645508,26.920000076293945,27.790000915527344,60000,25.075641632080078
10/3/2016,28.100000381469727,28.350000381469727,27.420000076293945,27.579999923706055,222900,24.886154174804688
9/30/2016,27.989999771118164,28.139999389648438,27.652000427246094,27.899999618530273,136600,25.174896240234375
9/29/2016,27.610000610351562,27.992000579833984,27.450000762939453,27.6200008392334,57100,24.9222469329834
9/28/2016,27.1299991607666,28,27.125,27.81999969482422,283000,25.102712631225586
9/27/2016,27.350000381469727,27.5,27.030000686645508,27.200000762939453,289400,24.543272018432617
9/26/2016,26.809999465942383,28,26.799999237060547,27.5,140100,24.813962936401367
9/23/2016,27,27.45800018310547,26.510000228881836,26.899999618530273,212800,24.27256965637207
9/22/2016,26.5,26.780000686645508,26.40999984741211,26.739999771118164,129200,24.128198623657227
9/21/2016,26.59000015258789,26.600000381469727,26.299999237060547,26.40999984741211,201200,23.830432891845703
9/20/2016,26.270000457763672,26.450000762939453,26.229999542236328,26.31999969482422,155100,23.749221801757812
9/19/2016,26.510000228881836,26.690000534057617,26.040000915527344,26.399999618530273,524800,23.821409225463867
9/16/2016,26,26.749000549316406,26,26.260000228881836,688700,23.69508171081543
9/15/2016,26.5,27.31999969482422,26,26.200000762939453,9496700,23.640945434570312
