4/22/2019,110.61000061035156,110.66000366210938,109.7300033569336,110.62999725341797,146300,110.62999725341797
4/18/2019,111.5999984741211,113.18000030517578,110.02999877929688,110.94000244140625,131700,110.94000244140625
4/17/2019,113.69999694824219,113.94999694824219,111.58000183105469,111.94000244140625,164700,111.94000244140625
4/16/2019,113.04000091552734,113.80000305175781,112.44999694824219,113.33999633789062,149600,113.33999633789062
4/15/2019,114.30000305175781,114.7300033569336,112.13999938964844,112.69999694824219,151400,112.69999694824219
4/12/2019,114.23999786376953,115.36000061035156,112.8499984741211,114.08000183105469,180800,114.08000183105469
4/11/2019,113.55000305175781,114.41999816894531,112.12999725341797,113.08999633789062,109100,113.08999633789062
4/10/2019,113.05999755859375,114.12000274658203,111.87999725341797,113.5999984741211,140100,113.5999984741211
4/9/2019,115,115.5999984741211,112.1500015258789,112.66999816894531,219300,112.66999816894531
4/8/2019,113.62999725341797,116.2699966430664,112.45999908447266,115.7699966430664,215400,115.7699966430664
4/5/2019,112.4000015258789,113.93000030517578,112.0199966430664,113.7300033569336,146700,113.7300033569336
4/4/2019,113.11000061035156,114.48999786376953,111.20999908447266,112.08000183105469,201400,112.08000183105469
4/3/2019,111.2300033569336,112.83000183105469,110.23999786376953,112.73999786376953,288100,112.73999786376953
4/2/2019,109.8499984741211,110.08000183105469,108.4000015258789,109.91999816894531,224700,109.91999816894531
4/1/2019,106.97000122070312,109.75,106.31999969482422,109.6500015258789,264700,109.6500015258789
3/29/2019,108.41000366210938,109.01000213623047,104.83999633789062,105.61000061035156,313000,105.61000061035156
3/28/2019,104.93000030517578,108,104.55000305175781,107.63999938964844,188500,107.63999938964844
3/27/2019,106.94000244140625,107.83999633789062,103.73999786376953,104.52999877929688,230800,104.52999877929688
3/26/2019,108.12000274658203,109.88999938964844,106.31999969482422,107.44000244140625,320700,107.44000244140625
3/25/2019,103.31999969482422,107.30999755859375,103.18000030517578,106.55000305175781,318300,106.55000305175781
3/22/2019,106.18000030517578,107,101.98999786376953,103.70999908447266,315200,103.70999908447266
3/21/2019,104.1500015258789,107.4800033569336,104.1500015258789,107.19000244140625,559500,107.19000244140625
3/20/2019,104.9000015258789,106.87999725341797,103.70999908447266,104.91999816894531,291000,104.91999816894531
3/19/2019,107.47000122070312,108.37999725341797,104.3499984741211,104.9800033569336,532100,104.9800033569336
3/18/2019,101.66000366210938,107.08000183105469,101.66000366210938,106.94000244140625,806600,106.94000244140625
3/15/2019,104.25,104.55999755859375,101.16999816894531,101.18000030517578,7874500,101.18000030517578
3/14/2019,105.69000244140625,107,103.56999969482422,104.12000274658203,444700,104.12000274658203
3/13/2019,108.68000030517578,109,104.69000244140625,105.33999633789062,754200,105.33999633789062
3/12/2019,112.12999725341797,112.20999908447266,109.80000305175781,111.41999816894531,338000,111.41999816894531
3/11/2019,110.83999633789062,112.3499984741211,109.62000274658203,111.87000274658203,189900,111.87000274658203
3/8/2019,110.25,111.0199966430664,109.22000122070312,110.4000015258789,185000,110.4000015258789
3/7/2019,114.95999908447266,114.95999908447266,111.25,111.37999725341797,339800,111.37999725341797
3/6/2019,115.6500015258789,116.66999816894531,114.22000122070312,114.87999725341797,253900,114.87999725341797
3/5/2019,115.11000061035156,116.69999694824219,114.16999816894531,115.73999786376953,161300,115.73999786376953
3/4/2019,116.08999633789062,116.91999816894531,113.66999816894531,114.87000274658203,295800,114.87000274658203
3/1/2019,115.69999694824219,117.41999816894531,115.04000091552734,116.80999755859375,208000,116.80999755859375
2/28/2019,114.81999969482422,115.5999984741211,113.86000061035156,115.22000122070312,206000,115.22000122070312
2/27/2019,113.33000183105469,115.55999755859375,113,115.13999938964844,200600,115.13999938964844
2/26/2019,114.27999877929688,115.16999816894531,113.8499984741211,113.9000015258789,199600,113.9000015258789
2/25/2019,116.3499984741211,116.43000030517578,113.9000015258789,114.98999786376953,262000,114.98999786376953
2/22/2019,114.9800033569336,115.43000030517578,112.80999755859375,114.87000274658203,352100,114.87000274658203
2/21/2019,117.23999786376953,120.41000366210938,113.45999908447266,114.01000213623047,270900,114.01000213623047
2/20/2019,112.6500015258789,117.12999725341797,112.6500015258789,117.06999969482422,306300,117.06999969482422
2/19/2019,110.80000305175781,113.88999938964844,110.62999725341797,113.0999984741211,363300,113.0999984741211
2/15/2019,109,111.7699966430664,106.47000122070312,111.18000030517578,490600,111.18000030517578
2/14/2019,106.80999755859375,112,106.26000213623047,107.87000274658203,1131800,107.87000274658203
2/13/2019,99.36000061035156,100.16999816894531,96.69999694824219,97,302700,97
2/12/2019,96.11000061035156,98.4800033569336,94.97000122070312,98.25,237600,98.25
2/11/2019,92.6500015258789,95.19000244140625,91.58999633789062,95.05000305175781,205200,95.05000305175781
2/8/2019,91.69000244140625,92.5,90.94999694824219,92.16999816894531,175900,92.16999816894531
2/7/2019,95.0199966430664,95.33999633789062,92.94000244140625,93.16000366210938,156300,93.16000366210938
2/6/2019,95.9000015258789,97.0999984741211,95.58000183105469,96,131600,96
2/5/2019,96.6500015258789,97.48999786376953,95.80000305175781,96.1500015258789,141700,96.1500015258789
2/4/2019,94.86000061035156,96.55999755859375,94.47000122070312,96.37000274658203,143600,96.37000274658203
2/1/2019,93.87999725341797,95.37000274658203,93.30000305175781,95.19000244140625,118900,95.19000244140625
1/31/2019,92.2699966430664,94.37000274658203,92.08000183105469,94.06999969482422,123800,94.06999969482422
1/30/2019,92.08999633789062,93.31999969482422,90.48999786376953,93.16000366210938,124400,93.16000366210938
1/29/2019,91.41000366210938,92.5,91.36000061035156,91.44000244140625,145800,91.44000244140625
1/28/2019,89.95999908447266,92.31999969482422,89.95999908447266,91.5,136500,91.5
1/25/2019,89.45999908447266,92.0999984741211,89.37000274658203,91.61000061035156,116300,91.61000061035156
1/24/2019,88.25,89.9800033569336,88.16000366210938,88.52999877929688,132800,88.52999877929688
1/23/2019,91.5,91.80999755859375,87.69999694824219,88.13999938964844,193400,88.13999938964844
1/22/2019,92.12999725341797,92.83999633789062,89.80999755859375,90.83999633789062,207900,90.83999633789062
1/18/2019,90.58999633789062,93.88999938964844,90.08999633789062,92.77999877929688,212700,92.77999877929688
1/17/2019,87.5999984741211,90.20999908447266,87.25,89.6500015258789,200200,89.6500015258789
1/16/2019,86.54000091552734,88.6500015258789,86.54000091552734,88.30999755859375,164200,88.30999755859375
1/15/2019,85.91999816894531,86.97000122070312,85.41999816894531,86.19000244140625,113000,86.19000244140625
1/14/2019,87.16000366210938,88.1500015258789,86.1500015258789,86.23999786376953,141300,86.23999786376953
1/11/2019,87.2300033569336,89.66999816894531,87.2300033569336,88.2300033569336,174800,88.2300033569336
1/10/2019,85.80000305175781,88.58999633789062,85.41999816894531,88.37000274658203,143400,88.37000274658203
1/9/2019,86.93000030517578,87.94000244140625,85.7300033569336,86.47000122070312,185800,86.47000122070312
1/8/2019,85.5,86.27999877929688,84.94000244140625,86.22000122070312,104500,86.22000122070312
1/7/2019,83.81999969482422,86.31999969482422,83.75,84.16999816894531,157800,84.16999816894531
1/4/2019,81.0999984741211,84.33000183105469,80.91000366210938,83.98999786376953,233200,83.98999786376953
1/3/2019,83.05999755859375,83.73999786376953,79.51000213623047,79.69000244140625,152600,79.69000244140625
1/2/2019,82.2699966430664,85.3499984741211,81.6500015258789,84.0199966430664,214400,84.0199966430664
12/31/2018,82.8499984741211,83.69000244140625,82.29000091552734,83.69000244140625,211400,83.69000244140625
12/28/2018,82.5,83.66999816894531,81.12000274658203,82.08999633789062,269300,82.08999633789062
12/27/2018,77.66999816894531,82.02999877929688,76.5,81.91999816894531,223000,81.91999816894531
12/26/2018,76.27999877929688,79.66999816894531,74.9800033569336,79.62999725341797,254100,79.62999725341797
12/24/2018,76.79000091552734,77.75,75.33999633789062,75.51000213623047,108300,75.51000213623047
12/21/2018,80.31999969482422,81.36000061035156,77.26000213623047,77.79000091552734,784300,77.79000091552734
12/20/2018,79.29000091552734,81.38999938964844,77.95999908447266,80.05999755859375,318400,80.05999755859375
12/19/2018,80.33000183105469,83.08000183105469,78.55000305175781,79.25,358100,79.25
12/18/2018,80.63999938964844,82.20999908447266,79.83999633789062,79.86000061035156,246400,79.86000061035156
12/17/2018,82.16999816894531,84.36000061035156,79.13999938964844,79.73999786376953,282900,79.73999786376953
12/14/2018,81.45999908447266,85.22000122070312,80.88999938964844,82.9800033569336,354500,82.9800033569336
12/13/2018,82,83.94000244140625,81.5,82.62999725341797,411600,82.62999725341797
12/12/2018,79.0199966430664,82.73999786376953,79,81.68000030517578,495300,81.68000030517578
12/11/2018,86.93000030517578,87.86000061035156,77.52999877929688,77.55999755859375,702900,77.55999755859375
12/10/2018,85.7699966430664,87.2699966430664,82.77999877929688,86.51000213623047,545400,86.51000213623047
12/7/2018,90.68000030517578,92.08999633789062,84.5999984741211,85.18000030517578,604300,85.18000030517578
12/6/2018,93.11000061035156,93.20999908447266,88.26000213623047,90.44999694824219,287300,90.44999694824219
12/4/2018,100.0999984741211,101.77999877929688,94.8499984741211,95.0199966430664,180400,95.0199966430664
12/3/2018,99.94999694824219,100.95999908447266,98.30999755859375,100.5999984741211,219900,100.5999984741211
11/30/2018,97.55000305175781,99.58999633789062,97.41000366210938,98.01000213623047,237700,98.01000213623047
11/29/2018,97.3499984741211,98.8499984741211,97.04000091552734,98.01000213623047,176900,98.01000213623047
11/28/2018,95.44999694824219,98.0999984741211,93.45999908447266,97.9800033569336,217100,97.9800033569336
11/27/2018,95.0199966430664,96.02999877929688,94.41999816894531,94.87999725341797,103500,94.87999725341797
11/26/2018,96.9000015258789,98.16999816894531,95.55000305175781,96.04000091552734,213900,96.04000091552734
11/23/2018,93.66000366210938,96.45999908447266,91.8499984741211,95.62000274658203,45200,95.62000274658203
11/21/2018,93.75,96.58000183105469,93.51000213623047,95.27999877929688,132200,95.27999877929688
11/20/2018,93.36000061035156,94.6500015258789,91.61000061035156,93.55999755859375,150400,93.55999755859375
11/19/2018,98.80999755859375,98.80999755859375,94.27999877929688,95.23999786376953,186200,95.23999786376953
11/16/2018,97.26000213623047,99.54000091552734,96.05999755859375,99.04000091552734,338400,99.04000091552734
11/15/2018,96.41000366210938,99.37000274658203,95.75,98.3499984741211,347200,98.3499984741211
11/14/2018,97.87000274658203,98.73999786376953,94.19000244140625,96.08999633789062,253000,96.08999633789062
11/13/2018,97.58000183105469,99.12000274658203,96.30999755859375,96.98999786376953,168500,96.98999786376953
11/12/2018,98.33999633789062,98.4800033569336,96.4800033569336,97.20999908447266,153400,97.20999908447266
11/9/2018,100.93000030517578,101.79000091552734,97.16999816894531,98.52999877929688,230900,98.52999877929688
11/8/2018,102.66999816894531,102.66999816894531,100.12000274658203,101.56999969482422,193000,101.56999969482422
11/7/2018,100.86000061035156,104.81999969482422,99.91999816894531,103.33999633789062,363300,103.33999633789062
11/6/2018,97.63999938964844,100.41999816894531,97,99.9800033569336,234400,99.9800033569336
11/5/2018,98.6500015258789,99.4000015258789,96.1500015258789,97.61000061035156,282300,97.61000061035156
11/2/2018,96.01000213623047,99.52999877929688,96.01000213623047,98.66000366210938,387700,98.66000366210938
11/1/2018,91.94000244140625,95.11000061035156,90.7699966430664,94.47000122070312,252100,94.47000122070312
10/31/2018,89.97000122070312,92.08000183105469,89.97000122070312,91.08000183105469,333600,91.08000183105469
10/30/2018,86.4000015258789,88.97000122070312,85.75,88.66000366210938,328900,88.66000366210938
10/29/2018,88.79000091552734,90.12000274658203,85.02999877929688,86.52999877929688,321000,86.52999877929688
10/26/2018,86.6500015258789,89.5999984741211,85.58999633789062,86.7300033569336,352300,86.7300033569336
10/25/2018,84.16999816894531,90,82.41999816894531,89.08000183105469,468800,89.08000183105469
10/24/2018,87.23999786376953,87.62000274658203,82.4000015258789,82.58000183105469,285100,82.58000183105469
10/23/2018,86.47000122070312,87.91999816894531,85.62999725341797,87.08000183105469,420900,87.08000183105469
10/22/2018,88.77999877929688,89.94000244140625,86.73999786376953,88.33000183105469,288400,88.33000183105469
10/19/2018,88.95999908447266,90.01000213623047,88.38999938964844,88.62999725341797,395200,88.62999725341797
10/18/2018,90.08999633789062,90.51000213623047,87.58999633789062,88.86000061035156,318000,88.86000061035156
10/17/2018,89.55000305175781,91.11000061035156,88.37999725341797,89.8499984741211,314500,89.8499984741211
10/16/2018,86.25,90.02999877929688,84.37000274658203,89.83000183105469,334500,89.83000183105469
10/15/2018,84.80999755859375,85.93000030517578,82.75,85.1500015258789,193100,85.1500015258789
10/12/2018,84.23999786376953,86.11000061035156,83.81999969482422,84.94000244140625,431100,84.94000244140625
10/11/2018,85.97000122070312,87.58000183105469,82.58000183105469,82.69000244140625,469500,82.69000244140625
10/10/2018,93.69999694824219,94.37000274658203,86.19999694824219,86.55999755859375,643600,86.55999755859375
10/9/2018,94.3499984741211,95.31999969482422,93.9000015258789,94.04000091552734,264000,94.04000091552734
10/8/2018,95.7300033569336,96.91999816894531,92.62999725341797,94.80000305175781,182200,94.80000305175781
10/5/2018,97.77999877929688,98.19000244140625,95.4800033569336,96.20999908447266,237400,96.20999908447266
10/4/2018,97.72000122070312,97.9800033569336,96.83000183105469,97.73999786376953,191400,97.73999786376953
10/3/2018,95.38999938964844,99.33000183105469,94.48999786376953,98.27999877929688,315600,98.27999877929688
10/2/2018,101.4000015258789,101.4000015258789,94.2699966430664,95.13999938964844,764100,95.13999938964844
10/1/2018,102.9000015258789,103.80999755859375,102.83999633789062,103.25,183000,103.25
9/28/2018,101.18000030517578,103.1500015258789,101.18000030517578,101.87999725341797,276400,101.87999725341797
9/27/2018,102.0199966430664,102.31999969482422,101.08999633789062,101.80999755859375,174800,101.80999755859375
9/26/2018,103.5999984741211,104.27999877929688,101.80999755859375,102.08999633789062,212800,102.08999633789062
9/25/2018,102.5,104.52999877929688,102.0199966430664,103.76000213623047,221600,103.76000213623047
9/24/2018,104.5,104.5,101.16999816894531,102.33000183105469,129400,102.33000183105469
9/21/2018,104.93000030517578,106.58999633789062,104.7300033569336,104.93000030517578,446100,104.93000030517578
9/20/2018,101.80000305175781,104.56999969482422,101.55000305175781,104.37999725341797,239200,104.37999725341797
9/19/2018,101.68000030517578,102.95999908447266,100.81999969482422,101.0999984741211,194600,101.0999984741211
9/18/2018,101.19000244140625,102.70999908447266,101.0199966430664,101.80999755859375,142200,101.80999755859375
9/17/2018,102.98999786376953,102.98999786376953,100.56999969482422,100.83999633789062,152900,100.83999633789062
9/14/2018,101.93000030517578,103.19000244140625,101.87999725341797,102.87000274658203,147700,102.87000274658203
9/13/2018,101.1500015258789,102.95999908447266,100.79000091552734,102.11000061035156,141800,102.11000061035156
9/12/2018,98.27999877929688,100.94999694824219,97.47000122070312,100.52999877929688,206500,100.52999877929688
9/11/2018,98.33999633789062,99.16999816894531,97.83999633789062,98.61000061035156,124300,98.61000061035156
9/10/2018,99.79000091552734,100.2699966430664,98.88999938964844,99.0199966430664,147900,99.0199966430664
9/7/2018,99.01000213623047,102.04000091552734,98.68000030517578,99.31999969482422,173000,99.31999969482422
9/6/2018,99.95999908447266,100.48999786376953,98.98999786376953,99.3499984741211,187800,99.3499984741211
9/5/2018,99.86000061035156,101.01000213623047,99.37999725341797,99.87000274658203,162000,99.87000274658203
9/4/2018,100.69999694824219,101.55999755859375,99.20999908447266,100.18000030517578,122700,100.18000030517578
8/31/2018,99.66999816894531,101.19999694824219,99.66999816894531,101.01000213623047,165200,101.01000213623047
8/30/2018,99.77999877929688,100.83999633789062,99.2699966430664,99.88999938964844,226600,99.88999938964844
8/29/2018,99.5,100.2699966430664,99,99.88999938964844,218000,99.88999938964844
8/28/2018,100.86000061035156,101.37999725341797,99.19000244140625,99.4000015258789,125100,99.4000015258789
8/27/2018,100.68000030517578,101.79000091552734,100.55999755859375,100.63999938964844,117200,100.63999938964844
8/24/2018,100,101.25,99.75,100.41999816894531,165300,100.41999816894531
8/23/2018,100.5,101.3499984741211,99.5199966430664,99.91000366210938,118100,99.91000366210938
8/22/2018,99.94000244140625,100.80000305175781,99.43000030517578,100.31999969482422,104000,100.31999969482422
8/21/2018,99.04000091552734,100.9000015258789,99.04000091552734,99.9800033569336,256500,99.9800033569336
8/20/2018,98.66000366210938,100,98.33999633789062,98.80999755859375,101900,98.80999755859375
8/17/2018,97.69999694824219,98.66000366210938,97.19000244140625,98.55999755859375,101500,98.55999755859375
8/16/2018,97.52999877929688,98.97000122070312,97.0999984741211,97.80000305175781,130500,97.80000305175781
8/15/2018,98.43000030517578,99.2699966430664,96.23999786376953,96.69000244140625,195600,96.69000244140625
8/14/2018,98.27999877929688,100.04000091552734,98.20999908447266,98.93000030517578,155000,98.93000030517578
8/13/2018,100.62999725341797,101.22000122070312,98.12999725341797,98.25,115400,98.25
8/10/2018,100.18000030517578,101.58999633789062,100.08999633789062,100.20999908447266,93200,100.20999908447266
8/9/2018,101.12000274658203,101.66999816894531,100.77999877929688,101.12000274658203,157100,101.12000274658203
8/8/2018,100.08000183105469,101.13999938964844,100.01000213623047,100.91000366210938,142600,100.91000366210938
8/7/2018,100.30000305175781,100.51000213623047,99.11000061035156,100.1500015258789,194500,100.1500015258789
8/6/2018,98.16999816894531,100.30999755859375,97.80000305175781,99.87000274658203,146100,99.87000274658203
8/3/2018,96.9000015258789,99.83000183105469,96.9000015258789,98.33000183105469,200300,98.33000183105469
8/2/2018,96.9000015258789,98.69000244140625,96.63999938964844,98.56999969482422,104200,98.56999969482422
8/1/2018,99.76000213623047,100.52999877929688,97.3499984741211,97.83000183105469,205700,97.83000183105469
7/31/2018,98.11000061035156,100.86000061035156,96.94999694824219,99.66999816894531,353900,99.66999816894531
7/30/2018,98.93000030517578,99.58000183105469,96.26000213623047,96.4000015258789,283000,96.4000015258789
7/27/2018,98.58000183105469,100.19999694824219,98.06999969482422,99.05999755859375,466400,99.05999755859375
7/26/2018,91.56999969482422,97.9800033569336,91.48999786376953,97.62000274658203,383400,97.62000274658203
7/25/2018,87.45999908447266,90.01000213623047,86.9000015258789,89.45999908447266,526800,89.45999908447266
7/24/2018,88.70999908447266,89.56999969482422,86.80000305175781,87.66999816894531,299800,87.66999816894531
7/23/2018,90.04000091552734,90.04000091552734,87.7699966430664,88.27999877929688,412100,88.27999877929688
7/20/2018,90.27999877929688,90.63999938964844,88.88999938964844,89.9800033569336,295400,89.9800033569336
7/19/2018,89.72000122070312,90.63999938964844,89.22000122070312,90.05000305175781,269400,90.05000305175781
7/18/2018,90.70999908447266,91.31999969482422,89.61000061035156,90.05000305175781,229700,90.05000305175781
7/17/2018,87.79000091552734,91.12000274658203,87.41000366210938,90.75,470000,90.75
7/16/2018,88.16000366210938,88.44999694824219,87.38999938964844,87.79000091552734,287900,87.79000091552734
7/13/2018,86.47000122070312,88.86000061035156,86.13999938964844,88.19999694824219,308200,88.19999694824219
7/12/2018,86.1500015258789,86.1500015258789,84.52999877929688,85.91999816894531,200500,85.91999816894531
7/11/2018,85.29000091552734,85.44000244140625,84.41000366210938,84.77999877929688,152600,84.77999877929688
7/10/2018,85.86000061035156,86.45999908447266,85.55000305175781,85.79000091552734,169500,85.79000091552734
7/9/2018,85.37000274658203,85.98999786376953,84.87000274658203,85.97000122070312,146400,85.97000122070312
7/6/2018,82.87000274658203,85.22000122070312,82.86000061035156,85.02999877929688,248100,85.02999877929688
7/5/2018,81.37999725341797,83.23999786376953,80.7300033569336,83.18000030517578,209400,83.18000030517578
7/3/2018,81.58999633789062,81.94000244140625,80.68000030517578,80.7699966430664,71300,80.7699966430664
7/2/2018,80.41999816894531,81.12000274658203,79.94999694824219,81.06999969482422,176700,81.06999969482422
6/29/2018,81.5199966430664,82.2300033569336,80.86000061035156,80.86000061035156,211800,80.86000061035156
6/28/2018,80.08999633789062,81.51000213623047,79.25,81.22000122070312,233200,81.22000122070312
6/27/2018,81.62999725341797,82.18000030517578,79.87000274658203,80.25,265400,80.25
6/26/2018,80.0999984741211,81.66999816894531,79.41999816894531,81.31999969482422,390300,81.31999969482422
6/25/2018,81.2699966430664,81.2699966430664,79.36000061035156,80.06999969482422,301500,80.06999969482422
6/22/2018,83.25,83.69999694824219,80.94000244140625,81.08999633789062,440900,81.08999633789062
6/21/2018,83.04000091552734,83.05999755859375,82.0999984741211,82.91999816894531,296400,82.91999816894531
6/20/2018,82.73999786376953,83.38999938964844,82.4000015258789,83.04000091552734,307600,83.04000091552734
6/19/2018,82.69999694824219,83.38999938964844,80.95999908447266,82.72000122070312,426700,82.72000122070312
6/18/2018,82,83.20999908447266,81.76000213623047,82.94000244140625,163800,82.94000244140625
6/15/2018,82.41000366210938,82.88999938964844,81.56999969482422,82.80000305175781,294600,82.80000305175781
6/14/2018,82.0199966430664,82.43000030517578,81.06999969482422,82.41000366210938,155100,82.41000366210938
6/13/2018,82.8499984741211,82.8499984741211,80.66000366210938,81.83000183105469,301600,81.83000183105469
6/12/2018,82.26000213623047,83.11000061035156,81.37000274658203,83.04000091552734,216000,83.04000091552734
6/11/2018,80.41999816894531,82.51000213623047,80.37000274658203,82.31999969482422,205900,82.31999969482422
6/8/2018,80.08999633789062,80.4000015258789,79.2699966430664,80.27999877929688,294900,80.27999877929688
6/7/2018,80.4800033569336,80.86000061035156,79.55999755859375,80.12000274658203,232900,80.12000274658203
6/6/2018,79.41999816894531,80.54000091552734,79.08000183105469,80.41999816894531,284900,80.41999816894531
6/5/2018,77.80999755859375,79.54000091552734,77.23999786376953,79.44000244140625,114500,79.44000244140625
6/4/2018,77.55000305175781,78.08999633789062,76.58999633789062,77.69999694824219,190100,77.69999694824219
6/1/2018,76.93000030517578,78.25,76.41999816894531,77.06999969482422,217800,77.06999969482422
5/31/2018,78.56999969482422,78.97000122070312,76.12999725341797,76.13999938964844,228500,76.13999938964844
5/30/2018,77.94000244140625,79.43000030517578,77.41999816894531,78.68000030517578,152900,78.68000030517578
5/29/2018,76.72000122070312,77.4000015258789,76.41000366210938,77.13999938964844,194000,77.13999938964844
5/25/2018,78.19999694824219,78.22000122070312,77.0999984741211,77.30000305175781,151000,77.30000305175781
5/24/2018,79.55000305175781,79.7300033569336,78.26000213623047,78.33000183105469,166600,78.33000183105469
5/23/2018,80.44999694824219,80.66999816894531,79.3499984741211,79.62999725341797,123700,79.62999725341797
5/22/2018,83.77999877929688,83.77999877929688,80.80999755859375,80.87000274658203,182400,80.87000274658203
5/21/2018,84.48999786376953,84.87000274658203,83.08999633789062,83.4000015258789,252000,83.4000015258789
5/18/2018,84,84.69000244140625,83.12999725341797,84.02999877929688,262900,84.02999877929688
5/17/2018,82.58000183105469,83.77999877929688,82.58000183105469,83.5999984741211,346600,83.5999984741211
5/16/2018,80.41000366210938,83.20999908447266,80.16999816894531,82.8499984741211,308300,82.8499984741211
5/15/2018,79.27999877929688,80.16999816894531,78.63999938964844,80.0999984741211,166300,80.0999984741211
5/14/2018,81.79000091552734,82.22000122070312,79.47000122070312,79.68000030517578,295100,79.68000030517578
5/11/2018,81.52999877929688,81.97000122070312,80.95999908447266,81.63999938964844,192100,81.63999938964844
5/10/2018,80.66999816894531,81.68000030517578,79.58999633789062,81.48999786376953,209400,81.48999786376953
5/9/2018,80.66999816894531,80.8499984741211,78.38999938964844,80.3499984741211,195700,80.3499984741211
5/8/2018,79.04000091552734,80.4800033569336,79.04000091552734,80.44000244140625,294700,80.44000244140625
5/7/2018,77.37999725341797,79.45999908447266,76.87000274658203,79.30000305175781,434600,79.30000305175781
5/4/2018,78.36000061035156,78.4000015258789,75.87000274658203,77.11000061035156,375200,77.11000061035156
5/3/2018,77.11000061035156,79.37000274658203,77.11000061035156,79.05999755859375,412500,79.05999755859375
5/2/2018,76.83000183105469,77.70999908447266,76.66999816894531,76.83000183105469,195600,76.83000183105469
5/1/2018,76.69999694824219,77.31999969482422,75.01000213623047,77.20999908447266,152800,77.20999908447266
4/30/2018,77.83999633789062,78.56999969482422,76.77999877929688,76.83000183105469,138600,76.83000183105469
4/27/2018,79.19999694824219,79.4800033569336,77.41000366210938,77.66000366210938,154800,77.66000366210938
4/26/2018,79.23999786376953,79.51000213623047,77.75,78.98999786376953,116300,78.98999786376953
4/25/2018,78.22000122070312,79.56999969482422,77.51000213623047,78.88999938964844,118300,78.88999938964844
4/24/2018,81.61000061035156,82.62999725341797,77.5999984741211,78.33000183105469,211300,78.33000183105469
4/23/2018,81.94999694824219,82.66999816894531,80.88999938964844,81.55999755859375,111000,81.55999755859375
4/20/2018,81.55000305175781,82.2300033569336,81.25,81.94999694824219,198900,81.94999694824219
4/19/2018,81.63999938964844,81.88999938964844,81,81.5,152500,81.5
4/18/2018,81.29000091552734,82.1500015258789,80.62000274658203,81.69999694824219,330800,81.69999694824219
4/17/2018,80.30000305175781,81.38999938964844,79.37000274658203,81.05000305175781,389200,81.05000305175781
4/16/2018,78.5,79.97000122070312,77.9000015258789,79.58999633789062,212600,79.58999633789062
4/13/2018,77.12999725341797,78.1500015258789,76.33999633789062,77.7699966430664,280200,77.7699966430664
4/12/2018,75.37000274658203,77.1500015258789,75.05000305175781,76.61000061035156,151800,76.61000061035156
4/11/2018,76.16999816894531,76.16999816894531,74.68000030517578,75.12999725341797,200700,75.12999725341797
4/10/2018,75.0999984741211,77.12000274658203,74.12999725341797,76.36000061035156,153300,76.36000061035156
4/9/2018,74.62999725341797,75.11000061035156,73.16999816894531,73.94999694824219,109500,73.94999694824219
4/6/2018,75.83000183105469,77.33000183105469,73.20999908447266,74.02999877929688,180100,74.02999877929688
4/5/2018,74.83999633789062,76.51000213623047,74.56999969482422,76.3499984741211,193600,76.3499984741211
4/4/2018,72.04000091552734,74.4000015258789,71.73999786376953,74.16999816894531,156500,74.16999816894531
4/3/2018,72.05999755859375,73.51000213623047,71.01000213623047,73.2699966430664,198000,73.2699966430664
4/2/2018,73.30999755859375,73.5999984741211,70.70999908447266,71.5,181200,71.5
3/29/2018,72.5,74.27999877929688,71.9800033569336,73.69000244140625,244900,73.69000244140625
3/28/2018,73.38999938964844,73.69999694824219,72.04000091552734,72.05000305175781,208800,72.05000305175781
3/27/2018,75.83999633789062,75.83999633789062,72.5999984741211,73.06999969482422,163100,73.06999969482422
3/26/2018,74.83999633789062,75.91999816894531,73.87999725341797,75.56999969482422,119500,75.56999969482422
3/23/2018,75.11000061035156,75.6500015258789,73.48999786376953,73.5199966430664,162600,73.5199966430664
3/22/2018,77.30000305175781,77.94000244140625,75.0999984741211,75.0999984741211,200100,75.0999984741211
3/21/2018,76.0999984741211,78.80000305175781,76.0999984741211,78.30000305175781,184200,78.30000305175781
3/20/2018,76.36000061035156,76.80000305175781,75.66999816894531,76.26000213623047,100100,76.26000213623047
3/19/2018,76.94000244140625,76.97000122070312,75.18000030517578,76.0199966430664,160100,76.0199966430664
3/16/2018,76.12999725341797,77.62999725341797,74.91999816894531,77.25,416900,77.25
3/15/2018,77.76000213623047,78.19999694824219,76.02999877929688,76.26000213623047,119900,76.26000213623047
3/14/2018,79.08999633789062,79.18000030517578,77.08999633789062,77.41000366210938,288800,77.41000366210938
3/13/2018,79.9000015258789,80.77999877929688,78.43000030517578,78.63999938964844,289900,78.63999938964844
3/12/2018,81.06999969482422,81.83999633789062,79.18000030517578,79.30000305175781,379900,79.30000305175781
3/9/2018,80.54000091552734,81.8499984741211,79.70999908447266,81.48999786376953,224800,81.48999786376953
3/8/2018,79.2300033569336,80.66000366210938,78.16999816894531,79.52999877929688,352900,79.52999877929688
3/7/2018,77.43000030517578,78.73999786376953,77.02999877929688,77.52999877929688,213800,77.52999877929688
3/6/2018,76.9800033569336,78.44999694824219,75.66000366210938,78.36000061035156,226300,78.36000061035156
3/5/2018,75.37000274658203,77.22000122070312,74.86000061035156,76.69000244140625,231800,76.69000244140625
3/2/2018,73.56999969482422,76.08000183105469,72.72000122070312,75.94999694824219,352100,75.94999694824219
3/1/2018,74.55999755859375,75.45999908447266,72.81999969482422,73.97000122070312,375800,73.97000122070312
2/28/2018,77.26000213623047,77.94999694824219,74.88999938964844,74.91000366210938,366500,74.91000366210938
2/27/2018,79.91000366210938,79.95999908447266,77.1500015258789,77.1500015258789,384500,77.1500015258789
2/26/2018,81.5,82.0999984741211,79.88999938964844,81.13999938964844,209800,81.13999938964844
2/23/2018,78.5199966430664,81.37000274658203,77.7300033569336,81.25,286500,81.25
2/22/2018,78.33999633789062,79.97000122070312,76.79000091552734,77.37000274658203,289700,77.37000274658203
2/21/2018,73,78.26000213623047,73,77.66000366210938,388000,77.66000366210938
2/20/2018,72.19999694824219,72.9800033569336,71.56999969482422,72.2699966430664,189600,72.2699966430664
2/16/2018,73,73.61000061035156,72.18000030517578,72.3499984741211,213300,72.3499984741211
2/15/2018,73.81999969482422,74.27999877929688,72.87999725341797,73.37000274658203,187700,73.37000274658203
2/14/2018,70.93000030517578,73.52999877929688,70.93000030517578,73.41999816894531,143400,73.41999816894531
2/13/2018,70.93000030517578,71.8499984741211,70.69000244140625,71.66999816894531,284300,71.66999816894531
2/12/2018,69.62999725341797,71.58000183105469,68.41000366210938,71.23999786376953,295400,71.23999786376953
2/9/2018,70,70.41000366210938,66.56999969482422,69.4000015258789,278100,69.4000015258789
2/8/2018,71.2300033569336,72.41000366210938,69.08999633789062,69.13999938964844,410100,69.13999938964844
2/7/2018,71.0999984741211,72.5999984741211,70.87999725341797,71.25,178000,71.25
2/6/2018,68.8499984741211,72.30999755859375,68.73999786376953,71.33000183105469,194800,71.33000183105469
2/5/2018,72.4000015258789,73.70999908447266,70.37999725341797,70.41999816894531,199900,70.41999816894531
2/2/2018,72.26000213623047,74.6500015258789,71.91999816894531,72.94999694824219,279000,72.94999694824219
2/1/2018,72.25,73.7699966430664,71.29000091552734,72.63999938964844,233000,72.63999938964844
1/31/2018,74.86000061035156,75.30000305175781,72.36000061035156,72.55000305175781,211600,72.55000305175781
1/30/2018,73.87000274658203,75.33000183105469,73.62999725341797,74.33999633789062,130200,74.33999633789062
1/29/2018,75.20999908447266,75.76000213623047,74.5,74.58999633789062,135700,74.58999633789062
1/26/2018,76.33999633789062,76.98999786376953,74.87999725341797,75.41999816894531,264500,75.41999816894531
1/25/2018,75.1500015258789,76.47000122070312,74.7699966430664,76.26000213623047,207700,76.26000213623047
1/24/2018,75.77999877929688,76.55999755859375,74.83000183105469,74.86000061035156,135900,74.86000061035156
1/23/2018,75.87000274658203,76.12000274658203,75.41999816894531,75.69999694824219,130100,75.69999694824219
1/22/2018,76.19000244140625,76.19000244140625,74.88999938964844,75.87000274658203,109600,75.87000274658203
1/19/2018,73.98999786376953,76.83999633789062,73.98999786376953,76.62999725341797,170700,76.62999725341797
1/18/2018,74.5,75.18000030517578,73.5199966430664,74.20999908447266,208700,74.20999908447266
1/17/2018,73.94000244140625,75.41000366210938,73.29000091552734,74.62000274658203,188600,74.62000274658203
1/16/2018,74.93000030517578,75.3499984741211,73.1500015258789,73.83000183105469,227000,73.83000183105469
1/12/2018,75.52999877929688,75.9000015258789,74.41999816894531,74.55000305175781,170000,74.55000305175781
1/11/2018,73.51000213623047,75.48999786376953,72.97000122070312,75.48999786376953,232300,75.48999786376953
1/10/2018,73.72000122070312,73.83999633789062,72.16000366210938,73.16000366210938,184500,73.16000366210938
1/9/2018,72.81999969482422,74.58999633789062,72.68000030517578,73.98999786376953,182100,73.98999786376953
1/8/2018,73.52999877929688,74.4800033569336,72.08000183105469,72.81999969482422,101600,72.81999969482422
1/5/2018,72.93000030517578,73.9000015258789,72.77999877929688,73.80999755859375,218000,73.80999755859375
1/4/2018,71.0999984741211,73.08999633789062,70.47000122070312,72.83000183105469,456100,72.83000183105469
1/3/2018,70.75,71.0999984741211,70.31999969482422,70.47000122070312,324100,70.47000122070312
1/2/2018,70.70999908447266,71.12999725341797,70.20999908447266,70.91000366210938,228300,70.91000366210938
12/29/2017,71.11000061035156,71.5199966430664,70.41000366210938,70.47000122070312,173500,70.47000122070312
12/28/2017,71.05000305175781,71.30000305175781,70.56999969482422,71.08000183105469,136000,71.08000183105469
12/27/2017,71.13999938964844,71.68000030517578,70.94000244140625,71.12999725341797,131400,71.12999725341797
12/26/2017,70.94999694824219,71.6500015258789,70.70999908447266,71.2300033569336,209500,71.2300033569336
12/22/2017,72.08000183105469,72.08000183105469,70.62000274658203,70.94999694824219,202300,70.94999694824219
12/21/2017,72.70999908447266,72.9800033569336,71.45999908447266,72.20999908447266,231100,72.20999908447266
12/20/2017,71.52999877929688,73.27999877929688,70.88999938964844,72.66000366210938,313500,72.66000366210938
12/19/2017,71.5999984741211,72.30000305175781,71.01000213623047,71.23999786376953,208300,71.23999786376953
12/18/2017,71.20999908447266,72.62999725341797,71.0999984741211,71.62999725341797,408500,71.62999725341797
12/15/2017,70.5199966430664,71.77999877929688,70.2300033569336,70.55999755859375,521700,70.55999755859375
12/14/2017,72.4000015258789,73.16000366210938,70.12000274658203,70.12000274658203,203200,70.12000274658203
12/13/2017,71.55000305175781,72.80999755859375,70.95999908447266,72.41999816894531,442100,72.41999816894531
12/12/2017,74.0999984741211,74.11000061035156,71.45999908447266,71.45999908447266,729800,71.45999908447266
12/11/2017,75.4000015258789,75.9000015258789,73.88999938964844,73.93000030517578,345900,73.93000030517578
12/8/2017,76.51000213623047,77.51000213623047,75.31999969482422,75.47000122070312,278400,75.47000122070312
12/7/2017,77.47000122070312,77.94999694824219,76.51000213623047,76.51000213623047,257300,76.51000213623047
12/6/2017,76.9800033569336,77.9800033569336,76.13999938964844,77.41999816894531,191700,77.41999816894531
12/5/2017,79.04000091552734,79.04000091552734,77.20999908447266,77.25,195100,77.25
12/4/2017,80.11000061035156,80.18000030517578,77.62000274658203,78.98999786376953,355100,78.98999786376953
12/1/2017,79.58999633789062,79.58999633789062,76.5999984741211,79.05999755859375,419500,79.05999755859375
11/30/2017,79.30999755859375,79.87000274658203,77.88999938964844,79.58999633789062,352300,79.58999633789062
11/29/2017,78.4000015258789,79.06999969482422,77.38999938964844,78.37000274658203,240600,78.37000274658203
11/28/2017,76.5999984741211,78.20999908447266,76.18000030517578,78.0199966430664,333500,78.0199966430664
11/27/2017,76.33000183105469,76.9800033569336,75.41000366210938,76.31999969482422,336400,76.31999969482422
11/24/2017,75.55999755859375,76.41000366210938,75.06999969482422,76.2699966430664,104500,76.2699966430664
11/22/2017,76.45999908447266,77.79000091552734,75.02999877929688,75.16000366210938,117300,75.16000366210938
11/21/2017,74.73999786376953,76.62000274658203,74.73999786376953,76.52999877929688,246300,76.52999877929688
11/20/2017,73.4000015258789,74.44000244140625,73.19000244140625,74.37999725341797,433500,74.37999725341797
11/17/2017,74.19999694824219,74.63999938964844,73.31999969482422,73.31999969482422,200100,73.31999969482422
11/16/2017,73.51000213623047,75.5999984741211,73.51000213623047,74.73999786376953,160800,74.73999786376953
11/15/2017,75,75,72.93000030517578,73.22000122070312,147600,73.22000122070312
11/14/2017,74.8499984741211,75.88999938964844,74.37000274658203,75.18000030517578,186200,75.18000030517578
11/13/2017,73.18000030517578,75.12999725341797,72.55999755859375,74.73999786376953,166600,74.73999786376953
11/10/2017,72.6500015258789,74.33999633789062,72.6500015258789,73.87999725341797,175600,73.87999725341797
11/9/2017,72.6500015258789,73.94999694824219,72.06999969482422,73.0999984741211,217200,73.0999984741211
11/8/2017,73.66999816894531,74.05999755859375,71.5999984741211,72.98999786376953,322700,72.98999786376953
11/7/2017,75.43000030517578,75.55999755859375,72.87000274658203,73.36000061035156,205100,73.36000061035156
11/6/2017,75.44000244140625,76,75.29000091552734,75.36000061035156,213400,75.36000061035156
11/3/2017,73.26000213623047,75.5999984741211,72.80999755859375,75.48999786376953,359100,75.48999786376953
11/2/2017,73.51000213623047,74.47000122070312,71.0199966430664,72.77999877929688,323700,72.77999877929688
11/1/2017,71.94999694824219,72.43000030517578,71.22000122070312,72.37999725341797,201700,72.37999725341797
10/31/2017,70.16000366210938,71.7699966430664,70.0199966430664,71.2300033569336,217900,71.2300033569336
10/30/2017,71.33000183105469,71.45999908447266,69.5199966430664,69.9000015258789,100600,69.9000015258789
10/27/2017,70.33999633789062,71.61000061035156,69.93000030517578,71.4800033569336,115300,71.4800033569336
10/26/2017,70.4000015258789,70.86000061035156,70.06999969482422,70.36000061035156,168800,70.36000061035156
10/25/2017,70.08999633789062,70.55999755859375,69.52999877929688,70.2699966430664,94100,70.2699966430664
10/24/2017,69.97000122070312,70.45999908447266,69.6500015258789,70.05999755859375,120400,70.05999755859375
10/23/2017,69.86000061035156,70.19000244140625,69.5999984741211,69.79000091552734,106600,69.79000091552734
10/20/2017,69.02999877929688,69.97000122070312,68.41000366210938,69.61000061035156,198300,69.61000061035156
10/19/2017,69.36000061035156,69.95999908447266,68.16999816894531,68.4000015258789,192100,68.4000015258789
10/18/2017,70.37999725341797,70.70999908447266,69.4800033569336,69.69000244140625,304900,69.69000244140625
10/17/2017,69.36000061035156,70.44999694824219,69.06999969482422,69.6500015258789,195500,69.6500015258789
10/16/2017,69.16000366210938,69.4000015258789,68.6500015258789,69.33999633789062,192700,69.33999633789062
10/13/2017,68.83999633789062,69,67.94000244140625,68.98999786376953,178000,68.98999786376953
10/12/2017,67.9800033569336,68.56999969482422,67.55999755859375,68.30999755859375,203400,68.30999755859375
10/11/2017,67.4000015258789,68.4800033569336,67.05999755859375,68.22000122070312,249100,68.22000122070312
10/10/2017,67.75,67.86000061035156,66.86000061035156,67.43000030517578,275600,67.43000030517578
10/9/2017,66.05000305175781,67.55999755859375,65.80000305175781,67.30000305175781,318100,67.30000305175781
10/6/2017,64.4800033569336,65.86000061035156,64.06999969482422,65.66999816894531,388300,65.66999816894531
10/5/2017,65.2699966430664,66.01000213623047,63.720001220703125,64.5999984741211,446200,64.5999984741211
10/4/2017,64.70999908447266,64.9800033569336,64.25,64.48999786376953,167900,64.48999786376953
10/3/2017,64.91000366210938,65.25,63.900001525878906,64.62000274658203,239100,64.62000274658203
10/2/2017,62.86000061035156,64.88999938964844,62.86000061035156,64.88999938964844,360500,64.88999938964844
9/29/2017,63,63.650001525878906,62.15999984741211,62.470001220703125,263700,62.470001220703125
9/28/2017,62.41999816894531,63.77000045776367,62.09000015258789,62.5,206700,62.5
9/27/2017,60.2599983215332,63.36000061035156,59.779998779296875,62.70000076293945,369600,62.70000076293945
9/26/2017,60.2400016784668,60.2599983215332,59.630001068115234,59.9900016784668,208700,59.9900016784668
9/25/2017,61.75,61.75,59.93000030517578,60.06999969482422,221900,60.06999969482422
9/22/2017,61.47999954223633,62,60.7599983215332,61.81999969482422,172800,61.81999969482422
9/21/2017,60.43000030517578,61.95000076293945,60.220001220703125,61.75,308000,61.75
9/20/2017,59.709999084472656,60.4900016784668,59.220001220703125,60.22999954223633,193400,60.22999954223633
9/19/2017,59.20000076293945,59.86000061035156,58.810001373291016,59.86000061035156,245400,59.86000061035156
9/18/2017,59.40999984741211,60.13999938964844,59.15999984741211,59.20000076293945,350800,59.20000076293945
9/15/2017,59.63999938964844,59.709999084472656,58.790000915527344,59.31999969482422,432000,59.31999969482422
9/14/2017,59.689998626708984,59.970001220703125,59.36000061035156,59.52000045776367,173300,59.52000045776367
9/13/2017,60.150001525878906,61.099998474121094,59.65999984741211,59.77000045776367,232300,59.77000045776367
9/12/2017,61.209999084472656,61.77000045776367,59.81999969482422,60.22999954223633,239000,60.22999954223633
9/11/2017,61.41999816894531,61.959999084472656,60.91999816894531,61.150001525878906,314700,61.150001525878906
9/8/2017,61.68000030517578,62.150001525878906,61.0099983215332,61.20000076293945,146500,61.20000076293945
9/7/2017,62.099998474121094,63.060001373291016,60.900001525878906,61.75,257000,61.75
9/6/2017,63.16999816894531,63.16999816894531,62.029998779296875,62.04999923706055,122500,62.04999923706055
9/5/2017,63.90999984741211,64.05000305175781,62.86000061035156,62.9900016784668,135300,62.9900016784668
9/1/2017,63.650001525878906,64,62.75,63.90999984741211,329100,63.90999984741211
8/31/2017,62.16999816894531,63.029998779296875,61.810001373291016,62.970001220703125,156400,62.970001220703125
8/30/2017,61.779998779296875,62.220001220703125,61.029998779296875,62.06999969482422,179000,62.06999969482422
8/29/2017,61.400001525878906,62.119998931884766,60.75,61.880001068115234,154400,61.880001068115234
8/28/2017,61.77000045776367,62.27000045776367,60.7599983215332,61.790000915527344,200100,61.790000915527344
8/25/2017,61.34000015258789,62.16999816894531,61.15999984741211,61.36000061035156,175300,61.36000061035156
8/24/2017,60.4900016784668,61.630001068115234,60.15999984741211,61.13999938964844,321800,61.13999938964844
8/23/2017,59.5,62.0099983215332,59.5,60,961800,60
8/22/2017,56.15999984741211,56.38999938964844,55.84000015258789,56.38999938964844,104800,56.38999938964844
8/21/2017,55.84000015258789,56.279998779296875,55.40999984741211,55.86000061035156,128300,55.86000061035156
8/18/2017,55.189998626708984,56.25,55.06999969482422,55.93000030517578,175200,55.93000030517578
8/17/2017,56.869998931884766,57.290000915527344,55.20000076293945,55.7400016784668,168200,55.7400016784668
8/16/2017,56.9900016784668,57.38999938964844,56.63999938964844,57.0099983215332,253500,57.0099983215332
8/15/2017,57.22999954223633,57.22999954223633,56.70000076293945,56.880001068115234,150100,56.880001068115234
8/14/2017,57.470001220703125,57.470001220703125,56.880001068115234,57.220001220703125,187600,57.220001220703125
8/11/2017,56.279998779296875,57.369998931884766,55.25,56.939998626708984,223800,56.939998626708984
8/10/2017,57.84000015258789,58.20000076293945,56.540000915527344,56.58000183105469,160200,56.58000183105469
8/9/2017,59.220001220703125,59.2400016784668,57.900001525878906,58,177700,58
8/8/2017,60.130001068115234,60.33000183105469,59,59.470001220703125,279000,59.470001220703125
8/7/2017,61.279998779296875,61.79999923706055,59.66999816894531,59.900001525878906,247900,59.900001525878906
8/4/2017,59.65999984741211,62.150001525878906,58.779998779296875,61.400001525878906,389100,61.400001525878906
8/3/2017,59.70000076293945,59.70000076293945,57.41999816894531,58.709999084472656,251400,58.709999084472656
8/2/2017,59.13999938964844,59.2599983215332,58.22999954223633,59.099998474121094,170300,59.099998474121094
8/1/2017,58.63999938964844,59.869998931884766,58.630001068115234,59.119998931884766,287600,59.119998931884766
7/31/2017,59.060001373291016,59.220001220703125,57.95000076293945,58.5,217000,58.5
7/28/2017,58.29999923706055,59.689998626708984,58.029998779296875,58.97999954223633,147000,58.97999954223633
7/27/2017,58.58000183105469,58.9900016784668,58.09000015258789,58.61000061035156,196500,58.61000061035156
7/26/2017,58.349998474121094,58.439998626708984,56.959999084472656,58.34000015258789,190300,58.34000015258789
7/25/2017,57.150001525878906,58.36000061035156,56.709999084472656,58.290000915527344,199900,58.290000915527344
7/24/2017,57.52000045776367,57.61000061035156,56.7400016784668,56.90999984741211,173800,56.90999984741211
7/21/2017,58.4900016784668,59.029998779296875,57.349998474121094,57.5099983215332,174600,57.5099983215332
7/20/2017,58.279998779296875,58.560001373291016,57.650001525878906,57.880001068115234,120500,57.880001068115234
7/19/2017,58.130001068115234,58.41999816894531,57.869998931884766,58.310001373291016,148300,58.310001373291016
7/18/2017,58.22999954223633,58.91999816894531,57.83000183105469,58.060001373291016,285200,58.060001373291016
7/17/2017,57.72999954223633,59,57.720001220703125,58.349998474121094,288300,58.349998474121094
7/14/2017,57.279998779296875,57.880001068115234,57.220001220703125,57.54999923706055,117900,57.54999923706055
7/13/2017,57.650001525878906,57.79999923706055,56.29999923706055,57.41999816894531,137300,57.41999816894531
7/12/2017,57.630001068115234,58.04999923706055,57.27000045776367,57.56999969482422,128000,57.56999969482422
7/11/2017,57.40999984741211,58.529998779296875,56.400001525878906,57.209999084472656,177900,57.209999084472656
7/10/2017,56.9900016784668,57.56999969482422,56.529998779296875,57.209999084472656,150000,57.209999084472656
7/7/2017,55.97999954223633,57.38999938964844,55.79999923706055,57.349998474121094,135000,57.349998474121094
7/6/2017,56.09000015258789,56.81999969482422,55.630001068115234,55.97999954223633,146600,55.97999954223633
7/5/2017,57.08000183105469,57.5,56.15999984741211,56.650001525878906,155400,56.650001525878906
7/3/2017,57.97999954223633,58.13999938964844,56.36000061035156,56.58000183105469,95100,56.58000183105469
6/30/2017,56.13999938964844,57.77000045776367,56,57.400001525878906,177900,57.400001525878906
6/29/2017,56.77000045776367,57.08000183105469,55.400001525878906,56.220001220703125,198700,56.220001220703125
6/28/2017,54.16999816894531,56.7599983215332,54.0099983215332,56.75,207900,56.75
6/27/2017,54.31999969482422,54.43000030517578,53.619998931884766,53.689998626708984,150800,53.689998626708984
6/26/2017,55.04999923706055,55.56999969482422,53.900001525878906,54.54999923706055,264100,54.54999923706055
6/23/2017,54.79999923706055,55.83000183105469,54.619998931884766,55.18000030517578,380500,55.18000030517578
6/22/2017,55.29999923706055,55.77000045776367,54.599998474121094,54.880001068115234,173700,54.880001068115234
6/21/2017,56.689998626708984,57.130001068115234,55.22999954223633,55.310001373291016,265400,55.310001373291016
6/20/2017,56.45000076293945,57.119998931884766,55.70000076293945,56.619998931884766,508300,56.619998931884766
6/19/2017,57.310001373291016,58.11000061035156,56.689998626708984,56.7400016784668,157100,56.7400016784668
6/16/2017,56.79999923706055,57.5,56.36000061035156,57.099998474121094,324600,57.099998474121094
6/15/2017,57.65999984741211,57.810001373291016,56.91999816894531,57.31999969482422,145000,57.31999969482422
6/14/2017,58.93000030517578,58.93000030517578,57.22999954223633,57.91999816894531,121800,57.91999816894531
6/13/2017,59.130001068115234,59.709999084472656,58.47999954223633,58.880001068115234,152300,58.880001068115234
6/12/2017,60,60.279998779296875,58.54999923706055,59.029998779296875,136100,59.029998779296875
6/9/2017,59.38999938964844,60.529998779296875,59.369998931884766,59.97999954223633,230500,59.97999954223633
6/8/2017,57.58000183105469,59.720001220703125,57.38999938964844,59.34000015258789,177300,59.34000015258789
6/7/2017,57.68000030517578,57.77000045776367,56.84000015258789,57.619998931884766,248900,57.619998931884766
6/6/2017,57.41999816894531,58.04999923706055,57.02000045776367,57.77000045776367,112100,57.77000045776367
6/5/2017,59.220001220703125,59.310001373291016,57.72999954223633,57.83000183105469,149900,57.83000183105469
6/2/2017,58.7599983215332,60.040000915527344,58.43000030517578,59.2599983215332,197100,59.2599983215332
6/1/2017,59.15999984741211,59.15999984741211,57.959999084472656,58.56999969482422,256300,58.56999969482422
5/31/2017,59.560001373291016,59.560001373291016,57.540000915527344,59.06999969482422,284500,59.06999969482422
5/30/2017,59.40999984741211,59.630001068115234,59.15999984741211,59.5099983215332,213500,59.5099983215332
5/26/2017,58.90999984741211,59.560001373291016,58.90999984741211,59.5099983215332,158500,59.5099983215332
5/25/2017,59.7599983215332,60.06999969482422,58.66999816894531,59.15999984741211,171600,59.15999984741211
5/24/2017,59.25,59.59000015258789,58.83000183105469,59.45000076293945,109400,59.45000076293945
5/23/2017,59.18000030517578,59.77000045776367,58.86000061035156,59.099998474121094,272000,59.099998474121094
5/22/2017,58.16999816894531,59.099998474121094,57.869998931884766,58.970001220703125,320800,58.970001220703125
5/19/2017,56.84000015258789,58.560001373291016,56.84000015258789,58,318800,58
5/18/2017,56.7400016784668,57.97999954223633,56.15999984741211,56.7599983215332,411300,56.7599983215332
5/17/2017,58.459999084472656,58.459999084472656,56.97999954223633,56.9900016784668,271400,56.9900016784668
5/16/2017,58.290000915527344,58.81999969482422,57.790000915527344,58.459999084472656,160400,58.459999084472656
5/15/2017,59.38999938964844,60,58.11000061035156,58.20000076293945,247900,58.20000076293945
5/12/2017,59.7400016784668,59.959999084472656,59.099998474121094,59.130001068115234,134900,59.130001068115234
5/11/2017,60.38999938964844,60.599998474121094,59.849998474121094,60.04999923706055,236000,60.04999923706055
5/10/2017,58.43000030517578,60.40999984741211,58.380001068115234,60.38999938964844,323800,60.38999938964844
5/9/2017,57.939998626708984,58.560001373291016,57.099998474121094,58.4900016784668,332600,58.4900016784668
5/8/2017,58.630001068115234,58.630001068115234,57.650001525878906,58.130001068115234,259800,58.130001068115234
5/5/2017,58.83000183105469,59.040000915527344,56.650001525878906,58.59000015258789,492000,58.59000015258789
5/4/2017,62.099998474121094,63.91999816894531,58.310001373291016,58.59000015258789,453900,58.59000015258789
5/3/2017,62.45000076293945,62.70000076293945,61.41999816894531,61.599998474121094,221000,61.599998474121094
5/2/2017,63.65999984741211,63.65999984741211,62.25,62.630001068115234,182300,62.630001068115234
5/1/2017,63.369998931884766,63.86000061035156,62.63999938964844,63.63999938964844,298000,63.63999938964844
4/28/2017,64.9000015258789,64.93000030517578,63.189998626708984,63.22999954223633,333600,63.22999954223633
4/27/2017,64.37999725341797,65.0199966430664,64.12000274658203,64.83999633789062,162500,64.83999633789062
4/26/2017,64.0999984741211,64.51000213623047,63.439998626708984,64.4000015258789,231300,64.4000015258789
4/25/2017,63.61000061035156,64.55999755859375,63.560001373291016,64.0999984741211,235900,64.0999984741211
4/24/2017,62.599998474121094,63.220001220703125,62.22999954223633,63.16999816894531,306800,63.16999816894531
4/21/2017,60.2400016784668,62.220001220703125,60.189998626708984,62,288900,62
4/20/2017,59.70000076293945,60.29999923706055,59.59000015258789,60.11000061035156,260900,60.11000061035156
4/19/2017,59.4900016784668,59.939998626708984,59.08000183105469,59.41999816894531,213300,59.41999816894531
4/18/2017,59.689998626708984,60.13999938964844,59,59.400001525878906,163100,59.400001525878906
4/17/2017,59.54999923706055,59.68000030517578,58.7599983215332,59.61000061035156,131500,59.61000061035156
4/13/2017,59.150001525878906,60.58000183105469,58.83000183105469,59.45000076293945,277500,59.45000076293945
4/12/2017,59.13999938964844,59.779998779296875,58.75,59.2400016784668,252100,59.2400016784668
4/11/2017,57.20000076293945,59.400001525878906,57.20000076293945,59.2599983215332,267600,59.2599983215332
4/10/2017,57.25,58.04999923706055,57,57.45000076293945,333900,57.45000076293945
4/7/2017,57.650001525878906,58.029998779296875,57.040000915527344,57.27000045776367,254500,57.27000045776367
4/6/2017,56.9900016784668,58.4900016784668,56.959999084472656,57.959999084472656,365800,57.959999084472656
4/5/2017,57.970001220703125,58.400001525878906,56.91999816894531,56.959999084472656,255900,56.959999084472656
4/4/2017,57.84000015258789,58.90999984741211,56.97999954223633,57.560001373291016,350200,57.560001373291016
4/3/2017,60.959999084472656,60.959999084472656,57.86000061035156,57.97999954223633,345500,57.97999954223633
3/31/2017,61.209999084472656,61.65999984741211,60.810001373291016,60.849998474121094,215700,60.849998474121094
3/30/2017,62,62.79999923706055,60.90999984741211,61.43000030517578,237700,61.43000030517578
3/29/2017,61.5,61.84000015258789,60.380001068115234,61.810001373291016,436500,61.810001373291016
3/28/2017,61.0099983215332,61.16999816894531,59.790000915527344,61.15999984741211,183900,61.15999984741211
3/27/2017,60.959999084472656,61.22999954223633,60.130001068115234,61.130001068115234,267200,61.130001068115234
3/24/2017,60.709999084472656,61.29999923706055,60.560001373291016,61,252700,61
3/23/2017,60.459999084472656,61.650001525878906,60.36000061035156,60.66999816894531,249000,60.66999816894531
3/22/2017,60.290000915527344,61.20000076293945,59.9900016784668,60.45000076293945,466800,60.45000076293945
3/21/2017,61.2400016784668,61.560001373291016,59.939998626708984,60.4900016784668,469900,60.4900016784668
3/20/2017,60.86000061035156,61.15999984741211,60.47999954223633,61.09000015258789,271300,61.09000015258789
3/17/2017,60.29999923706055,60.9900016784668,60.0099983215332,60.720001220703125,731000,60.720001220703125
3/16/2017,59.369998931884766,60.20000076293945,58.70000076293945,60.11000061035156,240700,60.11000061035156
3/15/2017,59.779998779296875,60.279998779296875,59.2599983215332,60.130001068115234,217200,60.130001068115234
3/14/2017,59.04999923706055,60.130001068115234,58.720001220703125,59.65999984741211,388800,59.65999984741211
3/13/2017,59.099998474121094,59.7400016784668,58.7599983215332,59.5,215800,59.5
3/10/2017,58.689998626708984,59.15999984741211,58.06999969482422,59.099998474121094,191400,59.099998474121094
3/9/2017,58.060001373291016,58.720001220703125,57.790000915527344,58.650001525878906,208900,58.650001525878906
3/8/2017,58.36000061035156,58.4900016784668,57.93000030517578,58.25,239800,58.25
3/7/2017,57.88999938964844,58.709999084472656,57.630001068115234,58.43000030517578,218000,58.43000030517578
3/6/2017,58.90999984741211,58.90999984741211,57.25,58.150001525878906,333700,58.150001525878906
3/3/2017,56.65999984741211,60.02000045776367,56.40999984741211,59.47999954223633,372800,59.47999954223633
3/2/2017,57.20000076293945,57.65999984741211,56.650001525878906,56.65999984741211,775000,56.65999984741211
3/1/2017,54.540000915527344,57.18000030517578,54.15999984741211,57.02000045776367,466100,57.02000045776367
2/28/2017,53.20000076293945,54.36000061035156,52.790000915527344,53.970001220703125,518900,53.970001220703125
2/27/2017,53.5,54,52.95000076293945,53.11000061035156,446700,53.11000061035156
2/24/2017,54.36000061035156,54.470001220703125,53.02000045776367,53.470001220703125,663200,53.470001220703125
2/23/2017,57,57,53.66999816894531,54.349998474121094,420500,54.349998474121094
2/22/2017,56.650001525878906,56.9900016784668,55.619998931884766,56.40999984741211,215700,56.40999984741211
2/21/2017,55.689998626708984,57.040000915527344,55.68000030517578,57,231000,57
2/17/2017,57.58000183105469,57.70000076293945,55.41999816894531,55.47999954223633,301000,55.47999954223633
2/16/2017,56.400001525878906,57.79999923706055,56.310001373291016,57.38999938964844,331500,57.38999938964844
2/14/2017,55.63999938964844,56.040000915527344,54.380001068115234,55.779998779296875,135500,55.779998779296875
2/13/2017,55.58000183105469,56.38999938964844,55.25,55.4900016784668,169400,55.4900016784668
2/10/2017,56.310001373291016,56.470001220703125,55.099998474121094,55.29999923706055,204300,55.29999923706055
2/9/2017,56.400001525878906,56.79999923706055,55.7599983215332,55.939998626708984,153100,55.939998626708984
2/8/2017,55.529998779296875,56.380001068115234,54.959999084472656,56.2400016784668,319200,56.2400016784668
2/7/2017,55.849998474121094,56.33000183105469,55.400001525878906,55.880001068115234,133300,55.880001068115234
2/6/2017,56.29999923706055,56.29999923706055,54.9900016784668,55.709999084472656,146500,55.709999084472656
2/3/2017,55.18000030517578,56.36000061035156,54.720001220703125,56.29999923706055,152400,56.29999923706055
2/2/2017,55.68000030517578,55.75,54.720001220703125,55.119998931884766,170400,55.119998931884766
2/1/2017,55.540000915527344,56.43000030517578,55.36000061035156,55.880001068115234,246400,55.880001068115234
1/31/2017,54.029998779296875,55.72999954223633,53.54999923706055,55.59000015258789,353400,55.59000015258789
1/30/2017,54.77000045776367,54.77000045776367,53.619998931884766,54,170400,54
1/27/2017,55.04999923706055,55.33000183105469,54.59000015258789,55.2599983215332,132300,55.2599983215332
1/26/2017,55.06999969482422,55.4900016784668,54.18000030517578,55.06999969482422,439100,55.06999969482422
1/25/2017,54.77000045776367,55.59000015258789,54,55.04999923706055,203700,55.04999923706055
1/24/2017,54.27000045776367,54.77000045776367,53.869998931884766,54.33000183105469,279900,54.33000183105469
1/23/2017,52.25,54.189998626708984,52.25,54.040000915527344,127200,54.040000915527344
1/20/2017,52.310001373291016,52.880001068115234,52.290000915527344,52.4900016784668,173800,52.4900016784668
1/19/2017,52.880001068115234,53.22999954223633,51.900001525878906,52.290000915527344,295800,52.290000915527344
1/18/2017,53.04999923706055,53.04999923706055,51.83000183105469,52.9900016784668,230200,52.9900016784668
1/17/2017,52.630001068115234,53.15999984741211,52.16999816894531,52.900001525878906,198900,52.900001525878906
1/13/2017,52.7400016784668,53.18000030517578,51.0099983215332,53,243600,53
1/12/2017,53,53.22999954223633,51.43000030517578,52.4900016784668,208600,52.4900016784668
1/11/2017,53.349998474121094,54.119998931884766,53,53.25,277100,53.25
1/10/2017,52.650001525878906,54.72999954223633,52.400001525878906,53.209999084472656,356300,53.209999084472656
1/9/2017,54.79999923706055,54.849998474121094,52.72999954223633,52.79999923706055,187600,52.79999923706055
1/6/2017,55.099998474121094,55.400001525878906,54.4900016784668,54.849998474121094,288700,54.849998474121094
1/5/2017,54.68000030517578,55.77000045776367,54.22999954223633,54.84000015258789,184200,54.84000015258789
1/4/2017,53.529998779296875,54.25,53.119998931884766,54.13999938964844,223900,54.13999938964844
1/3/2017,55.02000045776367,55.400001525878906,52.7400016784668,53.18000030517578,239900,53.18000030517578
12/30/2016,54.689998626708984,54.939998626708984,53.900001525878906,54.86000061035156,159100,54.86000061035156
12/29/2016,54.54999923706055,54.72999954223633,53.9900016784668,54.619998931884766,116400,54.619998931884766
12/28/2016,54.97999954223633,55.18000030517578,54.02000045776367,54.310001373291016,109100,54.310001373291016
12/27/2016,54.099998474121094,55.119998931884766,53.7400016784668,54.709999084472656,103900,54.709999084472656
12/23/2016,53,54,52.72999954223633,53.88999938964844,69200,53.88999938964844
12/22/2016,53.369998931884766,53.709999084472656,52.540000915527344,53.11000061035156,186900,53.11000061035156
12/21/2016,54.61000061035156,55.040000915527344,53.36000061035156,53.5,174900,53.5
12/20/2016,54.88999938964844,55.43000030517578,54.529998779296875,54.83000183105469,298800,54.83000183105469
12/19/2016,54.25,55.040000915527344,53.880001068115234,54.9900016784668,317400,54.9900016784668
12/16/2016,54.22999954223633,55.150001525878906,53.83000183105469,54.02000045776367,640900,54.02000045776367
12/15/2016,52.97999954223633,54.5,51.88999938964844,53.9900016784668,414800,53.9900016784668
12/14/2016,52.650001525878906,53.790000915527344,52.220001220703125,53.029998779296875,182600,53.029998779296875
12/13/2016,53.08000183105469,53.56999969482422,51.810001373291016,52.81999969482422,150900,52.81999969482422
12/12/2016,50.099998474121094,52.61000061035156,50.06999969482422,52.27000045776367,324100,52.27000045776367
12/9/2016,51.650001525878906,51.91999816894531,49.869998931884766,50.369998931884766,375100,50.369998931884766
12/8/2016,51.43000030517578,51.810001373291016,50.18000030517578,51.45000076293945,270500,51.45000076293945
12/7/2016,49.790000915527344,51.439998626708984,49.54999923706055,51.16999816894531,401100,51.16999816894531
12/6/2016,49.88999938964844,50.400001525878906,48.7400016784668,50.029998779296875,188700,50.029998779296875
12/5/2016,50.099998474121094,50.58000183105469,49.529998779296875,49.959999084472656,195600,49.959999084472656
12/2/2016,50.08000183105469,51.20000076293945,49.34000015258789,49.849998474121094,239600,49.849998474121094
12/1/2016,52.540000915527344,53.369998931884766,49.70000076293945,50.209999084472656,373400,50.209999084472656
11/30/2016,50.95000076293945,53.47999954223633,50.75,52.369998931884766,312100,52.369998931884766
11/29/2016,52.22999954223633,52.22999954223633,51,51.290000915527344,198700,51.290000915527344
11/28/2016,53.349998474121094,53.38999938964844,51.58000183105469,52.119998931884766,134700,52.119998931884766
11/25/2016,52.630001068115234,53.59000015258789,52.22999954223633,53.56999969482422,86900,53.56999969482422
11/23/2016,51.40999984741211,52.65999984741211,50.97999954223633,52.630001068115234,132100,52.630001068115234
11/22/2016,51.63999938964844,52.939998626708984,51.09000015258789,51.72999954223633,322700,51.72999954223633
11/21/2016,50.349998474121094,51.13999938964844,50.22999954223633,50.97999954223633,184400,50.97999954223633
11/18/2016,50.599998474121094,51.0099983215332,50.08000183105469,50.5,180000,50.5
11/16/2016,49.15999984741211,50.5099983215332,48.939998626708984,49.470001220703125,380500,49.470001220703125
11/14/2016,49.130001068115234,50.20000076293945,48.689998626708984,49.130001068115234,219400,49.130001068115234
11/11/2016,47.18000030517578,49.119998931884766,46.65999984741211,48.790000915527344,349900,48.790000915527344
11/10/2016,46.91999816894531,47.41999816894531,45.33000183105469,47.16999816894531,686200,47.16999816894531
11/9/2016,44.380001068115234,46.970001220703125,44.119998931884766,46.560001373291016,182600,46.560001373291016
11/8/2016,44.470001220703125,45.189998626708984,43.779998779296875,45,128100,45
11/7/2016,45.810001373291016,45.810001373291016,44.5099983215332,44.58000183105469,289400,44.58000183105469
11/4/2016,44.540000915527344,45.9900016784668,43.77000045776367,45.09000015258789,384300,45.09000015258789
11/3/2016,42,46.25,42,44.150001525878906,875200,44.150001525878906
11/2/2016,40.9900016784668,41.13999938964844,40.40999984741211,40.630001068115234,241400,40.630001068115234
11/1/2016,41.43000030517578,41.43000030517578,40.7599983215332,41.18000030517578,274200,41.18000030517578
10/31/2016,41.33000183105469,41.5,40.2400016784668,41.400001525878906,358700,41.400001525878906
10/28/2016,41.54999923706055,41.779998779296875,40.529998779296875,41.130001068115234,373500,41.130001068115234
10/27/2016,42.689998626708984,42.689998626708984,41.439998626708984,41.619998931884766,246100,41.619998931884766
10/26/2016,42.779998779296875,42.90999984741211,42.18000030517578,42.58000183105469,192800,42.58000183105469
10/25/2016,43.560001373291016,43.869998931884766,42.68000030517578,43.060001373291016,132700,43.060001373291016
10/24/2016,42.58000183105469,43.84000015258789,42.34000015258789,43.70000076293945,251500,43.70000076293945
10/21/2016,41.59000015258789,42.5,41.56999969482422,42.36000061035156,110500,42.36000061035156
10/20/2016,42.31999969482422,42.650001525878906,41.869998931884766,42.22999954223633,194500,42.22999954223633
10/19/2016,42.720001220703125,42.88999938964844,42.25,42.34000015258789,165500,42.34000015258789
10/18/2016,42.72999954223633,42.959999084472656,42.5,42.61000061035156,112500,42.61000061035156
10/17/2016,42.560001373291016,42.650001525878906,42.130001068115234,42.43000030517578,219400,42.43000030517578
10/14/2016,42.66999816894531,43.189998626708984,42.119998931884766,42.63999938964844,190400,42.63999938964844
10/13/2016,42.29999923706055,42.91999816894531,42.220001220703125,42.5,189600,42.5
10/12/2016,42.90999984741211,43.09000015258789,42.65999984741211,42.720001220703125,57700,42.720001220703125
10/10/2016,43.130001068115234,43.599998474121094,42.0099983215332,43.43000030517578,186900,43.43000030517578
10/7/2016,43.599998474121094,44.029998779296875,42.970001220703125,43,176100,43
10/6/2016,43.04999923706055,43.54999923706055,42.630001068115234,43.36000061035156,355700,43.36000061035156
10/5/2016,43.619998931884766,43.959999084472656,42.790000915527344,43.04999923706055,342900,43.04999923706055
10/4/2016,44.31999969482422,44.75,42.91999816894531,43.40999984741211,520100,43.40999984741211
10/3/2016,46.08000183105469,46.380001068115234,43.869998931884766,44.31999969482422,768500,44.31999969482422
9/30/2016,47.0099983215332,47.369998931884766,46.06999969482422,46.099998474121094,495500,46.099998474121094
9/29/2016,47.470001220703125,48.2599983215332,46.83000183105469,46.97999954223633,251500,46.97999954223633
9/28/2016,46.709999084472656,47.810001373291016,46.43000030517578,47.459999084472656,202700,47.459999084472656
9/27/2016,47.38999938964844,47.619998931884766,46.13999938964844,46.91999816894531,279400,46.91999816894531
9/26/2016,47.66999816894531,48.29999923706055,47.189998626708984,47.20000076293945,235600,47.20000076293945
9/23/2016,47.88999938964844,48,47.150001525878906,47.77000045776367,225100,47.77000045776367
9/22/2016,47,47.810001373291016,46.849998474121094,47.689998626708984,315000,47.689998626708984
9/21/2016,46.650001525878906,46.869998931884766,45.599998474121094,46.790000915527344,148600,46.790000915527344
9/19/2016,45.93000030517578,46.58000183105469,45.58000183105469,45.7599983215332,217400,45.7599983215332
9/16/2016,46.290000915527344,46.41999816894531,45.38999938964844,46.0099983215332,536400,46.0099983215332
9/15/2016,43.880001068115234,46.709999084472656,43.7599983215332,46.209999084472656,561100,46.209999084472656
9/14/2016,42.2400016784668,43.84000015258789,41.86000061035156,43.7599983215332,279600,43.7599983215332
9/13/2016,42.7599983215332,42.90999984741211,41.81999969482422,42.34000015258789,284300,42.34000015258789
9/12/2016,43.22999954223633,43.7400016784668,42.810001373291016,43.150001525878906,312200,43.150001525878906
9/9/2016,43.91999816894531,44.11000061035156,42.7400016784668,43.36000061035156,309600,43.36000061035156
9/8/2016,44.43000030517578,44.939998626708984,44.119998931884766,44.209999084472656,148700,44.209999084472656
9/7/2016,45.41999816894531,45.41999816894531,44.2599983215332,44.4900016784668,260200,44.4900016784668
9/6/2016,44.63999938964844,46.56999969482422,44.290000915527344,45.310001373291016,619000,45.310001373291016
9/2/2016,44.560001373291016,44.720001220703125,43.939998626708984,44.45000076293945,177700,44.45000076293945
9/1/2016,44.459999084472656,44.63999938964844,43.689998626708984,44.5,300900,44.5
8/31/2016,44.15999984741211,44.58000183105469,43.34000015258789,44.380001068115234,310500,44.380001068115234
8/29/2016,43.25,45.029998779296875,43.25,44.65999984741211,720700,44.65999984741211
8/26/2016,43.029998779296875,43.459999084472656,42.93000030517578,43.400001525878906,256000,43.400001525878906
8/25/2016,43.08000183105469,43.58000183105469,42.900001525878906,43.150001525878906,203600,43.150001525878906
8/24/2016,41.95000076293945,43.56999969482422,41.95000076293945,43.34000015258789,732800,43.34000015258789
8/23/2016,42.04999923706055,42.349998474121094,41.84000015258789,41.95000076293945,199800,41.95000076293945
8/22/2016,41.970001220703125,42.08000183105469,41.04999923706055,42,559300,42
8/19/2016,43,43.040000915527344,41.209999084472656,41.95000076293945,761000,41.95000076293945
8/18/2016,43.810001373291016,44.08000183105469,42.720001220703125,43.11000061035156,683500,43.11000061035156
8/17/2016,44.279998779296875,44.54999923706055,43.720001220703125,43.77000045776367,262500,43.77000045776367
8/16/2016,44.25,44.650001525878906,43.91999816894531,44.06999969482422,212200,44.06999969482422
8/15/2016,44.849998474121094,45.220001220703125,44.06999969482422,44.29999923706055,224400,44.29999923706055
8/12/2016,44.709999084472656,45.099998474121094,43.86000061035156,44.36000061035156,200100,44.36000061035156
8/11/2016,43.75,45.34000015258789,43.470001220703125,44.65999984741211,361000,44.65999984741211
8/10/2016,43.400001525878906,43.810001373291016,43.2400016784668,43.79999923706055,335400,43.79999923706055
8/9/2016,43.5,44.099998474121094,43.290000915527344,43.54999923706055,430800,43.54999923706055
8/8/2016,43.5099983215332,43.97999954223633,42.70000076293945,43.4900016784668,704500,43.4900016784668
8/4/2016,39.810001373291016,44.209999084472656,39.810001373291016,43.5,1350900,43.5
8/3/2016,37.63999938964844,38.459999084472656,37.529998779296875,37.939998626708984,521200,37.939998626708984
8/2/2016,38.630001068115234,39.099998474121094,37.31999969482422,37.54999923706055,478900,37.54999923706055
8/1/2016,38.13999938964844,39.09000015258789,38.029998779296875,38.72999954223633,511400,38.72999954223633
7/29/2016,38.400001525878906,38.66999816894531,37.959999084472656,38.27000045776367,553200,38.27000045776367
7/28/2016,40.79999923706055,40.81999969482422,38.2400016784668,38.36000061035156,402800,38.36000061035156
7/27/2016,39.939998626708984,41.130001068115234,39.939998626708984,40.849998474121094,455500,40.849998474121094
7/26/2016,39.849998474121094,40.02000045776367,39.52000045776367,39.939998626708984,245400,39.939998626708984
7/25/2016,39.900001525878906,40.40999984741211,39.68000030517578,39.9900016784668,466200,39.9900016784668
7/22/2016,39.040000915527344,40.220001220703125,39.040000915527344,39.959999084472656,262600,39.959999084472656
7/21/2016,38.68000030517578,39.380001068115234,38.650001525878906,39.119998931884766,641800,39.119998931884766
7/20/2016,38.34000015258789,38.83000183105469,38.11000061035156,38.68000030517578,512400,38.68000030517578
7/19/2016,37.65999984741211,38.369998931884766,37.560001373291016,38.130001068115234,331200,38.130001068115234
7/18/2016,38.25,38.380001068115234,37.59000015258789,37.65999984741211,443300,37.65999984741211
7/15/2016,38.790000915527344,38.9900016784668,38.220001220703125,38.310001373291016,626600,38.310001373291016
7/14/2016,39.13999938964844,39.790000915527344,38.540000915527344,38.619998931884766,405100,38.619998931884766
7/13/2016,38.90999984741211,39.5099983215332,38.86000061035156,38.95000076293945,231500,38.95000076293945
7/12/2016,38.11000061035156,39.349998474121094,37.97999954223633,39,668700,39
7/11/2016,36.41999816894531,38.59000015258789,36.41999816894531,38.04999923706055,808500,38.04999923706055
7/8/2016,36.220001220703125,36.5,35.84000015258789,36.439998626708984,581000,36.439998626708984
7/7/2016,35.13999938964844,36.88999938964844,35.13999938964844,36,588500,36
7/6/2016,34.88999938964844,35.619998931884766,34.66999816894531,34.95000076293945,400900,34.95000076293945
7/5/2016,34.5,34.83000183105469,33.900001525878906,34.70000076293945,345400,34.70000076293945
7/1/2016,34.13999938964844,34.40999984741211,33.90999984741211,34.400001525878906,433700,34.400001525878906
6/30/2016,34.150001525878906,34.459999084472656,33.77000045776367,34.040000915527344,404400,34.040000915527344
6/27/2016,33.790000915527344,34.540000915527344,33.5,34.380001068115234,1214200,34.380001068115234
6/24/2016,34,35.119998931884766,33.68000030517578,34.189998626708984,4185900,34.189998626708984
6/23/2016,34.61000061035156,34.880001068115234,34.560001373291016,34.7400016784668,866400,34.7400016784668
6/22/2016,34.5,34.630001068115234,34.33000183105469,34.470001220703125,321400,34.470001220703125
6/21/2016,34.150001525878906,34.720001220703125,34.08000183105469,34.5,497100,34.5
6/20/2016,34.689998626708984,35.040000915527344,34.11000061035156,34.18000030517578,580900,34.18000030517578
6/17/2016,34.75,34.9900016784668,34.20000076293945,34.72999954223633,1462800,34.72999954223633
6/16/2016,33.93000030517578,35.310001373291016,33.689998626708984,34.810001373291016,847800,34.810001373291016
6/15/2016,33.9900016784668,35.04999923706055,33.81999969482422,33.93000030517578,562800,33.93000030517578
6/14/2016,34.04999923706055,34.90999984741211,33.75,34.060001373291016,742300,34.060001373291016
6/13/2016,33.68000030517578,34.529998779296875,33.5,34.11000061035156,918700,34.11000061035156
6/10/2016,32.61000061035156,34.75,32.439998626708984,33.93000030517578,1124000,33.93000030517578
6/9/2016,32.41999816894531,32.63999938964844,32.2599983215332,32.33000183105469,536100,32.33000183105469
6/8/2016,31.40999984741211,32.58000183105469,31.329999923706055,32.41999816894531,795000,32.41999816894531
6/7/2016,31.850000381469727,31.920000076293945,31.420000076293945,31.540000915527344,441000,31.540000915527344
6/6/2016,31.739999771118164,32.25,31.6200008392334,31.8700008392334,733200,31.8700008392334
6/2/2016,30.770000457763672,32.04999923706055,30.030000686645508,31.739999771118164,1090100,31.739999771118164
6/1/2016,29.479999542236328,31.299999237060547,29.479999542236328,31.06999969482422,1756600,31.06999969482422
5/31/2016,27.899999618530273,29.309999465942383,27.799999237060547,29.139999389648438,1097500,29.139999389648438
5/26/2016,26.200000762939453,26.93000030517578,26.09000015258789,26.84000015258789,1212500,26.84000015258789
5/25/2016,26.100000381469727,26.469999313354492,25.760000228881836,26.360000610351562,1441100,26.360000610351562
5/23/2016,24.709999084472656,27.5,24.709999084472656,27.190000534057617,1801000,27.190000534057617
5/20/2016,25,26.049999237060547,24.90999984741211,24.93000030517578,3391500,24.93000030517578
5/19/2016,26.5,26.5,25.450000762939453,25.450000762939453,1399500,25.450000762939453
5/18/2016,26.559999465942383,26.81999969482422,26.170000076293945,26.780000686645508,1520700,26.780000686645508
5/17/2016,26.5,26.920000076293945,25.809999465942383,26.780000686645508,2994800,26.780000686645508
5/16/2016,24.8799991607666,27.149999618530273,24.5,26.860000610351562,10098300,26.860000610351562
5/13/2016,26.6299991607666,27.959999084472656,24.25,25.030000686645508,582100,25.030000686645508
5/12/2016,26.8799991607666,27.5,26.299999237060547,26.850000381469727,295700,26.850000381469727
5/11/2016,27.5,28,26,26.5,610000,26.5
5/10/2016,27,27,25.5,27,170400,27
5/9/2016,27,27,26.360000610351562,26.75,125200,26.75
5/6/2016,27.75,27.75,25.25,26.5,90300,26.5
5/5/2016,26,28.15999984741211,26,28.15999984741211,75400,28.15999984741211
5/4/2016,25.350000381469727,25.790000915527344,25,25.5,24000,25.5
5/3/2016,23,25.670000076293945,23,25.670000076293945,2200,25.670000076293945
