4/22/2019,0.7599999904632568,0.8180000185966492,0.7599999904632568,0.7689999938011169,61900,0.7689999938011169
4/18/2019,0.8690000176429749,0.8690000176429749,0.7599999904632568,0.7850000262260437,188800,0.7850000262260437
4/17/2019,0.7860000133514404,0.824999988079071,0.7599999904632568,0.7860000133514404,61700,0.7860000133514404
4/16/2019,0.8399999737739563,0.8410000205039978,0.7799999713897705,0.7850000262260437,65100,0.7850000262260437
4/15/2019,0.8600000143051147,0.8700000047683716,0.7799999713897705,0.8299999833106995,135400,0.8299999833106995
4/12/2019,0.8759999871253967,0.8999999761581421,0.8199999928474426,0.8410000205039978,51800,0.8410000205039978
4/11/2019,0.9200000166893005,0.9290000200271606,0.8500000238418579,0.8690000176429749,105200,0.8690000176429749
4/10/2019,0.8339999914169312,0.8899999856948853,0.8339999914169312,0.8899999856948853,58100,0.8899999856948853
4/9/2019,0.8830000162124634,0.9100000262260437,0.8199999928474426,0.828000009059906,110600,0.828000009059906
4/8/2019,0.9300000071525574,0.949999988079071,0.8799999952316284,0.8830000162124634,169700,0.8830000162124634
4/5/2019,0.9100000262260437,0.9449999928474426,0.9100000262260437,0.9380000233650208,68300,0.9380000233650208
4/4/2019,0.9100000262260437,0.9739999771118164,0.8899999856948853,0.9200000166893005,141400,0.9200000166893005
4/3/2019,0.9269999861717224,0.9800000190734863,0.8799999952316284,0.9409999847412109,100200,0.9409999847412109
4/2/2019,0.9409999847412109,0.9509999752044678,0.9010000228881836,0.9200000166893005,76100,0.9200000166893005
3/28/2019,0.9700000286102295,1.0299999713897705,0.9399999976158142,0.9800000190734863,150600,0.9800000190734863
3/27/2019,0.949999988079071,1.0299999713897705,0.9210000038146973,0.9490000009536743,177200,0.9490000009536743
3/26/2019,0.9200000166893005,0.9319999814033508,0.8999999761581421,0.9129999876022339,189000,0.9129999876022339
3/25/2019,0.9580000042915344,0.9800000190734863,0.8820000290870667,0.8920000195503235,239600,0.8920000195503235
3/22/2019,0.9800000190734863,1.0099999904632568,0.9279999732971191,0.9300000071525574,274600,0.9300000071525574
3/20/2019,1.159999966621399,1.25,1.0800000429153442,1.1200000047683716,231800,1.1200000047683716
3/19/2019,1.1799999475479126,1.2200000286102295,1.1299999952316284,1.149999976158142,218300,1.149999976158142
3/18/2019,1.1699999570846558,1.3700000047683716,1.125,1.159999966621399,393500,1.159999966621399
3/15/2019,1.1299999952316284,1.1399999856948853,1.100000023841858,1.1399999856948853,161800,1.1399999856948853
3/14/2019,1.159999966621399,1.190000057220459,1.059999942779541,1.1399999856948853,229500,1.1399999856948853
3/13/2019,1.2699999809265137,1.309999942779541,1.1100000143051147,1.1100000143051147,371300,1.1100000143051147
3/12/2019,1.4199999570846558,1.4299999475479126,1.25,1.2799999713897705,366800,1.2799999713897705
3/11/2019,1.2100000381469727,1.3990000486373901,1.100000023841858,1.3300000429153442,845800,1.3300000429153442
3/8/2019,1.159999966621399,1.9600000381469727,1.1399999856948853,1.190000057220459,6118700,1.190000057220459
3/7/2019,0.8519999980926514,1.1200000047683716,0.7720000147819519,1.0800000429153442,497100,1.0800000429153442
3/6/2019,0.9020000100135803,0.9100000262260437,0.800000011920929,0.8579999804496765,198700,0.8579999804496765
3/5/2019,0.8500000238418579,0.925000011920929,0.8500000238418579,0.8899999856948853,143200,0.8899999856948853
3/4/2019,1.0199999809265137,1.0199999809265137,0.8429999947547913,0.9399999976158142,640800,0.9399999976158142
3/1/2019,0.6890000104904175,1.6799999475479126,0.6890000104904175,1.1200000047683716,5378900,1.1200000047683716
2/28/2019,0.6499999761581421,0.7400000095367432,0.6499999761581421,0.6850000023841858,298600,0.6850000023841858
2/27/2019,0.6499999761581421,0.6740000247955322,0.6399999856948853,0.6399999856948853,25000,0.6399999856948853
2/26/2019,0.6790000200271606,0.6790000200271606,0.6499999761581421,0.6499999761581421,40600,0.6499999761581421
2/25/2019,0.6600000262260437,0.6819999814033508,0.6399999856948853,0.6610000133514404,79800,0.6610000133514404
2/22/2019,0.6740000247955322,0.6949999928474426,0.6389999985694885,0.6549999713897705,90000,0.6549999713897705
2/21/2019,0.6660000085830688,0.6800000071525574,0.6200000047683716,0.675000011920929,43200,0.675000011920929
2/20/2019,0.6129999756813049,0.7400000095367432,0.5860000252723694,0.6600000262260437,135900,0.6600000262260437
2/19/2019,0.609000027179718,0.6159999966621399,0.578000009059906,0.6129999756813049,68400,0.6129999756813049
2/15/2019,0.5809999704360962,0.6299999952316284,0.5799999833106995,0.5820000171661377,155500,0.5820000171661377
2/14/2019,0.6000000238418579,0.6119999885559082,0.5799999833106995,0.5820000171661377,59600,0.5820000171661377
2/13/2019,0.609000027179718,0.6370000243186951,0.5519999861717224,0.6000000238418579,115500,0.6000000238418579
2/12/2019,0.574999988079071,0.6200000047683716,0.5699999928474426,0.6000000238418579,151800,0.6000000238418579
2/11/2019,0.5210000276565552,0.5799999833106995,0.5099999904632568,0.550000011920929,178900,0.550000011920929
2/8/2019,0.5239999890327454,0.546999990940094,0.5199999809265137,0.527999997138977,28000,0.527999997138977
2/7/2019,0.5490000247955322,0.5600000023841858,0.5199999809265137,0.5199999809265137,86500,0.5199999809265137
2/6/2019,0.5299999713897705,0.5879999995231628,0.5299999713897705,0.5569999814033508,58200,0.5569999814033508
2/5/2019,0.5899999737739563,0.5899999737739563,0.5199999809265137,0.5299999713897705,142800,0.5299999713897705
2/4/2019,0.5600000023841858,0.5740000009536743,0.5419999957084656,0.5699999928474426,41100,0.5699999928474426
2/1/2019,0.5370000004768372,0.5699999928474426,0.5210000276565552,0.5600000023841858,148900,0.5600000023841858
1/31/2019,0.5149999856948853,0.5519999861717224,0.5149999856948853,0.5299999713897705,72700,0.5299999713897705
1/30/2019,0.5669999718666077,0.5979999899864197,0.5130000114440918,0.5199999809265137,185100,0.5199999809265137
1/29/2019,0.6000000238418579,0.6000000238418579,0.550000011920929,0.5569999814033508,76600,0.5569999814033508
1/28/2019,0.6000000238418579,0.6000000238418579,0.550000011920929,0.5979999899864197,69700,0.5979999899864197
1/25/2019,0.5799999833106995,0.6000000238418579,0.5220000147819519,0.5460000038146973,146000,0.5460000038146973
1/24/2019,0.5550000071525574,0.597000002861023,0.550000011920929,0.5699999928474426,76700,0.5699999928474426
1/23/2019,0.6389999985694885,0.6790000200271606,0.5120000243186951,0.5400000214576721,160800,0.5400000214576721
1/22/2019,0.6990000009536743,0.7400000095367432,0.6119999885559082,0.6309999823570251,122400,0.6309999823570251
1/18/2019,0.6930000185966492,0.7570000290870667,0.6930000185966492,0.699999988079071,31400,0.699999988079071
1/17/2019,0.75,0.7570000290870667,0.6700000166893005,0.6919999718666077,76400,0.6919999718666077
1/16/2019,0.7400000095367432,0.7400000095367432,0.699999988079071,0.7229999899864197,36100,0.7229999899864197
1/15/2019,0.7300000190734863,0.7960000038146973,0.699999988079071,0.7020000219345093,79800,0.7020000219345093
1/14/2019,0.7200000286102295,0.8690000176429749,0.699999988079071,0.7149999737739563,76700,0.7149999737739563
1/11/2019,0.7649999856948853,0.8299999833106995,0.7300000190734863,0.7480000257492065,49200,0.7480000257492065
1/10/2019,0.7739999890327454,0.8500000238418579,0.75,0.7699999809265137,46700,0.7699999809265137
1/9/2019,0.7860000133514404,0.8999999761581421,0.7540000081062317,0.7850000262260437,76300,0.7850000262260437
1/8/2019,0.7699999809265137,0.8859999775886536,0.7599999904632568,0.777999997138977,154100,0.777999997138977
1/7/2019,0.6000000238418579,0.75,0.6000000238418579,0.7089999914169312,247500,0.7089999914169312
1/4/2019,0.6150000095367432,0.6299999952316284,0.5820000171661377,0.6169999837875366,35000,0.6169999837875366
1/3/2019,0.5720000267028809,0.6600000262260437,0.5600000023841858,0.6060000061988831,68800,0.6060000061988831
1/2/2019,0.5360000133514404,0.734000027179718,0.527999997138977,0.5709999799728394,70500,0.5709999799728394
12/31/2018,0.5,0.5699999928474426,0.5,0.5440000295639038,152200,0.5440000295639038
12/28/2018,0.550000011920929,0.574999988079071,0.4909999966621399,0.5070000290870667,207100,0.5070000290870667
12/27/2018,0.5,0.6000000238418579,0.48399999737739563,0.5090000033378601,303000,0.5090000033378601
12/26/2018,0.5009999871253967,0.597000002861023,0.5,0.5,377900,0.5
12/24/2018,0.5299999713897705,0.6000000238418579,0.5,0.5,263500,0.5
12/21/2018,0.6700000166893005,0.7099999785423279,0.5899999737739563,0.5899999737739563,1347500,0.5899999737739563
12/20/2018,0.7200000286102295,0.7979999780654907,0.5799999833106995,0.6669999957084656,321400,0.6669999957084656
12/19/2018,0.6159999966621399,0.75,0.6159999966621399,0.722000002861023,195200,0.722000002861023
12/18/2018,0.5799999833106995,0.6930000185966492,0.5410000085830688,0.6190000176429749,167400,0.6190000176429749
12/17/2018,0.6399999856948853,0.6439999938011169,0.5609999895095825,0.5699999928474426,222600,0.5699999928474426
12/14/2018,0.6769999861717224,0.6880000233650208,0.6209999918937683,0.6209999918937683,138000,0.6209999918937683
12/13/2018,0.699999988079071,0.7099999785423279,0.6539999842643738,0.6880000233650208,48500,0.6880000233650208
12/12/2018,0.6899999976158142,0.7300000190734863,0.6420000195503235,0.656000018119812,168500,0.656000018119812
12/11/2018,0.7599999904632568,0.7599999904632568,0.671999990940094,0.7179999947547913,164700,0.7179999947547913
12/10/2018,0.800000011920929,0.800000011920929,0.7200000286102295,0.7549999952316284,90200,0.7549999952316284
12/7/2018,0.8100000023841858,0.8700000047683716,0.7910000085830688,0.7910000085830688,51700,0.7910000085830688
12/6/2018,0.828000009059906,0.8700000047683716,0.800000011920929,0.8059999942779541,126200,0.8059999942779541
12/4/2018,0.8019999861717224,0.8709999918937683,0.800000011920929,0.8500000238418579,207200,0.8500000238418579
12/3/2018,0.800000011920929,0.8600000143051147,0.800000011920929,0.8109999895095825,224000,0.8109999895095825
11/27/2018,1.149999976158142,1.149999976158142,1.0099999904632568,1.059999942779541,217900,1.059999942779541
11/26/2018,1.159999966621399,1.1799999475479126,1.100000023841858,1.1399999856948853,74500,1.1399999856948853
11/23/2018,1.149999976158142,1.25,1.1299999952316284,1.159999966621399,61800,1.159999966621399
11/21/2018,1.149999976158142,1.149999976158142,1.100000023841858,1.149999976158142,92500,1.149999976158142
11/20/2018,1.2400000095367432,1.3350000381469727,1.0549999475479126,1.1200000047683716,146000,1.1200000047683716
11/19/2018,1.3799999952316284,1.4299999475479126,1.2200000286102295,1.2300000190734863,101900,1.2300000190734863
11/16/2018,1.2089999914169312,1.4500000476837158,1.2009999752044678,1.3700000047683716,89900,1.3700000047683716
11/15/2018,1.3700000047683716,1.4600000381469727,1.3700000047683716,1.4600000381469727,75100,1.4600000381469727
11/14/2018,1.4299999475479126,1.4600000381469727,1.3799999952316284,1.3899999856948853,40400,1.3899999856948853
11/13/2018,1.3899999856948853,1.4600000381469727,1.3799999952316284,1.4299999475479126,52400,1.4299999475479126
11/12/2018,1.4199999570846558,1.5399999618530273,1.3700000047683716,1.3700000047683716,55100,1.3700000047683716
11/9/2018,1.559999942779541,1.6299999952316284,1.440000057220459,1.440000057220459,56600,1.440000057220459
11/8/2018,1.559999942779541,1.7000000476837158,1.5199999809265137,1.5800000429153442,94700,1.5800000429153442
11/7/2018,1.4800000190734863,1.690000057220459,1.4600000381469727,1.559999942779541,115700,1.559999942779541
11/6/2018,1.5800000429153442,1.5800000429153442,1.4500000476837158,1.4900000095367432,70300,1.4900000095367432
11/5/2018,1.559999942779541,1.6299999952316284,1.5399999618530273,1.5700000524520874,70000,1.5700000524520874
11/2/2018,1.590000033378601,1.6200000047683716,1.5399999618530273,1.5800000429153442,102600,1.5800000429153442
11/1/2018,1.559999942779541,1.649999976158142,1.5399999618530273,1.5800000429153442,115400,1.5800000429153442
10/31/2018,1.7000000476837158,1.7200000286102295,1.5099999904632568,1.5499999523162842,167100,1.5499999523162842
10/30/2018,1.5800000429153442,1.75,1.5099999904632568,1.7000000476837158,316900,1.7000000476837158
10/29/2018,1.5,1.649999976158142,1.3799999952316284,1.600000023841858,295000,1.600000023841858
10/26/2018,1.5399999618530273,1.562000036239624,1.350000023841858,1.4600000381469727,154400,1.4600000381469727
10/25/2018,1.5,1.6399999856948853,1.5,1.5499999523162842,135500,1.5499999523162842
10/24/2018,1.5,1.690000057220459,1.434000015258789,1.4900000095367432,357000,1.4900000095367432
10/23/2018,1.399999976158142,1.559999942779541,1.3799999952316284,1.5099999904632568,116800,1.5099999904632568
10/22/2018,1.3600000143051147,1.4800000190734863,1.3600000143051147,1.4299999475479126,117100,1.4299999475479126
10/19/2018,1.3200000524520874,1.4199999570846558,1.2699999809265137,1.3700000047683716,84100,1.3700000047683716
10/18/2018,1.3799999952316284,1.4199999570846558,1.2350000143051147,1.3200000524520874,200500,1.3200000524520874
10/17/2018,1.409999966621399,1.4199999570846558,1.3600000143051147,1.3899999856948853,38900,1.3899999856948853
10/16/2018,1.3600000143051147,1.4299999475479126,1.3600000143051147,1.399999976158142,63400,1.399999976158142
10/15/2018,1.399999976158142,1.440000057220459,1.350000023841858,1.3600000143051147,54400,1.3600000143051147
10/12/2018,1.4500000476837158,1.4500000476837158,1.3600000143051147,1.4199999570846558,69400,1.4199999570846558
10/11/2018,1.3799999952316284,1.4500000476837158,1.3799999952316284,1.399999976158142,78400,1.399999976158142
10/10/2018,1.4199999570846558,1.4600000381469727,1.3799999952316284,1.3799999952316284,66300,1.3799999952316284
10/9/2018,1.399999976158142,1.4830000400543213,1.3700000047683716,1.3899999856948853,86800,1.3899999856948853
10/8/2018,1.399999976158142,1.4900000095367432,1.3600000143051147,1.409999966621399,98500,1.409999966621399
10/5/2018,1.4600000381469727,1.5199999809265137,1.3899999856948853,1.4199999570846558,86500,1.4199999570846558
10/4/2018,1.4600000381469727,1.5,1.4299999475479126,1.4500000476837158,81200,1.4500000476837158
10/3/2018,1.440000057220459,1.4800000190734863,1.409999966621399,1.4800000190734863,37700,1.4800000190734863
10/2/2018,1.590000033378601,1.600000023841858,1.4199999570846558,1.440000057220459,187800,1.440000057220459
10/1/2018,1.600000023841858,1.6200000047683716,1.5199999809265137,1.5800000429153442,115500,1.5800000429153442
9/28/2018,1.5700000524520874,1.690000057220459,1.5499999523162842,1.5700000524520874,101700,1.5700000524520874
9/27/2018,1.7200000286102295,1.7200000286102295,1.5800000429153442,1.5800000429153442,190600,1.5800000429153442
9/26/2018,1.6399999856948853,1.7300000190734863,1.5880000591278076,1.7100000381469727,209500,1.7100000381469727
9/25/2018,1.5800000429153442,1.649999976158142,1.5,1.649999976158142,194500,1.649999976158142
9/24/2018,1.5399999618530273,1.5800000429153442,1.5089999437332153,1.5700000524520874,127600,1.5700000524520874
9/21/2018,1.5499999523162842,1.600000023841858,1.4800000190734863,1.5499999523162842,682700,1.5499999523162842
9/20/2018,1.7100000381469727,1.7699999809265137,1.5399999618530273,1.559999942779541,598000,1.559999942779541
9/19/2018,1.600000023841858,1.7200000286102295,1.4709999561309814,1.7000000476837158,624200,1.7000000476837158
9/18/2018,1.399999976158142,1.5700000524520874,1.3799999952316284,1.559999942779541,177400,1.559999942779541
9/17/2018,1.5800000429153442,1.5800000429153442,1.399999976158142,1.409999966621399,219300,1.409999966621399
9/14/2018,1.7400000095367432,1.7400000095367432,1.5099999904632568,1.5800000429153442,456000,1.5800000429153442
9/13/2018,1.5099999904632568,1.7699999809265137,1.5,1.690000057220459,1192400,1.690000057220459
9/12/2018,1.4500000476837158,1.5199999809265137,1.2999999523162842,1.4900000095367432,212600,1.4900000095367432
9/11/2018,1.5700000524520874,1.590000033378601,1.375,1.4500000476837158,332700,1.4500000476837158
9/10/2018,1.8300000429153442,1.8300000429153442,1.5800000429153442,1.590000033378601,211300,1.590000033378601
9/7/2018,1.899999976158142,1.909999966621399,1.7799999713897705,1.7999999523162842,106900,1.7999999523162842
9/6/2018,1.9299999475479126,1.9900000095367432,1.8799999952316284,1.8899999856948853,95700,1.8899999856948853
9/5/2018,2.0399999618530273,2.049999952316284,1.909999966621399,1.9500000476837158,164400,1.9500000476837158
9/4/2018,2.180000066757202,2.246000051498413,2.0199999809265137,2.0299999713897705,186200,2.0299999713897705
8/31/2018,2.200000047683716,2.240000009536743,2.1500000953674316,2.2200000286102295,90600,2.2200000286102295
8/30/2018,2.319999933242798,2.3499999046325684,2.200000047683716,2.2100000381469727,96000,2.2100000381469727
8/29/2018,2.3499999046325684,2.390000104904175,2.2899999618530273,2.309999942779541,117300,2.309999942779541
8/28/2018,2.3299999237060547,2.359999895095825,2.3299999237060547,2.3499999046325684,84200,2.3499999046325684
8/27/2018,2.3399999141693115,2.369999885559082,2.2909998893737793,2.3499999046325684,65300,2.3499999046325684
8/24/2018,2.380000114440918,2.490000009536743,2.2899999618530273,2.3499999046325684,69100,2.3499999046325684
8/23/2018,2.3499999046325684,2.430000066757202,2.319999933242798,2.319999933242798,74700,2.319999933242798
8/22/2018,2.4000000953674316,2.4600000381469727,2.3399999141693115,2.3499999046325684,150000,2.3499999046325684
8/21/2018,2.4000000953674316,2.430000066757202,2.359999895095825,2.4100000858306885,68100,2.4100000858306885
8/20/2018,2.4800000190734863,2.4800000190734863,2.359999895095825,2.380000114440918,80200,2.380000114440918
8/17/2018,2.359999895095825,2.380000114440918,2.2899999618530273,2.3299999237060547,49900,2.3299999237060547
8/16/2018,2.3499999046325684,2.38700008392334,2.2699999809265137,2.3399999141693115,48600,2.3399999141693115
8/15/2018,2.390000104904175,2.4100000858306885,2.2200000286102295,2.359999895095825,120100,2.359999895095825
8/14/2018,2.569999933242798,2.5899999141693115,2.4000000953674316,2.4100000858306885,141700,2.4100000858306885
8/13/2018,2.869999885559082,2.8949999809265137,2.5,2.5299999713897705,259600,2.5299999713897705
8/10/2018,3.059999942779541,3.0799999237060547,2.7899999618530273,2.825000047683716,195200,2.825000047683716
8/9/2018,3.1700000762939453,3.200000047683716,3.0299999713897705,3.059999942779541,153800,3.059999942779541
8/8/2018,3.1700000762939453,3.2200000286102295,3.0999999046325684,3.180000066757202,25500,3.180000066757202
8/7/2018,3.1500000953674316,3.240000009536743,3.1500000953674316,3.180000066757202,19700,3.180000066757202
8/6/2018,3.1600000858306885,3.1700000762939453,3.0999999046325684,3.1500000953674316,11700,3.1500000953674316
8/3/2018,3.200000047683716,3.2699999809265137,3.069999933242798,3.140000104904175,29700,3.140000104904175
8/2/2018,3.200000047683716,3.2699999809265137,3.180000066757202,3.259999990463257,36100,3.259999990463257
8/1/2018,3.2100000381469727,3.25,3.1410000324249268,3.2300000190734863,59100,3.2300000190734863
7/31/2018,3.1700000762939453,3.2799999713897705,3.140000104904175,3.2300000190734863,53900,3.2300000190734863
7/30/2018,3.119999885559082,3.25,3.119999885559082,3.180000066757202,40400,3.180000066757202
7/27/2018,3.2899999618530273,3.299999952316284,3.130000114440918,3.140000104904175,55200,3.140000104904175
7/26/2018,3.1600000858306885,3.299999952316284,3.1600000858306885,3.25,49700,3.25
7/25/2018,3.1700000762939453,3.180000066757202,3.130000114440918,3.1600000858306885,100700,3.1600000858306885
7/24/2018,3.0999999046325684,3.180000066757202,3.0999999046325684,3.119999885559082,56700,3.119999885559082
7/23/2018,3.059999942779541,3.130000114440918,3.0199999809265137,3.0899999141693115,127200,3.0899999141693115
7/20/2018,3.1700000762939453,3.200000047683716,3.059999942779541,3.069999933242798,63600,3.069999933242798
7/19/2018,3.1700000762939453,3.2100000381469727,3.140000104904175,3.180000066757202,79400,3.180000066757202
7/18/2018,3.190000057220459,3.200000047683716,3.0999999046325684,3.1700000762939453,63900,3.1700000762939453
7/17/2018,3.1700000762939453,3.2300000190734863,3.109999895095825,3.180000066757202,79300,3.180000066757202
7/16/2018,3.2100000381469727,3.2100000381469727,3.0999999046325684,3.1500000953674316,137300,3.1500000953674316
7/13/2018,3.2119998931884766,3.2799999713897705,3.1500000953674316,3.1600000858306885,82900,3.1600000858306885
7/12/2018,3.240000009536743,3.299999952316284,3.130000114440918,3.190000057220459,84800,3.190000057220459
7/11/2018,3.319999933242798,3.364000082015991,3.109999895095825,3.180000066757202,111200,3.180000066757202
7/10/2018,3.4200000762939453,3.4200000762939453,3.309999942779541,3.319999933242798,46300,3.319999933242798
7/9/2018,3.559999942779541,3.559999942779541,3.319999933242798,3.3499999046325684,44700,3.3499999046325684
7/6/2018,3.569999933242798,3.640000104904175,3.5,3.5399999618530273,54100,3.5399999618530273
7/5/2018,3.5199999809265137,3.640000104904175,3.4600000381469727,3.5999999046325684,99900,3.5999999046325684
7/3/2018,3.4800000190734863,3.4800000190734863,3.190000057220459,3.4700000286102295,21700,3.4700000286102295
7/2/2018,3.2799999713897705,3.5,3.240999937057495,3.4600000381469727,81200,3.4600000381469727
6/29/2018,3.309999942779541,3.380000114440918,3.299999952316284,3.309999942779541,62300,3.309999942779541
6/28/2018,3.2799999713897705,3.3399999141693115,3.2300000190734863,3.309999942779541,23000,3.309999942779541
6/27/2018,3.359999895095825,3.4200000762939453,3.299999952316284,3.299999952316284,49300,3.299999952316284
6/26/2018,3.4800000190734863,3.4800000190734863,3.259999990463257,3.359999895095825,58100,3.359999895095825
6/25/2018,3.259999990463257,3.4800000190734863,3.259999990463257,3.430000066757202,158300,3.430000066757202
6/22/2018,3.1500000953674316,3.299999952316284,3.109999895095825,3.299999952316284,604400,3.299999952316284
6/21/2018,3.0799999237060547,3.1600000858306885,3.0220000743865967,3.0999999046325684,46000,3.0999999046325684
6/20/2018,3.1700000762939453,3.200000047683716,3.049999952316284,3.0999999046325684,61800,3.0999999046325684
6/19/2018,3.2799999713897705,3.319999933242798,2.950000047683716,3.1600000858306885,223200,3.1600000858306885
6/18/2018,3.2200000286102295,3.319999933242798,3.200000047683716,3.259999990463257,55100,3.259999990463257
6/15/2018,3.25,3.309999942779541,3.200000047683716,3.2200000286102295,107800,3.2200000286102295
6/14/2018,3.180000066757202,3.309999942779541,3.180000066757202,3.2799999713897705,33300,3.2799999713897705
6/13/2018,3.259999990463257,3.309999942779541,3.1600000858306885,3.180000066757202,55300,3.180000066757202
6/12/2018,3.180000066757202,3.359999895095825,3.180000066757202,3.25,64100,3.25
6/11/2018,3.4000000953674316,3.4100000858306885,3.140000104904175,3.2200000286102295,143400,3.2200000286102295
6/8/2018,3.509999990463257,3.549999952316284,3.390000104904175,3.4100000858306885,58100,3.4100000858306885
6/7/2018,3.5,3.549999952316284,3.4800000190734863,3.5,42000,3.5
6/6/2018,3.490000009536743,3.5399999618530273,3.4700000286102295,3.490000009536743,77200,3.490000009536743
6/5/2018,3.4100000858306885,3.5,3.4100000858306885,3.4800000190734863,67500,3.4800000190734863
6/4/2018,3.369999885559082,3.4700000286102295,3.319999933242798,3.430000066757202,35200,3.430000066757202
6/1/2018,3.450000047683716,3.4600000381469727,3.3499999046325684,3.359999895095825,52200,3.359999895095825
5/31/2018,3.4000000953674316,3.4600000381469727,3.4000000953674316,3.4200000762939453,23600,3.4200000762939453
5/30/2018,3.4700000286102295,3.5,3.3399999141693115,3.359999895095825,56500,3.359999895095825
5/29/2018,3.4800000190734863,3.5,3.390000104904175,3.4800000190734863,38900,3.4800000190734863
5/25/2018,3.299999952316284,3.492000102996826,3.299999952316284,3.4800000190734863,110300,3.4800000190734863
5/24/2018,3.319999933242798,3.380000114440918,3.2899999618530273,3.3499999046325684,38500,3.3499999046325684
5/23/2018,3.390000104904175,3.4800000190734863,3.2850000858306885,3.3399999141693115,56400,3.3399999141693115
5/22/2018,3.4800000190734863,3.509999990463257,3.3299999237060547,3.430000066757202,154300,3.430000066757202
5/21/2018,3.2899999618530273,3.5199999809265137,3.1710000038146973,3.4700000286102295,129200,3.4700000286102295
5/18/2018,3.4200000762939453,3.5199999809265137,3.240000009536743,3.2899999618530273,159900,3.2899999618530273
5/17/2018,3.380000114440918,3.5,3.380000114440918,3.4600000381469727,64100,3.4600000381469727
5/16/2018,3.4000000953674316,3.4800000190734863,3.299999952316284,3.4049999713897705,49300,3.4049999713897705
5/15/2018,3.299999952316284,3.4000000953674316,3.2799999713897705,3.380000114440918,37800,3.380000114440918
5/14/2018,3.2300000190734863,3.3399999141693115,3.200000047683716,3.309999942779541,59800,3.309999942779541
5/11/2018,3.0999999046325684,3.2899999618530273,3.0999999046325684,3.2300000190734863,56000,3.2300000190734863
5/10/2018,3.690000057220459,3.690000057220459,3.0199999809265137,3.0799999237060547,126300,3.0799999237060547
5/9/2018,3.509999990463257,3.549999952316284,3.440000057220459,3.5399999618530273,33700,3.5399999618530273
5/8/2018,3.4800000190734863,3.549999952316284,3.380000114440918,3.5199999809265137,45200,3.5199999809265137
5/7/2018,3.509999990463257,3.6440000534057617,3.440000057220459,3.4800000190734863,71500,3.4800000190734863
5/4/2018,3.25,3.430000066757202,3.25,3.4100000858306885,25600,3.4100000858306885
5/3/2018,3.390000104904175,3.4100000858306885,3.25,3.25,24800,3.25
5/2/2018,3.3499999046325684,3.4700000286102295,3.3399999141693115,3.390000104904175,55900,3.390000104904175
5/1/2018,3.4000000953674316,3.4700000286102295,3.259999990463257,3.390000104904175,35600,3.390000104904175
4/30/2018,3.4800000190734863,3.509999990463257,3.380000114440918,3.4100000858306885,41100,3.4100000858306885
4/27/2018,3.390000104904175,3.4800000190734863,3.36299991607666,3.440000057220459,68400,3.440000057220459
4/26/2018,3.240000009536743,3.4000000953674316,3.240000009536743,3.380000114440918,43700,3.380000114440918
4/25/2018,3.450000047683716,3.450000047683716,3.2100000381469727,3.2300000190734863,50100,3.2300000190734863
4/24/2018,3.390000104904175,3.4800000190734863,3.3499999046325684,3.440000057220459,58200,3.440000057220459
4/23/2018,3.3399999141693115,3.4000000953674316,3.309999942779541,3.3499999046325684,23600,3.3499999046325684
4/20/2018,3.25,3.359999895095825,3.240000009536743,3.309999942779541,42000,3.309999942779541
4/19/2018,3.259999990463257,3.309999942779541,3.2300000190734863,3.2699999809265137,33500,3.2699999809265137
4/18/2018,3.299999952316284,3.4000000953674316,3.180000066757202,3.259999990463257,73500,3.259999990463257
4/17/2018,3.140000104904175,3.299999952316284,3.130000114440918,3.259999990463257,105700,3.259999990463257
4/16/2018,3.059999942779541,3.1500000953674316,3.0250000953674316,3.130000114440918,53900,3.130000114440918
4/13/2018,3.0999999046325684,3.0999999046325684,3.009999990463257,3.009999990463257,76900,3.009999990463257
4/12/2018,3.0999999046325684,3.190000057220459,3.0399999618530273,3.0999999046325684,32600,3.0999999046325684
4/11/2018,3.200000047683716,3.2100000381469727,3.049999952316284,3.069999933242798,76600,3.069999933242798
4/10/2018,3.119999885559082,3.2100000381469727,3.0299999713897705,3.2100000381469727,67200,3.2100000381469727
4/9/2018,3.049999952316284,3.140000104904175,3.0199999809265137,3.0899999141693115,60200,3.0899999141693115
4/6/2018,3.0799999237060547,3.130000114440918,3.0199999809265137,3.0399999618530273,44200,3.0399999618530273
4/5/2018,3.0299999713897705,3.130000114440918,3.009999990463257,3.109999895095825,79400,3.109999895095825
4/4/2018,3.0299999713897705,3.0799999237060547,3.009999990463257,3.0299999713897705,72200,3.0299999713897705
4/3/2018,3.1600000858306885,3.25,3.009999990463257,3.049999952316284,176600,3.049999952316284
4/2/2018,3.059999942779541,3.190000057220459,3.0199999809265137,3.0899999141693115,111700,3.0899999141693115
3/29/2018,3.0899999141693115,3.2100000381469727,3.0299999713897705,3.049999952316284,95400,3.049999952316284
3/28/2018,3.049999952316284,3.119999885559082,3.009999990463257,3.0299999713897705,56800,3.0299999713897705
3/27/2018,3.140000104904175,3.1700000762939453,3.0199999809265137,3.0299999713897705,55600,3.0299999713897705
3/26/2018,3.1700000762939453,3.2100000381469727,3.049999952316284,3.119999885559082,94000,3.119999885559082
3/23/2018,3.5999999046325684,3.5999999046325684,3.109999895095825,3.119999885559082,64400,3.119999885559082
3/22/2018,3.5,3.5,3.1600000858306885,3.1700000762939453,113900,3.1700000762939453
3/21/2018,3.059999942779541,3.5899999141693115,3.059999942779541,3.5199999809265137,267900,3.5199999809265137
3/20/2018,3.109999895095825,3.109999895095825,2.9600000381469727,3.0299999713897705,137400,3.0299999713897705
3/19/2018,3.0799999237060547,3.1700000762939453,3.0199999809265137,3.119999885559082,104900,3.119999885559082
3/16/2018,3.240000009536743,3.25,3.059999942779541,3.0999999046325684,189300,3.0999999046325684
3/15/2018,3.25,3.3399999141693115,3.200000047683716,3.200000047683716,85500,3.200000047683716
3/14/2018,3.5999999046325684,3.5999999046325684,3.0999999046325684,3.1700000762939453,228900,3.1700000762939453
3/13/2018,3.759999990463257,3.759999990463257,3.630000114440918,3.630000114440918,82500,3.630000114440918
3/12/2018,3.6600000858306885,3.7149999141693115,3.630000114440918,3.700000047683716,42800,3.700000047683716
3/9/2018,3.700000047683716,3.7200000286102295,3.5899999141693115,3.6700000762939453,86800,3.6700000762939453
3/8/2018,3.7699999809265137,3.7699999809265137,3.5999999046325684,3.680000066757202,51800,3.680000066757202
3/7/2018,3.5399999618530273,3.75,3.440000057220459,3.7200000286102295,99700,3.7200000286102295
3/6/2018,3.490000009536743,3.640000104904175,3.430000066757202,3.559999942779541,94000,3.559999942779541
3/5/2018,3.309999942779541,3.4700000286102295,3.2909998893737793,3.450000047683716,77500,3.450000047683716
3/2/2018,3.0399999618530273,3.380000114440918,3.0199999809265137,3.299999952316284,195700,3.299999952316284
3/1/2018,3.0399999618530273,3.200000047683716,2.950000047683716,3.0899999141693115,104300,3.0899999141693115
2/28/2018,3.1500000953674316,3.2300000190734863,3.009999990463257,3.0199999809265137,85200,3.0199999809265137
2/27/2018,3.200000047683716,3.2899999618530273,3.130000114440918,3.130000114440918,37200,3.130000114440918
2/26/2018,3.1500000953674316,3.2300000190734863,3.061000108718872,3.2100000381469727,63900,3.2100000381469727
2/23/2018,3.0899999141693115,3.1700000762939453,2.990000009536743,3.130000114440918,104900,3.130000114440918
2/22/2018,3.119999885559082,3.259999990463257,3.055000066757202,3.0899999141693115,117300,3.0899999141693115
2/21/2018,3.140000104904175,3.2899999618530273,3.0999999046325684,3.119999885559082,66900,3.119999885559082
2/20/2018,3.259999990463257,3.3499999046325684,3.0799999237060547,3.109999895095825,80200,3.109999895095825
2/16/2018,3.1700000762939453,3.3399999141693115,3.1700000762939453,3.2899999618530273,80000,3.2899999618530273
2/15/2018,3.059999942779541,3.243000030517578,3.059999942779541,3.190000057220459,125800,3.190000057220459
2/13/2018,2.9600000381469727,3.009999990463257,2.9000000953674316,2.990000009536743,87000,2.990000009536743
2/12/2018,2.990000009536743,3.0399999618530273,2.8980000019073486,2.9600000381469727,81700,2.9600000381469727
2/8/2018,3.1700000762939453,3.190000057220459,2.940000057220459,2.940000057220459,72800,2.940000057220459
2/7/2018,3.0299999713897705,3.200000047683716,2.990000009536743,3.1500000953674316,114200,3.1500000953674316
2/6/2018,2.950000047683716,3.049999952316284,2.8499999046325684,3.0199999809265137,163800,3.0199999809265137
2/5/2018,3.069999933242798,3.130000114440918,2.9200000762939453,2.950000047683716,186100,2.950000047683716
2/2/2018,3.2799999713897705,3.319999933242798,3.130000114440918,3.130000114440918,113700,3.130000114440918
2/1/2018,3.4100000858306885,3.4100000858306885,3.2799999713897705,3.299999952316284,127400,3.299999952316284
1/31/2018,3.259999990463257,3.5899999141693115,3.240000009536743,3.440000057220459,153700,3.440000057220459
1/30/2018,3.4100000858306885,3.4100000858306885,3.200000047683716,3.2100000381469727,64500,3.2100000381469727
1/29/2018,3.4800000190734863,3.4800000190734863,3.3410000801086426,3.4100000858306885,122200,3.4100000858306885
1/26/2018,3.5299999713897705,3.549999952316284,3.3949999809265137,3.4600000381469727,161000,3.4600000381469727
1/25/2018,3.640000104904175,3.6500000953674316,3.4700000286102295,3.5299999713897705,130900,3.5299999713897705
1/24/2018,3.859999895095825,3.9000000953674316,3.630000114440918,3.6600000858306885,118400,3.6600000858306885
1/23/2018,3.8499999046325684,3.9000000953674316,3.809999942779541,3.859999895095825,77300,3.859999895095825
1/22/2018,3.799999952316284,3.8499999046325684,3.740000009536743,3.8299999237060547,118300,3.8299999237060547
1/19/2018,3.7300000190734863,3.880000114440918,3.569999933242798,3.8499999046325684,116400,3.8499999046325684
1/18/2018,3.869999885559082,3.869999885559082,3.7200000286102295,3.75,163200,3.75
1/16/2018,3.690000057220459,4.050000190734863,3.690000057220459,3.950000047683716,526800,3.950000047683716
1/12/2018,3.7899999618530273,3.7899999618530273,3.690000057220459,3.7699999809265137,194600,3.7699999809265137
1/11/2018,3.7200000286102295,3.8399999141693115,3.696000099182129,3.759999990463257,131700,3.759999990463257
1/10/2018,3.9000000953674316,3.950000047683716,3.6500000953674316,3.75,247400,3.75
1/9/2018,3.549999952316284,3.9800000190734863,3.5199999809265137,3.9000000953674316,265500,3.9000000953674316
1/8/2018,3.549999952316284,3.7200000286102295,3.4100000858306885,3.609999895095825,307500,3.609999895095825
1/5/2018,3.4000000953674316,3.569000005722046,3.380000114440918,3.5199999809265137,166800,3.5199999809265137
1/4/2018,3.25,3.4100000858306885,3.1700000762939453,3.359999895095825,180400,3.359999895095825
1/3/2018,3.200000047683716,3.2899999618530273,3.130000114440918,3.2200000286102295,88900,3.2200000286102295
1/2/2018,3.0899999141693115,3.2730000019073486,3.0799999237060547,3.2200000286102295,140700,3.2200000286102295
12/29/2017,3.119999885559082,3.119999885559082,3.0299999713897705,3.049999952316284,95900,3.049999952316284
12/28/2017,3.2100000381469727,3.2100000381469727,3.059999942779541,3.0999999046325684,76800,3.0999999046325684
12/27/2017,3.3299999237060547,3.359999895095825,3.180000066757202,3.2100000381469727,100900,3.2100000381469727
12/26/2017,3.2100000381469727,3.3499999046325684,3.2100000381469727,3.309999942779541,68000,3.309999942779541
12/22/2017,3.2799999713897705,3.299999952316284,3.1500000953674316,3.200000047683716,74300,3.200000047683716
12/21/2017,3.130000114440918,3.3299999237060547,3.124000072479248,3.240000009536743,130800,3.240000009536743
12/20/2017,3.2699999809265137,3.309999942779541,3.0999999046325684,3.119999885559082,130200,3.119999885559082
12/19/2017,3.2300000190734863,3.3399999141693115,3.1500000953674316,3.2300000190734863,202400,3.2300000190734863
12/15/2017,2.9200000762939453,3.0199999809265137,2.9100000858306885,2.990000009536743,507500,2.990000009536743
12/14/2017,3.049999952316284,3.180000066757202,2.9100000858306885,2.9200000762939453,295900,2.9200000762939453
12/13/2017,3.0999999046325684,3.25,3.0399999618530273,3.049999952316284,240400,3.049999952316284
12/12/2017,3.0799999237060547,3.2799999713897705,3.069999933242798,3.0799999237060547,161800,3.0799999237060547
12/11/2017,3.059999942779541,3.0999999046325684,2.990000009536743,3.049999952316284,108200,3.049999952316284
12/8/2017,3.0199999809265137,3.0999999046325684,2.9700000286102295,3.069999933242798,107800,3.069999933242798
12/7/2017,3.0299999713897705,3.140000104904175,2.9700000286102295,3.0199999809265137,114100,3.0199999809265137
12/6/2017,3.0799999237060547,3.1700000762939453,2.990000009536743,3.0299999713897705,108600,3.0299999713897705
12/5/2017,2.9700000286102295,3.180000066757202,2.9200000762939453,3.059999942779541,219400,3.059999942779541
12/4/2017,3.2699999809265137,3.390000104904175,2.950000047683716,2.990000009536743,394200,2.990000009536743
12/1/2017,3.25,3.4000000953674316,3.109999895095825,3.2200000286102295,154600,3.2200000286102295
11/30/2017,3.2899999618530273,3.4100000858306885,3.2200000286102295,3.2300000190734863,135200,3.2300000190734863
11/29/2017,3.369999885559082,3.4700000286102295,3.2200000286102295,3.2699999809265137,103600,3.2699999809265137
11/28/2017,3.2799999713897705,3.4100000858306885,3.2300000190734863,3.390000104904175,93700,3.390000104904175
11/27/2017,3.2799999713897705,3.319999933242798,3.2200000286102295,3.25,102900,3.25
11/24/2017,3.299999952316284,3.36299991607666,3.2300000190734863,3.299999952316284,68000,3.299999952316284
11/22/2017,3.190000057220459,3.369999885559082,3.190000057220459,3.259999990463257,137500,3.259999990463257
11/21/2017,3.5299999713897705,3.5350000858306885,3.1500000953674316,3.1500000953674316,756000,3.1500000953674316
11/20/2017,3.319999933242798,3.555000066757202,3.2899999618530273,3.490000009536743,78500,3.490000009536743
11/17/2017,3.5399999618530273,3.6080000400543213,3.259999990463257,3.2799999713897705,165700,3.2799999713897705
11/16/2017,3.509999990463257,3.619999885559082,3.4600000381469727,3.559999942779541,173900,3.559999942779541
11/15/2017,3.4100000858306885,3.509999990463257,3.375999927520752,3.4600000381469727,101000,3.4600000381469727
11/14/2017,3.3299999237060547,3.430000066757202,3.319999933242798,3.359999895095825,74700,3.359999895095825
11/13/2017,3.359999895095825,3.5869998931884766,3.319999933242798,3.369999885559082,99600,3.369999885559082
11/10/2017,3.740000009536743,3.740000009536743,3.25,3.4000000953674316,114500,3.4000000953674316
11/9/2017,3.4000000953674316,3.5299999713897705,3.2300000190734863,3.5,95200,3.5
11/8/2017,3.259999990463257,3.4600000381469727,3.25,3.4100000858306885,86400,3.4100000858306885
11/7/2017,3.369999885559082,3.4100000858306885,3.1700000762939453,3.2799999713897705,122200,3.2799999713897705
11/6/2017,3.319999933242798,3.4760000705718994,3.2300000190734863,3.390000104904175,126900,3.390000104904175
11/3/2017,3.430000066757202,3.625,3.200000047683716,3.2899999618530273,149900,3.2899999618530273
11/2/2017,3.5299999713897705,3.559999942779541,3.3399999141693115,3.380000114440918,118600,3.380000114440918
11/1/2017,3.6500000953674316,3.74399995803833,3.5,3.559999942779541,90100,3.559999942779541
10/31/2017,3.690000057220459,3.7300000190734863,3.5299999713897705,3.6500000953674316,90500,3.6500000953674316
10/30/2017,3.8399999141693115,3.9100000858306885,3.5859999656677246,3.640000104904175,118700,3.640000104904175
10/27/2017,3.75,3.9100000858306885,3.75,3.859999895095825,166500,3.859999895095825
10/25/2017,3.930000066757202,3.930000066757202,3.6700000762939453,3.799999952316284,50000,3.799999952316284
10/24/2017,3.9600000381469727,3.990000009536743,3.8399999141693115,3.9000000953674316,69900,3.9000000953674316
10/20/2017,3.880000114440918,3.880000114440918,3.7100000381469727,3.859999895095825,96500,3.859999895095825
10/19/2017,3.8499999046325684,3.947000026702881,3.680000066757202,3.819999933242798,133800,3.819999933242798
10/18/2017,4.050000190734863,4.050000190734863,3.7799999713897705,3.8299999237060547,133700,3.8299999237060547
10/16/2017,3.9800000190734863,4.159999847412109,3.9700000286102295,4.03000020980835,116100,4.03000020980835
10/12/2017,4.159999847412109,4.179999828338623,4.010000228881836,4.119999885559082,98000,4.119999885559082
10/11/2017,4.050000190734863,4.239999771118164,3.9700000286102295,4.150000095367432,160000,4.150000095367432
10/10/2017,4.239999771118164,4.340000152587891,3.9600000381469727,4.019999980926514,242800,4.019999980926514
10/9/2017,4.329999923706055,4.53000020980835,4.170000076293945,4.190000057220459,133000,4.190000057220459
10/6/2017,4.690000057220459,4.71999979019165,4.260000228881836,4.28000020980835,226300,4.28000020980835
10/5/2017,5.150000095367432,5.260000228881836,4.670000076293945,4.690000057220459,322600,4.690000057220459
10/4/2017,4.699999809265137,5.139999866485596,4.670000076293945,4.96999979019165,512600,4.96999979019165
10/3/2017,4.760000228881836,4.849999904632568,4.610000133514404,4.730000019073486,226100,4.730000019073486
10/2/2017,4.179999828338623,4.730000019073486,4.139999866485596,4.710000038146973,327100,4.710000038146973
9/29/2017,4.400000095367432,4.5,4.090000152587891,4.119999885559082,186400,4.119999885559082
9/28/2017,4.539999961853027,4.570000171661377,4.420000076293945,4.449999809265137,105000,4.449999809265137
9/27/2017,4.400000095367432,4.59499979019165,4.349999904632568,4.5,128100,4.5
9/26/2017,4.46999979019165,4.50600004196167,4.329999923706055,4.389999866485596,87700,4.389999866485596
9/25/2017,4.46999979019165,4.519999980926514,4.239999771118164,4.409999847412109,252400,4.409999847412109
9/22/2017,4.46999979019165,4.599999904632568,4.400000095367432,4.46999979019165,87500,4.46999979019165
9/21/2017,4.239999771118164,4.539999961853027,4.1620001792907715,4.480000019073486,157500,4.480000019073486
9/20/2017,4.28000020980835,4.369999885559082,4.164999961853027,4.28000020980835,116600,4.28000020980835
9/19/2017,4.28000020980835,4.349999904632568,4.199999809265137,4.239999771118164,121700,4.239999771118164
9/18/2017,4.630000114440918,4.630000114440918,4.116000175476074,4.324999809265137,385600,4.324999809265137
9/15/2017,4.699999809265137,4.849999904632568,4.619999885559082,4.630000114440918,1210800,4.630000114440918
9/14/2017,4.46999979019165,4.769999980926514,4.420000076293945,4.679999828338623,322700,4.679999828338623
9/13/2017,4.440000057220459,4.599999904632568,4.28000020980835,4.46999979019165,343600,4.46999979019165
9/11/2017,4.190000057220459,4.389999866485596,4.010000228881836,4.110000133514404,427900,4.110000133514404
9/8/2017,3.75,4.190000057220459,3.743000030517578,4.119999885559082,366300,4.119999885559082
9/7/2017,3.4100000858306885,4.21999979019165,3.4100000858306885,3.7899999618530273,869000,3.7899999618530273
9/6/2017,3.25,3.4800000190734863,3.140000104904175,3.4000000953674316,357600,3.4000000953674316
9/5/2017,2.690000057220459,3.1500000953674316,2.640000104904175,3.140000104904175,384100,3.140000104904175
9/1/2017,2.819999933242798,2.8959999084472656,2.640000104904175,2.6600000858306885,296500,2.6600000858306885
8/31/2017,2.7300000190734863,2.859999895095825,2.690000057220459,2.7699999809265137,319700,2.7699999809265137
8/30/2017,2.8399999141693115,2.875999927520752,2.5999999046325684,2.690000057220459,203200,2.690000057220459
8/29/2017,2.9200000762939453,2.930000066757202,2.740000009536743,2.799999952316284,140800,2.799999952316284
8/28/2017,2.869999885559082,2.9600000381469727,2.8499999046325684,2.9000000953674316,136800,2.9000000953674316
8/25/2017,2.950000047683716,2.950000047683716,2.8399999141693115,2.8499999046325684,166900,2.8499999046325684
8/24/2017,2.9200000762939453,2.9700000286102295,2.880000114440918,2.9700000286102295,144500,2.9700000286102295
8/23/2017,2.990000009536743,3.0299999713897705,2.930000066757202,2.930000066757202,102500,2.930000066757202
8/17/2017,3.200000047683716,3.25,3.059999942779541,3.069999933242798,130100,3.069999933242798
8/16/2017,3.299999952316284,3.319999933242798,3.1600000858306885,3.180000066757202,147000,3.180000066757202
8/15/2017,3.490000009536743,3.5799999237060547,3.309999942779541,3.319999933242798,95600,3.319999933242798
8/14/2017,3.5,3.6710000038146973,3.430000066757202,3.440000057220459,160200,3.440000057220459
8/11/2017,3.809999942779541,3.934999942779541,3.299999952316284,3.490000009536743,288800,3.490000009536743
8/10/2017,3.9700000286102295,4.099999904632568,3.8499999046325684,4.050000190734863,228800,4.050000190734863
8/9/2017,4.190000057220459,4.190000057220459,3.9100000858306885,3.9600000381469727,120400,3.9600000381469727
8/8/2017,4.28000020980835,4.364999771118164,4.159999847412109,4.230000019073486,114300,4.230000019073486
8/7/2017,4.269999980926514,4.329999923706055,4.159999847412109,4.28000020980835,75200,4.28000020980835
8/4/2017,4.170000076293945,4.269999980926514,4.110000133514404,4.199999809265137,103300,4.199999809265137
8/3/2017,4.300000190734863,4.510000228881836,4.110000133514404,4.159999847412109,89700,4.159999847412109
8/2/2017,4.440000057220459,4.554999828338623,4.210000038146973,4.269999980926514,75500,4.269999980926514
8/1/2017,4.300000190734863,4.550000190734863,4.110000133514404,4.440000057220459,176900,4.440000057220459
7/31/2017,4.329999923706055,4.329999923706055,4.039999961853027,4.28000020980835,104200,4.28000020980835
7/28/2017,4.210000038146973,4.349999904632568,4.210000038146973,4.300000190734863,64100,4.300000190734863
7/27/2017,4.360000133514404,4.420000076293945,4.150000095367432,4.239999771118164,170200,4.239999771118164
7/26/2017,4.269999980926514,4.409999847412109,4.159999847412109,4.380000114440918,125700,4.380000114440918
7/25/2017,4.25,4.298999786376953,4.150000095367432,4.21999979019165,34200,4.21999979019165
7/24/2017,4.190000057220459,4.348999977111816,4.139999866485596,4.239999771118164,90300,4.239999771118164
7/21/2017,4.449999809265137,4.460000038146973,4.159999847412109,4.199999809265137,321900,4.199999809265137
7/20/2017,4.03000020980835,4.340000152587891,3.9600000381469727,4.320000171661377,221900,4.320000171661377
7/18/2017,4.25,4.329999923706055,4.03000020980835,4.039999961853027,210500,4.039999961853027
7/17/2017,4.25,4.380000114440918,4.190000057220459,4.269999980926514,94600,4.269999980926514
7/14/2017,4.260000228881836,4.420000076293945,4.179999828338623,4.25,150700,4.25
7/13/2017,4.260000228881836,4.380000114440918,4.159999847412109,4.289999961853027,81900,4.289999961853027
7/12/2017,4.400000095367432,4.449999809265137,4.159999847412109,4.269999980926514,194500,4.269999980926514
7/11/2017,4.079999923706055,4.449999809265137,4.010000228881836,4.349999904632568,213300,4.349999904632568
7/10/2017,4.059999942779541,4.169000148773193,4.010000228881836,4.090000152587891,106400,4.090000152587891
7/7/2017,3.8499999046325684,4.099999904632568,3.7799999713897705,4.079999923706055,134700,4.079999923706055
7/6/2017,4.019999980926514,4.21999979019165,3.759999990463257,3.819999933242798,303200,3.819999933242798
7/5/2017,4.150000095367432,4.293000221252441,3.9100000858306885,4.019999980926514,205900,4.019999980926514
7/3/2017,4.230000019073486,4.300000190734863,4.03000020980835,4.130000114440918,95900,4.130000114440918
6/30/2017,4.440000057220459,4.440000057220459,4.099999904632568,4.230000019073486,197400,4.230000019073486
6/29/2017,4.460000038146973,4.53000020980835,4.28000020980835,4.420000076293945,231800,4.420000076293945
6/28/2017,4.730000019073486,4.854000091552734,4.230000019073486,4.46999979019165,337300,4.46999979019165
6/26/2017,4.579999923706055,4.999000072479248,4.420000076293945,4.949999809265137,384500,4.949999809265137
6/23/2017,4.650000095367432,4.659999847412109,4.150000095367432,4.579999923706055,1310400,4.579999923706055
6/22/2017,4.480000019073486,4.699999809265137,4.320000171661377,4.639999866485596,280700,4.639999866485596
6/21/2017,4.340000152587891,4.590000152587891,4.159999847412109,4.440000057220459,278400,4.440000057220459
6/20/2017,4.360000133514404,4.650000095367432,4.239999771118164,4.329999923706055,686700,4.329999923706055
6/19/2017,3.6500000953674316,4.400000095367432,3.5799999237060547,4.349999904632568,775200,4.349999904632568
6/16/2017,3.380000114440918,3.6089999675750732,3.380000114440918,3.569999933242798,165300,3.569999933242798
6/15/2017,3.5,3.678999900817871,3.3510000705718994,3.390000104904175,167800,3.390000104904175
6/14/2017,3.5999999046325684,3.5999999046325684,3.430000066757202,3.549999952316284,162500,3.549999952316284
6/13/2017,3.2799999713897705,3.5999999046325684,3.180000066757202,3.569999933242798,172100,3.569999933242798
6/12/2017,3.450000047683716,3.450000047683716,3.25,3.2799999713897705,90300,3.2799999713897705
6/9/2017,3.430000066757202,3.5199999809265137,3.3259999752044678,3.390000104904175,143400,3.390000104904175
6/8/2017,3.5999999046325684,3.7799999713897705,3.3399999141693115,3.4000000953674316,186800,3.4000000953674316
6/7/2017,3.1500000953674316,3.680000066757202,3.109999895095825,3.5799999237060547,210000,3.5799999237060547
6/6/2017,3.200000047683716,3.299999952316284,3.0999999046325684,3.130000114440918,114900,3.130000114440918
6/5/2017,3.4600000381469727,3.619999885559082,3.069999933242798,3.190000057220459,236800,3.190000057220459
6/2/2017,3.4200000762939453,3.619999885559082,3.359999895095825,3.4800000190734863,187800,3.4800000190734863
6/1/2017,3.0899999141693115,3.450000047683716,3.0899999141693115,3.4200000762939453,137400,3.4200000762939453
5/30/2017,3.069999933242798,3.2100000381469727,3.049999952316284,3.1500000953674316,243000,3.1500000953674316
5/25/2017,3.1700000762939453,3.2100000381469727,3.0299999713897705,3.0899999141693115,103500,3.0899999141693115
5/24/2017,3.190000057220459,3.2100000381469727,3.0799999237060547,3.1700000762939453,69000,3.1700000762939453
5/23/2017,3.180000066757202,3.259999990463257,3.0799999237060547,3.190000057220459,90300,3.190000057220459
5/22/2017,3.0899999141693115,3.180000066757202,3.059999942779541,3.1700000762939453,82200,3.1700000762939453
5/19/2017,3.2100000381469727,3.2100000381469727,3.059999942779541,3.0799999237060547,86000,3.0799999237060547
5/17/2017,3.180000066757202,3.2360000610351562,3.0220000743865967,3.049999952316284,164700,3.049999952316284
5/16/2017,3.1700000762939453,3.319999933242798,3.0999999046325684,3.2100000381469727,96600,3.2100000381469727
5/15/2017,3.25,3.4800000190734863,3.140000104904175,3.1700000762939453,199500,3.1700000762939453
5/12/2017,3.3499999046325684,3.450000047683716,3.2100000381469727,3.2200000286102295,99500,3.2200000286102295
5/11/2017,2.9600000381469727,3.4000000953674316,2.9600000381469727,3.359999895095825,214000,3.359999895095825
5/10/2017,3.2300000190734863,3.609999895095825,3.2300000190734863,3.440000057220459,212000,3.440000057220459
5/9/2017,3.240000009536743,3.490000009536743,3.1500000953674316,3.240000009536743,121500,3.240000009536743
5/8/2017,3.1600000858306885,3.319999933242798,3.130000114440918,3.240000009536743,77300,3.240000009536743
5/5/2017,3.109999895095825,3.2860000133514404,3.0199999809265137,3.1700000762939453,95000,3.1700000762939453
5/4/2017,3.0899999141693115,3.190000057220459,3.069999933242798,3.119999885559082,78000,3.119999885559082
5/3/2017,3.140000104904175,3.25,3.049999952316284,3.119999885559082,204300,3.119999885559082
5/2/2017,3.009999990463257,3.509999990463257,3.009999990463257,3.119999885559082,394500,3.119999885559082
5/1/2017,3.140000104904175,3.2279999256134033,2.940000057220459,2.9800000190734863,197800,2.9800000190734863
4/28/2017,3.299999952316284,3.3499999046325684,3.0999999046325684,3.109999895095825,131800,3.109999895095825
4/27/2017,3.2100000381469727,3.3399999141693115,3.180000066757202,3.319999933242798,118800,3.319999933242798
4/26/2017,3.559999942779541,3.680000066757202,3.2100000381469727,3.240000009536743,290300,3.240000009536743
4/25/2017,3.2300000190734863,3.559999942779541,3.1500000953674316,3.5299999713897705,307300,3.5299999713897705
4/24/2017,3.3399999141693115,3.4000000953674316,3.1700000762939453,3.200000047683716,213200,3.200000047683716
4/21/2017,3.549999952316284,3.549999952316284,3.299999952316284,3.299999952316284,177900,3.299999952316284
4/20/2017,3.5299999713897705,3.75,3.450000047683716,3.490000009536743,144000,3.490000009536743
4/19/2017,3.4800000190734863,3.5399999618530273,3.3269999027252197,3.5199999809265137,170200,3.5199999809265137
4/18/2017,3.630000114440918,3.630000114440918,3.440000057220459,3.4800000190734863,198700,3.4800000190734863
4/17/2017,3.859999895095825,3.865000009536743,3.5999999046325684,3.640000104904175,136600,3.640000104904175
4/13/2017,4.03000020980835,4.135000228881836,3.759999990463257,3.859999895095825,236800,3.859999895095825
4/11/2017,4.460000038146973,4.515999794006348,4.119999885559082,4.239999771118164,190500,4.239999771118164
4/10/2017,5.21999979019165,5.239999771118164,4.349999904632568,4.449999809265137,716500,4.449999809265137
4/7/2017,5.389999866485596,5.46999979019165,5.179999828338623,5.199999809265137,97500,5.199999809265137
4/6/2017,5.460000038146973,5.460000038146973,5.150000095367432,5.420000076293945,89800,5.420000076293945
4/5/2017,5.25,5.699999809265137,5.150000095367432,5.449999809265137,183100,5.449999809265137
4/4/2017,5.309999942779541,5.460000038146973,5.059999942779541,5.21999979019165,218600,5.21999979019165
3/31/2017,4.710000038146973,4.980000019073486,4.320000171661377,4.960000038146973,343900,4.960000038146973
3/30/2017,4.980000019073486,5.119999885559082,4.820000171661377,5.090000152587891,144500,5.090000152587891
3/29/2017,4.699999809265137,5.050000190734863,4.699999809265137,4.960000038146973,122500,4.960000038146973
3/28/2017,4.659999847412109,4.820000171661377,4.570000171661377,4.71999979019165,59600,4.71999979019165
3/27/2017,4.739999771118164,5.019999980926514,4.566999912261963,4.699999809265137,111600,4.699999809265137
3/24/2017,4.760000228881836,4.929999828338623,4.650000095367432,4.75,144100,4.75
3/23/2017,5.050000190734863,5.119999885559082,4.699999809265137,4.760000228881836,147100,4.760000228881836
3/22/2017,5.03000020980835,5.303999900817871,4.9730000495910645,5.070000171661377,313800,5.070000171661377
3/21/2017,5.519999980926514,5.718999862670898,5.010000228881836,5.099999904632568,401900,5.099999904632568
3/20/2017,5.46999979019165,5.710000038146973,5.306000232696533,5.519999980926514,452600,5.519999980926514
3/17/2017,5.059999942779541,6.429999828338623,5.010000228881836,5.510000228881836,1218500,5.510000228881836
3/16/2017,4.230000019073486,5.318999767303467,4.230000019073486,5.059999942779541,586100,5.059999942779541
3/15/2017,4.110000133514404,4.25,4.110000133514404,4.210000038146973,112100,4.210000038146973
3/13/2017,4.329999923706055,4.389999866485596,4.010000228881836,4.099999904632568,359000,4.099999904632568
3/9/2017,4.639999866485596,4.829999923706055,4.5,4.550000190734863,250400,4.550000190734863
3/8/2017,4.980000019073486,5.090000152587891,4.539999961853027,4.639999866485596,442300,4.639999866485596
3/7/2017,5.039999961853027,5.489999771118164,4.545000076293945,4.940000057220459,703800,4.940000057220459
3/6/2017,7.139999866485596,7.139999866485596,5.449999809265137,5.5,945800,5.5
3/3/2017,7.570000171661377,7.599999904632568,7.03000020980835,7.170000076293945,134900,7.170000076293945
3/2/2017,7.590000152587891,7.670000076293945,7.380000114440918,7.570000171661377,90300,7.570000171661377
3/1/2017,7.639999866485596,7.789999961853027,7.460000038146973,7.639999866485596,128400,7.639999866485596
2/28/2017,7.75,7.75,7.5,7.570000171661377,82500,7.570000171661377
2/27/2017,7.519999980926514,7.800000190734863,7.260000228881836,7.739999771118164,175800,7.739999771118164
2/24/2017,7.550000190734863,7.639999866485596,7.369999885559082,7.539999961853027,98600,7.539999961853027
2/23/2017,7.690000057220459,7.880000114440918,7.570000171661377,7.619999885559082,103200,7.619999885559082
2/22/2017,7.739999771118164,7.929999828338623,7.619999885559082,7.699999809265137,83200,7.699999809265137
2/21/2017,7.679999828338623,7.809999942779541,7.679999828338623,7.760000228881836,109600,7.760000228881836
2/17/2017,7.789999961853027,7.960000038146973,7.739999771118164,7.840000152587891,132500,7.840000152587891
2/16/2017,7.800000190734863,7.909999847412109,7.679999828338623,7.800000190734863,88200,7.800000190734863
2/15/2017,7.849999904632568,7.96999979019165,7.800000190734863,7.949999809265137,112500,7.949999809265137
2/13/2017,7.980000019073486,8.015999794006348,7.835000038146973,7.949999809265137,122400,7.949999809265137
2/10/2017,7.840000152587891,7.989999771118164,7.610000133514404,7.889999866485596,127100,7.889999866485596
2/9/2017,7.539999961853027,7.869999885559082,7.539999961853027,7.800000190734863,162200,7.800000190734863
2/8/2017,7.630000114440918,7.78000020980835,7.5,7.590000152587891,94100,7.590000152587891
2/7/2017,7.559999942779541,7.820000171661377,7.429999828338623,7.659999847412109,122100,7.659999847412109
2/6/2017,7.949999809265137,7.949999809265137,7.5,7.579999923706055,218700,7.579999923706055
2/2/2017,8.050000190734863,8.239999771118164,7.869999885559082,7.980000019073486,85000,7.980000019073486
2/1/2017,8.130000114440918,8.34000015258789,7.630000114440918,8.079999923706055,241900,8.079999923706055
1/31/2017,8.5,8.5,7.920000076293945,8.140000343322754,257400,8.140000343322754
1/30/2017,9.079999923706055,9.154999732971191,8.15999984741211,8.25,288600,8.25
1/27/2017,9.3100004196167,9.586000442504883,9.069999694824219,9.109999656677246,150200,9.109999656677246
1/26/2017,9.520000457763672,9.859999656677246,9.369999885559082,9.399999618530273,73800,9.399999618530273
1/25/2017,9.630000114440918,9.670000076293945,9.447999954223633,9.600000381469727,85900,9.600000381469727
1/24/2017,9.520000457763672,9.795000076293945,9.399999618530273,9.550000190734863,151200,9.550000190734863
1/23/2017,9.520000457763672,9.649999618530273,9.420000076293945,9.510000228881836,147600,9.510000228881836
1/20/2017,9.550000190734863,9.803999900817871,9.510000228881836,9.569999694824219,126500,9.569999694824219
1/19/2017,9.859999656677246,9.989999771118164,9.520000457763672,9.5600004196167,75600,9.5600004196167
1/18/2017,9.75,10.020000457763672,9.699999809265137,9.869999885559082,62800,9.869999885559082
1/17/2017,9.970000267028809,9.979999542236328,9.65999984741211,9.760000228881836,104500,9.760000228881836
1/13/2017,9.949999809265137,10.1899995803833,9.847000122070312,10,166400,10
1/12/2017,9.920000076293945,10.010000228881836,9.510000228881836,9.880000114440918,149500,9.880000114440918
1/11/2017,10.100000381469727,10.260000228881836,9.710000038146973,9.930000305175781,141500,9.930000305175781
1/10/2017,10.029999732971191,10.260000228881836,10.010000228881836,10.15999984741211,95500,10.15999984741211
1/9/2017,10.529999732971191,10.5600004196167,10.020000457763672,10.069999694824219,200000,10.069999694824219
1/6/2017,10.770000457763672,10.869999885559082,10.279999732971191,10.5600004196167,153100,10.5600004196167
1/5/2017,10.489999771118164,10.489999771118164,9.949999809265137,10.270000457763672,79400,10.270000457763672
1/4/2017,10.050000190734863,10.359999656677246,9.829999923706055,10.3100004196167,159900,10.3100004196167
1/3/2017,10.069999694824219,10.289999961853027,9.609999656677246,9.829999923706055,154000,9.829999923706055
12/30/2016,10.050000190734863,10.260000228881836,9.8100004196167,9.9399995803833,131400,9.9399995803833
12/29/2016,10.359999656677246,10.4399995803833,10.039999961853027,10.09000015258789,93500,10.09000015258789
12/28/2016,10.8100004196167,11.029999732971191,10.239999771118164,10.380000114440918,103400,10.380000114440918
12/27/2016,10.979999542236328,11.050000190734863,10.710000038146973,10.859999656677246,124700,10.859999656677246
12/23/2016,10.609999656677246,11.109999656677246,10.609999656677246,10.960000038146973,82400,10.960000038146973
12/22/2016,11.680000305175781,11.789999961853027,10.510000228881836,10.569999694824219,135200,10.569999694824219
12/21/2016,11.15999984741211,11.899999618530273,10.930000305175781,11.6899995803833,161200,11.6899995803833
12/20/2016,10.380000114440918,11.180000305175781,10.380000114440918,11.140000343322754,208200,11.140000343322754
12/19/2016,10.3100004196167,10.479999542236328,10.079999923706055,10.369999885559082,147100,10.369999885559082
12/16/2016,9.779999732971191,10.380000114440918,9.729999542236328,10.345000267028809,4383100,10.345000267028809
12/15/2016,11.729999542236328,11.949999809265137,9.699999809265137,9.710000038146973,1036100,9.710000038146973
12/14/2016,10.760000228881836,11.880000114440918,10.760000228881836,11.609999656677246,517900,11.609999656677246
12/13/2016,10.569999694824219,11.300000190734863,10.569999694824219,10.859999656677246,491600,10.859999656677246
12/12/2016,10.569999694824219,11.25,10.5,10.579999923706055,581900,10.579999923706055
12/9/2016,10.010000228881836,10.989999771118164,10,10.479999542236328,252900,10.479999542236328
12/8/2016,10,10.050000190734863,9.619999885559082,10,109500,10
12/7/2016,10.050000190734863,10.1899995803833,9.720000267028809,9.90999984741211,208100,9.90999984741211
12/6/2016,9.989999771118164,10.050000190734863,9.609999656677246,9.920000076293945,165200,9.920000076293945
12/5/2016,10.59000015258789,10.59000015258789,9.729999542236328,9.970000267028809,334100,9.970000267028809
12/2/2016,11,11.149999618530273,10.300000190734863,10.600000381469727,433300,10.600000381469727
12/1/2016,11.550000190734863,11.989999771118164,11.050000190734863,11.319999694824219,115300,11.319999694824219
11/30/2016,12.140000343322754,12.260000228881836,11.279999732971191,11.529999732971191,215300,11.529999732971191
11/29/2016,12.9399995803833,13.100000381469727,11.8100004196167,11.9399995803833,161800,11.9399995803833
11/28/2016,12.489999771118164,13.119999885559082,12.187999725341797,12.989999771118164,125000,12.989999771118164
11/25/2016,12.1899995803833,12.609999656677246,12.050000190734863,12.539999961853027,50900,12.539999961853027
11/23/2016,12.020000457763672,12.361000061035156,11.989999771118164,12.239999771118164,93200,12.239999771118164
11/22/2016,11.960000038146973,12.119999885559082,11.72700023651123,11.979999542236328,49500,11.979999542236328
11/21/2016,11.619999885559082,12.180000305175781,11.619999885559082,11.979999542236328,57100,11.979999542236328
11/18/2016,12.020000457763672,12.380000114440918,11.529999732971191,11.720000267028809,46900,11.720000267028809
11/17/2016,11.90999984741211,12.149999618530273,11.859999656677246,11.979999542236328,36700,11.979999542236328
11/16/2016,11.90999984741211,12.369999885559082,11.560999870300293,11.770000457763672,49800,11.770000457763672
11/15/2016,11.539999961853027,12.510000228881836,11.3100004196167,11.75,166400,11.75
11/14/2016,11.069999694824219,11.760000228881836,11.069999694824219,11.550000190734863,67000,11.550000190734863
11/11/2016,10.489999771118164,11.109999656677246,10.34000015258789,11.039999961853027,119200,11.039999961853027
11/10/2016,10.350000381469727,10.699999809265137,10.024999618530273,10.5,56500,10.5
11/9/2016,9.670000076293945,10.819999694824219,9.670000076293945,10.100000381469727,128000,10.100000381469727
11/8/2016,11.010000228881836,11.395000457763672,9.920000076293945,10.09000015258789,198300,10.09000015258789
11/7/2016,11.239999771118164,11.770000457763672,10.899999618530273,11.170000076293945,79900,11.170000076293945
11/4/2016,11.020000457763672,11.279999732971191,10.795000076293945,11.100000381469727,76100,11.100000381469727
11/3/2016,12.579999923706055,12.579999923706055,10.989999771118164,11.050000190734863,135300,11.050000190734863
11/2/2016,12.779999732971191,12.843000411987305,12.420000076293945,12.460000038146973,28900,12.460000038146973
11/1/2016,13.130000114440918,13.130000114440918,12.649999618530273,12.859999656677246,36700,12.859999656677246
10/31/2016,12.899999618530273,13.220000267028809,12.760000228881836,13.130000114440918,68500,13.130000114440918
10/28/2016,12.829999923706055,13.170000076293945,12.829999923706055,13.010000228881836,32100,13.010000228881836
10/27/2016,12.960000038146973,13.260000228881836,12.66100025177002,12.920000076293945,55500,12.920000076293945
10/26/2016,13.15999984741211,13.260000228881836,12.949999809265137,13.029999732971191,42800,13.029999732971191
10/25/2016,13.40999984741211,13.680000305175781,13.079999923706055,13.140000343322754,66300,13.140000343322754
10/24/2016,13.5,13.694999694824219,13.210000038146973,13.25,20700,13.25
10/21/2016,13.550000190734863,13.710000038146973,13.420000076293945,13.449999809265137,34600,13.449999809265137
10/20/2016,13.510000228881836,13.760000228881836,13.279999732971191,13.680000305175781,32800,13.680000305175781
10/19/2016,13.399999618530273,13.880000114440918,13.385000228881836,13.619999885559082,48700,13.619999885559082
10/18/2016,13.1899995803833,13.800000190734863,13.07800006866455,13.6899995803833,85500,13.6899995803833
10/17/2016,12.65999984741211,12.979999542236328,12.600000381469727,12.850000381469727,26100,12.850000381469727
10/14/2016,12.960000038146973,13.239999771118164,12.649999618530273,12.789999961853027,53800,12.789999961853027
10/13/2016,13.100000381469727,13.75,12.760000228881836,12.84000015258789,80400,12.84000015258789
10/12/2016,13.5600004196167,13.760000228881836,13.09000015258789,13.220000267028809,45300,13.220000267028809
10/11/2016,13.34000015258789,13.795000076293945,13.180000305175781,13.670000076293945,88900,13.670000076293945
10/10/2016,13.380000114440918,13.380000114440918,13.050000190734863,13.329999923706055,61700,13.329999923706055
10/7/2016,13.029999732971191,13.59000015258789,12.869999885559082,13.40999984741211,71700,13.40999984741211
10/6/2016,13.149999618530273,13.180000305175781,12.920000076293945,13.069999694824219,25400,13.069999694824219
10/5/2016,13.130000114440918,13.210000038146973,12.8100004196167,13.09000015258789,81300,13.09000015258789
10/4/2016,13.270000457763672,13.369999885559082,13.020000457763672,13.0600004196167,22300,13.0600004196167
10/3/2016,13.350000381469727,13.699999809265137,13.010000228881836,13.220000267028809,126700,13.220000267028809
9/30/2016,13.4399995803833,13.800000190734863,13,13.149999618530273,775300,13.149999618530273
9/29/2016,13.729999542236328,13.789999961853027,13.350000381469727,13.420000076293945,185000,13.420000076293945
9/28/2016,12.699999809265137,13.800000190734863,12.699999809265137,13.720000267028809,137700,13.720000267028809
9/27/2016,12.649999618530273,13.199999809265137,12.5,12.779999732971191,66500,12.779999732971191
9/26/2016,13.390000343322754,13.460000038146973,12.637999534606934,12.850000381469727,91400,12.850000381469727
9/23/2016,13.5,13.960000038146973,13.270000457763672,13.40999984741211,72500,13.40999984741211
9/22/2016,13.930000305175781,13.930000305175781,13.279999732971191,13.760000228881836,115600,13.760000228881836
9/21/2016,13.050000190734863,13.539999961853027,13.050000190734863,13.510000228881836,49900,13.510000228881836
9/20/2016,13.75,13.75,12.699999809265137,13.210000038146973,162900,13.210000038146973
9/19/2016,14.539999961853027,14.619999885559082,13.15999984741211,13.619999885559082,441300,13.619999885559082
9/16/2016,15.069999694824219,15.32800006866455,13.890000343322754,14.5,305800,14.5
9/15/2016,13.329999923706055,15.795999526977539,12.729999542236328,15.350000381469727,526900,15.350000381469727
9/14/2016,13,13.350000381469727,12.684000015258789,13.199999809265137,114000,13.199999809265137
9/13/2016,13.105999946594238,13.105999946594238,12.005000114440918,13,118500,13
9/12/2016,13.079999923706055,13.25,13,13.204999923706055,37700,13.204999923706055
9/9/2016,13.25,13.399999618530273,13.0600004196167,13.180000305175781,37000,13.180000305175781
9/8/2016,12.75,13.350000381469727,12.75,13.25,67200,13.25
9/7/2016,12.430000305175781,13.071000099182129,12.399999618530273,12.8100004196167,44000,12.8100004196167
9/6/2016,12.800000190734863,12.800000190734863,12.260000228881836,12.470000267028809,50600,12.470000267028809
9/2/2016,12.350000381469727,12.789999961853027,12.270000457763672,12.520000457763672,20300,12.520000457763672
9/1/2016,13.239999771118164,13.239999771118164,12.260000228881836,12.46500015258789,93300,12.46500015258789
8/31/2016,13.149999618530273,13.289999961853027,12.800000190734863,13.109999656677246,99400,13.109999656677246
8/30/2016,12.699999809265137,13.5,12.50100040435791,13.220000267028809,161700,13.220000267028809
8/29/2016,12.380000114440918,12.75,12.380000114440918,12.609999656677246,47600,12.609999656677246
8/26/2016,12.239999771118164,12.699999809265137,12.069999694824219,12.390000343322754,30800,12.390000343322754
8/25/2016,12.220000267028809,12.520000457763672,11.979999542236328,12.260000228881836,49100,12.260000228881836
8/24/2016,12.699999809265137,12.899999618530273,11.880000114440918,12.109999656677246,288000,12.109999656677246
8/23/2016,12.454000473022461,12.9399995803833,12.329999923706055,12.760000228881836,78100,12.760000228881836
8/22/2016,12.800000190734863,12.989999771118164,12.279999732971191,12.319999694824219,114800,12.319999694824219
8/19/2016,12.779999732971191,13.128999710083008,12.611000061035156,12.789999961853027,42700,12.789999961853027
8/18/2016,12.680000305175781,13.432999610900879,11.8100004196167,12.699999809265137,252400,12.699999809265137
8/17/2016,11.899999618530273,12.739999771118164,11.520000457763672,12.4399995803833,80000,12.4399995803833
8/16/2016,11.9399995803833,12.586000442504883,11.600000381469727,11.729999542236328,109900,11.729999542236328
8/15/2016,11.640000343322754,12.265000343322754,11.550000190734863,11.859999656677246,138900,11.859999656677246
8/12/2016,10.710000038146973,11.5,10.710000038146973,11.5,146500,11.5
8/11/2016,10.5,10.970000267028809,10.4399995803833,10.600000381469727,74400,10.600000381469727
8/10/2016,10.600000381469727,11,10.09000015258789,10.399999618530273,240100,10.399999618530273
8/9/2016,9.899999618530273,9.970000267028809,9.899999618530273,9.970000267028809,22900,9.970000267028809
8/8/2016,10,10,9.899999618530273,9.960000038146973,45200,9.960000038146973
8/5/2016,10.12399959564209,10.149999618530273,10.020000457763672,10.079999923706055,41200,10.079999923706055
8/4/2016,9.979999542236328,10.100000381469727,9.899999618530273,10.050000190734863,109300,10.050000190734863
8/3/2016,10,10.079999923706055,9.9399995803833,9.979999542236328,17300,9.979999542236328
8/2/2016,10.09000015258789,10.09000015258789,9.90999984741211,9.989999771118164,25900,9.989999771118164
8/1/2016,9.979999542236328,10.140000343322754,9.90999984741211,9.979999542236328,38200,9.979999542236328
7/29/2016,10.029999732971191,10.149999618530273,9.979999542236328,10.100000381469727,34300,10.100000381469727
7/28/2016,10.510000228881836,10.510000228881836,9.96500015258789,10.109999656677246,57100,10.109999656677246
7/27/2016,10.949999809265137,10.949999809265137,9.789999961853027,10.420000076293945,106700,10.420000076293945
7/26/2016,10.710000038146973,10.800000190734863,10.5,10.710000038146973,82300,10.710000038146973
7/25/2016,11.390000343322754,11.390000343322754,10.579999923706055,10.649999618530273,76700,10.649999618530273
7/22/2016,11.149999618530273,11.359999656677246,10.949999809265137,11.270000457763672,35900,11.270000457763672
7/21/2016,11.149999618530273,11.979999542236328,11.109999656677246,11.149999618530273,13300,11.149999618530273
7/20/2016,11.640000343322754,11.930000305175781,10.90999984741211,11.149999618530273,102800,11.149999618530273
7/19/2016,12.456000328063965,12.456000328063965,11.277999877929688,11.4399995803833,114500,11.4399995803833
7/18/2016,12.350000381469727,12.715999603271484,12.34000015258789,12.550000190734863,8100,12.550000190734863
7/15/2016,12.550000190734863,12.842000007629395,12.350000381469727,12.460000038146973,63100,12.460000038146973
7/14/2016,12.770000457763672,12.800000190734863,12.550000190734863,12.640000343322754,20000,12.640000343322754
7/13/2016,12.609999656677246,12.993000030517578,12.609999656677246,12.819999694824219,28900,12.819999694824219
7/12/2016,12.930000305175781,13.220000267028809,12.529999732971191,12.720000267028809,66700,12.720000267028809
7/11/2016,13.619999885559082,13.699999809265137,12.875,12.90999984741211,82200,12.90999984741211
7/8/2016,14,14.060999870300293,13.300000190734863,13.670000076293945,83300,13.670000076293945
7/7/2016,14,14.350000381469727,13.899999618530273,13.989999771118164,78000,13.989999771118164
7/6/2016,13.5600004196167,14.199999809265137,13.5600004196167,13.739999771118164,177500,13.739999771118164
7/5/2016,13.239999771118164,13.609999656677246,12.850000381469727,13.510000228881836,71200,13.510000228881836
7/1/2016,12.579999923706055,13.479999542236328,12.46500015258789,12.869999885559082,203900,12.869999885559082
6/30/2016,12.710000038146973,12.968000411987305,12.359999656677246,12.5,141100,12.5
6/29/2016,13.09000015258789,13.392999649047852,12.510000228881836,12.619999885559082,170300,12.619999885559082
6/28/2016,13.069999694824219,13.470000267028809,13,13.220000267028809,184800,13.220000267028809
6/27/2016,13,13.899999618530273,12.753000259399414,12.949999809265137,425900,12.949999809265137
6/24/2016,13.539999961853027,13.880000114440918,12.699999809265137,12.710000038146973,256200,12.710000038146973
6/23/2016,14.180000305175781,14.180000305175781,13.520000457763672,14.029999732971191,150200,14.029999732971191
6/22/2016,13.960000038146973,14.211999893188477,13.960000038146973,14.09000015258789,72400,14.09000015258789
6/21/2016,14.020000457763672,14.13700008392334,14,14.020000457763672,97800,14.020000457763672
6/20/2016,14.210000038146973,14.550000190734863,14,14.039999961853027,98700,14.039999961853027
6/17/2016,14.180000305175781,14.229999542236328,13.949999809265137,14.100000381469727,154200,14.100000381469727
6/16/2016,14,14.880000114440918,13.975000381469727,14.010000228881836,514100,14.010000228881836
6/15/2016,14.010000228881836,14.086999893188477,13.979999542236328,14.050000190734863,229600,14.050000190734863
6/14/2016,14,14.050000190734863,14,14.010000228881836,501900,14.010000228881836
6/13/2016,14,14.449999809265137,14,14,571000,14
6/10/2016,15.25,15.640000343322754,14.220000267028809,14.25,288500,14.25
6/9/2016,15.8100004196167,15.979999542236328,15.380000114440918,15.5,194200,15.5
6/8/2016,15.829999923706055,16.18000030517578,15.550000190734863,15.800000190734863,249200,15.800000190734863
6/7/2016,16.190000534057617,16.6299991607666,15.029999732971191,15.640000343322754,524700,15.640000343322754
6/6/2016,18.299999237060547,18.789899826049805,16.250099182128906,16.40999984741211,666451,16.40999984741211
6/3/2016,19.469999313354492,19.600000381469727,17.309999465942383,18.540000915527344,842431,18.540000915527344
6/2/2016,16.110000610351562,21,16.110000610351562,18.59000015258789,3489073,18.59000015258789
1/12/2016,331,336,324.1000061035156,331.79998779296875,1686299,331.79998779296875
1/11/2016,322.8999938964844,332.8999938964844,306.04998779296875,327.5,3393607,327.5
1/8/2016,332.5,340.5,324.1000061035156,327.3999938964844,3781532,327.3999938964844
1/7/2016,337,360,325.29998779296875,330.70001220703125,11693085,330.70001220703125
1/6/2016,291,345.6499938964844,291,336.95001220703125,41383689,336.95001220703125
