4/22/2019,53.880001068115234,54.2400016784668,53.540000915527344,53.810001373291016,1153900,53.810001373291016
4/18/2019,53.560001373291016,54.084999084472656,53.459999084472656,54.02000045776367,1215700,54.02000045776367
4/17/2019,53.59000015258789,53.970001220703125,53.275001525878906,53.84000015258789,1687200,53.84000015258789
4/16/2019,53,53.5620002746582,52.9900016784668,53.29999923706055,1183300,53.29999923706055
4/15/2019,52.189998626708984,53.2400016784668,52.099998474121094,53.029998779296875,1289300,53.029998779296875
4/12/2019,52.650001525878906,52.650001525878906,51.58000183105469,52.130001068115234,1992400,52.130001068115234
4/11/2019,52.83000183105469,52.880001068115234,52.040000915527344,52.220001220703125,1940300,52.220001220703125
4/10/2019,53.47999954223633,53.66999816894531,53,53.02000045776367,1395000,53.02000045776367
4/9/2019,54.040000915527344,54.040000915527344,52.95000076293945,53.279998779296875,1585500,53.279998779296875
4/8/2019,54.16999816894531,54.380001068115234,53.69499969482422,54.06999969482422,1170000,54.06999969482422
4/5/2019,54.349998474121094,54.779998779296875,53.915000915527344,54.06999969482422,1344500,54.06999969482422
4/4/2019,53.90999984741211,54.56999969482422,53.84000015258789,54.439998626708984,965200,54.439998626708984
4/3/2019,53.599998474121094,54.527000427246094,53.59000015258789,53.95000076293945,1061100,53.95000076293945
4/2/2019,53.540000915527344,53.63999938964844,53.095001220703125,53.369998931884766,1336900,53.369998931884766
4/1/2019,53.189998626708984,53.52000045776367,52.689998626708984,53.38999938964844,1333300,53.38999938964844
3/29/2019,52.439998626708984,52.959999084472656,52.150001525878906,52.7599983215332,1548900,52.7599983215332
3/28/2019,51.70000076293945,52.54999923706055,51.52000045776367,52.09000015258789,1417800,52.09000015258789
3/27/2019,50.90999984741211,51.95000076293945,50.88999938964844,51.75,1542400,51.31999969482422
3/26/2019,51.02000045776367,51.34000015258789,50.7400016784668,51.11000061035156,2018200,50.68531799316406
3/25/2019,50.349998474121094,51.1349983215332,50.11000061035156,50.560001373291016,2063300,50.139888763427734
3/22/2019,52.650001525878906,52.66999816894531,50.43000030517578,50.470001220703125,3003900,50.050636291503906
3/21/2019,52.970001220703125,53.4900016784668,52.79999923706055,53.16999816894531,2233900,52.72819900512695
3/20/2019,53.59000015258789,54.08000183105469,52.880001068115234,53.5,1887600,53.055458068847656
3/19/2019,54,54.20000076293945,53.52000045776367,53.7599983215332,2175700,53.313297271728516
3/18/2019,53.47999954223633,53.790000915527344,53.290000915527344,53.709999084472656,1998100,53.26371383666992
3/15/2019,53.9900016784668,54.4900016784668,53.26499938964844,53.5,3231300,53.055458068847656
3/14/2019,53.869998931884766,54.150001525878906,53.45000076293945,53.65999984741211,2890500,53.21413040161133
3/13/2019,54.06999969482422,54.540000915527344,53.018001556396484,53.90999984741211,1659400,53.46205139160156
3/12/2019,53.529998779296875,54.04999923706055,53.415000915527344,53.70000076293945,1550200,53.2537956237793
3/11/2019,52.97999954223633,53.5099983215332,52.84000015258789,53.40999984741211,1278600,52.96620559692383
3/8/2019,52.18000030517578,53,52.13999938964844,52.84000015258789,1686600,52.400943756103516
3/7/2019,53.83000183105469,54.040000915527344,52.380001068115234,52.560001373291016,2951800,52.12327194213867
3/6/2019,54.18000030517578,54.4900016784668,53.880001068115234,54.06999969482422,1404700,53.620723724365234
3/5/2019,54.81999969482422,55.209999084472656,54.27000045776367,54.33000183105469,1628200,53.878562927246094
3/4/2019,54.79999923706055,55.209999084472656,54.2400016784668,55.119998931884766,1711700,54.66199493408203
3/1/2019,54.5,54.869998931884766,54.150001525878906,54.68000030517578,1722700,54.22565460205078
2/28/2019,55.06999969482422,55.33000183105469,54.21500015258789,54.439998626708984,1380400,53.987648010253906
2/27/2019,55.029998779296875,56,54.939998626708984,55.56999969482422,1404000,55.10825729370117
2/26/2019,54.849998474121094,55.630001068115234,54.72999954223633,55.02000045776367,1416400,54.562828063964844
2/25/2019,54.47999954223633,55.04999923706055,54.470001220703125,54.86000061035156,1408300,54.40415954589844
2/22/2019,54.43000030517578,54.939998626708984,53.959999084472656,54.189998626708984,1632900,53.739723205566406
2/21/2019,54.790000915527344,54.81999969482422,53.814998626708984,54.16999816894531,1239700,53.71989059448242
2/20/2019,53.40999984741211,54.86000061035156,53.33000183105469,54.459999084472656,1492800,54.00748062133789
2/19/2019,53.130001068115234,53.38999938964844,52.505001068115234,53.349998474121094,1590700,52.90670394897461
2/15/2019,54.029998779296875,54.06999969482422,53.275001525878906,53.439998626708984,1206300,52.99595642089844
2/14/2019,53.7400016784668,54.369998931884766,53.560001373291016,53.83000183105469,1041300,53.38271713256836
2/13/2019,53.93000030517578,54.279998779296875,53.650001525878906,54.09000015258789,1512000,53.64055633544922
2/12/2019,52.65999984741211,54.20000076293945,52.65999984741211,53.91999816894531,1982900,53.47196578979492
2/11/2019,52.75,52.790000915527344,51.880001068115234,52.099998474121094,1251200,51.667091369628906
2/8/2019,52.060001373291016,52.665000915527344,51.369998931884766,52.65999984741211,2450400,52.22243881225586
2/7/2019,51.4900016784668,52.619998931884766,50.209999084472656,52.310001373291016,2990900,51.87534713745117
2/6/2019,51.5,52.5099983215332,51.5,51.810001373291016,1866800,51.37950134277344
2/5/2019,52.02000045776367,52.28499984741211,51.41999816894531,51.959999084472656,1726400,51.528255462646484
2/4/2019,52.16999816894531,52.38999938964844,51.880001068115234,52.06999969482422,1035000,51.6373405456543
2/1/2019,52,52.5,51.689998626708984,52.209999084472656,1163900,51.77617645263672
1/31/2019,51.75,52.470001220703125,51.45000076293945,51.81999969482422,2238200,51.38941955566406
1/30/2019,51.709999084472656,52.52000045776367,51.540000915527344,52.04999923706055,1281100,51.61750793457031
1/29/2019,51.7400016784668,51.900001525878906,51.2599983215332,51.61000061035156,1162600,51.1811637878418
1/28/2019,51.099998474121094,51.88999938964844,50.474998474121094,51.5,1492200,51.072078704833984
1/25/2019,51.459999084472656,51.900001525878906,51.09000015258789,51.65999984741211,1562300,51.23074722290039
1/24/2019,50.4900016784668,51.439998626708984,50.4900016784668,50.959999084472656,1551600,50.536563873291016
1/23/2019,50.81999969482422,51.15999984741211,50.23500061035156,50.61000061035156,956400,50.18947219848633
1/22/2019,51.29999923706055,51.45000076293945,50.369998931884766,50.810001373291016,1795000,50.38780975341797
1/18/2019,51.09000015258789,51.720001220703125,50.64500045776367,51.290000915527344,1298000,50.86382293701172
1/17/2019,49.459999084472656,51.119998931884766,49.310001373291016,51,1327900,50.57623291015625
1/16/2019,49.52000045776367,49.97999954223633,48.880001068115234,49.56999969482422,1456900,49.158111572265625
1/15/2019,49.869998931884766,50.15999984741211,49.20000076293945,49.66999816894531,898100,49.25728225708008
1/14/2019,49.43000030517578,50.130001068115234,49.20000076293945,49.68000030517578,763400,49.2672004699707
1/11/2019,49.79999923706055,50.13999938964844,49.279998779296875,49.869998931884766,826500,49.45561981201172
1/10/2019,49.06999969482422,50.08000183105469,48.560001373291016,50.04999923706055,1808100,49.634124755859375
1/9/2019,49.689998626708984,49.689998626708984,48.779998779296875,49.40999984741211,1839700,48.99944305419922
1/8/2019,48.709999084472656,49.47999954223633,48.52000045776367,49.209999084472656,1921800,48.80110549926758
1/7/2019,47.310001373291016,48.11000061035156,46.84000015258789,47.7400016784668,954700,47.34332275390625
1/4/2019,45.95000076293945,47.18000030517578,45.880001068115234,47.130001068115234,1538500,46.73838806152344
1/3/2019,46,46.099998474121094,44.882999420166016,45.04999923706055,1158800,44.6756706237793
1/2/2019,46.209999084472656,46.9900016784668,45.85499954223633,46.2599983215332,1289100,45.875614166259766
12/31/2018,46.52000045776367,47.18600082397461,46.380001068115234,47,1398600,46.609466552734375
12/28/2018,47.16999816894531,47.25,45.959999084472656,46.20000076293945,1657000,45.81611633300781
12/27/2018,45.54999923706055,47.36000061035156,45.16999816894531,47.290000915527344,2297300,46.47063446044922
12/26/2018,44.400001525878906,46.40999984741211,43.959999084472656,46.40999984741211,1131900,45.60588073730469
12/24/2018,44.27000045776367,45.36000061035156,44.08000183105469,44.150001525878906,1084300,43.38503646850586
12/21/2018,45.13999938964844,45.86000061035156,44.5,44.75,3921600,43.974639892578125
12/20/2018,45.54999923706055,46.323001861572266,44.41999816894531,45.029998779296875,2830300,44.24979019165039
12/19/2018,45.720001220703125,47.130001068115234,45.279998779296875,45.43000030517578,1867700,44.642860412597656
12/18/2018,45.869998931884766,46.63999938964844,45.470001220703125,45.63999938964844,2133200,44.849220275878906
12/17/2018,47,47.369998931884766,45.31999969482422,45.59000015258789,1849400,44.800086975097656
12/14/2018,46.59000015258789,47.5,46.52000045776367,46.97999954223633,2004800,46.1660041809082
12/13/2018,47.849998474121094,48.31999969482422,47,47.02000045776367,1589500,46.2053108215332
12/12/2018,48.20000076293945,48.869998931884766,47.5099983215332,47.58000183105469,2400500,46.75560760498047
12/11/2018,49.790000915527344,50.189998626708984,47.689998626708984,47.900001525878906,2172700,47.070064544677734
12/10/2018,49.439998626708984,49.90999984741211,48.11000061035156,48.880001068115234,1630500,48.033084869384766
12/7/2018,51.91999816894531,52.91999816894531,49.099998474121094,49.86000061035156,2253100,48.9961051940918
12/6/2018,51.25,51.75,50.099998474121094,51.72999954223633,2134700,50.83370590209961
12/4/2018,52.040000915527344,52.47999954223633,51.040000915527344,51.209999084472656,1716700,50.32271194458008
12/3/2018,52.61000061035156,52.880001068115234,51.27000045776367,52.279998779296875,2287300,51.374176025390625
11/30/2018,51.18000030517578,51.7400016784668,50.689998626708984,51.560001373291016,1765600,50.666648864746094
11/29/2018,50.84000015258789,51.959999084472656,50.84000015258789,51.349998474121094,1185300,50.46028518676758
11/28/2018,50.79999923706055,51.06999969482422,49.849998474121094,50.97999954223633,1620400,50.09669876098633
11/27/2018,51.209999084472656,51.43000030517578,50.400001525878906,50.619998931884766,1140300,49.7429313659668
11/26/2018,51.18000030517578,51.61000061035156,50.79999923706055,51.61000061035156,1356300,50.715782165527344
11/23/2018,51.25,51.75,50.599998474121094,50.630001068115234,586900,49.75276565551758
11/21/2018,51.54999923706055,51.810001373291016,51.154998779296875,51.220001220703125,1141800,50.33253860473633
11/20/2018,51.529998779296875,51.59000015258789,50.11000061035156,50.77000045776367,1595500,49.89033889770508
11/19/2018,53.599998474121094,53.75,52.18000030517578,52.2400016784668,1170600,51.334869384765625
11/16/2018,53.15999984741211,54.02000045776367,53,53.75,695500,52.81870651245117
11/15/2018,52.33000183105469,54.029998779296875,52.040000915527344,53.529998779296875,1675100,52.602516174316406
11/14/2018,54.349998474121094,54.61000061035156,52.06700134277344,52.47999954223633,2260700,51.570709228515625
11/13/2018,55.0099983215332,55.83000183105469,54.27000045776367,54.52000045776367,841700,53.57536315917969
11/12/2018,56.15999984741211,56.15999984741211,54.68000030517578,55.06999969482422,906900,54.11582946777344
11/9/2018,56.04999923706055,56.65999984741211,55.79999923706055,56.150001525878906,1040700,55.1771240234375
11/8/2018,57.369998931884766,57.70000076293945,56.132999420166016,56.540000915527344,1883800,55.56036376953125
11/7/2018,57.4900016784668,57.970001220703125,56.720001220703125,57.45000076293945,1734700,56.45459747314453
11/6/2018,55.56999969482422,57.33000183105469,55.5,56.97999954223633,3612900,55.992740631103516
11/5/2018,55.09000015258789,55.79999923706055,53.599998474121094,54.20000076293945,2586000,53.26090621948242
11/2/2018,55.5,55.880001068115234,54.93000030517578,55.16999816894531,1531900,54.2140998840332
11/1/2018,53.720001220703125,55.22999954223633,53.41999816894531,55.18000030517578,1776800,54.22392654418945
10/31/2018,52.5,53.5,52.224998474121094,52.93000030517578,2008700,52.01291275024414
10/30/2018,51.029998779296875,51.86000061035156,50.54999923706055,51.779998779296875,1432000,50.882835388183594
10/29/2018,52.08000183105469,52.31999969482422,50.540000915527344,51.0099983215332,1265100,50.12617874145508
10/26/2018,50.849998474121094,52.5099983215332,50.4900016784668,51.70000076293945,1958300,50.80422592163086
10/25/2018,51.029998779296875,52.20000076293945,50.83000183105469,51.369998931884766,1857500,50.479942321777344
10/24/2018,52.790000915527344,52.790000915527344,50.599998474121094,50.70000076293945,2575000,49.82154846191406
10/23/2018,53.7599983215332,54.0099983215332,52.18000030517578,52.790000915527344,1867500,51.87533950805664
10/22/2018,55.790000915527344,56.06999969482422,54.45000076293945,54.58000183105469,1573300,53.63432693481445
10/19/2018,54.95000076293945,56.66999816894531,54.95000076293945,55.84000015258789,3001900,54.87248992919922
10/18/2018,55.33000183105469,55.45000076293945,54.130001068115234,54.540000915527344,1376400,53.59501647949219
10/17/2018,55.630001068115234,56,55.13999938964844,55.65999984741211,2045600,54.69561004638672
10/16/2018,54.04999923706055,55.849998474121094,53.75,55.779998779296875,2065600,54.81352996826172
10/15/2018,53.630001068115234,54.40999984741211,53.55500030517578,53.880001068115234,1358900,52.946449279785156
10/12/2018,54.689998626708984,54.79999923706055,53.72999954223633,54.06999969482422,1680600,53.13315963745117
10/11/2018,54.41999816894531,55.099998474121094,53.93000030517578,54.060001373291016,2115700,53.12333297729492
10/10/2018,57.220001220703125,57.529998779296875,54.900001525878906,54.93000030517578,2492400,53.97825622558594
10/9/2018,57.900001525878906,58.36000061035156,57.470001220703125,57.58000183105469,1219900,56.58234405517578
10/8/2018,57.900001525878906,58.9900016784668,57.150001525878906,58.68000030517578,1349400,57.66328430175781
10/5/2018,57.90999984741211,58.22999954223633,57.5,58.02000045776367,1044800,57.01472091674805
10/4/2018,57.97999954223633,58.150001525878906,57.52000045776367,58.0099983215332,1588800,57.00489044189453
10/3/2018,58.11000061035156,58.619998931884766,57.709999084472656,58.040000915527344,1117200,57.03437423706055
10/2/2018,58.5,58.7599983215332,58.04999923706055,58.279998779296875,1212700,57.27021408081055
10/1/2018,58.20000076293945,58.790000915527344,57.810001373291016,58.38999938964844,1843300,57.37831115722656
9/28/2018,57.34000015258789,57.939998626708984,57.150001525878906,57.70000076293945,1892000,56.70026779174805
9/27/2018,57.09000015258789,57.349998474121094,56.5099983215332,57.25,1269900,56.258060455322266
9/26/2018,57.79999923706055,58.34000015258789,57.45000076293945,57.52000045776367,1068900,56.13031768798828
9/25/2018,57.099998474121094,58.099998474121094,56.93000030517578,57.709999084472656,1649200,56.31572341918945
9/24/2018,57.290000915527344,57.31999969482422,56.869998931884766,56.88999938964844,836500,55.51553726196289
9/21/2018,57.52000045776367,57.79999923706055,56.84000015258789,57.279998779296875,2318600,55.89611053466797
9/20/2018,58.619998931884766,58.810001373291016,57.529998779296875,57.81999969482422,2045800,56.423065185546875
9/19/2018,58.5099983215332,58.71500015258789,58.33000183105469,58.619998931884766,1722400,57.20374298095703
9/18/2018,58.04999923706055,58.54999923706055,58.04999923706055,58.40999984741211,2951700,56.998809814453125
9/17/2018,56.93000030517578,58.15999984741211,56.79999923706055,57.84000015258789,2883000,56.44258117675781
9/14/2018,56.470001220703125,56.470001220703125,55.560001373291016,55.970001220703125,1404600,54.61776351928711
9/13/2018,56.33000183105469,56.75,56.13999938964844,56.45000076293945,2201700,55.08616638183594
9/12/2018,56.02000045776367,56.41999816894531,55.845001220703125,56.27000045776367,2018800,54.910518646240234
9/11/2018,54.887001037597656,56.279998779296875,54.86000061035156,55.970001220703125,2593900,54.61776351928711
9/10/2018,55,55.86000061035156,54.939998626708984,55.29999923706055,1703400,53.963951110839844
9/7/2018,54.33000183105469,55.029998779296875,53.81100082397461,54.81999969482422,1258400,53.495548248291016
9/6/2018,54.869998931884766,55.779998779296875,54.310001373291016,54.7400016784668,1041300,53.41748046875
9/5/2018,55.2599983215332,55.54999923706055,54.29999923706055,54.810001373291016,1468300,53.48579025268555
9/4/2018,55.52000045776367,55.959999084472656,55.060001373291016,55.349998474121094,1474300,54.01274108886719
8/31/2018,56.54999923706055,56.93000030517578,55.720001220703125,56.630001068115234,2649000,55.261817932128906
8/30/2018,57.16999816894531,57.459999084472656,56.72999954223633,57.04999923706055,1370500,55.67167282104492
8/29/2018,56.470001220703125,58.09000015258789,56.45000076293945,57.5099983215332,2841100,56.12055587768555
8/28/2018,56.709999084472656,56.75,56.099998474121094,56.400001525878906,1113900,55.03738021850586
8/27/2018,55.81999969482422,56.79999923706055,55.75,56.20000076293945,2309600,54.84220504760742
8/24/2018,55.2400016784668,55.68000030517578,55,55.2400016784668,528500,53.90540313720703
8/23/2018,54.75,55.119998931884766,54.375,55.029998779296875,1119000,53.70047378540039
8/22/2018,55.189998626708984,55.540000915527344,54.79999923706055,55.040000915527344,728800,53.71023178100586
8/21/2018,55.5,55.88999938964844,54.90999984741211,54.959999084472656,1110800,53.632164001464844
8/20/2018,56.31999969482422,56.34000015258789,55.349998474121094,55.529998779296875,1789400,54.18839645385742
8/17/2018,55.15999984741211,56.224998474121094,54.98500061035156,55.959999084472656,1095700,54.60800552368164
8/16/2018,55.45000076293945,55.90999984741211,54.93000030517578,54.9900016784668,815600,53.66144561767578
8/15/2018,55.630001068115234,55.630001068115234,54.29999923706055,54.9900016784668,1539900,53.66144561767578
8/14/2018,56.43000030517578,56.5,55.880001068115234,56.349998474121094,1175000,54.988582611083984
8/13/2018,57.02000045776367,57.130001068115234,55.709999084472656,56.02000045776367,1119400,54.66655731201172
8/10/2018,57.650001525878906,58.15999984741211,56.97999954223633,57.060001373291016,1341900,55.681427001953125
8/9/2018,57.220001220703125,58.349998474121094,56.900001525878906,58.04999923706055,2122400,56.64751434326172
8/8/2018,56.720001220703125,57.02000045776367,56.375,56.869998931884766,994400,55.49601745605469
8/7/2018,57.54999923706055,58.310001373291016,56.54999923706055,56.619998931884766,1800800,55.25205993652344
8/6/2018,57.849998474121094,58.70000076293945,57.36000061035156,57.459999084472656,1012000,56.07176208496094
8/3/2018,57.060001373291016,57.849998474121094,56.47999954223633,57.75,2616700,56.35476303100586
8/2/2018,55.34000015258789,58.025001525878906,55.0099983215332,57.68000030517578,3290200,56.28644943237305
8/1/2018,53.95000076293945,54.650001525878906,53.77000045776367,54.380001068115234,1777200,53.06617736816406
7/31/2018,53.34000015258789,54.45000076293945,53.34000015258789,54.209999084472656,1596800,52.90028381347656
7/30/2018,53.900001525878906,54.25,53.150001525878906,53.2400016784668,1034900,51.95372009277344
7/27/2018,53.810001373291016,54.439998626708984,53.369998931884766,53.779998779296875,905900,52.480674743652344
7/26/2018,52.900001525878906,54.13999938964844,52.599998474121094,53.7400016784668,1656200,52.44164276123047
7/25/2018,52.54999923706055,53.08000183105469,52.16999816894531,52.959999084472656,1102200,51.68048858642578
7/24/2018,52.209999084472656,52.91999816894531,52.16999816894531,52.5,3030800,51.23160171508789
7/23/2018,52.56999969482422,52.7400016784668,51.779998779296875,51.90999984741211,1426900,50.655853271484375
7/20/2018,52.060001373291016,52.849998474121094,51.83000183105469,52.45000076293945,1177000,51.18280792236328
7/19/2018,51.86000061035156,52.31999969482422,51.5,52,1388100,50.74367904663086
7/18/2018,53.20000076293945,53.58000183105469,52.27000045776367,52.29999923706055,1423800,51.03643035888672
7/17/2018,52.52000045776367,53.0099983215332,52.41999816894531,52.70000076293945,1636500,51.4267692565918
7/16/2018,53,53.369998931884766,52.619998931884766,52.7400016784668,1312500,51.46580123901367
7/13/2018,52.81999969482422,53.290000915527344,52.540000915527344,53.06999969482422,829500,51.78782653808594
7/12/2018,52.880001068115234,53.349998474121094,52.22999954223633,53.04999923706055,1192100,51.768310546875
7/11/2018,53.529998779296875,53.90999984741211,52.209999084472656,52.5099983215332,1902100,51.241355895996094
7/10/2018,53.630001068115234,54.41999816894531,53.38999938964844,54.34000015258789,1447400,53.02714538574219
7/9/2018,54.20000076293945,54.52000045776367,53.560001373291016,53.630001068115234,1382300,52.33429718017578
7/6/2018,53.29999923706055,54.099998474121094,53.150001525878906,54.0099983215332,1026200,52.70511245727539
7/5/2018,54,54.17900085449219,53.38999938964844,53.4900016784668,1201500,52.19768142700195
7/3/2018,54.040000915527344,54.720001220703125,54.040000915527344,54.31999969482422,811900,53.007625579833984
7/2/2018,54.0099983215332,54.5,53.72999954223633,53.77000045776367,1145800,52.47091293334961
6/29/2018,53.77000045776367,54.70000076293945,53.66999816894531,54.380001068115234,1763300,53.06617736816406
6/28/2018,53.36000061035156,54.18000030517578,53.255001068115234,53.380001068115234,1954300,52.09033966064453
6/27/2018,54.900001525878906,55.029998779296875,53.630001068115234,53.72999954223633,2232900,52.04154586791992
6/26/2018,54.209999084472656,55.18000030517578,54.09000015258789,54.61000061035156,2510200,52.893898010253906
6/25/2018,54.0099983215332,54.279998779296875,53.650001525878906,53.959999084472656,2556100,52.264320373535156
6/22/2018,52.779998779296875,54.16999816894531,52.779998779296875,53.689998626708984,1740700,52.002803802490234
6/21/2018,52.40999984741211,52.95000076293945,52.25,52.75,1691100,51.09233856201172
6/20/2018,52.81999969482422,53.04999923706055,51.94499969482422,52.310001373291016,1760300,50.666175842285156
6/19/2018,52.130001068115234,52.84000015258789,51.380001068115234,52.77000045776367,2200700,51.111717224121094
6/18/2018,53.290000915527344,53.72999954223633,53.10499954223633,53.47999954223633,2753500,51.79940414428711
6/15/2018,53.31999969482422,53.650001525878906,52.974998474121094,53.54999923706055,2780500,51.86720275878906
6/14/2018,53.65999984741211,53.99700164794922,53.409000396728516,53.72999954223633,2346800,52.04154586791992
6/13/2018,52.59000015258789,53.86000061035156,52.59000015258789,53.54999923706055,2550600,51.86720275878906
6/12/2018,52.650001525878906,53.1150016784668,52.400001525878906,52.689998626708984,1308700,51.03422927856445
6/11/2018,52.459999084472656,53.777000427246094,52.31999969482422,52.72999954223633,2369000,51.07297134399414
6/8/2018,52.5,53.11000061035156,52.189998626708984,52.66999816894531,1698100,51.014854431152344
6/7/2018,52.66999816894531,52.95000076293945,51.70500183105469,52.5,2859800,50.85020065307617
6/6/2018,50.95000076293945,52.72999954223633,50.68000030517578,52.66999816894531,2178400,51.014854431152344
6/5/2018,50.7400016784668,51.15999984741211,50.34000015258789,50.59000015258789,1468100,49.000221252441406
6/4/2018,50.810001373291016,51.04999923706055,50.20000076293945,50.400001525878906,1201700,48.816192626953125
6/1/2018,50.720001220703125,51.224998474121094,50.70000076293945,50.7599983215332,1285900,49.16487503051758
5/31/2018,50.86000061035156,51.040000915527344,50.52000045776367,50.650001525878906,1351200,49.05833435058594
5/30/2018,50.41999816894531,51.165000915527344,50.22999954223633,51.099998474121094,1369100,49.49419403076172
5/29/2018,49.90999984741211,50.689998626708984,49.540000915527344,50.06999969482422,1193000,48.49656295776367
5/25/2018,50.75,50.93000030517578,50.470001220703125,50.70000076293945,1149500,49.10676193237305
5/24/2018,51.130001068115234,51.380001068115234,50.849998474121094,51.13999938964844,1287300,49.532936096191406
5/23/2018,50.58000183105469,51.45000076293945,50.400001525878906,51.380001068115234,1443000,49.7653923034668
5/22/2018,52,52.25,51,51.060001373291016,1209900,49.455448150634766
5/21/2018,51.97999954223633,52.72999954223633,51.86000061035156,52.11000061035156,1715300,50.47245407104492
5/18/2018,51.09000015258789,51.58000183105469,50.65999984741211,51.439998626708984,1621300,49.82350540161133
5/17/2018,51.7400016784668,51.91999816894531,51.04999923706055,51.529998779296875,1437900,49.91067886352539
5/16/2018,51.7599983215332,51.959999084472656,50.88999938964844,51.720001220703125,1519000,50.09471130371094
5/15/2018,50.25,52.02000045776367,50.11000061035156,51.70000076293945,2125100,50.075340270996094
5/14/2018,49.189998626708984,50.65999984741211,48.9900016784668,50.5,1849300,48.91305160522461
5/11/2018,49.15999984741211,49.58000183105469,48.59000015258789,48.869998931884766,1501400,47.33427047729492
5/10/2018,48.9900016784668,49.404998779296875,48.56999969482422,49.220001220703125,1309100,47.67327117919922
5/9/2018,48.65999984741211,49.470001220703125,48.5,48.689998626708984,2468600,47.15992736816406
5/8/2018,46.439998626708984,47.939998626708984,46.27000045776367,47.650001525878906,2440400,46.152610778808594
5/7/2018,46.5,46.86000061035156,45.900001525878906,46.2400016784668,1991000,44.78691864013672
5/4/2018,45.75,46.83000183105469,45.52000045776367,46.529998779296875,1058700,45.06780242919922
5/3/2018,46.04999923706055,46.400001525878906,45.400001525878906,46,1058100,44.5544548034668
5/2/2018,45.779998779296875,46.52000045776367,45.779998779296875,46.02000045776367,702500,44.57383346557617
5/1/2018,45.380001068115234,45.90999984741211,44.939998626708984,45.81999969482422,1427900,44.38011932373047
4/30/2018,46.43000030517578,46.5,45.529998779296875,45.529998779296875,1054600,44.09922409057617
4/27/2018,46.650001525878906,46.880001068115234,46,46.2599983215332,691600,44.8062858581543
4/26/2018,46.720001220703125,46.95000076293945,46.05500030517578,46.630001068115234,773900,45.16466522216797
4/25/2018,45.400001525878906,46.619998931884766,45.369998931884766,46.349998474121094,973600,44.893455505371094
4/24/2018,46.310001373291016,46.40999984741211,45.2599983215332,45.619998931884766,1412600,44.186397552490234
4/23/2018,46.720001220703125,46.720001220703125,45.91999816894531,46,1239400,44.5544548034668
4/20/2018,47.36000061035156,47.619998931884766,46.540000915527344,46.7400016784668,842300,45.27120590209961
4/19/2018,48.20000076293945,48.43000030517578,47.16999816894531,47.619998931884766,806000,46.12355041503906
4/18/2018,47.060001373291016,48.400001525878906,47,48.2400016784668,1016800,46.72406768798828
4/17/2018,46.810001373291016,47.31399917602539,46.72999954223633,47.099998474121094,830000,45.61988830566406
4/16/2018,46.65999984741211,47.04999923706055,46.369998931884766,46.810001373291016,719600,45.33900451660156
4/13/2018,47.41999816894531,47.499000549316406,46.5,46.68000030517578,638700,45.21309280395508
4/12/2018,46.599998474121094,47.349998474121094,46.13999938964844,47.02000045776367,592000,45.54240798950195
4/11/2018,46.4900016784668,46.880001068115234,46.150001525878906,46.43000030517578,681500,44.970947265625
4/10/2018,46.90999984741211,47.38999938964844,46.689998626708984,46.75,1076000,45.28089141845703
4/9/2018,45.130001068115234,46.5,44.810001373291016,46.2400016784668,1598400,44.78691864013672
4/6/2018,45.810001373291016,46.040000915527344,44.709999084472656,44.95000076293945,845000,43.53746032714844
4/5/2018,45.31999969482422,46.459999084472656,45.150001525878906,46.099998474121094,1587500,44.65131378173828
4/4/2018,45.029998779296875,45.2400016784668,44.040000915527344,45.099998474121094,2576400,43.6827392578125
4/3/2018,45.88999938964844,46.18000030517578,45.29999923706055,45.77000045776367,1862400,44.331687927246094
4/2/2018,47.27000045776367,47.27000045776367,45.57500076293945,45.83000183105469,1370400,44.389801025390625
3/29/2018,46.18000030517578,47.56999969482422,45.88999938964844,47.2599983215332,2164800,45.774864196777344
3/28/2018,46.720001220703125,46.790000915527344,45.77000045776367,45.810001373291016,2085300,44.37042999267578
3/27/2018,47.380001068115234,48,46.900001525878906,47.209999084472656,1713600,45.3390007019043
3/26/2018,47.220001220703125,47.5099983215332,46.84000015258789,47.16999816894531,1766500,45.30059051513672
3/23/2018,47.5,48.13999938964844,46.959999084472656,46.9900016784668,1906900,45.127723693847656
3/22/2018,47.90999984741211,48.25,47.2599983215332,47.33000183105469,1482200,45.454254150390625
3/21/2018,48.25,49.08000183105469,48.09000015258789,48.59000015258789,1070500,46.66431427001953
3/20/2018,48.70000076293945,48.939998626708984,47.869998931884766,47.88999938964844,1298200,45.99205780029297
3/19/2018,49.2599983215332,49.41999816894531,48.439998626708984,48.720001220703125,1800500,46.789161682128906
3/16/2018,49.959999084472656,50.36000061035156,49.540000915527344,49.56999969482422,2547700,47.605472564697266
3/15/2018,50.279998779296875,50.77000045776367,49.91999816894531,50,984400,48.018436431884766
3/14/2018,50.939998626708984,51.029998779296875,50.310001373291016,50.45000076293945,911400,48.45059585571289
3/13/2018,50.849998474121094,51.16999816894531,50.43000030517578,50.54999923706055,1572200,48.54663848876953
3/12/2018,52.04999923706055,52.2400016784668,50.599998474121094,50.68000030517578,1823500,48.671485900878906
3/9/2018,51,53.75,50.63999938964844,52.150001525878906,4026800,50.083229064941406
3/8/2018,51.25,51.2599983215332,50.4900016784668,50.56999969482422,1707100,48.56584548950195
3/7/2018,51.13999938964844,51.73500061035156,50.20000076293945,51.040000915527344,2142700,49.017215728759766
3/6/2018,52.220001220703125,52.54999923706055,51.16999816894531,51.560001373291016,2910200,49.51660919189453
3/5/2018,49.349998474121094,52.26499938964844,49.25,51.79999923706055,2901700,49.747093200683594
3/2/2018,49.31999969482422,49.63999938964844,48.65999984741211,49.47999954223633,1453500,47.51904296875
3/1/2018,49.5,50.099998474121094,48.83000183105469,49.4900016784668,1693300,47.528648376464844
2/28/2018,49.75,50.43000030517578,49.2400016784668,49.25,3481900,47.298152923583984
2/27/2018,49.90999984741211,51.06999969482422,49.38999938964844,49.630001068115234,2368900,47.66310119628906
2/26/2018,50.5,50.70000076293945,49.11000061035156,50.130001068115234,1992600,48.14328384399414
2/23/2018,48.08000183105469,50.66999816894531,48.040000915527344,50.31999969482422,3200600,48.32575225830078
2/22/2018,47.279998779296875,47.939998626708984,47.119998931884766,47.58000183105469,1925600,45.694339752197266
2/21/2018,45.22999954223633,48.20000076293945,45,47.08000183105469,3913500,45.21415710449219
2/20/2018,44.279998779296875,45.31999969482422,44.220001220703125,45.029998779296875,2341700,43.245399475097656
2/16/2018,44.540000915527344,44.79999923706055,44.18000030517578,44.41999816894531,1483600,42.65957260131836
2/15/2018,44.95000076293945,44.9900016784668,44.18000030517578,44.59000015258789,1841400,42.82284164428711
2/14/2018,44.529998779296875,44.880001068115234,44.13999938964844,44.540000915527344,2065500,42.774818420410156
2/13/2018,45.529998779296875,45.709999084472656,44.5099983215332,44.70000076293945,1469000,42.92848205566406
2/12/2018,44.83000183105469,45.83000183105469,44.63999938964844,45.54999923706055,1916800,43.74479293823242
2/9/2018,45.13999938964844,45.470001220703125,44.15999984741211,44.5099983215332,2729900,42.746009826660156
2/8/2018,46.36000061035156,46.59000015258789,44.97999954223633,45.04999923706055,3374200,43.264610290527344
2/7/2018,46.279998779296875,47.61000061035156,46.279998779296875,46.810001373291016,2941900,44.95486068725586
2/6/2018,46.25,47.369998931884766,40.40999984741211,46.86000061035156,4682400,45.00287628173828
2/5/2018,49.43000030517578,49.959999084472656,48.209999084472656,48.290000915527344,2333200,46.37620162963867
2/2/2018,50.869998931884766,51.02000045776367,49.84000015258789,49.97999954223633,2168600,47.99922561645508
2/1/2018,51.91999816894531,52.2400016784668,51.0099983215332,51.540000915527344,1170800,49.49740219116211
1/31/2018,53.11000061035156,53.2400016784668,52.20000076293945,52.34000015258789,1398300,50.26569747924805
1/30/2018,53.38999938964844,53.689998626708984,52.93000030517578,53.040000915527344,1569500,50.937957763671875
1/29/2018,53.56999969482422,54.06999969482422,53.5,53.689998626708984,1473700,51.562191009521484
1/26/2018,53.220001220703125,54.06999969482422,52.79999923706055,54,1517100,51.85990905761719
1/25/2018,53.709999084472656,53.880001068115234,52.970001220703125,53.04999923706055,1063100,50.94755935668945
1/24/2018,54,54.34600067138672,53.33000183105469,53.599998474121094,2602100,51.47576141357422
1/23/2018,53,53.959999084472656,52.90999984741211,53.68000030517578,2509100,51.552589416503906
1/22/2018,53.2400016784668,53.290000915527344,52.75,53.06999969482422,1189200,50.96677017211914
1/19/2018,53.20000076293945,53.29999923706055,52.880001068115234,53,1425800,50.8995361328125
1/18/2018,53.18000030517578,53.5,52.939998626708984,53.189998626708984,1279600,51.082008361816406
1/17/2018,53.0099983215332,53.290000915527344,52.689998626708984,52.810001373291016,1726200,50.717071533203125
1/16/2018,53.83000183105469,53.91999816894531,52.994998931884766,53.04999923706055,2165700,50.94755935668945
1/12/2018,53.209999084472656,53.61000061035156,52.90999984741211,53.43000030517578,1338400,51.3125
1/11/2018,51.5099983215332,53.34000015258789,51.5099983215332,53.25,1908900,51.13963317871094
1/10/2018,52.529998779296875,52.900001525878906,51.560001373291016,51.900001525878906,1999100,49.843135833740234
1/9/2018,53.79999923706055,53.79999923706055,52.33000183105469,52.68000030517578,2346700,50.592227935791016
1/8/2018,55.38999938964844,55.4900016784668,53.790000915527344,53.84000015258789,1528200,51.70624923706055
1/5/2018,55.400001525878906,56.18000030517578,54.79999923706055,55.72999954223633,1618600,53.52134704589844
1/4/2018,55.689998626708984,55.900001525878906,54.959999084472656,55.54999923706055,1988400,53.34847640991211
1/3/2018,54.95000076293945,55.66999816894531,54.72999954223633,55.36000061035156,2581100,53.166011810302734
1/2/2018,52.599998474121094,54.75,51.810001373291016,54.75,883700,52.58018112182617
6/24/2016,5.789999961853027,5.841000080108643,5.354000091552734,5.785999774932861,1000,5.300899505615234
4/7/2016,6.081999778747559,6.144000053405762,6.001999855041504,6.0269999504089355,400,5.292654037475586
2/23/2015,4.552000045776367,5.420000076293945,4.552000045776367,5.370999813079834,21153,4.075615882873535
2/2/2015,6.139999866485596,6.251999855041504,6.067999839782715,6.067999839782715,2000,4.6045122146606445
1/22/2015,5.705999851226807,5.955999851226807,5.677999973297119,5.869999885559082,1000,4.45426607131958
1/9/2015,5.960999965667725,5.960999965667725,5.939000129699707,5.941999912261963,150,4.242191791534424
12/8/2014,5.8460001945495605,5.961999893188477,5.642000198364258,5.84499979019165,900,4.172940731048584
11/13/2014,5.938000202178955,5.9730000495910645,5.926000118255615,5.949999809265137,3000,4.247903823852539
11/5/2014,5.951000213623047,6.073999881744385,5.894000053405762,5.894000053405762,15,4.20792293548584
10/8/2014,5.999000072479248,5.999000072479248,5.9019999504089355,5.9019999504089355,220,3.963759183883667
10/2/2014,6.335000038146973,6.36299991607666,6.335000038146973,6.36299991607666,700,4.2733635902404785
9/25/2014,6.401000022888184,6.401000022888184,6.401000022888184,6.401000022888184,2300,4.298884868621826
9/22/2014,6.275000095367432,6.275000095367432,6.275000095367432,6.275000095367432,2300,4.214263916015625
9/17/2014,6.135000228881836,6.135000228881836,6.135000228881836,6.135000228881836,2300,4.120240688323975
9/16/2014,6.186999797821045,6.186999797821045,6.186999797821045,6.186999797821045,2300,4.155162811279297
9/12/2014,6.499000072479248,6.499000072479248,6.499000072479248,6.499000072479248,2300,4.364701747894287
9/11/2014,6.354000091552734,6.354000091552734,6.354000091552734,6.354000091552734,2300,4.26732063293457
9/9/2014,6.243000030517578,6.243000030517578,6.243000030517578,6.243000030517578,2300,4.192772388458252
9/8/2014,6.114999771118164,6.125,6.114999771118164,6.125,2300,4.113523960113525
9/4/2014,6.057000160217285,6.057000160217285,6.057000160217285,6.057000160217285,2300,4.067856311798096
9/3/2014,6.058000087738037,6.058000087738037,6.058000087738037,6.058000087738037,2300,4.0685272216796875
8/27/2014,6.140999794006348,6.140999794006348,6.140999794006348,6.140999794006348,2300,4.124269485473633
3/25/2011,6.173999786376953,6.173999786376953,6.173999786376953,6.173999786376953,1000,3.915614366531372
3/17/2011,5.260000228881836,5.260000228881836,5.260000228881836,5.260000228881836,80,3.3359460830688477
3/11/2011,5.349999904632568,5.349999904632568,5.349999904632568,5.349999904632568,210,3.3930246829986572
9/29/2010,2.9549999237060547,2.9549999237060547,2.9549999237060547,2.9549999237060547,750,1.8740911483764648
8/23/2010,3.200000047683716,3.200000047683716,3.200000047683716,3.200000047683716,3300,2.029472589492798
2/17/2010,2.7799999713897705,2.7799999713897705,2.7799999713897705,2.7799999713897705,24,1.7631044387817383
1/13/2010,3.6540000438690186,3.6540000438690186,3.6540000438690186,3.6540000438690186,2000,2.3174045085906982
7/12/2007,5.210000038146973,5.210000038146973,5.210000038146973,5.210000038146973,250,3.3042352199554443
