4/22/2019,92.70999908447266,93.4800033569336,91.4800033569336,92.16999816894531,752200,92.16999816894531
4/18/2019,92.87000274658203,94.1520004272461,92.37999725341797,92.7699966430664,734500,92.7699966430664
4/17/2019,94.06999969482422,94.69000244140625,91.94999694824219,92.72000122070312,712900,92.72000122070312
4/16/2019,93.8499984741211,94.55000305175781,93.04000091552734,93.5,810300,93.5
4/15/2019,91.16000366210938,93.26000213623047,91.05999755859375,93.19999694824219,1114000,93.19999694824219
4/12/2019,91,91.54000091552734,90.56199645996094,90.63999938964844,988300,90.63999938964844
4/11/2019,90.6500015258789,90.72000122070312,89.91999816894531,90.5999984741211,1340900,90.5999984741211
4/10/2019,90,90.58999633789062,89.30999755859375,90.41999816894531,791100,90.41999816894531
4/9/2019,89.29000091552734,89.91000366210938,88.33000183105469,89.54000091552734,724100,89.54000091552734
4/8/2019,90,90,88.69999694824219,89.38999938964844,796100,89.38999938964844
4/5/2019,88.08999633789062,89.8499984741211,87.58999633789062,89.69000244140625,1189500,89.69000244140625
4/4/2019,85.4800033569336,89.80999755859375,84.5999984741211,87.68000030517578,1647100,87.68000030517578
4/3/2019,85.33999633789062,86.2699966430664,84.68000030517578,85.44000244140625,718500,85.44000244140625
4/2/2019,85.87000274658203,87,84.04000091552734,84.77999877929688,784200,84.77999877929688
4/1/2019,85.94999694824219,86.76000213623047,84.87000274658203,86.19999694824219,935200,86.19999694824219
3/29/2019,85.88999938964844,86.3499984741211,83.94999694824219,85.33000183105469,1084800,85.33000183105469
3/28/2019,84.26000213623047,87.11000061035156,83.61499786376953,85.26000213623047,1454200,85.26000213623047
3/27/2019,79.11000061035156,84.42900085449219,78.76000213623047,83.41999816894531,2174100,83.41999816894531
3/26/2019,81.69000244140625,82.55999755859375,80.45999908447266,81.55999755859375,1588600,81.55999755859375
3/25/2019,79.2300033569336,81.61000061035156,79,80.79000091552734,1224500,80.79000091552734
3/22/2019,80.12000274658203,81.0999984741211,79.41999816894531,79.43000030517578,625400,79.43000030517578
3/21/2019,79.62999725341797,81.5999984741211,79.62000274658203,80.69999694824219,758400,80.69999694824219
3/20/2019,79.62999725341797,80.70999908447266,78.72000122070312,79.88999938964844,988800,79.88999938964844
3/19/2019,81.80999755859375,81.94000244140625,79.75,79.75,1301300,79.75
3/18/2019,79.61000061035156,81.5,79.5,81.19000244140625,579000,81.19000244140625
3/15/2019,80.48999786376953,80.61000061035156,78.0999984741211,79.45999908447266,1147200,79.45999908447266
3/14/2019,80.20999908447266,80.87000274658203,78.80999755859375,80.62999725341797,618100,80.62999725341797
3/13/2019,79.56999969482422,80.83999633789062,79.2699966430664,80.30999755859375,728400,80.30999755859375
3/12/2019,80.5,80.5,78.38999938964844,79.58000183105469,672900,79.58000183105469
3/11/2019,80.02999877929688,82.12999725341797,79.87999725341797,80.56999969482422,800600,80.56999969482422
3/8/2019,80.31999969482422,81.08999633789062,79.11000061035156,79.94000244140625,824400,79.94000244140625
3/7/2019,83.88999938964844,83.88999938964844,80.93000030517578,81,1150800,81
3/6/2019,85.56999969482422,86.05500030517578,83.70999908447266,84.23999786376953,753900,84.23999786376953
3/5/2019,85.47000122070312,86.45999908447266,84.9800033569336,85.4800033569336,453600,85.4800033569336
3/4/2019,87.79000091552734,87.79000091552734,84.2699966430664,85,815700,85
3/1/2019,89.1500015258789,89.33000183105469,86.97000122070312,87.73999786376953,690300,87.73999786376953
2/28/2019,88.30000305175781,88.9749984741211,87.37000274658203,88.22000122070312,566600,88.22000122070312
2/27/2019,87.55000305175781,89.21499633789062,87.02999877929688,88.55999755859375,678500,88.55999755859375
2/26/2019,88.22000122070312,89.01000213623047,86.83000183105469,87.69999694824219,519400,87.69999694824219
2/25/2019,89.18000030517578,89.97000122070312,88.29000091552734,88.4800033569336,619100,88.4800033569336
2/22/2019,88.19000244140625,88.5999984741211,87.4000015258789,88.5,558600,88.5
2/21/2019,88.30000305175781,88.62999725341797,87.06999969482422,87.58000183105469,494200,87.58000183105469
2/20/2019,87.76000213623047,88.30999755859375,86.76000213623047,88.30999755859375,434700,88.30999755859375
2/19/2019,87.1500015258789,88.12000274658203,86.38999938964844,87.56999969482422,565600,87.56999969482422
2/15/2019,87.75,88.12999725341797,87.09100341796875,87.36000061035156,461000,87.36000061035156
2/14/2019,87.48999786376953,88.5999984741211,86.5,87.13999938964844,534600,87.13999938964844
2/13/2019,87,88.12000274658203,85.41999816894531,88.02999877929688,491500,88.02999877929688
2/12/2019,85.22000122070312,87.41999816894531,84.94000244140625,86.62000274658203,762200,86.62000274658203
2/11/2019,83.54000091552734,84.91999816894531,82.91000366210938,84.77999877929688,473900,84.77999877929688
2/8/2019,81.6500015258789,83.55000305175781,81.62000274658203,83.04000091552734,638800,83.04000091552734
2/7/2019,80.80999755859375,82.66999816894531,80.5999984741211,82.23999786376953,849900,82.23999786376953
2/6/2019,81.88999938964844,81.9209976196289,80.08999633789062,81.13999938964844,402300,81.13999938964844
2/5/2019,80.80999755859375,82.12000274658203,80.43000030517578,81.9000015258789,765500,81.9000015258789
2/4/2019,79.2300033569336,80.87999725341797,78.48999786376953,80.52999877929688,547700,80.52999877929688
2/1/2019,77.9000015258789,79.7699966430664,77.37000274658203,79.3499984741211,837800,79.3499984741211
1/31/2019,77.13999938964844,78.54000091552734,76.5,78.16999816894531,465100,78.16999816894531
1/30/2019,77.19999694824219,78,76.05000305175781,76.9000015258789,513600,76.9000015258789
1/29/2019,76.5999984741211,77.20999908447266,76.05999755859375,76.83000183105469,462200,76.83000183105469
1/28/2019,77.16999816894531,77.75,76.29000091552734,76.68000030517578,652500,76.68000030517578
1/25/2019,75.91000366210938,78.33000183105469,75.80000305175781,78.12000274658203,982200,78.12000274658203
1/24/2019,75.01000213623047,75.77999877929688,74.19999694824219,75.1500015258789,508500,75.1500015258789
1/23/2019,74.37999725341797,76.08000183105469,73.66999816894531,74.9000015258789,802700,74.9000015258789
1/22/2019,75.30000305175781,75.81999969482422,72.5999984741211,73.9000015258789,1184200,73.9000015258789
1/18/2019,76.55000305175781,77.16000366210938,74.63999938964844,75.68000030517578,971500,75.68000030517578
1/17/2019,74.37000274658203,76.11000061035156,74.05000305175781,75.73999786376953,696500,75.73999786376953
1/16/2019,75.04000091552734,76.25,74.4800033569336,74.81999969482422,566000,74.81999969482422
1/15/2019,75.48999786376953,75.48999786376953,73.98999786376953,74.98999786376953,918200,74.98999786376953
1/14/2019,76.2300033569336,78.31999969482422,73.5999984741211,75.08000183105469,1507400,75.08000183105469
1/11/2019,82.9000015258789,82.9000015258789,75.04000091552734,76.51000213623047,2087600,76.51000213623047
1/10/2019,74.7300033569336,76.54000091552734,73.33999633789062,76.48999786376953,1015000,76.48999786376953
1/9/2019,75.7300033569336,76.80999755859375,74.16999816894531,75.83999633789062,680400,75.83999633789062
1/8/2019,74.94999694824219,76.5999984741211,73.70999908447266,75.76000213623047,974100,75.76000213623047
1/7/2019,69.4800033569336,74.86000061035156,69,74.18000030517578,1640800,74.18000030517578
1/4/2019,67.23999786376953,69.45999908447266,66.29000091552734,69.25,999300,69.25
1/3/2019,65.70999908447266,67.30000305175781,64.76000213623047,66.19999694824219,584600,66.19999694824219
1/2/2019,64.9000015258789,66.62000274658203,64.9000015258789,66.25,857300,66.25
12/31/2018,65.91000366210938,66.62999725341797,65.01000213623047,66.51000213623047,727900,66.51000213623047
12/28/2018,66.0199966430664,66.41000366210938,64.44999694824219,65.58999633789062,507100,65.58999633789062
12/27/2018,63.630001068115234,65.3499984741211,62.8390007019043,65.31999969482422,676200,65.31999969482422
12/26/2018,61.880001068115234,64.93000030517578,61.41600036621094,64.91999816894531,650400,64.91999816894531
12/24/2018,60.75,62.63999938964844,59.720001220703125,61.709999084472656,434900,61.709999084472656
12/21/2018,63.08000183105469,65.47000122070312,61.0099983215332,61.63999938964844,1690300,61.63999938964844
12/20/2018,65.26000213623047,65.77999877929688,62.25199890136719,63.08000183105469,955300,63.08000183105469
12/19/2018,66.08000183105469,67.26000213623047,64.5,65.3499984741211,803500,65.3499984741211
12/18/2018,66.36000061035156,67.16000366210938,65.29499816894531,65.91999816894531,757600,65.91999816894531
12/17/2018,66.02999877929688,67.58799743652344,63.27000045776367,65.54000091552734,1116800,65.54000091552734
12/14/2018,65.91999816894531,67.93000030517578,65.45999908447266,66.4000015258789,745800,66.4000015258789
12/13/2018,68.12000274658203,69,66.04000091552734,66.61000061035156,816900,66.61000061035156
12/12/2018,67.43000030517578,69.55999755859375,67.43000030517578,67.87999725341797,1017300,67.87999725341797
12/11/2018,70.06999969482422,70.4800033569336,66.20999908447266,66.69999694824219,1190400,66.69999694824219
12/10/2018,68.98999786376953,69.3499984741211,66.66000366210938,68.51000213623047,1486300,68.51000213623047
12/7/2018,73.69999694824219,74.87000274658203,67.35099792480469,69.12999725341797,2540600,69.12999725341797
12/6/2018,79.62000274658203,80.63999938964844,70.30000305175781,71.9000015258789,5407300,71.9000015258789
12/4/2018,90.48999786376953,90.69999694824219,85.1500015258789,86.83000183105469,1472300,86.83000183105469
12/3/2018,90.11000061035156,91.5999984741211,88.70999908447266,91.2300033569336,712900,91.2300033569336
11/30/2018,89.75,90.2300033569336,88.55000305175781,88.69999694824219,610000,88.69999694824219
11/29/2018,90.38999938964844,91.37999725341797,89.18000030517578,89.75,796000,89.75
11/28/2018,87.27999877929688,90.7300033569336,86.47000122070312,90.37999725341797,737800,90.37999725341797
11/27/2018,86.51000213623047,87.66000366210938,86.20999908447266,86.7699966430664,397600,86.7699966430664
11/26/2018,85.05000305175781,87.19999694824219,84.4000015258789,87.11000061035156,555600,87.11000061035156
11/23/2018,83.13999938964844,84.12999725341797,82.80000305175781,83.87000274658203,195500,83.87000274658203
11/21/2018,83.43000030517578,84.69000244140625,82.58999633789062,83.66999816894531,506000,83.66999816894531
11/20/2018,85.80000305175781,86.4000015258789,81.66000366210938,82.45999908447266,1530200,82.45999908447266
11/19/2018,90.1500015258789,91.1500015258789,87.37000274658203,88.69999694824219,638300,88.69999694824219
11/16/2018,88.44999694824219,90.83000183105469,87.20999908447266,90.69999694824219,811100,90.69999694824219
11/15/2018,90.69000244140625,91.44999694824219,85.7249984741211,89.19000244140625,714500,89.19000244140625
11/14/2018,91.52999877929688,94.2699966430664,90.5510025024414,91.04000091552734,496400,91.04000091552734
11/13/2018,90.3499984741211,91.74500274658203,90.04000091552734,90.76000213623047,412800,90.76000213623047
11/12/2018,90.95999908447266,92.47000122070312,89.91000366210938,90.33999633789062,682400,90.33999633789062
11/9/2018,92.20999908447266,93.15499877929688,90.5,91.27999877929688,508700,91.27999877929688
11/8/2018,91.86000061035156,94.7300033569336,90.98999786376953,92.75,662800,92.75
11/7/2018,90.5,91.94999694824219,89.66999816894531,91.7300033569336,990400,91.7300033569336
11/6/2018,88.94999694824219,90.29000091552734,87.98799896240234,89.48999786376953,556400,89.48999786376953
11/5/2018,90,90.37999725341797,87.04000091552734,89.16000366210938,1064800,89.16000366210938
11/2/2018,93.0999984741211,95,90.51300048828125,92.7300033569336,613700,92.7300033569336
11/1/2018,93.6500015258789,93.94000244140625,92.05999755859375,92.19000244140625,570800,92.19000244140625
10/31/2018,94.05999755859375,96.30000305175781,92.76000213623047,92.9000015258789,837700,92.9000015258789
10/30/2018,88.7300033569336,92.97000122070312,88.7300033569336,92.72000122070312,610900,92.72000122070312
10/29/2018,89.25,91.5979995727539,87.197998046875,88.66999816894531,766000,88.66999816894531
10/26/2018,88.6500015258789,90.22000122070312,87.16000366210938,88.25,643200,88.25
10/25/2018,89.0999984741211,90.13999938964844,87.27999877929688,89.51000213623047,649400,89.51000213623047
10/24/2018,88.80999755859375,91.3949966430664,87.7300033569336,87.80000305175781,690200,87.80000305175781
10/23/2018,88.36000061035156,89.5999984741211,87.19999694824219,88.80999755859375,566300,88.80999755859375
10/22/2018,88.77999877929688,90.48999786376953,88.0199966430664,90.08000183105469,381600,90.08000183105469
10/19/2018,89.69000244140625,90.2699966430664,88.30000305175781,88.73999786376953,436700,88.73999786376953
10/18/2018,91.30000305175781,91.93000030517578,88.83999633789062,89.55000305175781,549900,89.55000305175781
10/17/2018,92.44999694824219,92.44999694824219,89.0999984741211,91.58999633789062,446300,91.58999633789062
10/16/2018,89.6500015258789,92.19000244140625,88.51000213623047,92.02999877929688,470900,92.02999877929688
10/15/2018,88.1500015258789,89.88999938964844,86.7699966430664,88.9000015258789,472400,88.9000015258789
10/12/2018,86.87999725341797,88.66999816894531,86.01000213623047,87.97000122070312,685400,87.97000122070312
10/11/2018,86.5,87.95999908447266,84.66000366210938,85.02999877929688,847800,85.02999877929688
10/10/2018,90.5999984741211,90.97000122070312,86.86000061035156,87.36000061035156,922200,87.36000061035156
10/9/2018,89.38999938964844,91.33000183105469,89.37999725341797,90.58000183105469,759700,90.58000183105469
10/8/2018,87.19999694824219,89.7699966430664,87.0009994506836,89.37999725341797,985700,89.37999725341797
10/5/2018,89.48999786376953,89.9800033569336,87.3499984741211,88,895300,88
10/4/2018,91.33999633789062,91.58999633789062,88.29000091552734,89.29000091552734,1135500,89.29000091552734
10/3/2018,93.70999908447266,94.45999908447266,91.30999755859375,92.0199966430664,929300,92.0199966430664
10/2/2018,96.30999755859375,96.30999755859375,93.2699966430664,93.61000061035156,634400,93.61000061035156
10/1/2018,97.36000061035156,97.61000061035156,96.0999984741211,96.5,631100,96.5
9/28/2018,93.9000015258789,96.3499984741211,93.9000015258789,96.0999984741211,510700,96.0999984741211
9/27/2018,95.05000305175781,95.80000305175781,93.94999694824219,94.3499984741211,386100,94.3499984741211
9/26/2018,94.5999984741211,95.4000015258789,93.44999694824219,94.80000305175781,387000,94.80000305175781
9/25/2018,93.80000305175781,94.6500015258789,93.0999984741211,94.3499984741211,340800,94.3499984741211
9/24/2018,92.44999694824219,94.1500015258789,92.25,93.4000015258789,388900,93.4000015258789
9/21/2018,93.25,94.44999694824219,92.0999984741211,92.75,1085500,92.75
9/20/2018,93.1500015258789,94.01300048828125,92.5,93.0999984741211,385300,93.0999984741211
9/19/2018,93.3499984741211,93.625,92.05000305175781,92.80000305175781,485700,92.80000305175781
9/18/2018,90.5,93.19999694824219,90.05000305175781,93,583800,93
9/17/2018,90.75,91.0999984741211,88.75,90.19999694824219,427000,90.19999694824219
9/14/2018,90.5999984741211,91.30000305175781,90.0999984741211,90.8499984741211,379600,90.8499984741211
9/13/2018,91,92.13999938964844,90.0999984741211,90.55000305175781,496400,90.55000305175781
9/12/2018,92.3499984741211,93,89.0999984741211,90.8499984741211,791200,90.8499984741211
9/11/2018,93.4000015258789,94.69999694824219,92.30000305175781,92.44999694824219,756300,92.44999694824219
9/10/2018,93.05000305175781,93.75,91.8499984741211,93.19999694824219,820200,93.19999694824219
9/7/2018,87.44999694824219,92.75,87.125,92.5,1292900,92.5
9/6/2018,89.0999984741211,89.8499984741211,85.3499984741211,87.94999694824219,1328600,87.94999694824219
9/5/2018,88,89.0999984741211,86.4000015258789,88.5,1298900,88.5
9/4/2018,87.6500015258789,88,86.19999694824219,87.94999694824219,876800,87.94999694824219
8/31/2018,85.19999694824219,87.75,84.8499984741211,87.0999984741211,574600,87.0999984741211
8/30/2018,84,86.1500015258789,83.20500183105469,85.44999694824219,581100,85.44999694824219
8/29/2018,83.30000305175781,84.3499984741211,81.9000015258789,84.19999694824219,486300,84.19999694824219
8/28/2018,81.80000305175781,83.5999984741211,81.4000015258789,83.05000305175781,635800,83.05000305175781
8/27/2018,81.0999984741211,82.44999694824219,80.3499984741211,81.1500015258789,736600,81.1500015258789
8/24/2018,80.1500015258789,80.6500015258789,79.0999984741211,80.55000305175781,478700,80.55000305175781
8/23/2018,78.69999694824219,80.0999984741211,78.6500015258789,79.69999694824219,395800,79.69999694824219
8/22/2018,78.69999694824219,80.94999694824219,78.30000305175781,78.5999984741211,801700,78.5999984741211
8/21/2018,78.25,79.08000183105469,77.75,78.3499984741211,536200,78.3499984741211
8/20/2018,74.8499984741211,77.94999694824219,73.6500015258789,77.6500015258789,1067900,77.6500015258789
8/17/2018,73.44999694824219,74.9000015258789,73.3499984741211,74.44999694824219,413400,74.44999694824219
8/16/2018,73.25,73.6500015258789,72.3499984741211,73.5,292100,73.5
8/15/2018,73.30000305175781,73.6500015258789,71.9000015258789,72.8499984741211,493500,72.8499984741211
8/14/2018,72.4000015258789,74.30000305175781,72.0250015258789,73.55000305175781,414400,73.55000305175781
8/13/2018,71.30000305175781,72.4749984741211,71.05000305175781,72.25,390700,72.25
8/10/2018,71.19999694824219,72.5250015258789,70.8499984741211,71.3499984741211,442000,71.3499984741211
8/9/2018,70.75,72.30000305175781,70.69999694824219,71.80000305175781,370600,71.80000305175781
8/8/2018,70.1500015258789,70.94999694824219,69.3499984741211,70.69999694824219,472700,70.69999694824219
8/7/2018,69,70.94999694824219,69,70.44999694824219,400900,70.44999694824219
8/6/2018,69,70.1500015258789,68.8499984741211,69.5,642500,69.5
8/3/2018,69.6500015258789,69.94999694824219,68.55000305175781,68.8499984741211,442900,68.8499984741211
8/2/2018,67.19999694824219,69.5999984741211,67.19999694824219,69.44999694824219,537300,69.44999694824219
8/1/2018,69.5,69.5,66.4000015258789,67.55000305175781,1286800,67.55000305175781
7/31/2018,69.75,70.30000305175781,69.19999694824219,69.5,423000,69.5
7/30/2018,70.05000305175781,70.69999694824219,68.55000305175781,69.75,605700,69.75
7/27/2018,73.25,73.91000366210938,69.5999984741211,70.05000305175781,696200,70.05000305175781
7/26/2018,73.5999984741211,74.55000305175781,72.44999694824219,73.1500015258789,539700,73.1500015258789
7/25/2018,74.25,74.75,73.30000305175781,74,480200,74
7/24/2018,74.8499984741211,75.05000305175781,73.55000305175781,74.1500015258789,369700,74.1500015258789
7/23/2018,73.30000305175781,74.8499984741211,73.30000305175781,74.4000015258789,506100,74.4000015258789
7/20/2018,75.19999694824219,75.25,73.5,73.5999984741211,542300,73.5999984741211
7/19/2018,74.75,75.25,74.25,74.94999694824219,641500,74.94999694824219
7/18/2018,74.44999694824219,74.94999694824219,73.6500015258789,74.6500015258789,468900,74.6500015258789
7/17/2018,72.9000015258789,75.0250015258789,72.6500015258789,74.44999694824219,444600,74.44999694824219
7/16/2018,74.80000305175781,74.9000015258789,71.55000305175781,72.55000305175781,1074400,72.55000305175781
7/13/2018,74.55000305175781,75.6500015258789,74.55000305175781,74.80000305175781,283500,74.80000305175781
7/12/2018,75.3499984741211,75.55000305175781,73.8499984741211,74.44999694824219,368100,74.44999694824219
7/11/2018,75.5999984741211,75.75,74.4000015258789,74.94999694824219,528500,74.94999694824219
7/10/2018,73.05000305175781,75.3499984741211,73.05000305175781,75.19999694824219,652300,75.19999694824219
7/9/2018,76.80000305175781,76.80000305175781,72,72.80000305175781,790700,72.80000305175781
7/6/2018,72.69999694824219,74.69999694824219,72.67500305175781,74.25,522600,74.25
7/5/2018,72.9000015258789,73.0999984741211,72.19999694824219,72.8499984741211,445200,72.8499984741211
7/3/2018,71,72.83999633789062,70.8550033569336,72.55000305175781,341400,72.55000305175781
7/2/2018,72,72.25,69.6500015258789,70.6500015258789,1188100,70.6500015258789
6/29/2018,73.25,74.05000305175781,72.3499984741211,72.5,621700,72.5
6/28/2018,72.1500015258789,73.69999694824219,72.1500015258789,72.94999694824219,820400,72.94999694824219
6/27/2018,73.69999694824219,74.19999694824219,72.30000305175781,72.55000305175781,444800,72.55000305175781
6/26/2018,73.5999984741211,73.94999694824219,72.00499725341797,73.4000015258789,664700,73.4000015258789
6/25/2018,73.69999694824219,74,72.44999694824219,73.25,599200,73.25
6/22/2018,73.8499984741211,75.3499984741211,72.8499984741211,73.80000305175781,1460200,73.80000305175781
6/21/2018,74.5999984741211,77.05000305175781,74.01000213623047,76.9000015258789,772400,76.9000015258789
6/20/2018,76.69999694824219,76.69999694824219,74.1500015258789,74.3499984741211,976100,74.3499984741211
6/19/2018,74.9000015258789,76.375,74.76000213623047,76.19999694824219,503000,76.19999694824219
6/18/2018,74.80000305175781,76.5,74.6500015258789,75.8499984741211,653900,75.8499984741211
6/15/2018,75.25,75.4000015258789,74.55000305175781,75.0999984741211,1270800,75.0999984741211
6/14/2018,74.80000305175781,76,74.55000305175781,75.6500015258789,691400,75.6500015258789
6/13/2018,75,75.44999694824219,74.05000305175781,74.9000015258789,784900,74.9000015258789
6/12/2018,73.94999694824219,75.25,73.19999694824219,74.8499984741211,771100,74.8499984741211
6/11/2018,72.5999984741211,74.3499984741211,72.44999694824219,74.1500015258789,852900,74.1500015258789
6/8/2018,73.19999694824219,73.5999984741211,72,72.44999694824219,9471000,72.44999694824219
6/7/2018,75.19999694824219,75.5,73.3499984741211,73.75,1151400,73.75
6/6/2018,71.5999984741211,77.5,71.5,74.80000305175781,2459900,74.80000305175781
6/5/2018,74.05000305175781,75.94999694824219,72.5,75.30000305175781,1713200,75.30000305175781
6/4/2018,71.0999984741211,74.05000305175781,70.6500015258789,74,1005800,74
6/1/2018,71.4000015258789,71.5,70.3499984741211,70.55000305175781,833700,70.55000305175781
5/31/2018,70.9000015258789,71.25,70.19999694824219,70.69999694824219,404200,70.69999694824219
5/30/2018,71.25,71.69999694824219,70.30000305175781,71.1500015258789,497900,71.1500015258789
5/29/2018,70.05000305175781,70.94999694824219,69.55000305175781,70.80000305175781,510500,70.80000305175781
5/25/2018,70,70.4000015258789,69.5999984741211,70.3499984741211,344400,70.3499984741211
5/24/2018,68.6500015258789,70.05000305175781,68.4000015258789,70,365000,70
5/23/2018,68.5,69.9000015258789,68.0270004272461,68.9000015258789,412400,68.9000015258789
5/22/2018,71.30000305175781,71.44999694824219,68.9000015258789,68.9000015258789,602800,68.9000015258789
5/21/2018,70.5999984741211,71.3499984741211,70.11000061035156,70.94999694824219,383300,70.94999694824219
5/18/2018,69.55000305175781,70.19999694824219,68.96499633789062,70,421600,70
5/17/2018,69.30000305175781,69.92500305175781,69.0999984741211,69.6500015258789,446000,69.6500015258789
5/16/2018,69.05000305175781,70.75,68.8499984741211,69.25,937300,69.25
5/15/2018,66.1500015258789,68.44999694824219,66.00499725341797,68.3499984741211,637000,68.3499984741211
5/14/2018,66.30000305175781,67,66.0999984741211,66.5999984741211,587700,66.5999984741211
5/11/2018,65.1500015258789,66.5,64.8499984741211,66.30000305175781,609300,66.30000305175781
5/10/2018,64,65.05000305175781,63.400001525878906,65.05000305175781,600500,65.05000305175781
5/9/2018,63.20000076293945,64.25,62.5,63.849998474121094,465800,63.849998474121094
5/8/2018,62.599998474121094,63.2599983215332,62.29999923706055,62.95000076293945,484100,62.95000076293945
5/7/2018,63.29999923706055,63.45000076293945,62,62.599998474121094,347200,62.599998474121094
5/4/2018,62.95000076293945,63.5,62.099998474121094,62.900001525878906,469900,62.900001525878906
5/3/2018,62.95000076293945,63.349998474121094,62.400001525878906,63,372100,63
5/2/2018,62.29999923706055,63.25,61.474998474121094,63.04999923706055,308900,63.04999923706055
5/1/2018,62.20000076293945,62.650001525878906,61.150001525878906,62.5,338000,62.5
4/30/2018,62.95000076293945,63.70000076293945,61.849998474121094,62.20000076293945,464500,62.20000076293945
4/27/2018,62.29999923706055,63.04999923706055,61.970001220703125,62.75,443800,62.75
4/26/2018,61.20000076293945,62.400001525878906,60.650001525878906,62.20000076293945,484600,62.20000076293945
4/25/2018,61.95000076293945,61.95000076293945,60.650001525878906,60.900001525878906,468600,60.900001525878906
4/24/2018,61.79999923706055,62.5,60.849998474121094,61.75,901600,61.75
4/23/2018,62,62.25,60.775001525878906,62.25,652400,62.25
4/20/2018,62.349998474121094,63.20000076293945,61.79999923706055,62,858300,62
4/19/2018,63.29999923706055,63.5,61.75,62.79999923706055,395000,62.79999923706055
4/18/2018,63.04999923706055,64.44999694824219,62.75,63.599998474121094,948100,63.599998474121094
4/17/2018,62.45000076293945,62.900001525878906,62,62.599998474121094,606300,62.599998474121094
4/16/2018,60.54999923706055,61.849998474121094,60.20000076293945,61.79999923706055,753600,61.79999923706055
4/13/2018,61.70000076293945,62.349998474121094,59.75,60.20000076293945,622300,60.20000076293945
4/12/2018,62.20000076293945,63.349998474121094,61.54999923706055,61.599998474121094,633800,61.599998474121094
4/11/2018,62.099998474121094,63.75,61.54999923706055,62.04999923706055,1091500,62.04999923706055
4/10/2018,60.599998474121094,62.54999923706055,59.849998474121094,62.04999923706055,1022800,62.04999923706055
4/9/2018,59.650001525878906,60.849998474121094,59.349998474121094,60,769700,60
4/6/2018,59.150001525878906,60.45000076293945,57.95000076293945,58.95000076293945,1211600,58.95000076293945
4/5/2018,58,60.07500076293945,54.70000076293945,59.45000076293945,4832500,59.45000076293945
4/4/2018,58.349998474121094,60.75,58.349998474121094,60.45000076293945,1437500,60.45000076293945
4/3/2018,59.45000076293945,59.95000076293945,58.459999084472656,59,670400,59
4/2/2018,60.099998474121094,60.29999923706055,58.45000076293945,59.20000076293945,507400,59.20000076293945
3/29/2018,59.099998474121094,60.849998474121094,59.099998474121094,60.29999923706055,634900,60.29999923706055
3/28/2018,59,59.79999923706055,58.099998474121094,58.900001525878906,573100,58.900001525878906
3/27/2018,60.25,60.400001525878906,57.79999923706055,58.45000076293945,514500,58.45000076293945
3/26/2018,59.400001525878906,60.349998474121094,58.900001525878906,60.29999923706055,500800,60.29999923706055
3/23/2018,58.599998474121094,59.04999923706055,58,58.25,470100,58.25
3/22/2018,59.04999923706055,59.79999923706055,58.099998474121094,58.20000076293945,322700,58.20000076293945
3/21/2018,60.04999923706055,61.20000076293945,59.900001525878906,60,422600,60
3/20/2018,59.650001525878906,60.5,58.7599983215332,59.849998474121094,391600,59.849998474121094
3/19/2018,61.20000076293945,61.29999923706055,59.349998474121094,59.900001525878906,442400,59.900001525878906
3/16/2018,60,61.29999923706055,59.95000076293945,61.150001525878906,938300,61.150001525878906
3/15/2018,59.099998474121094,59.900001525878906,58.95000076293945,59.79999923706055,649800,59.79999923706055
3/14/2018,59.70000076293945,60.20000076293945,58.04999923706055,58.79999923706055,413000,58.79999923706055
3/13/2018,59.599998474121094,60.099998474121094,59.29999923706055,59.5,306000,59.5
3/12/2018,59.599998474121094,60.04999923706055,58.5,59.150001525878906,381200,59.150001525878906
3/9/2018,58.150001525878906,59.79999923706055,54.435001373291016,59.650001525878906,470000,59.650001525878906
3/8/2018,60.45000076293945,60.82500076293945,58.5,58.70000076293945,466700,58.70000076293945
3/7/2018,60.54999923706055,61.150001525878906,59.349998474121094,60.099998474121094,620600,60.099998474121094
3/6/2018,60.04999923706055,62.04999923706055,59.45000076293945,61.95000076293945,478700,61.95000076293945
3/5/2018,60.650001525878906,61.025001525878906,59.099998474121094,59.599998474121094,503600,59.599998474121094
3/2/2018,58.75,61.275001525878906,58.57500076293945,61.04999923706055,406800,61.04999923706055
3/1/2018,59.29999923706055,59.79999923706055,57.70000076293945,59.400001525878906,302200,59.400001525878906
2/28/2018,59.900001525878906,60.57500076293945,59.099998474121094,59.349998474121094,362300,59.349998474121094
2/27/2018,60.45000076293945,61.25,59.5,59.5,410400,59.5
2/26/2018,59.349998474121094,60.4900016784668,59.150001525878906,60.29999923706055,463000,60.29999923706055
2/23/2018,58.20000076293945,59.29999923706055,57.70000076293945,59.25,341300,59.25
2/22/2018,56.70000076293945,58.29999923706055,56.70000076293945,57.849998474121094,273000,57.849998474121094
2/21/2018,55.20000076293945,57.400001525878906,54.79999923706055,56.70000076293945,963400,56.70000076293945
2/20/2018,56.150001525878906,56.54999923706055,54.60900115966797,55,380900,55
2/16/2018,57.04999923706055,57.400001525878906,56.20000076293945,56.54999923706055,343000,56.54999923706055
2/15/2018,56.349998474121094,57.150001525878906,55.29999923706055,56.900001525878906,243100,56.900001525878906
2/14/2018,54.150001525878906,56.599998474121094,54.150001525878906,56.150001525878906,306700,56.150001525878906
2/13/2018,54.54999923706055,55.45000076293945,54.45000076293945,54.79999923706055,326600,54.79999923706055
2/12/2018,54.79999923706055,55.54999923706055,53.95000076293945,55,501400,55
2/9/2018,53.900001525878906,54.79999923706055,50.900001525878906,54.20000076293945,773200,54.20000076293945
2/8/2018,55.95000076293945,55.9900016784668,53.599998474121094,53.650001525878906,471200,53.650001525878906
2/7/2018,55.25,56.400001525878906,54.25,55.79999923706055,574000,55.79999923706055
2/6/2018,51.20000076293945,55.70000076293945,50.6510009765625,55.25,764300,55.25
2/5/2018,53.25,54.900001525878906,52.599998474121094,52.650001525878906,537800,52.650001525878906
2/2/2018,54.95000076293945,55.25,53.29999923706055,53.75,464800,53.75
2/1/2018,55.099998474121094,55.95000076293945,54.25,55.25,470300,55.25
1/31/2018,55.900001525878906,56.70000076293945,55,55.54999923706055,520600,55.54999923706055
1/30/2018,58,58.400001525878906,55.70000076293945,55.75,691400,55.75
1/29/2018,58,58.5,57.349998474121094,58.29999923706055,577200,58.29999923706055
1/26/2018,57.150001525878906,58.099998474121094,56.79999923706055,57.95000076293945,358100,57.95000076293945
1/25/2018,56.70000076293945,57.25,56.099998474121094,57,426400,57
1/24/2018,57.45000076293945,57.625,55.849998474121094,56.400001525878906,515000,56.400001525878906
1/23/2018,57.599998474121094,58,56.849998474121094,57.25,441100,57.25
1/22/2018,56.5,57.900001525878906,55.505001068115234,57.849998474121094,849100,57.849998474121094
1/19/2018,54.95000076293945,56.650001525878906,54.875,56.599998474121094,474400,56.599998474121094
1/18/2018,54.70000076293945,55.22700119018555,54.5,55.04999923706055,332300,55.04999923706055
1/17/2018,55,55.099998474121094,54.04999923706055,54.599998474121094,583600,54.599998474121094
1/16/2018,55.849998474121094,56.099998474121094,53.92499923706055,54.650001525878906,688100,54.650001525878906
1/12/2018,54.150001525878906,56.650001525878906,54.150001525878906,55.5,695400,55.5
1/11/2018,51.900001525878906,54.099998474121094,51.54999923706055,54,672500,54
1/10/2018,51.04999923706055,51.900001525878906,50.70000076293945,51.849998474121094,576400,51.849998474121094
1/9/2018,51,51.25,50.20000076293945,51,1019100,51
1/8/2018,53.599998474121094,53.70000076293945,50.75,50.849998474121094,943500,50.849998474121094
1/5/2018,52.54999923706055,53.650001525878906,51.349998474121094,53.5,899900,53.5
1/4/2018,52.849998474121094,53,50.150001525878906,52.099998474121094,899900,52.099998474121094
1/3/2018,52.04999923706055,53.25,51.900001525878906,52.79999923706055,831800,52.79999923706055
1/2/2018,53.20000076293945,53.25,51.5,51.95000076293945,919400,51.95000076293945
12/29/2017,53.95000076293945,54.25,53.20000076293945,53.25,341400,53.25
12/28/2017,53.25,53.875,53,53.599998474121094,308600,53.599998474121094
12/27/2017,53.5,54.29999923706055,53,53.25,251800,53.25
12/26/2017,53.20000076293945,53.849998474121094,53.150001525878906,53.45000076293945,192800,53.45000076293945
12/22/2017,52.849998474121094,53.345001220703125,52.650001525878906,53.20000076293945,305200,53.20000076293945
12/21/2017,52.900001525878906,53.5,52.45000076293945,52.70000076293945,366100,52.70000076293945
12/20/2017,52.900001525878906,53.20000076293945,52.54999923706055,52.599998474121094,451900,52.599998474121094
12/19/2017,52.900001525878906,53.099998474121094,51.45000076293945,52.349998474121094,718200,52.349998474121094
12/18/2017,50.20000076293945,53.25,50.20000076293945,52.5,1127900,52.5
12/15/2017,48.900001525878906,50.150001525878906,48.900001525878906,50,881600,50
12/14/2017,48.75,49.900001525878906,48.400001525878906,48.79999923706055,528800,48.79999923706055
12/13/2017,48.04999923706055,49.20000076293945,47.755001068115234,48.625,480200,48.625
12/12/2017,50,50.099998474121094,47.95000076293945,48,587500,48
12/11/2017,50.099998474121094,50.599998474121094,49.025001525878906,49.900001525878906,558600,49.900001525878906
12/8/2017,49.150001525878906,50,49.025001525878906,49.849998474121094,747000,49.849998474121094
12/7/2017,48.29999923706055,50.599998474121094,48.150001525878906,48.75,1389300,48.75
12/6/2017,50.599998474121094,51.525001525878906,49.849998474121094,51,962000,51
12/5/2017,50.400001525878906,51.400001525878906,49.75,50.70000076293945,765500,50.70000076293945
12/4/2017,48,49.75,47.70000076293945,49.599998474121094,1117100,49.599998474121094
12/1/2017,47.5,47.5,45.150001525878906,47.5,789700,47.5
11/30/2017,47.349998474121094,48.099998474121094,47,47.45000076293945,422000,47.45000076293945
11/29/2017,47,47.70000076293945,46.849998474121094,47.349998474121094,463200,47.349998474121094
11/28/2017,46.349998474121094,47.150001525878906,46.04999923706055,47.099998474121094,496900,47.099998474121094
11/27/2017,46.54999923706055,47.150001525878906,46,46.400001525878906,323900,46.400001525878906
11/24/2017,47,47.20000076293945,46.349998474121094,46.400001525878906,198700,46.400001525878906
11/22/2017,47.29999923706055,47.5,46.5,46.849998474121094,377700,46.849998474121094
11/21/2017,46.900001525878906,47.20000076293945,45.79800033569336,47,875900,47
11/20/2017,46,46.775001525878906,45.349998474121094,46.650001525878906,639600,46.650001525878906
11/17/2017,44.349998474121094,46.29999923706055,42.36000061035156,46,603500,46
11/16/2017,43.599998474121094,44.95000076293945,43.29999923706055,44.900001525878906,361200,44.900001525878906
11/15/2017,43.29999923706055,44,43.04999923706055,43.29999923706055,323200,43.29999923706055
11/14/2017,44.75,45,43.5,43.95000076293945,380200,43.95000076293945
11/13/2017,44.95000076293945,45.349998474121094,44.5,45.150001525878906,372700,45.150001525878906
11/10/2017,43.54999923706055,45,43.54999923706055,44.95000076293945,324200,44.95000076293945
11/9/2017,42.849998474121094,43.599998474121094,42.849998474121094,43.54999923706055,422000,43.54999923706055
11/8/2017,43.20000076293945,43.650001525878906,42.65999984741211,43.349998474121094,310900,43.349998474121094
11/7/2017,44.20000076293945,44.25,43.099998474121094,43.400001525878906,354100,43.400001525878906
11/6/2017,44.349998474121094,44.849998474121094,43.95000076293945,44.20000076293945,384200,44.20000076293945
11/3/2017,44.400001525878906,45.099998474121094,44.17499923706055,44.5,458600,44.5
11/2/2017,44,44.70000076293945,43.5,44.650001525878906,312300,44.650001525878906
11/1/2017,45.349998474121094,45.599998474121094,43.45000076293945,43.900001525878906,358700,43.900001525878906
10/31/2017,43.70000076293945,45.125,43.70000076293945,44.650001525878906,495200,44.650001525878906
10/30/2017,46.54999923706055,46.54999923706055,43.400001525878906,43.45000076293945,777100,43.45000076293945
10/27/2017,46.099998474121094,46.875,45.5,46.849998474121094,429100,46.849998474121094
10/26/2017,45.099998474121094,46.5,44.775001525878906,46.45000076293945,349800,46.45000076293945
10/25/2017,45.29999923706055,45.849998474121094,44.400001525878906,45,508600,45
10/24/2017,46.29999923706055,46.29999923706055,44.849998474121094,45.349998474121094,422200,45.349998474121094
10/23/2017,45.150001525878906,46.349998474121094,45.150001525878906,46,435000,46
10/20/2017,44.900001525878906,45.349998474121094,44.70000076293945,45.099998474121094,348200,45.099998474121094
10/19/2017,44.54999923706055,44.650001525878906,44,44.400001525878906,412400,44.400001525878906
10/18/2017,44.79999923706055,45.25,44.650001525878906,44.900001525878906,375700,44.900001525878906
10/17/2017,45.349998474121094,45.400001525878906,44.95000076293945,44.95000076293945,217000,44.95000076293945
10/16/2017,45.25,45.400001525878906,44.79999923706055,45.29999923706055,218100,45.29999923706055
10/13/2017,45.25,45.724998474121094,45.04999923706055,45.29999923706055,225000,45.29999923706055
10/12/2017,45.5,45.5,44.650001525878906,45.20000076293945,367600,45.20000076293945
10/11/2017,45.349998474121094,45.79999923706055,45.29999923706055,45.45000076293945,267300,45.45000076293945
10/10/2017,45.349998474121094,45.75,45,45.25,285600,45.25
10/9/2017,45.5,45.599998474121094,45,45.29999923706055,313400,45.29999923706055
10/6/2017,46.599998474121094,46.599998474121094,45.400001525878906,45.650001525878906,686600,45.650001525878906
10/5/2017,46.849998474121094,46.900001525878906,46.349998474121094,46.599998474121094,421200,46.599998474121094
10/4/2017,46.25,46.75,46.099998474121094,46.75,292600,46.75
10/3/2017,46.20000076293945,46.81999969482422,45.95000076293945,46.29999923706055,407800,46.29999923706055
10/2/2017,46.400001525878906,46.400001525878906,45.70000076293945,46.099998474121094,521500,46.099998474121094
9/29/2017,45.650001525878906,46.70000076293945,45.54899978637695,46.400001525878906,679000,46.400001525878906
9/28/2017,45.650001525878906,46,44.900001525878906,45.79999923706055,576300,45.79999923706055
9/27/2017,44.70000076293945,46,44.599998474121094,45.95000076293945,594100,45.95000076293945
9/26/2017,45.20000076293945,45.400001525878906,43.900001525878906,44.599998474121094,553400,44.599998474121094
9/25/2017,45.5,45.75,44.875,45.04999923706055,859700,45.04999923706055
9/22/2017,45.599998474121094,46.025001525878906,45.04999923706055,45.79999923706055,495500,45.79999923706055
9/21/2017,45.849998474121094,45.849998474121094,45.20000076293945,45.599998474121094,219500,45.599998474121094
9/20/2017,46,46,45.400001525878906,45.70000076293945,403900,45.70000076293945
9/19/2017,46,46.150001525878906,45.849998474121094,46.04999923706055,768100,46.04999923706055
9/18/2017,45.900001525878906,46.25,45.5,46,667700,46
9/15/2017,45.45000076293945,45.95000076293945,44.95000076293945,45.849998474121094,679200,45.849998474121094
9/14/2017,45.79999923706055,45.79999923706055,45.04999923706055,45.29999923706055,332100,45.29999923706055
9/13/2017,45.95000076293945,46,45.150001525878906,45.75,385800,45.75
9/12/2017,45.04999923706055,45.95000076293945,44.79999923706055,45.900001525878906,507500,45.900001525878906
9/11/2017,45.400001525878906,45.5,44.95000076293945,45.04999923706055,572900,45.04999923706055
9/8/2017,43.95000076293945,45.349998474121094,43.79999923706055,45.20000076293945,693900,45.20000076293945
9/7/2017,43.45000076293945,44.150001525878906,43.25,44.150001525878906,358700,44.150001525878906
9/6/2017,43.54999923706055,43.849998474121094,42.79999923706055,43.349998474121094,528600,43.349998474121094
9/5/2017,42.650001525878906,43.79999923706055,42.599998474121094,43.349998474121094,646500,43.349998474121094
9/1/2017,42,43,41.849998474121094,42.70000076293945,513000,42.70000076293945
8/31/2017,42.75,42.95000076293945,41.30500030517578,41.849998474121094,777500,41.849998474121094
8/30/2017,43.099998474121094,43.900001525878906,41.5,42.70000076293945,1327300,42.70000076293945
8/29/2017,43.54999923706055,43.95000076293945,43.099998474121094,43.29999923706055,948400,43.29999923706055
8/28/2017,43.95000076293945,44.13100051879883,43.5,43.849998474121094,870400,43.849998474121094
8/25/2017,43.650001525878906,44,43.099998474121094,43.70000076293945,839200,43.70000076293945
8/24/2017,44.599998474121094,45.20000076293945,43.400001525878906,43.54999923706055,589300,43.54999923706055
8/23/2017,43.349998474121094,44.400001525878906,43.04999923706055,44.04999923706055,668300,44.04999923706055
8/22/2017,43.45000076293945,43.849998474121094,43.2400016784668,43.5,874700,43.5
8/21/2017,44.20000076293945,44.25,43.45000076293945,43.5,453200,43.5
8/18/2017,43,44.5,43,44.349998474121094,505100,44.349998474121094
8/17/2017,43.849998474121094,44.349998474121094,43.099998474121094,43.150001525878906,425400,43.150001525878906
8/16/2017,44.04999923706055,44.54999923706055,44,44.150001525878906,416800,44.150001525878906
8/15/2017,44.849998474121094,45.20000076293945,43.52000045776367,43.650001525878906,441300,43.650001525878906
8/14/2017,45.04999923706055,45.54999923706055,44.82500076293945,45,437600,45
8/11/2017,43.45000076293945,44.849998474121094,42.80500030517578,44.75,423900,44.75
8/10/2017,43.900001525878906,44.45000076293945,42.900001525878906,43.45000076293945,494500,43.45000076293945
8/9/2017,44.5,44.95000076293945,43.849998474121094,44.20000076293945,523500,44.20000076293945
8/8/2017,45.04999923706055,45.599998474121094,44.5,44.849998474121094,540800,44.849998474121094
8/7/2017,45.54999923706055,45.900001525878906,44.95000076293945,45.04999923706055,754500,45.04999923706055
8/4/2017,45.150001525878906,45.599998474121094,45,45.349998474121094,296200,45.349998474121094
8/3/2017,44,45.099998474121094,44,45.04999923706055,382700,45.04999923706055
8/2/2017,44.349998474121094,44.650001525878906,43.54999923706055,43.95000076293945,479400,43.95000076293945
8/1/2017,46.07500076293945,46.07500076293945,44.150001525878906,44.45000076293945,451800,44.45000076293945
7/31/2017,45.599998474121094,45.939998626708984,44.54999923706055,44.70000076293945,432900,44.70000076293945
7/28/2017,44.650001525878906,45.54999923706055,44.349998474121094,45.400001525878906,382600,45.400001525878906
7/27/2017,44.25,45,44,44.79999923706055,604400,44.79999923706055
7/26/2017,44.400001525878906,44.400001525878906,43.724998474121094,44.099998474121094,528400,44.099998474121094
7/25/2017,44.04999923706055,44.29999923706055,43.42499923706055,44.25,415000,44.25
7/24/2017,43.79999923706055,44.04999923706055,43.67499923706055,43.75,396200,43.75
7/21/2017,43.75,44,43.17499923706055,43.849998474121094,472300,43.849998474121094
7/20/2017,43.099998474121094,44.150001525878906,42.79999923706055,43.599998474121094,350600,43.599998474121094
7/19/2017,44.349998474121094,44.650001525878906,43.04999923706055,43.04999923706055,579600,43.04999923706055
7/18/2017,44.099998474121094,44.67499923706055,43.849998474121094,44.20000076293945,732800,44.20000076293945
7/17/2017,43.400001525878906,44.29999923706055,43,44.099998474121094,618800,44.099998474121094
7/14/2017,43.099998474121094,43.400001525878906,42.70000076293945,43.25,452800,43.25
7/13/2017,42.400001525878906,43.099998474121094,42,43,509700,43
7/12/2017,42.79999923706055,43.20000076293945,41.400001525878906,42.20000076293945,778200,42.20000076293945
7/11/2017,41.150001525878906,42.29999923706055,41.04999923706055,42.29999923706055,827200,42.29999923706055
7/10/2017,42.5,42.5,40.95000076293945,41.04999923706055,961300,41.04999923706055
7/7/2017,41.150001525878906,42.75,41,42.599998474121094,726800,42.599998474121094
7/6/2017,41.75,41.9900016784668,40.900001525878906,41.150001525878906,569600,41.150001525878906
7/5/2017,42.599998474121094,42.79999923706055,41.79999923706055,42.04999923706055,657600,42.04999923706055
7/3/2017,42.849998474121094,42.900001525878906,42.20000076293945,42.599998474121094,338900,42.599998474121094
6/30/2017,41.5,42.70000076293945,41.150001525878906,42.599998474121094,742400,42.599998474121094
6/29/2017,41.70000076293945,42.29999923706055,41.150001525878906,41.54999923706055,594500,41.54999923706055
6/28/2017,41.20000076293945,41.70000076293945,40.92499923706055,41.599998474121094,671700,41.599998474121094
6/27/2017,39.849998474121094,41.150001525878906,39.849998474121094,41.099998474121094,923900,41.099998474121094
6/26/2017,39.099998474121094,40.400001525878906,39.099998474121094,39.849998474121094,646900,39.849998474121094
6/23/2017,39.400001525878906,39.650001525878906,38.54999923706055,39.150001525878906,4555300,39.150001525878906
6/22/2017,40.150001525878906,40.400001525878906,38.45000076293945,39.29999923706055,1315900,39.29999923706055
6/21/2017,40.599998474121094,41.45000076293945,40,40.25,766500,40.25
6/20/2017,41.650001525878906,41.70000076293945,40.5,40.54999923706055,447100,40.54999923706055
6/19/2017,41.20000076293945,41.95000076293945,40.349998474121094,41.650001525878906,628500,41.650001525878906
6/16/2017,40.45000076293945,41.20000076293945,40,40.95000076293945,1149400,40.95000076293945
6/15/2017,41.5,41.724998474121094,40.599998474121094,40.900001525878906,467900,40.900001525878906
6/14/2017,41.849998474121094,42.150001525878906,41.54999923706055,41.79999923706055,565100,41.79999923706055
6/13/2017,42.099998474121094,42.599998474121094,41.79999923706055,41.900001525878906,849700,41.900001525878906
6/12/2017,43.25,43.650001525878906,41.20000076293945,41.5,1051300,41.5
6/9/2017,43.20000076293945,43.5,42.875,43.25,699600,43.25
6/8/2017,42.95000076293945,43.349998474121094,42.5,43.099998474121094,713100,43.099998474121094
6/7/2017,42.599998474121094,43,42.04999923706055,42.849998474121094,578200,42.849998474121094
6/6/2017,42.79999923706055,42.79999923706055,42.150001525878906,42.349998474121094,524700,42.349998474121094
6/5/2017,42.70000076293945,43,42.04999923706055,42.900001525878906,498900,42.900001525878906
6/2/2017,43.400001525878906,44.07500076293945,42.650001525878906,42.900001525878906,687300,42.900001525878906
6/1/2017,41,44,39.95000076293945,43.650001525878906,1527700,43.650001525878906
5/31/2017,41.150001525878906,41.42499923706055,39.95000076293945,41.150001525878906,994300,41.150001525878906
5/30/2017,40.79999923706055,41.375,39.0099983215332,41.099998474121094,565700,41.099998474121094
5/26/2017,41.900001525878906,42.599998474121094,41.349998474121094,41.70000076293945,703600,41.70000076293945
5/25/2017,41.099998474121094,42.04999923706055,40.900001525878906,41.849998474121094,554600,41.849998474121094
5/24/2017,40.900001525878906,41.25,40.650001525878906,40.900001525878906,500800,40.900001525878906
5/23/2017,41,41.349998474121094,40.599998474121094,41.099998474121094,364400,41.099998474121094
5/22/2017,40.79999923706055,41.275001525878906,40.5,41,409300,41
5/19/2017,39.599998474121094,40.82500076293945,39.45000076293945,40.45000076293945,555100,40.45000076293945
5/18/2017,38.849998474121094,39.95000076293945,38.849998474121094,39.5,492100,39.5
5/17/2017,38.349998474121094,39.54999923706055,37.70000076293945,38.95000076293945,704700,38.95000076293945
5/16/2017,38.900001525878906,38.95000076293945,37.599998474121094,38.650001525878906,768400,38.650001525878906
5/15/2017,39.349998474121094,39.775001525878906,38.900001525878906,38.92499923706055,527300,38.92499923706055
5/12/2017,39.5,39.54999923706055,38.29999923706055,39.45000076293945,658400,39.45000076293945
5/11/2017,39.75,40.04999923706055,39.17499923706055,39.75,523300,39.75
5/10/2017,39.29999923706055,40.150001525878906,39.04999923706055,40,468700,40
5/9/2017,40.099998474121094,40.5,39.150001525878906,39.45000076293945,658600,39.45000076293945
5/8/2017,41.04999923706055,41.29999923706055,39.95000076293945,40.099998474121094,752200,40.099998474121094
5/5/2017,40.099998474121094,41,39.70000076293945,41,871500,41
5/4/2017,39.599998474121094,39.79999923706055,39.349998474121094,39.650001525878906,539800,39.650001525878906
5/3/2017,38.75,39.57500076293945,38.75,39.5,595600,39.5
5/2/2017,38,39.099998474121094,37.875,39.04999923706055,554000,39.04999923706055
5/1/2017,38.349998474121094,38.349998474121094,37.849998474121094,38,569800,38
4/28/2017,37.95000076293945,38.400001525878906,37.54999923706055,38.29999923706055,328100,38.29999923706055
4/27/2017,38.5,38.599998474121094,37.75,37.900001525878906,414400,37.900001525878906
4/26/2017,37.79999923706055,38.875,37.70000076293945,38.45000076293945,715200,38.45000076293945
4/25/2017,37.75,37.95000076293945,37.025001525878906,37.650001525878906,496900,37.650001525878906
4/24/2017,37.5,37.70000076293945,36.57500076293945,37.5,576300,37.5
4/21/2017,36.70000076293945,37.349998474121094,36.5989990234375,36.95000076293945,740700,36.95000076293945
4/20/2017,35.70000076293945,36.75,35.650001525878906,36.70000076293945,908700,36.70000076293945
4/19/2017,35.45000076293945,36.099998474121094,35.29999923706055,35.54999923706055,1009100,35.54999923706055
4/18/2017,34.75,35.45000076293945,34.400001525878906,35.400001525878906,1336600,35.400001525878906
4/17/2017,33.599998474121094,35.099998474121094,33.5,34.900001525878906,1302900,34.900001525878906
4/13/2017,33.599998474121094,34,33.224998474121094,33.29999923706055,353000,33.29999923706055
4/12/2017,34.20000076293945,34.29999923706055,33.474998474121094,33.70000076293945,286600,33.70000076293945
4/11/2017,34,34.400001525878906,33.5,34.29999923706055,406400,34.29999923706055
4/10/2017,33.650001525878906,34.650001525878906,33.525001525878906,33.95000076293945,512600,33.95000076293945
4/7/2017,33.20000076293945,34.099998474121094,33.20000076293945,33.599998474121094,359300,33.599998474121094
4/6/2017,32.849998474121094,33.75,32.849998474121094,33.349998474121094,430700,33.349998474121094
4/5/2017,33.349998474121094,33.79999923706055,32.625,32.849998474121094,485500,32.849998474121094
4/4/2017,33.29999923706055,33.70000076293945,32.75,33.29999923706055,415000,33.29999923706055
4/3/2017,33.650001525878906,33.67100143432617,32.54999923706055,33.349998474121094,620700,33.349998474121094
3/31/2017,34,34.25,33.400001525878906,33.5,625300,33.5
3/30/2017,33.150001525878906,34.150001525878906,33.0099983215332,34,942500,34
3/29/2017,34,35.79999923706055,32.349998474121094,33.20000076293945,2986600,33.20000076293945
3/28/2017,32.95000076293945,33.5,32.95000076293945,33.099998474121094,1477000,33.099998474121094
3/27/2017,32.20000076293945,33.4900016784668,32.20000076293945,32.95000076293945,834400,32.95000076293945
3/24/2017,32.599998474121094,32.900001525878906,32.150001525878906,32.45000076293945,425600,32.45000076293945
3/23/2017,32.400001525878906,33,32.20000076293945,32.599998474121094,377200,32.599998474121094
3/22/2017,31.549999237060547,32.25,31.299999237060547,32.20000076293945,307000,32.20000076293945
3/21/2017,32.54999923706055,32.54999923706055,31.25,31.649999618530273,445600,31.649999618530273
3/20/2017,32.54999923706055,32.599998474121094,32.04999923706055,32.349998474121094,254200,32.349998474121094
3/17/2017,32.25,32.650001525878906,31.950000762939453,32.5,798000,32.5
3/16/2017,31.799999237060547,32.45000076293945,31.649999618530273,32.25,404300,32.25
3/15/2017,31.649999618530273,31.924999237060547,31.25,31.75,334500,31.75
3/14/2017,31.25,31.75,31.17799949645996,31.549999237060547,178800,31.549999237060547
3/13/2017,31.200000762939453,31.700000762939453,31,31.5,253700,31.5
3/10/2017,31.950000762939453,32.040000915527344,31,31.200000762939453,288900,31.200000762939453
3/9/2017,31.799999237060547,31.950000762939453,31.399999618530273,31.799999237060547,545900,31.799999237060547
3/8/2017,31.149999618530273,32,30.94300079345703,31.799999237060547,301300,31.799999237060547
3/7/2017,31.299999237060547,31.649999618530273,30.75,31.049999237060547,477100,31.049999237060547
3/6/2017,31.450000762939453,31.549999237060547,30.950000762939453,31.350000381469727,365300,31.350000381469727
3/3/2017,32.04999923706055,32.349998474121094,31.399999618530273,31.700000762939453,454100,31.700000762939453
3/2/2017,31.899999618530273,32.400001525878906,31.725000381469727,32.04999923706055,233200,32.04999923706055
3/1/2017,31.75,31.950000762939453,31.094999313354492,31.850000381469727,406400,31.850000381469727
2/28/2017,32.20000076293945,32.400001525878906,31.350000381469727,31.350000381469727,560800,31.350000381469727
2/27/2017,32.150001525878906,32.650001525878906,32,32.400001525878906,514200,32.400001525878906
2/24/2017,30.799999237060547,32.45000076293945,30.549999237060547,32.150001525878906,701500,32.150001525878906
2/23/2017,32.29999923706055,32.599998474121094,30.950000762939453,30.950000762939453,561700,30.950000762939453
2/22/2017,32.650001525878906,32.70000076293945,31.950000762939453,32.29999923706055,328900,32.29999923706055
2/21/2017,32.599998474121094,33.45000076293945,32.40999984741211,32.650001525878906,625900,32.650001525878906
2/17/2017,32.599998474121094,32.67499923706055,32,32.54999923706055,400100,32.54999923706055
2/16/2017,32.400001525878906,32.75,32.150001525878906,32.54999923706055,382400,32.54999923706055
2/15/2017,32.599998474121094,32.75,32.340999603271484,32.5,418500,32.5
2/14/2017,31.600000381469727,32.900001525878906,31.600000381469727,32.650001525878906,492800,32.650001525878906
2/13/2017,32.349998474121094,32.54999923706055,31.625,31.649999618530273,271600,31.649999618530273
2/10/2017,32.25,32.54999923706055,31.899999618530273,32.25,319300,32.25
2/9/2017,31.600000381469727,32.571998596191406,31.600000381469727,32.150001525878906,1067900,32.150001525878906
2/8/2017,31.049999237060547,31.75,30.75,31.649999618530273,461800,31.649999618530273
2/7/2017,31.100000381469727,31.375,30.850000381469727,31,324500,31
2/6/2017,32.04999923706055,32.119998931884766,30.975000381469727,31.149999618530273,475900,31.149999618530273
2/3/2017,31.200000762939453,32.79999923706055,31.075000762939453,32.150001525878906,980800,32.150001525878906
2/2/2017,30.850000381469727,31.450000762939453,30.649999618530273,31.200000762939453,585200,31.200000762939453
2/1/2017,30.549999237060547,30.899999618530273,30.25,30.649999618530273,436500,30.649999618530273
1/31/2017,29.899999618530273,30.600000381469727,29.399999618530273,30.549999237060547,493000,30.549999237060547
1/30/2017,29.200000762939453,30.149999618530273,28.899999618530273,30,401200,30
1/27/2017,30,30.174999237060547,29.299999237060547,29.350000381469727,610400,29.350000381469727
1/26/2017,30.600000381469727,30.700000762939453,30,30.049999237060547,482300,30.049999237060547
1/25/2017,31.149999618530273,31.375,30.600000381469727,30.700000762939453,615300,30.700000762939453
1/24/2017,31.350000381469727,31.5,30.625,31.100000381469727,695600,31.100000381469727
1/23/2017,31.600000381469727,31.649999618530273,31.200000762939453,31.25,489100,31.25
1/20/2017,31.399999618530273,31.75,31.299999237060547,31.649999618530273,459700,31.649999618530273
1/19/2017,31.25,31.75,31,31.399999618530273,741700,31.399999618530273
1/18/2017,31.100000381469727,31.649999618530273,30.649999618530273,31.25,639700,31.25
1/17/2017,30.649999618530273,31.899999618530273,30.649999618530273,31.149999618530273,825800,31.149999618530273
1/13/2017,30.899999618530273,30.950000762939453,30.25,30.600000381469727,780400,30.600000381469727
1/12/2017,30.299999237060547,31,30.200000762939453,30.850000381469727,525800,30.850000381469727
1/11/2017,30.149999618530273,31.100000381469727,30,30.5,743900,30.5
1/10/2017,29.299999237060547,30.399999618530273,29.25,30.25,926700,30.25
1/9/2017,28.450000762939453,29.350000381469727,28.149999618530273,29.25,939400,29.25
1/6/2017,28.350000381469727,28.450000762939453,27.75,27.850000381469727,500500,27.850000381469727
1/5/2017,28.950000762939453,29,27.799999237060547,28.299999237060547,796000,28.299999237060547
1/4/2017,28.200000762939453,29.450000762939453,28,29.399999618530273,726000,29.399999618530273
1/3/2017,28.649999618530273,29.024999618530273,28.100000381469727,28.450000762939453,519500,28.450000762939453
12/30/2016,29,29.040000915527344,28.424999237060547,28.450000762939453,374800,28.450000762939453
12/29/2016,29.100000381469727,29.649999618530273,28.799999237060547,28.899999618530273,323700,28.899999618530273
12/28/2016,30.200000762939453,30.399999618530273,29.100000381469727,29.149999618530273,387100,29.149999618530273
12/27/2016,29.850000381469727,30.25,29.75,30.200000762939453,480800,30.200000762939453
12/23/2016,29.700000762939453,30,29.5,29.899999618530273,460100,29.899999618530273
12/22/2016,30.25,30.549999237060547,29.600000381469727,29.600000381469727,859700,29.600000381469727
12/21/2016,30.549999237060547,30.75,30.200000762939453,30.200000762939453,201400,30.200000762939453
12/20/2016,30.100000381469727,30.549999237060547,30.100000381469727,30.549999237060547,283800,30.549999237060547
12/19/2016,29.75,30.700000762939453,29.549999237060547,30.100000381469727,675400,30.100000381469727
12/16/2016,30.149999618530273,30.350000381469727,29.600000381469727,29.899999618530273,1666000,29.899999618530273
12/15/2016,29.850000381469727,30.799999237060547,29.399999618530273,30.25,840600,30.25
12/14/2016,29.850000381469727,29.850000381469727,29.30500030517578,29.799999237060547,693900,29.799999237060547
12/13/2016,29.850000381469727,30.25,29.600000381469727,29.850000381469727,705200,29.850000381469727
12/12/2016,30.549999237060547,30.75,29.75,29.75,1052200,29.75
12/9/2016,31.350000381469727,31.450000762939453,30.450000762939453,30.850000381469727,1062600,30.850000381469727
12/8/2016,31,31.825000762939453,29.05500030517578,31.25,2682800,31.25
12/7/2016,31.399999618530273,32.75,31.25,31.850000381469727,1380500,31.850000381469727
12/6/2016,31.600000381469727,31.600000381469727,30.649999618530273,31.5,448900,31.5
12/5/2016,31.100000381469727,31.600000381469727,30.75,31.450000762939453,570400,31.450000762939453
12/2/2016,29.549999237060547,30.899999618530273,29.5,30.649999618530273,463200,30.649999618530273
12/1/2016,29.950000762939453,30.174999237060547,28.850000381469727,29.450000762939453,900600,29.450000762939453
11/30/2016,30.850000381469727,31.54400062561035,29.75,30.049999237060547,844800,30.049999237060547
11/29/2016,30.850000381469727,31.399999618530273,30.75,30.75,618000,30.75
11/28/2016,31.799999237060547,32.04999923706055,30.950000762939453,31,533300,31
11/25/2016,32.20000076293945,32.20000076293945,31.450000762939453,31.799999237060547,303900,31.799999237060547
11/23/2016,32.45000076293945,32.67499923706055,31.899999618530273,32,728500,32
11/22/2016,31.5,32.400001525878906,31.200000762939453,32.29999923706055,866300,32.29999923706055
11/21/2016,31,31.299999237060547,30.850000381469727,31.149999618530273,500500,31.149999618530273
11/18/2016,31.049999237060547,31.200000762939453,30.649999618530273,30.799999237060547,545500,30.799999237060547
11/17/2016,30.350000381469727,31.100000381469727,30.299999237060547,31,430500,31
11/16/2016,29.850000381469727,30.450000762939453,29.549999237060547,30.399999618530273,544200,30.399999618530273
11/15/2016,30.600000381469727,30.700000762939453,29.600000381469727,29.850000381469727,811100,29.850000381469727
11/14/2016,30.100000381469727,31.600000381469727,30.049999237060547,30.549999237060547,1064200,30.549999237060547
11/11/2016,28.850000381469727,29.799999237060547,28.350000381469727,29.600000381469727,744400,29.600000381469727
11/10/2016,28.25,29.75,28.200000762939453,28.850000381469727,1356000,28.850000381469727
11/9/2016,26.399999618530273,28.149999618530273,25.7549991607666,28.100000381469727,522400,28.100000381469727
11/8/2016,26.450000762939453,27.100000381469727,26.299999237060547,26.799999237060547,285600,26.799999237060547
11/7/2016,26.350000381469727,26.649999618530273,26.049999237060547,26.549999237060547,683000,26.549999237060547
11/4/2016,25.75,26.450000762939453,25.649999618530273,26.149999618530273,369400,26.149999618530273
11/3/2016,26.700000762939453,26.700000762939453,25.75,25.799999237060547,497400,25.799999237060547
11/2/2016,26.600000381469727,26.899999618530273,26.25,26.649999618530273,413500,26.649999618530273
11/1/2016,27.350000381469727,27.399999618530273,26.5,26.549999237060547,425100,26.549999237060547
10/31/2016,27,27.399999618530273,26.850000381469727,27.350000381469727,374200,27.350000381469727
10/28/2016,26.489999771118164,27.219999313354492,26.489999771118164,27.049999237060547,594700,27.049999237060547
10/27/2016,26.860000610351562,26.885000228881836,26.40999984741211,26.579999923706055,487000,26.579999923706055
10/26/2016,27.079999923706055,27.219999313354492,26.68000030517578,26.790000915527344,435500,26.790000915527344
10/25/2016,27.65999984741211,27.65999984741211,27.059999465942383,27.1299991607666,334400,27.1299991607666
10/24/2016,27.309999465942383,27.690000534057617,27.190000534057617,27.639999389648438,308600,27.639999389648438
10/21/2016,27.3799991607666,27.3799991607666,27.09000015258789,27.15999984741211,375600,27.15999984741211
10/20/2016,27.3700008392334,27.65999984741211,27.170000076293945,27.420000076293945,282900,27.420000076293945
10/19/2016,27.1299991607666,27.56999969482422,26.969999313354492,27.549999237060547,493400,27.549999237060547
10/18/2016,27,27.6200008392334,26.96500015258789,27.170000076293945,687400,27.170000076293945
10/17/2016,26.65999984741211,26.885000228881836,26.53499984741211,26.8799991607666,492100,26.8799991607666
10/14/2016,26.8700008392334,27.09000015258789,26.520000457763672,26.790000915527344,627700,26.790000915527344
10/13/2016,26.670000076293945,26.709999084472656,26.360000610351562,26.440000534057617,481000,26.440000534057617
10/12/2016,26.59000015258789,27.049999237060547,26.59000015258789,26.950000762939453,441600,26.950000762939453
10/11/2016,27.010000228881836,27.049999237060547,26.530000686645508,26.649999618530273,738300,26.649999618530273
10/10/2016,27.219999313354492,27.350000381469727,26.979999542236328,27.209999084472656,780200,27.209999084472656
10/7/2016,26.90999984741211,27.260000228881836,26.725000381469727,27.200000762939453,864100,27.200000762939453
10/6/2016,26.899999618530273,27.09000015258789,26.459999084472656,26.899999618530273,1306900,26.899999618530273
10/5/2016,27.389999389648438,27.440000534057617,26.790000915527344,27.09000015258789,7542200,27.09000015258789
10/4/2016,27.5,27.549999237060547,27.260000228881836,27.329999923706055,2794500,27.329999923706055
10/3/2016,26.209999084472656,26.469999313354492,25.979999542236328,26.31999969482422,587200,26.31999969482422
9/30/2016,26.010000228881836,26.3799991607666,25.920000076293945,26.209999084472656,642400,26.209999084472656
9/29/2016,26.1299991607666,26.1299991607666,25.8700008392334,25.950000762939453,623200,25.950000762939453
9/28/2016,26.139999389648438,26.225000381469727,25.860000610351562,26.110000610351562,453300,26.110000610351562
9/27/2016,26.010000228881836,26.489999771118164,25.975000381469727,26.1299991607666,409600,26.1299991607666
9/26/2016,25.6299991607666,26.165000915527344,25.6299991607666,25.989999771118164,478900,25.989999771118164
9/23/2016,26.010000228881836,26.280000686645508,25.81999969482422,26,988800,26
9/22/2016,26.489999771118164,26.5,25.969999313354492,26.18000030517578,666600,26.18000030517578
9/21/2016,25.579999923706055,26.40999984741211,25.56999969482422,26.389999389648438,916600,26.389999389648438
9/20/2016,25.389999389648438,25.790000915527344,25.280000686645508,25.600000381469727,938200,25.600000381469727
9/19/2016,24.829999923706055,25.209999084472656,24.799999237060547,25.09000015258789,707500,25.09000015258789
9/16/2016,24.739999771118164,24.829999923706055,24.200000762939453,24.790000915527344,1120400,24.790000915527344
9/15/2016,24.600000381469727,24.93000030517578,24.1200008392334,24.829999923706055,911800,24.829999923706055
9/14/2016,25.34000015258789,25.489999771118164,24.469999313354492,24.549999237060547,1165600,24.549999237060547
9/13/2016,25.540000915527344,25.729000091552734,24.6200008392334,25.229999542236328,1353500,25.229999542236328
9/12/2016,25.469999313354492,25.82900047302246,25.260000228881836,25.690000534057617,1608100,25.690000534057617
9/9/2016,26.040000915527344,26.260000228881836,24.860000610351562,25.170000076293945,1561600,25.170000076293945
9/8/2016,26.139999389648438,26.5,26.09000015258789,26.200000762939453,1678800,26.200000762939453
9/7/2016,26.8799991607666,26.899999618530273,26.010000228881836,26.34000015258789,6843300,26.34000015258789
9/6/2016,27.760000228881836,27.979999542236328,26.959999084472656,27.209999084472656,527500,27.209999084472656
9/2/2016,27.700000762939453,27.8700008392334,26.969999313354492,27.479999542236328,598000,27.479999542236328
9/1/2016,28.3700008392334,28.600000381469727,26.719999313354492,27.65999984741211,4100900,27.65999984741211
8/31/2016,25.729999542236328,26.260000228881836,25.229999542236328,25.420000076293945,1196400,25.420000076293945
8/30/2016,25.969999313354492,26.100000381469727,25.309999465942383,25.719999313354492,1038600,25.719999313354492
8/29/2016,26.899999618530273,26.899999618530273,25.969999313354492,26.079999923706055,499800,26.079999923706055
8/26/2016,26.5,26.985000610351562,26.051000595092773,26.420000076293945,503500,26.420000076293945
8/25/2016,27.709999084472656,27.739999771118164,26.5,26.700000762939453,714000,26.700000762939453
8/24/2016,28.139999389648438,28.329999923706055,27.8700008392334,27.920000076293945,232700,27.920000076293945
8/23/2016,27.540000915527344,28.290000915527344,27.540000915527344,28.1200008392334,683200,28.1200008392334
8/22/2016,27.829999923706055,28,27.329999923706055,27.399999618530273,305800,27.399999618530273
8/19/2016,27.90999984741211,27.940000534057617,27.58300018310547,27.719999313354492,344200,27.719999313354492
8/18/2016,27.09000015258789,27.84000015258789,26.899999618530273,27.799999237060547,543600,27.799999237060547
8/17/2016,26.670000076293945,27.15999984741211,26.280000686645508,26.979999542236328,332600,26.979999542236328
8/16/2016,27.260000228881836,27.450000762939453,26.770000457763672,26.860000610351562,380100,26.860000610351562
8/15/2016,27.90999984741211,28,27.190000534057617,27.290000915527344,250900,27.290000915527344
8/12/2016,27.6200008392334,27.981000900268555,27.219999313354492,27.75,564500,27.75
8/11/2016,27.3799991607666,27.520000457763672,27.020000457763672,27.479999542236328,451600,27.479999542236328
8/10/2016,26.8799991607666,27.360000610351562,26.8700008392334,27.010000228881836,392300,27.010000228881836
8/9/2016,27.170000076293945,27.260000228881836,26.75,26.899999618530273,442200,26.899999618530273
8/8/2016,27.020000457763672,27.170000076293945,26.760000228881836,27.15999984741211,465600,27.15999984741211
8/5/2016,26.56999969482422,27,26.56999969482422,26.889999389648438,300900,26.889999389648438
8/4/2016,26.399999618530273,26.799999237060547,26.190000534057617,26.530000686645508,349600,26.530000686645508
8/3/2016,25.719999313354492,26.40999984741211,24.700000762939453,26.360000610351562,650200,26.360000610351562
8/2/2016,27.3700008392334,27.48900032043457,25.243000030517578,25.90999984741211,1497200,25.90999984741211
8/1/2016,26.229999542236328,27.3700008392334,25.75,27.200000762939453,1654100,27.200000762939453
7/29/2016,25.65999984741211,26.350000381469727,25.424999237060547,26.139999389648438,364000,26.139999389648438
7/28/2016,25.770000457763672,25.770000457763672,25.209999084472656,25.579999923706055,238600,25.579999923706055
7/27/2016,25.93000030517578,26,25.549999237060547,25.719999313354492,544500,25.719999313354492
7/26/2016,25.90999984741211,26.41900062561035,25.530000686645508,25.93000030517578,501200,25.93000030517578
7/25/2016,25.84000015258789,26.020000457763672,25.100000381469727,25.93000030517578,585900,25.93000030517578
7/22/2016,25.68000030517578,25.989999771118164,25.440000534057617,25.7450008392334,290400,25.7450008392334
7/21/2016,26,26.084999084472656,25.360000610351562,25.65999984741211,393100,25.65999984741211
7/20/2016,26.1299991607666,26.329999923706055,25.959999084472656,26.040000915527344,400600,26.040000915527344
7/19/2016,25.84000015258789,26.829999923706055,25.790000915527344,26.149999618530273,1046100,26.149999618530273
7/18/2016,24.799999237060547,25.829999923706055,24.670000076293945,25.700000762939453,929200,25.700000762939453
7/15/2016,24.690000534057617,24.829999923706055,24.3700008392334,24.760000228881836,450300,24.760000228881836
7/14/2016,24.6299991607666,24.780000686645508,24,24.540000915527344,544200,24.540000915527344
7/13/2016,25.139999389648438,25.170000076293945,24.25,24.309999465942383,402500,24.309999465942383
7/12/2016,25.40999984741211,25.440000534057617,24.950000762939453,25.1200008392334,781800,25.1200008392334
7/11/2016,24.889999389648438,25.389999389648438,24.739999771118164,25.190000534057617,747300,25.190000534057617
7/8/2016,24.239999771118164,24.829999923706055,24,24.739999771118164,548200,24.739999771118164
7/7/2016,24.239999771118164,24.34000015258789,23.8700008392334,24.059999465942383,413800,24.059999465942383
7/6/2016,23.600000381469727,24.3799991607666,23.5,24.1299991607666,521500,24.1299991607666
7/5/2016,24.690000534057617,24.8700008392334,23.75,23.8700008392334,365800,23.8700008392334
7/1/2016,24.770000457763672,24.989999771118164,24.520000457763672,24.809999465942383,388800,24.809999465942383
6/30/2016,24.6299991607666,24.979999542236328,24.16699981689453,24.889999389648438,629300,24.889999389648438
6/29/2016,24.06999969482422,24.80500030517578,23.950000762939453,24.690000534057617,757700,24.690000534057617
6/28/2016,23.450000762939453,24.010000228881836,23.15999984741211,23.969999313354492,785800,23.969999313354492
6/27/2016,23.450000762939453,23.450000762939453,22.25,23.18000030517578,979500,23.18000030517578
6/24/2016,23.209999084472656,24.079999923706055,23.049999237060547,23.670000076293945,2283400,23.670000076293945
6/23/2016,23.770000457763672,24.5,23.670000076293945,24.420000076293945,998300,24.420000076293945
6/22/2016,23.489999771118164,23.844999313354492,23.469999313354492,23.700000762939453,676600,23.700000762939453
6/21/2016,24.059999465942383,24.239999771118164,23.420000076293945,23.56999969482422,719300,23.56999969482422
6/20/2016,23.450000762939453,24.270000457763672,23.360000610351562,24.06999969482422,771200,24.06999969482422
6/17/2016,23.329999923706055,23.59000015258789,23.020000457763672,23.329999923706055,1227700,23.329999923706055
6/16/2016,23.8700008392334,23.875,22.520000457763672,23.260000228881836,1336000,23.260000228881836
6/15/2016,23.15999984741211,24.280000686645508,23.09000015258789,23.780000686645508,1202700,23.780000686645508
6/14/2016,23.940000534057617,23.959999084472656,22.65999984741211,23.15999984741211,1658400,23.15999984741211
6/13/2016,24.389999389648438,24.649999618530273,23.68000030517578,23.940000534057617,1230800,23.940000534057617
6/10/2016,25.059999465942383,25.1299991607666,24.450000762939453,24.6200008392334,1139300,24.6200008392334
6/9/2016,24.559999465942383,25.299999237060547,24.5,25.15999984741211,1460100,25.15999984741211
6/8/2016,24.700000762939453,24.989999771118164,24.5,24.530000686645508,1414300,24.530000686645508
6/7/2016,25.309999465942383,25.5,24.5,24.65999984741211,9145200,24.65999984741211
6/6/2016,24.100000381469727,25.600000381469727,24.040000915527344,25.469999313354492,996300,25.469999313354492
6/3/2016,25.100000381469727,25.652999877929688,24.774999618530273,25.520000457763672,512400,25.520000457763672
6/2/2016,25.75,25.8799991607666,24.219999313354492,25,1701400,25
6/1/2016,24.969999313354492,26.399999618530273,24.940000534057617,26.209999084472656,1559200,26.209999084472656
5/31/2016,25.90999984741211,26.549999237060547,24.75,25.06999969482422,1224500,25.06999969482422
5/27/2016,25.440000534057617,25.709999084472656,24.809999465942383,25.600000381469727,497200,25.600000381469727
5/26/2016,23.809999465942383,25.729999542236328,23.809999465942383,25.329999923706055,604300,25.329999923706055
5/25/2016,23.559999465942383,23.860000610351562,23.260000228881836,23.610000610351562,340000,23.610000610351562
5/24/2016,23.3700008392334,23.6200008392334,23.170000076293945,23.43000030517578,238000,23.43000030517578
5/23/2016,23.139999389648438,23.809999465942383,23.049999237060547,23.239999771118164,335800,23.239999771118164
5/20/2016,23.649999618530273,24.239999771118164,23.1200008392334,23.219999313354492,255600,23.219999313354492
5/19/2016,23.100000381469727,23.90999984741211,22.940000534057617,23.450000762939453,273200,23.450000762939453
5/18/2016,23.31999969482422,23.405000686645508,22.809999465942383,23.09000015258789,268700,23.09000015258789
5/17/2016,23.760000228881836,24.15999984741211,23.209999084472656,23.34000015258789,286900,23.34000015258789
5/16/2016,23.75,24.31999969482422,23.739999771118164,23.959999084472656,260500,23.959999084472656
5/13/2016,24.399999618530273,24.559999465942383,23.729999542236328,23.889999389648438,432200,23.889999389648438
5/12/2016,24.540000915527344,24.8799991607666,24.270000457763672,24.450000762939453,238200,24.450000762939453
5/11/2016,25.059999465942383,25.280000686645508,24.5,24.530000686645508,331600,24.530000686645508
5/10/2016,25.559999465942383,25.635000228881836,25.139999389648438,25.280000686645508,276800,25.280000686645508
5/9/2016,25.420000076293945,25.739999771118164,25.110000610351562,25.40999984741211,289600,25.40999984741211
5/6/2016,24.8799991607666,25.670000076293945,24.764999389648438,25.329999923706055,297600,25.329999923706055
5/5/2016,26,26,24.790000915527344,24.799999237060547,404300,24.799999237060547
5/4/2016,26.1200008392334,26.260000228881836,25.520000457763672,25.8700008392334,368600,25.8700008392334
5/3/2016,25.729999542236328,26.68000030517578,25.270999908447266,26.260000228881836,310300,26.260000228881836
5/2/2016,26,26,24.760000228881836,25.780000686645508,722600,25.780000686645508
4/29/2016,26.690000534057617,26.90999984741211,26.360000610351562,26.450000762939453,301200,26.450000762939453
4/28/2016,27.719999313354492,28.719999313354492,26.229999542236328,26.719999313354492,426900,26.719999313354492
4/27/2016,27.200000762939453,27.780000686645508,26.700000762939453,27.68000030517578,163800,27.68000030517578
4/26/2016,27.15999984741211,27.360000610351562,26.459999084472656,27.229999542236328,163000,27.229999542236328
4/25/2016,27.209999084472656,27.514999389648438,26.950000762939453,27.010000228881836,378900,27.010000228881836
4/22/2016,27.139999389648438,27.31999969482422,26.959999084472656,27.209999084472656,288300,27.209999084472656
4/21/2016,27.170000076293945,27.440000534057617,26.899999618530273,27.1299991607666,322300,27.1299991607666
4/20/2016,27.84000015258789,28.040000915527344,26.639999389648438,27.059999465942383,521200,27.059999465942383
4/19/2016,27.450000762939453,28.270000457763672,27.209999084472656,27.649999618530273,812200,27.649999618530273
4/18/2016,26.049999237060547,27.350000381469727,26.049999237060547,27.25,544900,27.25
4/15/2016,26.239999771118164,26.770000457763672,25.989999771118164,26.670000076293945,348200,26.670000076293945
4/14/2016,26.049999237060547,26.950000762939453,25.989999771118164,26.110000610351562,544100,26.110000610351562
4/13/2016,26,26.469999313354492,25.6200008392334,26.139999389648438,408200,26.139999389648438
4/12/2016,24,25.8799991607666,23.6299991607666,25.739999771118164,1011300,25.739999771118164
4/11/2016,25.31999969482422,25.5,24.1200008392334,24.1200008392334,519200,24.1200008392334
4/8/2016,25.079999923706055,25.6299991607666,24.260000228881836,25.200000762939453,887400,25.200000762939453
4/7/2016,24.8700008392334,25.989999771118164,24.010000228881836,25.040000915527344,2729500,25.040000915527344
4/6/2016,22.43000030517578,23.010000228881836,22.270000457763672,22.700000762939453,450200,22.700000762939453
4/5/2016,23.219999313354492,23.2450008392334,22.1200008392334,22.489999771118164,519500,22.489999771118164
4/4/2016,23.809999465942383,23.950000762939453,23.149999618530273,23.34000015258789,453700,23.34000015258789
4/1/2016,23.34000015258789,24,23.110000610351562,23.90999984741211,504700,23.90999984741211
3/31/2016,23.15999984741211,23.6200008392334,23.030000686645508,23.43000030517578,329700,23.43000030517578
3/30/2016,23.25,23.295000076293945,22.68000030517578,23.09000015258789,223100,23.09000015258789
3/29/2016,22.520000457763672,23.030000686645508,22.329999923706055,23.010000228881836,369700,23.010000228881836
3/28/2016,22.030000686645508,22.6299991607666,21.969999313354492,22.5,210500,22.5
3/24/2016,22.649999618530273,22.743000030517578,21.3700008392334,22.010000228881836,633500,22.010000228881836
3/23/2016,23.09000015258789,23.229999542236328,22.649999618530273,22.68000030517578,293100,22.68000030517578
3/22/2016,23.540000915527344,23.75,22.84000015258789,23.18000030517578,466100,23.18000030517578
3/21/2016,23.709999084472656,23.889999389648438,23.010000228881836,23.65999984741211,581300,23.65999984741211
3/18/2016,21.93000030517578,23.6299991607666,21.93000030517578,23.309999465942383,1584300,23.309999465942383
3/17/2016,21.530000686645508,22,21.31999969482422,21.799999237060547,153200,21.799999237060547
3/16/2016,21,21.690000534057617,20.940000534057617,21.600000381469727,220100,21.600000381469727
3/15/2016,21.399999618530273,21.690000534057617,20.889999389648438,21.049999237060547,240400,21.049999237060547
3/14/2016,21.489999771118164,22,21.350000381469727,21.489999771118164,343700,21.489999771118164
3/11/2016,21.440000534057617,21.809999465942383,21.200000762939453,21.440000534057617,423100,21.440000534057617
3/10/2016,20.829999923706055,21.690000534057617,20.389999389648438,21.260000228881836,548600,21.260000228881836
3/9/2016,20.3700008392334,20.719999313354492,20.15999984741211,20.68000030517578,319000,20.68000030517578
3/8/2016,20.25,20.56999969482422,20.030000686645508,20.18000030517578,293700,20.18000030517578
3/7/2016,20.719999313354492,20.899999618530273,20.079999923706055,20.260000228881836,449600,20.260000228881836
3/4/2016,20.219999313354492,20.8799991607666,19.93000030517578,20.700000762939453,309300,20.700000762939453
3/3/2016,20.459999084472656,20.56999969482422,19.75,20.290000915527344,301600,20.290000915527344
3/2/2016,20.84000015258789,20.90999984741211,20.219999313354492,20.40999984741211,249100,20.40999984741211
3/1/2016,20.1299991607666,21.06999969482422,19.950000762939453,20.950000762939453,635200,20.950000762939453
2/29/2016,20.209999084472656,20.56999969482422,19.809999465942383,20.200000762939453,476300,20.200000762939453
2/26/2016,20.850000381469727,21.079999923706055,20.190000534057617,20.200000762939453,559200,20.200000762939453
2/25/2016,20.979999542236328,21.274999618530273,20.649999618530273,20.700000762939453,471100,20.700000762939453
2/24/2016,20.25,20.899999618530273,19.90999984741211,20.780000686645508,802800,20.780000686645508
2/23/2016,21,21.299999237060547,20.200000762939453,20.360000610351562,726800,20.360000610351562
2/22/2016,21.260000228881836,21.440000534057617,20.790000915527344,21.030000686645508,906700,21.030000686645508
2/19/2016,20.690000534057617,21.68000030517578,20.639999389648438,21,5021600,21
2/18/2016,21.889999389648438,22.219999313354492,20.469999313354492,20.889999389648438,727300,20.889999389648438
2/17/2016,20.1299991607666,22.18000030517578,20,21.559999465942383,630200,21.559999465942383
2/16/2016,20.420000076293945,21.760000228881836,20.420000076293945,21.260000228881836,259900,21.260000228881836
2/12/2016,19.809999465942383,20.43000030517578,19.809999465942383,20.299999237060547,232600,20.299999237060547
2/11/2016,19.25,20.520000457763672,19.25,19.81999969482422,214100,19.81999969482422
2/10/2016,19.325000762939453,20.149999618530273,19.219999313354492,19.790000915527344,258600,19.790000915527344
2/9/2016,19.260000228881836,19.809999465942383,18.989999771118164,19.209999084472656,290300,19.209999084472656
2/8/2016,19.920000076293945,20.229999542236328,18.969999313354492,19.5,581500,19.5
2/5/2016,20.8700008392334,21.399999618530273,20.399999618530273,20.8700008392334,554100,20.8700008392334
2/4/2016,21.110000610351562,21.290000915527344,20.43000030517578,20.729999542236328,216200,20.729999542236328
2/3/2016,22.200000762939453,22.34000015258789,21.010000228881836,21.110000610351562,415300,21.110000610351562
2/2/2016,21.610000610351562,22.5,21.270000457763672,22.1200008392334,553600,22.1200008392334
2/1/2016,21.329999923706055,22.239999771118164,20.540000915527344,21.8700008392334,1085100,21.8700008392334
1/29/2016,21.450000762939453,22.530000686645508,21.410999298095703,22.350000381469727,760900,22.350000381469727
1/28/2016,21,21.670000076293945,20.719999313354492,21.3799991607666,627100,21.3799991607666
1/27/2016,20.5,21.010000228881836,20.190000534057617,20.770000457763672,381500,20.770000457763672
1/26/2016,19.770000457763672,20.6299991607666,19.760000228881836,20.579999923706055,401100,20.579999923706055
1/25/2016,19.309999465942383,19.84000015258789,18.969999313354492,19.770000457763672,323800,19.770000457763672
1/22/2016,19.079999923706055,19.639999389648438,18.860000610351562,19.479999542236328,522800,19.479999542236328
1/21/2016,18.600000381469727,19.290000915527344,18.479999542236328,18.719999313354492,269900,18.719999313354492
1/20/2016,18.770000457763672,19.030000686645508,17.969999313354492,18.700000762939453,319700,18.700000762939453
1/19/2016,19.1200008392334,19.549999237060547,18.3799991607666,18.799999237060547,655100,18.799999237060547
1/15/2016,17.350000381469727,19.059999465942383,17.25,18.81999969482422,795800,18.81999969482422
1/14/2016,17.639999389648438,18.030000686645508,17.190000534057617,17.729999542236328,685700,17.729999542236328
1/13/2016,17.389999389648438,18.25,17.350000381469727,17.579999923706055,259400,17.579999923706055
1/12/2016,18.770000457763672,19.200000762939453,17.440000534057617,17.5,832200,17.5
1/11/2016,18.850000381469727,19.600000381469727,18,18.270000457763672,494800,18.270000457763672
1/8/2016,18.510000228881836,18.760000228881836,18.079999923706055,18.15999984741211,336800,18.15999984741211
1/7/2016,18.18000030517578,18.639999389648438,17.959999084472656,18.34000015258789,313900,18.34000015258789
1/6/2016,18.190000534057617,19.06999969482422,17.799999237060547,18.600000381469727,485400,18.600000381469727
1/5/2016,17.360000610351562,18.25,17.360000610351562,17.979999542236328,342000,17.979999542236328
1/4/2016,16.729999542236328,17.389999389648438,16.1299991607666,17.329999923706055,285800,17.329999923706055
12/31/2015,17,17.229999542236328,16.75,17.010000228881836,169100,17.010000228881836
12/30/2015,16.81999969482422,17.010000228881836,16.610000610351562,17,168500,17
12/29/2015,16.75,17.139999389648438,16.709999084472656,16.809999465942383,142400,16.809999465942383
12/28/2015,16.889999389648438,16.989999771118164,16.540000915527344,16.75,123500,16.75
12/24/2015,17.239999771118164,17.3799991607666,16.93000030517578,16.940000534057617,24800,16.940000534057617
12/23/2015,16.799999237060547,17.299999237060547,16.75,17.209999084472656,172000,17.209999084472656
12/22/2015,16.559999465942383,16.954999923706055,16.469999313354492,16.790000915527344,128800,16.790000915527344
12/21/2015,16.850000381469727,17.06999969482422,16.34000015258789,16.690000534057617,216800,16.690000534057617
12/18/2015,16.799999237060547,16.989999771118164,16.719999313354492,16.829999923706055,135700,16.829999923706055
12/17/2015,17.020000457763672,17.309999465942383,16.719999313354492,16.940000534057617,405500,16.940000534057617
12/16/2015,16.670000076293945,17.149999618530273,16.510000228881836,17.020000457763672,231900,17.020000457763672
12/15/2015,16.489999771118164,16.780000686645508,15.930000305175781,16.65999984741211,295000,16.65999984741211
12/14/2015,17.399999618530273,18.209999084472656,16.1299991607666,16.489999771118164,412400,16.489999771118164
12/11/2015,17.59000015258789,17.739999771118164,16.68000030517578,17.309999465942383,602200,17.309999465942383
12/10/2015,18.030000686645508,18.030000686645508,15.859999656677246,17.079999923706055,790600,17.079999923706055
12/9/2015,16.43000030517578,16.760000228881836,16.049999237060547,16.510000228881836,317000,16.510000228881836
12/8/2015,16,16.540000915527344,15.960000038146973,16.489999771118164,141300,16.489999771118164
12/7/2015,16.799999237060547,16.940000534057617,16.040000915527344,16.170000076293945,119400,16.170000076293945
12/4/2015,16.639999389648438,16.93000030517578,16.579999923706055,16.760000228881836,63400,16.760000228881836
12/3/2015,17.079999923706055,17.25,16.56999969482422,16.700000762939453,82400,16.700000762939453
12/2/2015,17.309999465942383,17.360000610351562,16.8700008392334,17.079999923706055,82300,17.079999923706055
12/1/2015,17.68000030517578,17.68000030517578,17.219999313354492,17.239999771118164,78200,17.239999771118164
11/30/2015,18.06999969482422,18.190000534057617,17.399999618530273,17.65999984741211,166800,17.65999984741211
11/27/2015,17.799999237060547,18.19499969482422,17.43000030517578,18.040000915527344,124200,18.040000915527344
11/25/2015,17.260000228881836,17.84000015258789,17.200000762939453,17.770000457763672,172800,17.770000457763672
11/24/2015,17.1299991607666,17.469999313354492,16.8700008392334,17.229999542236328,194600,17.229999542236328
11/23/2015,17.25,17.59000015258789,17.209999084472656,17.239999771118164,117700,17.239999771118164
11/20/2015,17.09000015258789,17.489999771118164,17.09000015258789,17.25,178200,17.25
11/19/2015,17.229999542236328,17.229999542236328,16.690000534057617,16.979999542236328,84200,16.979999542236328
11/18/2015,16.959999084472656,17.5,16.809999465942383,17.260000228881836,203600,17.260000228881836
11/17/2015,17.40999984741211,18.065000534057617,16.75,17,316400,17
11/16/2015,16.56999969482422,17.395000457763672,16.56999969482422,17.389999389648438,88900,17.389999389648438
11/13/2015,16.81999969482422,16.81999969482422,16.299999237060547,16.649999618530273,168700,16.649999618530273
11/12/2015,16.59000015258789,17.100000381469727,16.5,16.979999542236328,121400,16.979999542236328
11/11/2015,17,17,16.25,16.709999084472656,167500,16.709999084472656
11/10/2015,17.059999465942383,17.18000030517578,16.690000534057617,17,116000,17
11/9/2015,17.049999237060547,17.292999267578125,16.600000381469727,17.100000381469727,146100,17.100000381469727
11/6/2015,16.43000030517578,17.25,16.329999923706055,17.100000381469727,161800,17.100000381469727
11/5/2015,16.540000915527344,16.729999542236328,16.40999984741211,16.540000915527344,62800,16.540000915527344
11/4/2015,16.670000076293945,16.68000030517578,16.209999084472656,16.459999084472656,158800,16.459999084472656
11/3/2015,16.219999313354492,16.93000030517578,16.219999313354492,16.700000762939453,100500,16.700000762939453
11/2/2015,15.90999984741211,16.309999465942383,15.609999656677246,16.200000762939453,236600,16.200000762939453
10/30/2015,15.890000343322754,16.149999618530273,15.600000381469727,15.850000381469727,171900,15.850000381469727
10/29/2015,15.239999771118164,15.970000267028809,15.239999771118164,15.920000076293945,180500,15.920000076293945
10/28/2015,15.470000267028809,15.90999984741211,15.1899995803833,15.34000015258789,234100,15.34000015258789
10/27/2015,15.399999618530273,15.460000038146973,14.880000114440918,15.279999732971191,322300,15.279999732971191
10/26/2015,15.1899995803833,15.670000076293945,15,15.489999771118164,131800,15.489999771118164
10/23/2015,15.600000381469727,15.78600025177002,15,15.279999732971191,119200,15.279999732971191
10/22/2015,15.449999809265137,15.720000267028809,15.220000267028809,15.550000190734863,599800,15.550000190734863
10/21/2015,15.489999771118164,15.600000381469727,15.170000076293945,15.399999618530273,209000,15.399999618530273
10/20/2015,15.6899995803833,15.977999687194824,15.25,15.380000114440918,156300,15.380000114440918
10/19/2015,15.819999694824219,15.960000038146973,15.649999618530273,15.65999984741211,159100,15.65999984741211
10/16/2015,16.200000762939453,16.31999969482422,15.6899995803833,15.90999984741211,336800,15.90999984741211
10/15/2015,16.280000686645508,16.503999710083008,15.619999885559082,16.18000030517578,177900,16.18000030517578
10/14/2015,16.979999542236328,17.437999725341797,16.094999313354492,16.299999237060547,331500,16.299999237060547
10/13/2015,16.81999969482422,17.100000381469727,16.729999542236328,16.989999771118164,265400,16.989999771118164
10/12/2015,17.030000686645508,17.190000534057617,16.200000762939453,16.940000534057617,249800,16.940000534057617
10/9/2015,16.489999771118164,17.110000610351562,16.399999618530273,17.100000381469727,188000,17.100000381469727
10/8/2015,16.489999771118164,16.600000381469727,16.079999923706055,16.489999771118164,175500,16.489999771118164
10/7/2015,16.399999618530273,16.760000228881836,16.219999313354492,16.59000015258789,243400,16.59000015258789
10/6/2015,16.56999969482422,16.6200008392334,15.949999809265137,16.389999389648438,227400,16.389999389648438
10/5/2015,16.829999923706055,16.875,16.290000915527344,16.65999984741211,321800,16.65999984741211
10/2/2015,16.290000915527344,16.81999969482422,15.725000381469727,16.729999542236328,471900,16.729999542236328
10/1/2015,16.25,16.6299991607666,15.449999809265137,16.079999923706055,536700,16.079999923706055
9/30/2015,16.559999465942383,16.934999465942383,15.994999885559082,16.170000076293945,2560500,16.170000076293945
9/29/2015,16.309999465942383,16.809999465942383,16.040000915527344,16.489999771118164,376400,16.489999771118164
9/28/2015,16.290000915527344,16.389999389648438,15.630000114440918,16.15999984741211,459100,16.15999984741211
9/25/2015,16.34000015258789,17.0939998626709,15.960000038146973,16.350000381469727,336800,16.350000381469727
9/24/2015,16.34000015258789,17.959999084472656,15.859999656677246,16.139999389648438,257300,16.139999389648438
9/23/2015,17.25,17.405000686645508,16.18000030517578,16.360000610351562,271400,16.360000610351562
9/22/2015,17.149999618530273,17.309999465942383,16.81999969482422,17.270000457763672,244500,17.270000457763672
9/21/2015,17.969999313354492,18.639999389648438,17.190000534057617,17.309999465942383,269700,17.309999465942383
9/18/2015,18.329999923706055,18.950000762939453,17.530000686645508,17.81999969482422,869700,17.81999969482422
9/17/2015,18.559999465942383,18.829999923706055,18.25,18.700000762939453,257500,18.700000762939453
9/16/2015,18.100000381469727,18.700000762939453,17.989999771118164,18.68000030517578,283200,18.68000030517578
9/15/2015,18.190000534057617,18.440000534057617,17.739999771118164,18.190000534057617,238400,18.190000534057617
9/14/2015,18.239999771118164,18.450000762939453,17.780000686645508,18.100000381469727,405800,18.100000381469727
9/11/2015,18.5,18.780000686645508,17.709999084472656,18.260000228881836,498300,18.260000228881836
9/10/2015,17.479999542236328,18.739999771118164,17.309999465942383,18.25,582100,18.25
9/9/2015,17.290000915527344,18.270000457763672,16.99799919128418,17.09000015258789,316500,17.09000015258789
9/8/2015,17.469999313354492,17.809999465942383,16.950000762939453,17.270000457763672,236900,17.270000457763672
9/4/2015,16.309999465942383,17.290000915527344,16.309999465942383,17.030000686645508,185200,17.030000686645508
9/3/2015,17.06999969482422,17.639999389648438,16.219999313354492,16.610000610351562,365500,16.610000610351562
9/2/2015,17.920000076293945,17.969999313354492,16.979999542236328,17.100000381469727,380000,17.100000381469727
9/1/2015,17.6200008392334,18.045000076293945,17.260000228881836,17.549999237060547,126500,17.549999237060547
8/31/2015,17.700000762939453,17.969999313354492,16.969999313354492,17.889999389648438,184300,17.889999389648438
8/28/2015,16.719999313354492,17.6299991607666,16.59000015258789,17.56999969482422,169400,17.56999969482422
8/27/2015,16.860000610351562,17.309999465942383,16.415000915527344,16.6200008392334,321900,16.6200008392334
8/26/2015,16.3700008392334,16.709999084472656,16.219999313354492,16.520000457763672,230300,16.520000457763672
8/25/2015,17.399999618530273,17.739999771118164,15.699999809265137,15.90999984741211,493800,15.90999984741211
8/24/2015,17.360000610351562,17.729999542236328,16.719999313354492,16.719999313354492,314000,16.719999313354492
8/21/2015,19.290000915527344,19.739999771118164,18.280000686645508,18.31999969482422,332000,18.31999969482422
8/20/2015,19.75,20.030000686645508,19.540000915527344,19.540000915527344,132700,19.540000915527344
8/19/2015,19.75,20.31999969482422,19.520000457763672,19.809999465942383,162900,19.809999465942383
8/18/2015,19.65999984741211,20.010000228881836,19.18000030517578,19.8700008392334,110000,19.8700008392334
8/17/2015,19.989999771118164,20.399999618530273,19.165000915527344,19.450000762939453,265900,19.450000762939453
8/14/2015,19.420000076293945,20,18.969999313354492,19.90999984741211,201500,19.90999984741211
8/13/2015,19.790000915527344,19.940000534057617,19.1200008392334,19.25,101100,19.25
8/12/2015,19.299999237060547,19.924999237060547,18.950000762939453,19.729999542236328,145400,19.729999542236328
8/11/2015,18.860000610351562,19.829999923706055,18.790000915527344,19.309999465942383,220100,19.309999465942383
8/10/2015,19.889999389648438,20.829999923706055,18.799999237060547,19.1299991607666,310600,19.1299991607666
8/7/2015,19.809999465942383,20.059999465942383,19.799999237060547,19.940000534057617,151000,19.940000534057617
8/6/2015,20,20.43000030517578,19.75,19.950000762939453,129600,19.950000762939453
8/5/2015,20.610000610351562,20.850000381469727,19.799999237060547,19.989999771118164,237500,19.989999771118164
8/4/2015,20.899999618530273,21.190000534057617,19.700000762939453,20.56999969482422,299700,20.56999969482422
8/3/2015,19.559999465942383,20.90999984741211,19.440000534057617,20.8799991607666,267200,20.8799991607666
7/31/2015,19.549999237060547,19.68000030517578,19.43000030517578,19.6200008392334,99700,19.6200008392334
7/30/2015,19.450000762939453,19.729999542236328,19,19.600000381469727,188200,19.600000381469727
7/29/2015,19.459999084472656,19.809999465942383,19.270000457763672,19.700000762939453,150500,19.700000762939453
7/28/2015,19.940000534057617,20.834999084472656,18.719999313354492,19.709999084472656,294200,19.709999084472656
7/27/2015,20,20.170000076293945,18.280000686645508,19.969999313354492,576600,19.969999313354492
7/24/2015,20.219999313354492,20.889999389648438,19.790000915527344,20,139000,20
7/23/2015,20.829999923706055,20.899999618530273,20.329999923706055,20.3700008392334,95300,20.3700008392334
7/22/2015,20,20.81999969482422,20,20.649999618530273,199700,20.649999618530273
7/21/2015,20,20.450000762939453,19.6200008392334,20,207700,20
7/20/2015,20.399999618530273,21.18000030517578,19.579999923706055,20.200000762939453,485600,20.200000762939453
7/17/2015,21.239999771118164,21.350000381469727,20,20.040000915527344,1260500,20.040000915527344
7/16/2015,22.68000030517578,22.989999771118164,20.56999969482422,21.149999618530273,12591100,21.149999618530273
