4/22/2019,9.84000015258789,9.989999771118164,9.510000228881836,9.960000038146973,187700,9.960000038146973
4/18/2019,10.1899995803833,10.369999885559082,9.770000457763672,9.890000343322754,164200,9.890000343322754
4/17/2019,10.149999618530273,10.289999961853027,9.680000305175781,10.199999809265137,67600,10.199999809265137
4/16/2019,10.170000076293945,10.699999809265137,10.069999694824219,10.119999885559082,211800,10.119999885559082
4/15/2019,10.170000076293945,10.295000076293945,9.829999923706055,10.140000343322754,157600,10.140000343322754
4/12/2019,9.739999771118164,10.180000305175781,9.720000267028809,10.130000114440918,188300,10.130000114440918
4/11/2019,9.770000457763672,10.204999923706055,9.479999542236328,9.760000228881836,110600,9.760000228881836
4/10/2019,9.260000228881836,9.8100004196167,9.180000305175781,9.75,225100,9.75
4/9/2019,9.930000305175781,9.930000305175781,9.239999771118164,9.260000228881836,138600,9.260000228881836
4/8/2019,10.170000076293945,10.170000076293945,9.84000015258789,9.949999809265137,150400,9.949999809265137
4/5/2019,9.989999771118164,10.390000343322754,9.989999771118164,10.180000305175781,96800,10.180000305175781
4/4/2019,10.300000190734863,10.430000305175781,9.914999961853027,9.9399995803833,85900,9.9399995803833
4/3/2019,10.930000305175781,11.050000190734863,10.270000457763672,10.329999923706055,288000,10.329999923706055
4/2/2019,10.75,11.229999542236328,10,10.920000076293945,240700,10.920000076293945
4/1/2019,10.369999885559082,10.739999771118164,10.109999656677246,10.699999809265137,158900,10.699999809265137
3/29/2019,9.770000457763672,10.369999885559082,9.770000457763672,10.300000190734863,164000,10.300000190734863
3/28/2019,9.899999618530273,10.307999610900879,9.649999618530273,9.819999694824219,84500,9.819999694824219
3/27/2019,9.75,10.289999961853027,9.609999656677246,10.029999732971191,118500,10.029999732971191
3/26/2019,9.579999923706055,9.9399995803833,9.579999923706055,9.869999885559082,123900,9.869999885559082
3/25/2019,9.180000305175781,9.569999694824219,8.760000228881836,9.539999961853027,76300,9.539999961853027
3/22/2019,9.420000076293945,9.630000114440918,9.010000228881836,9.1899995803833,162500,9.1899995803833
3/21/2019,9.460000038146973,9.859999656677246,9.180000305175781,9.470000267028809,98600,9.470000267028809
3/20/2019,9.40999984741211,9.6899995803833,9.109999656677246,9.40999984741211,134500,9.40999984741211
3/19/2019,9.170000076293945,9.5,9.029999732971191,9.399999618530273,121200,9.399999618530273
3/18/2019,9.029999732971191,9.199999809265137,8.694000244140625,9.119999885559082,180100,9.119999885559082
3/15/2019,8.770000457763672,9.239999771118164,8.600000381469727,9.100000381469727,318200,9.100000381469727
3/14/2019,8.770000457763672,9.010000228881836,8.569999694824219,8.779999732971191,108800,8.779999732971191
3/13/2019,8.65999984741211,8.779999732971191,8.5600004196167,8.739999771118164,96300,8.739999771118164
3/11/2019,8.569999694824219,8.819999694824219,8.489999771118164,8.739999771118164,140900,8.739999771118164
3/8/2019,8.430000305175781,8.84000015258789,8.180000305175781,8.579999923706055,242100,8.579999923706055
3/7/2019,8.069999694824219,8.510000228881836,7.681000232696533,8.5,299000,8.5
3/6/2019,9.170000076293945,9.770000457763672,7.849999904632568,8.100000381469727,371200,8.100000381469727
3/5/2019,7.989999771118164,8.609999656677246,7.860000133514404,8.595000267028809,730000,8.595000267028809
3/1/2019,7.46999979019165,7.974999904632568,7.46999979019165,7.949999809265137,52300,7.949999809265137
2/28/2019,7.909999847412109,7.980000019073486,7.239999771118164,7.420000076293945,133400,7.420000076293945
2/27/2019,7.75,7.949999809265137,7.659999847412109,7.909999847412109,72400,7.909999847412109
2/26/2019,7.480000019073486,7.840000152587891,7.480000019073486,7.71999979019165,79900,7.71999979019165
2/25/2019,7.510000228881836,7.739999771118164,6.769999980926514,7.5,132900,7.5
2/22/2019,7.28000020980835,7.5,7.199999809265137,7.309999942779541,100500,7.309999942779541
2/21/2019,7.199999809265137,7.349999904632568,7.079999923706055,7.269999980926514,55400,7.269999980926514
2/20/2019,7.300000190734863,7.389999866485596,7.139999866485596,7.199999809265137,67800,7.199999809265137
2/19/2019,7.420000076293945,7.604000091552734,7.090000152587891,7.300000190734863,171400,7.300000190734863
2/15/2019,7.190000057220459,7.429999828338623,7.059999942779541,7.400000095367432,217800,7.400000095367432
2/14/2019,7.119999885559082,7.289999961853027,7.019999980926514,7.150000095367432,84500,7.150000095367432
2/13/2019,7.130000114440918,7.269999980926514,6.974999904632568,7.150000095367432,107300,7.150000095367432
2/12/2019,7.329999923706055,7.329999923706055,7.03000020980835,7.119999885559082,79500,7.119999885559082
2/11/2019,7.21999979019165,7.400000095367432,6.920000076293945,7.300000190734863,111600,7.300000190734863
2/8/2019,7.289999961853027,7.369999885559082,7.039999961853027,7.150000095367432,164700,7.150000095367432
2/6/2019,7.260000228881836,7.260000228881836,6.929999828338623,7.03000020980835,91100,7.03000020980835
2/4/2019,6.599999904632568,7.159999847412109,6.599999904632568,7.019999980926514,111500,7.019999980926514
2/1/2019,6.460000038146973,6.869999885559082,6.460000038146973,6.599999904632568,89400,6.599999904632568
1/31/2019,6.090000152587891,6.510000228881836,6.059999942779541,6.440000057220459,139700,6.440000057220459
1/29/2019,6.199999809265137,6.21999979019165,5.940000057220459,6.199999809265137,86500,6.199999809265137
1/28/2019,6.119999885559082,6.28000020980835,5.953000068664551,6.199999809265137,127300,6.199999809265137
1/25/2019,6.300000190734863,6.40500020980835,6.079999923706055,6.159999847412109,115800,6.159999847412109
1/24/2019,6.440000057220459,6.539999961853027,6.159999847412109,6.289999961853027,63400,6.289999961853027
1/23/2019,6.639999866485596,6.789999961853027,6.25,6.440000057220459,109700,6.440000057220459
1/22/2019,7.130000114440918,7.210000038146973,6.550000190734863,6.570000171661377,186100,6.570000171661377
1/18/2019,7.289999961853027,7.389999866485596,7.090000152587891,7.170000076293945,109200,7.170000076293945
1/17/2019,7.360000133514404,7.539999961853027,7.070000171661377,7.28000020980835,100400,7.28000020980835
1/16/2019,7.059999942779541,7.579999923706055,7.019999980926514,7.400000095367432,143200,7.400000095367432
1/15/2019,7.039999961853027,7.119999885559082,6.519999980926514,7.039999961853027,285700,7.039999961853027
1/14/2019,7.239999771118164,7.550000190734863,6.920000076293945,7.03000020980835,119300,7.03000020980835
1/11/2019,7.090000152587891,7.329999923706055,6.800000190734863,7.260000228881836,161100,7.260000228881836
1/10/2019,7.570000171661377,7.570000171661377,6.989999771118164,7.099999904632568,112400,7.099999904632568
1/9/2019,7.269999980926514,7.78000020980835,7.010000228881836,7.570000171661377,164800,7.570000171661377
1/8/2019,7.599999904632568,7.829999923706055,7.03000020980835,7.179999828338623,148900,7.179999828338623
1/7/2019,7.090000152587891,7.610000133514404,6.678999900817871,7.5,392900,7.5
1/4/2019,6.800000190734863,7.215000152587891,6.440000057220459,7.050000190734863,152200,7.050000190734863
1/3/2019,6.800000190734863,6.885000228881836,6.550000190734863,6.739999771118164,132600,6.739999771118164
1/2/2019,6.199999809265137,7.059999942779541,6.199999809265137,6.829999923706055,154000,6.829999923706055
12/31/2018,6.900000095367432,6.900000095367432,5.829999923706055,6.199999809265137,595300,6.199999809265137
12/28/2018,6.920000076293945,6.940000057220459,6.53000020980835,6.920000076293945,327600,6.920000076293945
12/26/2018,6.539999961853027,6.699999809265137,6.269999980926514,6.570000171661377,183000,6.570000171661377
12/24/2018,6.079999923706055,6.71999979019165,5.71999979019165,6.599999904632568,169300,6.599999904632568
12/21/2018,5.840000152587891,6.21999979019165,5.659999847412109,6.010000228881836,1243800,6.010000228881836
12/20/2018,6.230000019073486,6.300000190734863,5.760000228881836,5.840000152587891,381100,5.840000152587891
12/19/2018,6.670000076293945,6.980000019073486,6.150000095367432,6.159999847412109,424600,6.159999847412109
12/18/2018,7.539999961853027,7.659999847412109,6.699999809265137,6.75,280800,6.75
12/17/2018,8.1899995803833,8.229999542236328,7.519999980926514,7.539999961853027,357400,7.539999961853027
12/14/2018,7.869999885559082,8.449999809265137,7.849999904632568,8.25,303200,8.25
12/13/2018,7.25,7.880000114440918,7.25,7.760000228881836,245700,7.760000228881836
12/12/2018,7.889999866485596,7.889999866485596,7.046000003814697,7.119999885559082,265400,7.119999885559082
12/11/2018,8.069999694824219,8.069999694824219,7.75,7.78000020980835,220600,7.78000020980835
12/10/2018,7.980000019073486,8.079999923706055,7.900000095367432,8.010000228881836,320100,8.010000228881836
12/7/2018,7.849999904632568,8.180000305175781,7.800000190734863,8.079999923706055,457500,8.079999923706055
12/6/2018,7.389999866485596,7.929999828338623,7.340000152587891,7.889999866485596,254700,7.889999866485596
12/4/2018,7.619999885559082,7.9079999923706055,7.327000141143799,7.440000057220459,385900,7.440000057220459
12/3/2018,7.900000095367432,8.069999694824219,7.510000228881836,7.599999904632568,330400,7.599999904632568
11/30/2018,8.720000267028809,8.755000114440918,7.369999885559082,7.869999885559082,472700,7.869999885559082
11/29/2018,8.5600004196167,8.760000228881836,8.345000267028809,8.680000305175781,149500,8.680000305175781
11/28/2018,8.59000015258789,8.720000267028809,8.40999984741211,8.649999618530273,203500,8.649999618530273
11/27/2018,8.5,8.609999656677246,8.300000190734863,8.5600004196167,124000,8.5600004196167
11/26/2018,9.109999656677246,9.140000343322754,8.479999542236328,8.600000381469727,148700,8.600000381469727
11/23/2018,9.420000076293945,9.569999694824219,8.989999771118164,9.100000381469727,70200,9.100000381469727
11/21/2018,9.470000267028809,9.619999885559082,9.199999809265137,9.40999984741211,113400,9.40999984741211
11/20/2018,9.8100004196167,9.859999656677246,9.100000381469727,9.359999656677246,472700,9.359999656677246
11/19/2018,10.300000190734863,10.5,9.800000190734863,9.90999984741211,151800,9.90999984741211
11/16/2018,10.199999809265137,10.470000267028809,9.949999809265137,10.319999694824219,174300,10.319999694824219
11/15/2018,10.25,10.619999885559082,10.029999732971191,10.3100004196167,281000,10.3100004196167
11/14/2018,11.180000305175781,11.180000305175781,10,10.289999961853027,311600,10.289999961853027
11/13/2018,10.869999885559082,11.720000267028809,10.5,11.279999732971191,490200,11.279999732971191
11/12/2018,10.789999961853027,10.890000343322754,10.199999809265137,10.359999656677246,190000,10.359999656677246
11/9/2018,11,11.050000190734863,10.600000381469727,10.869999885559082,121700,10.869999885559082
11/8/2018,11.039999961853027,11.3100004196167,10.880000114440918,11.069999694824219,109000,11.069999694824219
11/7/2018,12.050000190734863,12.050000190734863,10.869999885559082,11.0600004196167,189200,11.0600004196167
11/6/2018,11.229999542236328,11.989999771118164,11.220000267028809,11.920000076293945,302700,11.920000076293945
11/5/2018,10.989999771118164,11.369999885559082,10.899999618530273,11.270000457763672,304700,11.270000457763672
11/2/2018,10.899999618530273,11.449999809265137,10.869999885559082,11.069999694824219,82300,11.069999694824219
11/1/2018,10.65999984741211,11.039999961853027,10.390000343322754,10.899999618530273,164800,10.899999618530273
10/31/2018,10.619999885559082,11.09000015258789,10.520000457763672,10.579999923706055,199400,10.579999923706055
10/30/2018,11,11.59000015258789,10.470000267028809,10.5,200900,10.5
10/29/2018,11.239999771118164,11.529999732971191,10.729999542236328,11.020000457763672,380700,11.020000457763672
10/26/2018,11.229999542236328,11.550000190734863,11.0600004196167,11.1899995803833,175400,11.1899995803833
10/25/2018,11.34000015258789,11.550000190734863,11.0600004196167,11.380000114440918,151400,11.380000114440918
10/24/2018,10.989999771118164,11.449999809265137,10.90999984741211,11.260000228881836,94200,11.260000228881836
10/23/2018,10.640000343322754,11.25,10.510000228881836,11.020000457763672,161000,11.020000457763672
10/22/2018,11.390000343322754,11.520000457763672,10.680000305175781,10.84000015258789,266900,10.84000015258789
10/19/2018,11.420000076293945,11.869999885559082,11.270000457763672,11.390000343322754,176400,11.390000343322754
10/18/2018,11.65999984741211,11.729999542236328,11.130000114440918,11.420000076293945,302800,11.420000076293945
10/17/2018,11.100000381469727,11.989999771118164,10.9399995803833,11.789999961853027,256900,11.789999961853027
10/16/2018,11.0600004196167,11.079999923706055,10.779999732971191,11.050000190734863,531900,11.050000190734863
10/15/2018,10.920000076293945,11.14799976348877,10.699999809265137,10.979999542236328,265400,10.979999542236328
10/12/2018,10.149999618530273,11.145000457763672,10.100000381469727,10.989999771118164,477000,10.989999771118164
10/11/2018,10.359999656677246,10.399999618530273,9.779999732971191,10,362600,10
10/10/2018,10.6899995803833,10.989999771118164,10.420000076293945,10.430000305175781,152200,10.430000305175781
10/9/2018,10.65999984741211,10.8100004196167,10.579999923706055,10.739999771118164,316400,10.739999771118164
10/8/2018,10.979999542236328,11.210000038146973,10.40999984741211,10.649999618530273,140400,10.649999618530273
10/5/2018,10.899999618530273,11.180000305175781,10.8100004196167,11,195900,11
10/4/2018,11.489999771118164,11.489999771118164,10.329999923706055,10.914999961853027,352700,10.914999961853027
10/3/2018,11,11.829999923706055,10.960000038146973,11.539999961853027,455500,11.539999961853027
10/2/2018,11.569999694824219,11.729999542236328,10.850000381469727,11.130000114440918,240900,11.130000114440918
10/1/2018,12.479999542236328,12.479999542236328,11.510000228881836,11.670000076293945,311300,11.670000076293945
9/28/2018,12.59000015258789,12.770000457763672,12.359999656677246,12.430000305175781,127000,12.430000305175781
9/27/2018,13.100000381469727,13.399999618530273,12.579999923706055,12.670000076293945,116700,12.670000076293945
9/26/2018,13.010000228881836,13.479999542236328,12.600000381469727,13.0600004196167,274500,13.0600004196167
9/25/2018,13.850000381469727,13.989999771118164,12.850000381469727,12.9399995803833,185600,12.9399995803833
9/24/2018,13.539999961853027,13.920000076293945,13.460000038146973,13.8100004196167,250900,13.8100004196167
9/21/2018,13.6899995803833,13.979999542236328,13.510000228881836,13.569999694824219,373200,13.569999694824219
9/20/2018,13.6899995803833,13.770000457763672,13.550000190734863,13.6899995803833,124300,13.6899995803833
9/19/2018,13.65999984741211,14.199999809265137,13.489999771118164,13.65999984741211,118100,13.65999984741211
9/18/2018,13.520000457763672,13.9399995803833,13.470000267028809,13.649999618530273,161900,13.649999618530273
9/17/2018,13.5,13.789999961853027,13.399999618530273,13.529999732971191,373800,13.529999732971191
9/14/2018,13.670000076293945,13.789999961853027,13.4399995803833,13.489999771118164,95800,13.489999771118164
9/13/2018,13.850000381469727,14.229999542236328,13.260000228881836,13.569999694824219,132600,13.569999694824219
9/12/2018,14.260000228881836,14.369999885559082,13.550000190734863,13.829999923706055,207700,13.829999923706055
9/11/2018,14.529999732971191,14.770000457763672,14.300000190734863,14.329999923706055,87500,14.329999923706055
9/10/2018,14.729999542236328,15.039999961853027,14.220000267028809,14.550000190734863,198600,14.550000190734863
9/7/2018,14.220000267028809,14.9399995803833,13.930000305175781,14.609999656677246,163300,14.609999656677246
9/6/2018,14.770000457763672,14.979999542236328,14.109999656677246,14.25,169000,14.25
9/5/2018,14.84000015258789,15.149999618530273,14.039999961853027,14.789999961853027,185200,14.789999961853027
9/4/2018,14.800000190734863,15.100000381469727,14.170000076293945,14.84000015258789,179700,14.84000015258789
8/31/2018,15.270000457763672,15.270000457763672,14.850000381469727,14.869999885559082,130200,14.869999885559082
8/30/2018,14.760000228881836,15.1899995803833,14.399999618530273,15.050000190734863,178100,15.050000190734863
8/29/2018,15.289999961853027,15.470000267028809,14.640000343322754,14.729999542236328,207600,14.729999542236328
8/28/2018,15.539999961853027,15.569999694824219,15.15999984741211,15.300000190734863,288900,15.300000190734863
8/27/2018,15.1899995803833,15.489999771118164,15.130000114440918,15.420000076293945,340400,15.420000076293945
8/24/2018,15.359999656677246,15.729999542236328,15.0600004196167,15.199999809265137,367200,15.199999809265137
8/23/2018,15.239999771118164,15.680000305175781,14.949999809265137,15.359999656677246,225000,15.359999656677246
8/22/2018,14.970000267028809,15.369999885559082,14.75,15.260000228881836,291500,15.260000228881836
8/21/2018,14.680000305175781,15.289999961853027,14.510000228881836,15.09000015258789,466200,15.09000015258789
8/20/2018,13.800000190734863,14.6899995803833,13.800000190734863,14.670000076293945,444300,14.670000076293945
8/17/2018,14.130000114440918,14.970000267028809,13.449999809265137,13.800000190734863,406500,13.800000190734863
8/16/2018,13.399999618530273,14.6899995803833,13.140000343322754,14.180000305175781,613400,14.180000305175781
8/15/2018,13.90999984741211,14.850000381469727,12.635000228881836,13.460000038146973,1205700,13.460000038146973
8/14/2018,19.920000076293945,19.920000076293945,12.510000228881836,13.850000381469727,4133900,13.850000381469727
8/13/2018,21.020000457763672,21.054000854492188,19.260000228881836,19.5,194500,19.5
8/10/2018,21.030000686645508,21.479999542236328,20.65999984741211,20.979999542236328,128700,20.979999542236328
8/9/2018,21.09000015258789,21.360000610351562,20.670000076293945,21.010000228881836,183300,21.010000228881836
8/8/2018,22.170000076293945,22.299999237060547,21.049999237060547,21.06999969482422,125400,21.06999969482422
8/7/2018,21.43000030517578,22.958999633789062,21.3700008392334,21.920000076293945,211700,21.920000076293945
8/6/2018,21.43000030517578,22.1299991607666,21.200000762939453,21.670000076293945,127600,21.670000076293945
8/3/2018,21.290000915527344,21.540000915527344,20.889999389648438,21.3799991607666,115100,21.3799991607666
8/2/2018,20.81999969482422,21.3700008392334,20.469999313354492,21.260000228881836,94100,21.260000228881836
8/1/2018,20.469999313354492,20.979999542236328,19.809999465942383,20.860000610351562,226300,20.860000610351562
7/31/2018,20.40999984741211,21.049999237060547,19.899999618530273,20.350000381469727,229400,20.350000381469727
7/30/2018,21.299999237060547,21.334999084472656,20.43000030517578,20.5,188500,20.5
7/27/2018,22.43000030517578,22.75,21.290000915527344,21.40999984741211,150400,21.40999984741211
7/26/2018,21.950000762939453,22.934999465942383,21.610000610351562,22.3700008392334,443700,22.3700008392334
7/25/2018,22.360000610351562,22.989999771118164,21.84000015258789,21.850000381469727,275900,21.850000381469727
7/24/2018,23.8799991607666,24.100000381469727,22.209999084472656,22.260000228881836,251900,22.260000228881836
7/23/2018,24.25,24.549999237060547,23.684999465942383,23.969999313354492,194700,23.969999313354492
7/20/2018,26.229999542236328,26.229999542236328,24.030000686645508,24.09000015258789,304100,24.09000015258789
7/19/2018,27.280000686645508,27.280000686645508,25.979999542236328,26.43000030517578,204300,26.43000030517578
7/18/2018,27.25,27.514999389648438,26.309999465942383,26.950000762939453,279800,26.950000762939453
7/17/2018,27.309999465942383,27.364999771118164,26.264999389648438,26.6200008392334,110400,26.6200008392334
7/16/2018,26.8700008392334,27.280000686645508,25.90999984741211,26.899999618530273,282500,26.899999618530273
7/13/2018,27.8700008392334,28.04199981689453,27.139999389648438,27.440000534057617,163600,27.440000534057617
7/12/2018,29.1299991607666,29.34000015258789,26.8799991607666,27.850000381469727,332800,27.850000381469727
7/11/2018,29.049999237060547,29.600000381469727,28.770000457763672,29.34000015258789,87100,29.34000015258789
7/10/2018,29.700000762939453,29.77199935913086,28.709999084472656,29.079999923706055,112100,29.079999923706055
7/9/2018,28.270000457763672,30,28.270000457763672,29.760000228881836,174800,29.760000228881836
7/6/2018,28.309999465942383,28.780000686645508,28.040000915527344,28.280000686645508,143400,28.280000686645508
7/5/2018,28.350000381469727,28.6299991607666,27.290000915527344,28.40999984741211,172500,28.40999984741211
7/3/2018,28.139999389648438,28.350000381469727,27.520000457763672,28.149999618530273,116200,28.149999618530273
7/2/2018,28.149999618530273,28.469999313354492,27.709999084472656,28.18000030517578,86800,28.18000030517578
6/29/2018,28.760000228881836,28.920000076293945,27.739999771118164,27.979999542236328,158600,27.979999542236328
6/28/2018,26.610000610351562,28.729999542236328,26,28.459999084472656,501600,28.459999084472656
6/27/2018,26.690000534057617,27.33799934387207,26.200000762939453,26.6200008392334,302700,26.6200008392334
6/26/2018,25.829999923706055,26.829999923706055,25.200000762939453,26.75,225200,26.75
6/25/2018,26.270000457763672,26.860000610351562,25.049999237060547,25.899999618530273,341300,25.899999618530273
6/22/2018,25.040000915527344,27.290000915527344,24.65999984741211,26.670000076293945,1973600,26.670000076293945
6/21/2018,25.389999389648438,25.760000228881836,24.760000228881836,25.010000228881836,340000,25.010000228881836
6/20/2018,25.200000762939453,25.5,23.709999084472656,25.34000015258789,458200,25.34000015258789
6/19/2018,23.56999969482422,24.704999923706055,23.56999969482422,24.469999313354492,314800,24.469999313354492
6/18/2018,23.799999237060547,24.424999237060547,23.40999984741211,23.790000915527344,224000,23.790000915527344
6/15/2018,22.40999984741211,24.459999084472656,22.40999984741211,23.84000015258789,446300,23.84000015258789
6/14/2018,22.43000030517578,22.899999618530273,22.149999618530273,22.600000381469727,188200,22.600000381469727
6/13/2018,22.3799991607666,23.010000228881836,21.84000015258789,22.459999084472656,225100,22.459999084472656
6/12/2018,23.040000915527344,23.18000030517578,22.09000015258789,22.450000762939453,760100,22.450000762939453
6/11/2018,22.600000381469727,23.1200008392334,22.34000015258789,22.549999237060547,119700,22.549999237060547
6/8/2018,22.5,23,22.299999237060547,22.700000762939453,510700,22.700000762939453
6/7/2018,22.760000228881836,22.829999923706055,22.010000228881836,22.5,2068500,22.5
6/6/2018,22.989999771118164,23.5,22.5,23.1299991607666,182000,23.1299991607666
6/5/2018,20.56999969482422,22.989999771118164,20.520000457763672,22.760000228881836,351000,22.760000228881836
6/4/2018,23.048999786376953,23.15999984741211,22.100000381469727,22.729999542236328,75100,22.729999542236328
6/1/2018,22.809999465942383,23.989999771118164,22.360000610351562,22.399999618530273,205100,22.399999618530273
5/31/2018,23.649999618530273,23.649999618530273,21.829999923706055,23.06999969482422,275800,23.06999969482422
5/30/2018,23.399999618530273,24.139999389648438,23.350000381469727,23.670000076293945,75300,23.670000076293945
5/29/2018,23.8700008392334,24.079999923706055,22.610000610351562,23.3799991607666,90700,23.3799991607666
5/25/2018,23.889999389648438,24.09000015258789,23.270000457763672,23.799999237060547,66400,23.799999237060547
5/24/2018,23.709999084472656,24.4060001373291,23.709999084472656,24.049999237060547,48700,24.049999237060547
5/23/2018,24.18000030517578,24.57900047302246,23.020999908447266,23.989999771118164,110100,23.989999771118164
5/22/2018,24.1299991607666,24.5,24.065000534057617,24.200000762939453,74000,24.200000762939453
5/21/2018,24.440000534057617,24.5,24.020000457763672,24.200000762939453,72700,24.200000762939453
5/18/2018,24.110000610351562,24.290000915527344,23.959999084472656,24.059999465942383,109500,24.059999465942383
5/17/2018,24.489999771118164,24.690000534057617,24,24.020000457763672,203400,24.020000457763672
5/16/2018,24.309999465942383,25.200000762939453,22.93000030517578,24.579999923706055,601700,24.579999923706055
5/15/2018,24.760000228881836,25.739999771118164,22.540000915527344,25.739999771118164,282800,25.739999771118164
5/14/2018,23.049999237060547,25.399999618530273,22.56999969482422,25,213800,25
5/11/2018,22.190000534057617,23.625,22.190000534057617,22.690000534057617,89200,22.690000534057617
5/10/2018,24.290000915527344,24.670000076293945,21.969999313354492,22.200000762939453,43000,22.200000762939453
5/9/2018,22.09000015258789,22.610000610351562,21.77899932861328,22.010000228881836,31000,22.010000228881836
5/8/2018,21.65999984741211,23.479999542236328,21.110000610351562,22.100000381469727,64500,22.100000381469727
5/7/2018,21.5,21.799999237060547,21.06999969482422,21.40999984741211,31600,21.40999984741211
5/4/2018,21,22.020000457763672,21,21.540000915527344,27100,21.540000915527344
5/3/2018,21.459999084472656,21.459999084472656,20.950000762939453,21.040000915527344,54600,21.040000915527344
5/2/2018,21.139999389648438,21.985000610351562,21.100000381469727,21.260000228881836,34800,21.260000228881836
5/1/2018,21.290000915527344,21.670000076293945,21,21.149999618530273,50300,21.149999618530273
4/30/2018,21.010000228881836,21.75,20.979999542236328,21.399999618530273,62500,21.399999618530273
4/27/2018,21.209999084472656,21.3799991607666,20.200000762939453,21,110500,21
4/26/2018,20.729999542236328,21.270000457763672,20.719999313354492,21.1200008392334,48000,21.1200008392334
4/25/2018,20.149999618530273,20.950000762939453,20.076000213623047,20.479999542236328,46700,20.479999542236328
4/24/2018,20.399999618530273,21.1299991607666,20.010000228881836,20.25,112700,20.25
4/23/2018,20.110000610351562,20.360000610351562,20,20.15999984741211,31300,20.15999984741211
4/20/2018,19.969999313354492,20.540000915527344,19.8700008392334,20.139999389648438,68400,20.139999389648438
4/19/2018,19.440000534057617,20.399999618530273,17.8700008392334,20.1200008392334,220000,20.1200008392334
4/18/2018,20.489999771118164,20.989999771118164,19.290000915527344,19.579999923706055,279900,19.579999923706055
4/17/2018,19.75,20.639999389648438,19.610000610351562,20.399999618530273,130100,20.399999618530273
4/16/2018,19.780000686645508,20.389999389648438,19.309999465942383,19.719999313354492,70200,19.719999313354492
4/13/2018,19.399999618530273,19.8700008392334,18.920000076293945,19.56999969482422,66900,19.56999969482422
4/12/2018,19.75,20.22100067138672,18.829999923706055,19.639999389648438,104800,19.639999389648438
4/11/2018,19.8799991607666,20.290000915527344,19.520000457763672,19.739999771118164,277500,19.739999771118164
4/10/2018,19.3799991607666,20.010000228881836,19.1200008392334,19.84000015258789,62000,19.84000015258789
4/9/2018,19.389999389648438,21.187999725341797,19,19.110000610351562,235700,19.110000610351562
4/6/2018,18.989999771118164,19.959999084472656,18.75,19.299999237060547,246400,19.299999237060547
4/5/2018,19.299999237060547,19.299999237060547,18.56999969482422,18.75,58200,18.75
4/4/2018,19.190000534057617,20.690000534057617,18.479999542236328,19,99200,19
4/3/2018,19.489999771118164,19.889999389648438,18.59000015258789,19.540000915527344,50700,19.540000915527344
4/2/2018,20.299999237060547,20.969999313354492,18.469999313354492,19.280000686645508,94100,19.280000686645508
3/29/2018,20.459999084472656,20.809999465942383,19.711000442504883,20.020000457763672,123600,20.020000457763672
3/28/2018,21.010000228881836,23.43600082397461,19.361000061035156,20.219999313354492,90600,20.219999313354492
3/27/2018,21.030000686645508,25.239999771118164,20.020000457763672,20.389999389648438,110300,20.389999389648438
3/26/2018,20.200000762939453,21.709999084472656,20,20.75,82500,20.75
3/23/2018,19.5,20.479999542236328,19.469999313354492,20,87900,20
3/22/2018,18.600000381469727,19.979999542236328,18.530000686645508,19.5,35900,19.5
3/21/2018,18.420000076293945,19.969999313354492,18.420000076293945,19.760000228881836,43800,19.760000228881836
3/20/2018,20.219999313354492,20.219999313354492,17.58099937438965,18.510000228881836,44900,18.510000228881836
3/19/2018,20.010000228881836,20.81999969482422,19.540000915527344,19.959999084472656,166900,19.959999084472656
3/16/2018,18.209999084472656,19.979999542236328,18.209999084472656,19.940000534057617,89200,19.940000534057617
3/15/2018,18.389999389648438,18.600000381469727,17.684999465942383,18.09000015258789,25400,18.09000015258789
3/14/2018,17.15999984741211,18.610000610351562,17.15999984741211,18.31999969482422,79800,18.31999969482422
3/13/2018,17.25,17.25,16.5,17.110000610351562,42800,17.110000610351562
3/12/2018,17.549999237060547,17.63599967956543,17.05500030517578,17.360000610351562,16400,17.360000610351562
3/9/2018,17.780000686645508,18.084999084472656,17.219999313354492,17.690000534057617,26900,17.690000534057617
3/8/2018,18.149999618530273,18.149999618530273,17.020000457763672,17.40999984741211,41100,17.40999984741211
3/7/2018,17.65999984741211,18.3700008392334,17.489999771118164,18.170000076293945,23200,18.170000076293945
3/6/2018,18.030000686645508,18.292999267578125,17.610000610351562,17.8700008392334,19800,17.8700008392334
3/5/2018,17.75,18.1200008392334,17.450000762939453,17.8700008392334,48400,17.8700008392334
3/2/2018,16.760000228881836,17.969999313354492,16.729999542236328,17.860000610351562,51800,17.860000610351562
3/1/2018,17.649999618530273,17.770000457763672,17.020000457763672,17.520000457763672,73900,17.520000457763672
2/28/2018,17.489999771118164,18.1299991607666,17.489999771118164,17.709999084472656,46700,17.709999084472656
2/27/2018,17.290000915527344,18.1299991607666,17.21500015258789,17.549999237060547,38600,17.549999237060547
2/26/2018,17.18000030517578,17.969999313354492,17.1200008392334,17.40999984741211,29300,17.40999984741211
2/23/2018,18.16900062561035,18.25,16.895000457763672,17.309999465942383,40600,17.309999465942383
2/22/2018,18.049999237060547,18.586000442504883,17.079999923706055,17.59000015258789,41000,17.59000015258789
2/21/2018,16.059999465942383,18.81999969482422,16,17.8700008392334,64600,17.8700008392334
2/20/2018,16.09000015258789,16.479999542236328,15.5,15.90999984741211,61900,15.90999984741211
2/16/2018,16.280000686645508,16.54199981689453,16,16.209999084472656,29200,16.209999084472656
2/15/2018,16.540000915527344,16.613000869750977,15.5,16.420000076293945,39000,16.420000076293945
2/14/2018,16.75,17.058000564575195,16.530000686645508,16.700000762939453,36600,16.700000762939453
2/13/2018,17.18000030517578,17.649999618530273,16.850000381469727,16.899999618530273,24200,16.899999618530273
2/12/2018,17.389999389648438,18.469999313354492,16.854999542236328,17.350000381469727,29200,17.350000381469727
2/9/2018,18.639999389648438,18.790000915527344,16.799999237060547,17.260000228881836,71300,17.260000228881836
2/8/2018,18.440000534057617,18.7549991607666,18.18000030517578,18.440000534057617,46100,18.440000534057617
2/7/2018,18.049999237060547,18.510000228881836,18.049999237060547,18.40999984741211,17800,18.40999984741211
2/6/2018,17.700000762939453,18.437000274658203,17.6299991607666,18,47400,18
2/5/2018,18.31999969482422,18.489999771118164,17.450000762939453,17.969999313354492,33000,17.969999313354492
2/2/2018,18.260000228881836,18.834999084472656,18.010000228881836,18.40999984741211,16600,18.40999984741211
2/1/2018,18.8700008392334,19,18.31999969482422,18.739999771118164,69800,18.739999771118164
1/31/2018,19.93000030517578,19.959999084472656,18.6200008392334,18.950000762939453,48900,18.950000762939453
1/30/2018,20.600000381469727,20.792999267578125,19.309999465942383,19.709999084472656,66400,19.709999084472656
1/29/2018,20.020000457763672,20.90999984741211,19.649999618530273,20.81999969482422,50800,20.81999969482422
1/26/2018,19.34000015258789,20.07900047302246,19.260000228881836,19.979999542236328,25200,19.979999542236328
1/25/2018,19.649999618530273,19.649999618530273,19.075000762939453,19.350000381469727,27800,19.350000381469727
1/24/2018,19.3799991607666,20.604999542236328,19.09000015258789,19.65999984741211,93100,19.65999984741211
1/23/2018,19.389999389648438,20,19.059999465942383,19.270000457763672,59700,19.270000457763672
1/22/2018,19.290000915527344,20.309999465942383,19.1200008392334,19.270000457763672,46700,19.270000457763672
1/19/2018,18.989999771118164,19.7450008392334,18.989999771118164,19.25,43200,19.25
1/18/2018,19.049999237060547,19.399999618530273,19.038000106811523,19.149999618530273,57900,19.149999618530273
1/17/2018,19.389999389648438,19.6200008392334,18.75,19.100000381469727,32800,19.100000381469727
1/16/2018,19.770000457763672,20.209999084472656,19.270000457763672,19.360000610351562,65000,19.360000610351562
1/12/2018,20,21.5,19.559999465942383,19.8700008392334,146500,19.8700008392334
1/11/2018,18.459999084472656,20.145000457763672,18.459999084472656,19.670000076293945,194500,19.670000076293945
1/10/2018,17.950000762939453,19.219999313354492,17.600000381469727,18.59000015258789,113900,18.59000015258789
1/9/2018,17.84000015258789,18.420000076293945,16.989999771118164,18.020000457763672,58000,18.020000457763672
1/8/2018,17.110000610351562,17.899999618530273,16.959999084472656,17.68000030517578,31800,17.68000030517578
1/5/2018,19.280000686645508,19.280000686645508,16.450000762939453,17.200000762939453,71000,17.200000762939453
1/4/2018,18.56999969482422,19.239999771118164,17.079999923706055,17.420000076293945,85800,17.420000076293945
1/3/2018,19.010000228881836,19.329999923706055,18.110000610351562,18.6200008392334,60000,18.6200008392334
1/2/2018,18.81999969482422,19.440000534057617,18.399999618530273,19.06999969482422,66600,19.06999969482422
12/29/2017,19.510000228881836,19.6200008392334,18.520000457763672,18.899999618530273,133500,18.899999618530273
12/28/2017,19.040000915527344,19.729999542236328,18.729999542236328,19.5,266100,19.5
12/27/2017,19.459999084472656,19.719999313354492,18.829999923706055,19.34000015258789,211700,19.34000015258789
12/26/2017,19.579999923706055,20.219999313354492,19.1200008392334,19.610000610351562,121700,19.610000610351562
12/22/2017,19.5,20.549999237060547,19.239999771118164,19.760000228881836,96700,19.760000228881836
12/21/2017,19.329999923706055,20.690000534057617,19.329999923706055,19.889999389648438,112000,19.889999389648438
12/20/2017,19.09000015258789,20.399999618530273,18.815000534057617,19.399999618530273,117100,19.399999618530273
12/19/2017,19.600000381469727,20.34000015258789,18.5,19.200000762939453,133000,19.200000762939453
12/18/2017,18.90999984741211,21.280000686645508,18.610000610351562,19.489999771118164,398600,19.489999771118164
12/15/2017,18.799999237060547,20.5,18.3700008392334,18.950000762939453,799000,18.950000762939453
12/14/2017,18.809999465942383,19.510000228881836,18.290000915527344,18.809999465942383,189500,18.809999465942383
12/13/2017,17.299999237060547,19.25,17.200000762939453,18.65999984741211,161000,18.65999984741211
12/12/2017,18.8799991607666,19.39699935913086,17,17,156900,17
12/11/2017,18.18000030517578,19.415000915527344,18.1299991607666,18.989999771118164,198600,18.989999771118164
12/8/2017,18.079999923706055,18.469999313354492,17.459999084472656,18.139999389648438,79500,18.139999389648438
12/7/2017,18.065000534057617,18.950000762939453,17.93000030517578,17.93000030517578,83200,17.93000030517578
12/6/2017,18.6200008392334,19.639999389648438,18.049999237060547,18.600000381469727,103200,18.600000381469727
12/5/2017,19.15999984741211,20,18.520000457763672,18.729999542236328,101900,18.729999542236328
12/4/2017,18.770000457763672,19.790000915527344,18.690000534057617,18.979999542236328,98100,18.979999542236328
12/1/2017,18.940000534057617,20.211000442504883,17.610000610351562,18.530000686645508,137200,18.530000686645508
11/30/2017,18.809999465942383,19.84000015258789,18.450000762939453,19.09000015258789,134400,19.09000015258789
11/29/2017,18.84000015258789,20.1299991607666,18.299999237060547,18.920000076293945,75300,18.920000076293945
11/28/2017,19.190000534057617,19.399999618530273,18.110000610351562,18.8700008392334,89700,18.8700008392334
11/27/2017,20,20.100000381469727,19.03499984741211,19.219999313354492,111500,19.219999313354492
11/24/2017,18.6299991607666,20.540000915527344,17.209999084472656,20.020000457763672,53400,20.020000457763672
11/22/2017,16.770000457763672,18.530000686645508,16.770000457763672,18.459999084472656,82000,18.459999084472656
11/21/2017,16.8700008392334,17.389999389648438,16.165000915527344,16.850000381469727,118100,16.850000381469727
11/20/2017,15.800000190734863,17.020000457763672,15.5,16.579999923706055,86300,16.579999923706055
11/17/2017,16,16,15.555000305175781,15.75,122700,15.75
11/16/2017,16.280000686645508,16.5,15.475000381469727,15.930000305175781,89200,15.930000305175781
11/15/2017,15.369999885559082,16.5,15.255000114440918,16.1200008392334,115700,16.1200008392334
11/14/2017,16.950000762939453,16.961000442504883,15.010000228881836,15.199999809265137,114400,15.199999809265137
11/13/2017,17.079999923706055,17.389999389648438,16.799999237060547,16.850000381469727,108900,16.850000381469727
11/10/2017,17.200000762939453,17.999000549316406,16.65999984741211,17.31999969482422,154000,17.31999969482422
11/9/2017,18.950000762939453,19.270000457763672,17.329999923706055,17.34000015258789,168800,17.34000015258789
11/8/2017,19.3700008392334,19.731000900268555,18.899999618530273,19,105900,19
11/7/2017,20.579999923706055,20.84000015258789,18.31999969482422,19.020000457763672,447300,19.020000457763672
11/6/2017,19.84000015258789,21.459999084472656,19.829999923706055,20.760000228881836,177100,20.760000228881836
11/3/2017,19.760000228881836,20.239999771118164,19.299999237060547,20.079999923706055,117800,20.079999923706055
11/2/2017,19.530000686645508,20.350000381469727,19.3799991607666,19.889999389648438,138500,19.889999389648438
11/1/2017,20.270000457763672,20.270000457763672,19.25,19.709999084472656,177900,19.709999084472656
10/31/2017,19.6299991607666,20.389999389648438,19.6299991607666,20.15999984741211,95100,20.15999984741211
10/30/2017,20.020000457763672,20.31999969482422,19.540000915527344,20.010000228881836,205500,20.010000228881836
10/27/2017,19.729999542236328,20.399999618530273,19.700000762939453,20.299999237060547,336100,20.299999237060547
10/26/2017,19.760000228881836,20.079999923706055,19.187999725341797,19.989999771118164,380000,19.989999771118164
10/25/2017,19,20,18.799999237060547,19.90999984741211,185000,19.90999984741211
10/24/2017,18.93000030517578,19.2549991607666,18.68199920654297,19.100000381469727,191200,19.100000381469727
10/23/2017,19.049999237060547,19.56999969482422,18.649999618530273,19.040000915527344,100400,19.040000915527344
10/20/2017,18.989999771118164,19.450000762939453,18.950000762939453,19.010000228881836,165900,19.010000228881836
10/19/2017,19.020000457763672,19.649999618530273,18.905000686645508,19,80700,19
10/18/2017,19.229999542236328,20.049999237060547,18.700000762939453,19.139999389648438,388700,19.139999389648438
10/17/2017,19.559999465942383,19.909000396728516,18.729999542236328,19.219999313354492,360800,19.219999313354492
10/16/2017,19,20.969999313354492,18.610000610351562,19.610000610351562,546900,19.610000610351562
10/13/2017,20,20.948999404907227,18.15999984741211,19,3917700,19
