4/22/2019,19.860000610351562,20.559999465942383,19.56999969482422,20.479999542236328,216300,20.479999542236328
4/18/2019,19.610000610351562,20.079999923706055,19.40999984741211,19.81999969482422,227800,19.81999969482422
4/17/2019,19.75,19.81999969482422,19.149999618530273,19.770000457763672,163400,19.770000457763672
4/16/2019,19.079999923706055,19.700000762939453,18.899999618530273,19.600000381469727,144200,19.600000381469727
4/15/2019,19.139999389648438,19.8700008392334,18.97100067138672,19.079999923706055,247700,19.079999923706055
4/12/2019,18.739999771118164,19.200000762939453,18.719999313354492,19.049999237060547,168600,19.049999237060547
4/11/2019,18.600000381469727,19.40999984741211,18.3799991607666,18.6200008392334,195100,18.6200008392334
4/10/2019,18.260000228881836,19,18.239999771118164,18.59000015258789,158600,18.59000015258789
4/9/2019,18.110000610351562,18.489999771118164,18.040000915527344,18.280000686645508,127500,18.280000686645508
4/8/2019,18,18.239999771118164,17.81999969482422,18.200000762939453,91700,18.200000762939453
4/5/2019,18,18.290000915527344,17.829999923706055,18.09000015258789,103600,18.09000015258789
4/4/2019,17.93000030517578,18.110000610351562,17.600000381469727,17.90999984741211,85000,17.90999984741211
4/3/2019,17.889999389648438,18.34000015258789,17.649999618530273,17.950000762939453,143300,17.950000762939453
4/2/2019,17.450000762939453,17.81999969482422,17.229999542236328,17.690000534057617,119100,17.690000534057617
4/1/2019,17.200000762939453,17.5,16.799999237060547,17.440000534057617,164600,17.440000534057617
3/29/2019,17.049999237060547,17.3700008392334,16.65999984741211,16.7549991607666,91800,16.7549991607666
3/28/2019,16.559999465942383,17.110000610351562,16.3700008392334,16.850000381469727,123400,16.850000381469727
3/27/2019,16.959999084472656,17.09000015258789,16.06999969482422,16.59000015258789,177000,16.59000015258789
3/26/2019,17.100000381469727,17.350000381469727,16.739999771118164,16.8799991607666,99700,16.8799991607666
3/25/2019,17.440000534057617,17.551000595092773,16.604999542236328,17.030000686645508,147200,17.030000686645508
3/22/2019,18.6299991607666,18.6299991607666,17.469999313354492,17.610000610351562,151500,17.610000610351562
3/21/2019,18.25,18.950000762939453,18.25,18.670000076293945,147300,18.670000076293945
3/20/2019,18.010000228881836,18.530000686645508,17.893999099731445,18.239999771118164,94200,18.239999771118164
3/19/2019,18.389999389648438,18.430999755859375,17.959999084472656,18.030000686645508,95700,18.030000686645508
3/18/2019,18.219999313354492,18.59000015258789,17.93000030517578,18.260000228881836,103900,18.260000228881836
3/15/2019,18.389999389648438,18.760000228881836,18.079999923706055,18.280000686645508,172300,18.280000686645508
3/14/2019,18.040000915527344,18.440000534057617,18.040000915527344,18.280000686645508,110600,18.280000686645508
3/13/2019,17.479999542236328,18.145000457763672,17.354000091552734,18.09000015258789,149000,18.09000015258789
3/12/2019,17.360000610351562,17.739999771118164,17.100000381469727,17.489999771118164,143200,17.489999771118164
3/11/2019,16.670000076293945,17.649999618530273,16.43000030517578,17.350000381469727,139300,17.350000381469727
3/8/2019,16.3700008392334,16.84000015258789,16.295000076293945,16.65999984741211,100500,16.65999984741211
3/7/2019,16.610000610351562,16.959999084472656,16.298999786376953,16.670000076293945,78100,16.670000076293945
3/6/2019,17.139999389648438,17.389999389648438,16.459999084472656,16.68000030517578,142400,16.68000030517578
3/5/2019,16.770000457763672,17.229999542236328,16.530000686645508,17.1299991607666,123800,17.1299991607666
3/4/2019,17.190000534057617,17.25,16.149999618530273,16.780000686645508,248600,16.780000686645508
3/1/2019,17.010000228881836,17.40999984741211,16.809999465942383,17.1200008392334,264400,17.1200008392334
2/28/2019,17.93000030517578,17.93000030517578,16.729999542236328,16.729999542236328,218100,16.729999542236328
2/27/2019,18.280000686645508,18.420000076293945,17.829999923706055,18,116700,18
2/26/2019,18.079999923706055,18.450000762939453,17.91900062561035,18.34000015258789,166500,18.34000015258789
2/25/2019,17.979999542236328,18.704999923706055,17.961000442504883,18.200000762939453,342900,18.200000762939453
2/22/2019,18.229999542236328,19.25,17.700000762939453,17.719999313354492,420100,17.719999313354492
2/21/2019,18.75,18.889999389648438,16.59000015258789,18.219999313354492,621800,18.219999313354492
2/20/2019,17.8799991607666,19.940000534057617,17.8799991607666,19.40999984741211,645700,19.40999984741211
2/19/2019,17.989999771118164,18.200000762939453,17.75,17.84000015258789,205500,17.84000015258789
2/15/2019,17.479999542236328,18.079999923706055,17.15999984741211,17.989999771118164,518900,17.989999771118164
2/14/2019,16.700000762939453,17.229999542236328,16.59000015258789,17.149999618530273,118700,17.149999618530273
2/13/2019,17.469999313354492,17.799999237060547,16.360000610351562,16.709999084472656,202100,16.709999084472656
2/12/2019,16.3700008392334,17.334999084472656,16.25,17.329999923706055,171100,17.329999923706055
2/11/2019,16,16.200000762939453,15.800000190734863,16.200000762939453,81200,16.200000762939453
2/8/2019,15.529999732971191,16.040000915527344,15.494000434875488,15.960000038146973,95600,15.960000038146973
2/7/2019,15.850000381469727,16.079999923706055,15.539999961853027,15.6899995803833,110200,15.6899995803833
2/6/2019,16.1200008392334,16.56999969482422,16.059999465942383,16.1299991607666,88800,16.1299991607666
2/5/2019,15.670000076293945,16.229999542236328,15.670000076293945,16.040000915527344,116900,16.040000915527344
2/4/2019,15.220000267028809,15.880000114440918,15.199999809265137,15.710000038146973,126300,15.710000038146973
2/1/2019,15.260000228881836,15.369999885559082,14.9399995803833,15.210000038146973,112300,15.210000038146973
1/31/2019,14.6899995803833,15.640000343322754,14.6899995803833,15.319999694824219,156600,15.319999694824219
1/30/2019,14.140000343322754,15.039999961853027,14,14.75,262000,14.75
1/29/2019,14.489999771118164,14.489999771118164,14.050000190734863,14.149999618530273,217800,14.149999618530273
1/28/2019,14.869999885559082,15.199999809265137,14.380000114440918,14.460000038146973,354700,14.460000038146973
1/25/2019,15.260000228881836,15.378999710083008,14.878999710083008,15.069999694824219,846100,15.069999694824219
1/24/2019,15.020000457763672,15.699999809265137,14.859999656677246,15.0600004196167,415500,15.0600004196167
1/23/2019,15.4399995803833,16.649999618530273,14.6899995803833,14.930000305175781,206100,14.930000305175781
1/22/2019,15.649999618530273,15.930000305175781,15.1899995803833,15.34000015258789,334200,15.34000015258789
1/18/2019,15.9399995803833,16.18000030517578,15.75,15.8100004196167,732200,15.8100004196167
1/17/2019,15.949999809265137,16.110000610351562,15.720000267028809,15.859999656677246,329900,15.859999656677246
1/16/2019,16.09000015258789,16.540000915527344,15.789999961853027,15.989999771118164,187600,15.989999771118164
1/15/2019,15.890000343322754,16.170000076293945,15.800000190734863,16.040000915527344,141500,16.040000915527344
1/14/2019,16.209999084472656,16.209999084472656,15.699999809265137,15.819999694824219,178900,15.819999694824219
1/11/2019,16.360000610351562,16.670000076293945,16.260000228881836,16.40999984741211,79000,16.40999984741211
1/10/2019,15.989999771118164,16.479999542236328,15.680000305175781,16.450000762939453,112500,16.450000762939453
1/9/2019,16.149999618530273,16.649999618530273,15.949999809265137,16.030000686645508,117100,16.030000686645508
1/8/2019,15.880000114440918,16.049999237060547,15.390000343322754,15.949999809265137,177800,15.949999809265137
1/7/2019,15.609999656677246,15.9399995803833,15.199999809265137,15.65999984741211,160200,15.65999984741211
1/4/2019,14.579999923706055,15.59000015258789,14.579999923706055,15.479999542236328,186800,15.479999542236328
1/3/2019,14.609999656677246,14.869999885559082,14.119999885559082,14.289999961853027,187100,14.289999961853027
1/2/2019,14.25,15.300000190734863,14.25,14.899999618530273,208100,14.899999618530273
12/31/2018,14.649999618530273,14.850000381469727,14.1899995803833,14.550000190734863,185000,14.550000190734863
12/28/2018,14.729999542236328,15.140000343322754,14.34000015258789,14.529999732971191,231500,14.529999732971191
12/27/2018,14.420000076293945,14.729999542236328,13.930000305175781,14.640000343322754,265400,14.640000343322754
12/26/2018,14.029999732971191,14.84000015258789,13.770000457763672,14.75,321500,14.75
12/24/2018,13.770000457763672,14.109999656677246,13.470000267028809,13.899999618530273,212900,13.899999618530273
12/21/2018,13.800000190734863,14.187999725341797,13.25,13.850000381469727,597100,13.850000381469727
12/20/2018,14.899999618530273,15.029999732971191,13.739999771118164,13.800000190734863,641000,13.800000190734863
12/19/2018,16.079999923706055,16.25,14.861000061035156,14.930000305175781,478700,14.930000305175781
12/18/2018,16.520000457763672,17.06999969482422,16.051000595092773,16.149999618530273,304400,16.149999618530273
12/17/2018,17.110000610351562,17.209999084472656,16.239999771118164,16.290000915527344,337100,16.290000915527344
12/14/2018,17.149999618530273,17.579999923706055,17.049999237060547,17.170000076293945,252100,17.170000076293945
12/13/2018,17.729999542236328,17.8700008392334,17.389999389648438,17.459999084472656,200500,17.459999084472656
12/12/2018,18.06999969482422,18.280000686645508,17.760000228881836,17.790000915527344,256900,17.790000915527344
12/11/2018,18.1200008392334,18.385000228881836,17.790000915527344,17.93000030517578,204300,17.93000030517578
12/10/2018,17.90999984741211,18.350000381469727,17.540000915527344,17.75,278900,17.75
12/7/2018,18.81999969482422,19.489999771118164,17.799999237060547,17.93000030517578,236500,17.93000030517578
12/6/2018,19.6200008392334,19.989999771118164,18.860000610351562,19,523500,19
12/4/2018,21.190000534057617,21.209999084472656,20.229999542236328,20.290000915527344,160500,20.290000915527344
12/3/2018,22,22.190000534057617,20.889999389648438,21.219999313354492,203900,21.219999313354492
11/30/2018,21.1200008392334,21.360000610351562,20.6200008392334,21.239999771118164,106000,21.239999771118164
11/29/2018,20.670000076293945,21.68000030517578,20.56999969482422,21.1299991607666,167000,21.1299991607666
11/28/2018,19.8700008392334,21.260000228881836,19.729999542236328,21.139999389648438,203800,21.139999389648438
11/27/2018,19.15999984741211,19.860000610351562,18.989999771118164,19.649999618530273,129900,19.649999618530273
11/26/2018,19.639999389648438,19.905000686645508,19.17099952697754,19.350000381469727,176700,19.350000381469727
11/23/2018,19.209999084472656,20.040000915527344,19.209999084472656,19.360000610351562,84000,19.360000610351562
11/21/2018,19.020000457763672,19.860000610351562,18.895000457763672,19.510000228881836,167600,19.510000228881836
11/20/2018,18.84000015258789,19.579999923706055,18.6299991607666,18.770000457763672,151300,18.770000457763672
11/19/2018,20.280000686645508,20.625999450683594,18.969999313354492,19.479999542236328,174300,19.479999542236328
11/16/2018,20.5,21.190000534057617,20.139999389648438,20.43000030517578,171500,20.43000030517578
11/15/2018,19.889999389648438,21.18000030517578,19.59000015258789,20.81999969482422,229100,20.81999969482422
11/14/2018,20.43000030517578,21,19.954999923706055,19.969999313354492,322500,19.969999313354492
11/13/2018,20.579999923706055,20.920000076293945,19.84000015258789,20.290000915527344,227300,20.290000915527344
11/12/2018,21.56999969482422,21.56999969482422,20,20.510000228881836,191500,20.510000228881836
11/9/2018,21.84000015258789,21.93000030517578,21.229999542236328,21.799999237060547,214000,21.799999237060547
11/8/2018,21.799999237060547,22.020000457763672,21.584999084472656,21.989999771118164,163900,21.989999771118164
11/7/2018,22.149999618530273,22.229000091552734,21.540000915527344,22,199800,22
11/6/2018,21.989999771118164,22.450000762939453,21.5,21.940000534057617,179700,21.940000534057617
11/5/2018,22.309999465942383,22.459999084472656,21.479999542236328,21.969999313354492,200500,21.969999313354492
11/2/2018,21.459999084472656,22.799999237060547,21.179000854492188,22.350000381469727,325800,22.350000381469727
11/1/2018,19.729999542236328,21.979999542236328,19.520000457763672,21.709999084472656,392500,21.709999084472656
10/31/2018,19.020000457763672,19.940000534057617,18.850000381469727,19.600000381469727,252400,19.600000381469727
10/30/2018,19.219999313354492,19.489999771118164,16.16699981689453,18.600000381469727,521900,18.600000381469727
10/29/2018,18.459999084472656,19.1299991607666,18.020000457763672,18.469999313354492,495100,18.469999313354492
10/26/2018,17.860000610351562,19.020000457763672,17.350000381469727,18,408600,18
10/25/2018,17.799999237060547,18.479999542236328,17.719999313354492,18.31999969482422,240200,18.31999969482422
10/24/2018,20.25,20.889999389648438,17.43000030517578,17.479999542236328,550100,17.479999542236328
10/23/2018,19.709999084472656,20.31999969482422,19.389999389648438,20.25,158100,20.25
10/22/2018,20.15999984741211,20.989999771118164,20,20.209999084472656,230500,20.209999084472656
10/19/2018,21.610000610351562,21.8700008392334,19.90999984741211,20.030000686645508,235300,20.030000686645508
10/18/2018,21.889999389648438,22.1200008392334,21.030000686645508,21.389999389648438,150900,21.389999389648438
10/17/2018,21.649999618530273,22.200000762939453,20.8700008392334,22.09000015258789,144200,22.09000015258789
10/16/2018,20.75,21.7549991607666,20.549999237060547,21.6299991607666,295200,21.6299991607666
10/15/2018,19.860000610351562,20.700000762939453,19.510000228881836,20.389999389648438,309400,20.389999389648438
10/12/2018,20.360000610351562,20.777000427246094,19.459999084472656,19.989999771118164,295900,19.989999771118164
10/11/2018,20.920000076293945,21.429000854492188,19.479999542236328,19.860000610351562,721000,19.860000610351562
10/10/2018,23.18000030517578,23.290000915527344,21.239999771118164,21.329999923706055,373700,21.329999923706055
10/9/2018,23.149999618530273,23.690000534057617,22.850000381469727,23.3799991607666,219800,23.3799991607666
10/8/2018,23.280000686645508,23.739999771118164,22.440000534057617,23.299999237060547,255700,23.299999237060547
10/5/2018,23.190000534057617,23.600000381469727,22.6299991607666,23.15999984741211,199300,23.15999984741211
10/4/2018,24.690000534057617,24.729999542236328,22.889999389648438,23.43000030517578,322100,23.43000030517578
10/3/2018,25.049999237060547,25.209999084472656,24.65999984741211,24.989999771118164,215600,24.989999771118164
10/2/2018,25.709999084472656,26.110000610351562,24.510000228881836,24.979999542236328,355300,24.979999542236328
10/1/2018,25.280000686645508,26.719999313354492,24.940000534057617,25.780000686645508,527300,25.780000686645508
9/28/2018,24.649999618530273,25.049999237060547,24.389999389648438,24.81999969482422,207000,24.81999969482422
9/27/2018,24.829999923706055,25.170000076293945,24.077999114990234,24.68000030517578,238800,24.68000030517578
9/26/2018,24.780000686645508,25.28499984741211,24.649999618530273,24.709999084472656,191400,24.709999084472656
9/25/2018,24.600000381469727,25.268999099731445,24.600000381469727,24.829999923706055,220800,24.829999923706055
9/24/2018,24.729999542236328,24.770000457763672,23.770000457763672,24.639999389648438,273600,24.639999389648438
9/21/2018,24.959999084472656,25.399999618530273,24.610000610351562,24.8799991607666,741200,24.8799991607666
9/20/2018,24.350000381469727,24.920000076293945,23.59000015258789,24.90999984741211,406500,24.90999984741211
9/19/2018,24.149999618530273,25.899999618530273,22.59000015258789,24.149999618530273,1189100,24.149999618530273
9/18/2018,24.84000015258789,25.187000274658203,24.030000686645508,24.6200008392334,523900,24.6200008392334
9/17/2018,26.6299991607666,26.649999618530273,24.540000915527344,24.84000015258789,818600,24.84000015258789
9/14/2018,25.010000228881836,26.77899932861328,24.290000915527344,26.399999618530273,1653500,26.399999618530273
9/13/2018,25.40999984741211,28.479999542236328,24.520000457763672,25.010000228881836,4243200,25.010000228881836
9/12/2018,18.389999389648438,18.84000015258789,17.8799991607666,18.780000686645508,266500,18.780000686645508
9/11/2018,19.1299991607666,19.1299991607666,18.350000381469727,18.56999969482422,188000,18.56999969482422
9/10/2018,19.34000015258789,19.350000381469727,18.610000610351562,19.190000534057617,151000,19.190000534057617
9/7/2018,18.81999969482422,19.84000015258789,18.75,19.100000381469727,272300,19.100000381469727
9/6/2018,19.690000534057617,19.979999542236328,18.889999389648438,18.950000762939453,180300,18.950000762939453
9/5/2018,19.549999237060547,20,19.540000915527344,19.665000915527344,179200,19.665000915527344
9/4/2018,21.260000228881836,21.288999557495117,19.25,20.110000610351562,333000,20.110000610351562
8/31/2018,20.799999237060547,21.6200008392334,20.59000015258789,21.479999542236328,227900,21.479999542236328
8/30/2018,21.200000762939453,21.514999389648438,20.790000915527344,20.920000076293945,184300,20.920000076293945
8/29/2018,21.43000030517578,21.610000610351562,20.950000762939453,21.270000457763672,177700,21.270000457763672
8/28/2018,20.639999389648438,21.469999313354492,20.5,21.290000915527344,164900,21.290000915527344
8/27/2018,20.59000015258789,21.049999237060547,20.469999313354492,20.68000030517578,176500,20.68000030517578
8/24/2018,20.299999237060547,20.799999237060547,20.190000534057617,20.40999984741211,138400,20.40999984741211
8/23/2018,20.280000686645508,20.68000030517578,20.06999969482422,20.309999465942383,128200,20.309999465942383
8/22/2018,19.979999542236328,20.608999252319336,19.889999389648438,20.360000610351562,117300,20.360000610351562
8/21/2018,19.229999542236328,20.31999969482422,19.229999542236328,19.959999084472656,190800,19.959999084472656
8/20/2018,19.260000228881836,19.6200008392334,18.969999313354492,19.25,137300,19.25
8/17/2018,18.75,19.209999084472656,18.360000610351562,19.190000534057617,255900,19.190000534057617
8/16/2018,18.420000076293945,19.43000030517578,18.26099967956543,18.860000610351562,229600,18.860000610351562
8/15/2018,19.200000762939453,19.30699920654297,18.31999969482422,18.829999923706055,245300,18.829999923706055
8/14/2018,19.440000534057617,19.7549991607666,18.861000061035156,19.3700008392334,174500,19.3700008392334
8/13/2018,19.450000762939453,19.940000534057617,19.15999984741211,19.5,153300,19.5
8/10/2018,18.989999771118164,19.6200008392334,18.5,19.559999465942383,262200,19.559999465942383
8/9/2018,19.389999389648438,19.549999237060547,19.020000457763672,19.139999389648438,246400,19.139999389648438
8/8/2018,19.440000534057617,19.84000015258789,19.1299991607666,19.399999618530273,223300,19.399999618530273
8/7/2018,18.5,19.875,18.170000076293945,19.389999389648438,516700,19.389999389648438
8/6/2018,18.6200008392334,19.1299991607666,18.6200008392334,18.8799991607666,392200,18.8799991607666
8/3/2018,20.139999389648438,21.139999389648438,18.211000442504883,18.969999313354492,914100,18.969999313354492
8/2/2018,21.600000381469727,22.350000381469727,21.003000259399414,21.989999771118164,369900,21.989999771118164
8/1/2018,21.40999984741211,22.280000686645508,21.239999771118164,21.90999984741211,261100,21.90999984741211
7/31/2018,20.520000457763672,21.84000015258789,20.21500015258789,21.309999465942383,282600,21.309999465942383
7/30/2018,22.889999389648438,23.079999923706055,19.739999771118164,20.5,995000,20.5
7/27/2018,24.040000915527344,24.690000534057617,22.209999084472656,22.959999084472656,303800,22.959999084472656
7/26/2018,24.760000228881836,25.110000610351562,23.739999771118164,24,298600,24
7/25/2018,23.959999084472656,24.950000762939453,23.959999084472656,24.8700008392334,120100,24.8700008392334
7/24/2018,25.450000762939453,25.979999542236328,23.739999771118164,23.979999542236328,365900,23.979999542236328
7/23/2018,24.829999923706055,25.475000381469727,24.024999618530273,25.350000381469727,195800,25.350000381469727
7/20/2018,25,25.75,24.610000610351562,24.979999542236328,327400,24.979999542236328
7/19/2018,24.450000762939453,25.6299991607666,24.020000457763672,25.049999237060547,327600,25.049999237060547
7/18/2018,24.190000534057617,24.899999618530273,23.100000381469727,24.459999084472656,360200,24.459999084472656
7/17/2018,23.8799991607666,24.739999771118164,23.75,24.139999389648438,250300,24.139999389648438
7/16/2018,23.780000686645508,24.40999984741211,23.264999389648438,24.1299991607666,194400,24.1299991607666
7/13/2018,24.149999618530273,24.149999618530273,23.440000534057617,23.790000915527344,176000,23.790000915527344
7/12/2018,24.06999969482422,24.520000457763672,23.680999755859375,24.049999237060547,253500,24.049999237060547
7/11/2018,23.3700008392334,24.1299991607666,22.239999771118164,24,331200,24
7/10/2018,24.270000457763672,24.450000762939453,23.010000228881836,23.559999465942383,350900,23.559999465942383
7/9/2018,23.920000076293945,24.479999542236328,23.239999771118164,24.100000381469727,469100,24.100000381469727
7/6/2018,23.34000015258789,24.100000381469727,22.850000381469727,23.81999969482422,337900,23.81999969482422
7/5/2018,22.260000228881836,23.549999237060547,22.1200008392334,23.34000015258789,425300,23.34000015258789
7/3/2018,22.549999237060547,22.6200008392334,21.649999618530273,22.094999313354492,154000,22.094999313354492
7/2/2018,21.100000381469727,22.700000762939453,21.020000457763672,22.469999313354492,261700,22.469999313354492
6/29/2018,21.809999465942383,22.459999084472656,21.25,22.110000610351562,307200,22.110000610351562
6/28/2018,21,22.079999923706055,20.8700008392334,21.760000228881836,354400,21.760000228881836
6/27/2018,21.950000762939453,22.739999771118164,21,21.020000457763672,491100,21.020000457763672
6/26/2018,21.600000381469727,21.900999069213867,21.020000457763672,21.729999542236328,251700,21.729999542236328
6/25/2018,22.559999465942383,22.77899932861328,20.690000534057617,21.540000915527344,631200,21.540000915527344
6/22/2018,22.860000610351562,23.079999923706055,22.347999572753906,23,419600,23
6/21/2018,22.889999389648438,23,22.020000457763672,22.65999984741211,334600,22.65999984741211
6/20/2018,21.559999465942383,23.2450008392334,21.329999923706055,22.889999389648438,509100,22.889999389648438
6/19/2018,22.75,22.959999084472656,20.649999618530273,21.440000534057617,701100,21.440000534057617
6/18/2018,22.350000381469727,22.3799991607666,22.010000228881836,22.260000228881836,235700,22.260000228881836
6/15/2018,22.280000686645508,22.43000030517578,21.809999465942383,22.399999618530273,459900,22.399999618530273
6/14/2018,21.350000381469727,22.84000015258789,21.350000381469727,22.5,649000,22.5
6/13/2018,21.18000030517578,21.780000686645508,21,21.25,305800,21.25
6/12/2018,21.450000762939453,22.260000228881836,20.65999984741211,21.229999542236328,616200,21.229999542236328
6/11/2018,21.31999969482422,22.100000381469727,20.36400032043457,21.389999389648438,683400,21.389999389648438
6/8/2018,20.3799991607666,21.67799949645996,20,21.209999084472656,532400,21.209999084472656
6/7/2018,20.56999969482422,20.950000762939453,19.90999984741211,20.549999237060547,788800,20.549999237060547
6/6/2018,20.450000762939453,20.950000762939453,19.309999465942383,20.510000228881836,764300,20.510000228881836
6/5/2018,18.100000381469727,21.149999618530273,18.100000381469727,20.479999542236328,1251400,20.479999542236328
6/4/2018,18.209999084472656,18.469999313354492,17.690000534057617,18.079999923706055,252100,18.079999923706055
6/1/2018,17.950000762939453,18.540000915527344,17.610000610351562,18.18000030517578,452100,18.18000030517578
5/31/2018,18.170000076293945,18.639999389648438,17.59000015258789,17.899999618530273,554100,17.899999618530273
5/30/2018,19.229999542236328,19.450000762939453,17.790000915527344,18.100000381469727,624800,18.100000381469727
5/29/2018,17.149999618530273,19.969999313354492,17.038999557495117,19.079999923706055,1400900,19.079999923706055
5/25/2018,16.899999618530273,17.18000030517578,16.469999313354492,16.739999771118164,283100,16.739999771118164
5/24/2018,16.75,17.219999313354492,16.440000534057617,16.899999618530273,339500,16.899999618530273
5/23/2018,16.790000915527344,17.020000457763672,16.459999084472656,16.700000762939453,305200,16.700000762939453
5/22/2018,17.5,17.829999923706055,16.83099937438965,16.959999084472656,330000,16.959999084472656
5/21/2018,17.5,17.809999465942383,17.209999084472656,17.489999771118164,255800,17.489999771118164
5/18/2018,17.670000076293945,17.878000259399414,17.100000381469727,17.510000228881836,250300,17.510000228881836
5/17/2018,17.239999771118164,17.959999084472656,17.239999771118164,17.6299991607666,247600,17.6299991607666
5/16/2018,17.399999618530273,17.459999084472656,16.75,17.329999923706055,364100,17.329999923706055
5/15/2018,17.6299991607666,17.636999130249023,16.860000610351562,17.06999969482422,537900,17.06999969482422
5/14/2018,17.31999969482422,18.30900001525879,17.31999969482422,17.780000686645508,571400,17.780000686645508
5/11/2018,18.34000015258789,18.3799991607666,16.8799991607666,17.079999923706055,794600,17.079999923706055
5/10/2018,18.860000610351562,19.569000244140625,18.315000534057617,18.440000534057617,700300,18.440000534057617
5/9/2018,18.190000534057617,20.3799991607666,17.610000610351562,18.09000015258789,1793000,18.09000015258789
5/8/2018,16.200000762939453,18.1299991607666,16.100000381469727,17.399999618530273,3357700,17.399999618530273
5/7/2018,13.130000114440918,13.850000381469727,12.899999618530273,13.579999923706055,600300,13.579999923706055
5/4/2018,12.579999923706055,13.199999809265137,12.579999923706055,13.010000228881836,446000,13.010000228881836
5/3/2018,12.300000190734863,12.699999809265137,12.079999923706055,12.569999694824219,225400,12.569999694824219
5/2/2018,12.609999656677246,12.949999809265137,12.359999656677246,12.399999618530273,256500,12.399999618530273
5/1/2018,12.3100004196167,12.75,12.229999542236328,12.609999656677246,386500,12.609999656677246
4/30/2018,11.859999656677246,12.34000015258789,11.758999824523926,12.289999961853027,247200,12.289999961853027
4/27/2018,12.369999885559082,12.369999885559082,11.569999694824219,11.869999885559082,523700,11.869999885559082
4/26/2018,12.380000114440918,12.449000358581543,12.130000114440918,12.229999542236328,314500,12.229999542236328
4/25/2018,12.6899995803833,12.729000091552734,12.149999618530273,12.34000015258789,347800,12.34000015258789
4/24/2018,12.960000038146973,13.199999809265137,12.5,12.720000267028809,504000,12.720000267028809
4/23/2018,13.270000457763672,13.479999542236328,12.729999542236328,12.850000381469727,339800,12.850000381469727
4/20/2018,13.359999656677246,13.545999526977539,13.024999618530273,13.270000457763672,258400,13.270000457763672
4/19/2018,14.199999809265137,14.260000228881836,13.359999656677246,13.470000267028809,484700,13.470000267028809
4/18/2018,13.760000228881836,14.399999618530273,13.5,14.300000190734863,466300,14.300000190734863
4/17/2018,13.5600004196167,13.859999656677246,13.449999809265137,13.75,288200,13.75
4/16/2018,13.479999542236328,13.880000114440918,13.239999771118164,13.359999656677246,333400,13.359999656677246
4/13/2018,14.289999961853027,14.289999961853027,12.944999694824219,13.460000038146973,603000,13.460000038146973
4/12/2018,13.539999961853027,14.390000343322754,13.350000381469727,14.140000343322754,528400,14.140000343322754
4/11/2018,12.770000457763672,13.720000267028809,12.699999809265137,13.399999618530273,516200,13.399999618530273
4/10/2018,12.8100004196167,13.069999694824219,12.5600004196167,12.789999961853027,253200,12.789999961853027
4/9/2018,12.680000305175781,12.989999771118164,12.510000228881836,12.5600004196167,214600,12.5600004196167
4/6/2018,12.829999923706055,13.170000076293945,12.479999542236328,12.600000381469727,202700,12.600000381469727
4/5/2018,13.010000228881836,13.220000267028809,12.770000457763672,12.989999771118164,180600,12.989999771118164
4/4/2018,12.6899995803833,12.989999771118164,12.071000099182129,12.880000114440918,395600,12.880000114440918
4/3/2018,12.670000076293945,12.960000038146973,12.479999542236328,12.880000114440918,307200,12.880000114440918
4/2/2018,12.899999618530273,13.15999984741211,12.4399995803833,12.579999923706055,394300,12.579999923706055
3/29/2018,12.899999618530273,13.54800033569336,12.899999618530273,13.020000457763672,404000,13.020000457763672
3/28/2018,12.899999618530273,13.14900016784668,12.65999984741211,12.890000343322754,324000,12.890000343322754
3/27/2018,13.210000038146973,13.220000267028809,12.779999732971191,12.890000343322754,363500,12.890000343322754
3/26/2018,13.199999809265137,13.5600004196167,12.831000328063965,13.020000457763672,524200,13.020000457763672
3/23/2018,13.100000381469727,13.300000190734863,12.640000343322754,12.859999656677246,455100,12.859999656677246
3/22/2018,13.729999542236328,13.8100004196167,13.074999809265137,13.109999656677246,516300,13.109999656677246
3/21/2018,13.510000228881836,14.069000244140625,13.449999809265137,13.75,392500,13.75
3/20/2018,13.479999542236328,13.779999732971191,13.25100040435791,13.5600004196167,287600,13.5600004196167
3/19/2018,13.600000381469727,14.050000190734863,13.300000190734863,13.5,588500,13.5
3/16/2018,13.34000015258789,13.760000228881836,13.241000175476074,13.600000381469727,1170800,13.600000381469727
3/15/2018,13.609999656677246,13.6899995803833,13.199999809265137,13.359999656677246,339700,13.359999656677246
3/14/2018,13.649999618530273,13.920000076293945,13.390999794006348,13.630000114440918,323900,13.630000114440918
3/13/2018,13.960000038146973,14.210000038146973,13.520000457763672,13.65999984741211,509200,13.65999984741211
3/12/2018,13.710000038146973,14.34000015258789,13.710000038146973,13.930000305175781,641400,13.930000305175781
3/9/2018,14.479999542236328,14.6899995803833,13.229999542236328,13.625,1026800,13.625
3/8/2018,13.819999694824219,14.75,13.640000343322754,14.380000114440918,938100,14.380000114440918
3/7/2018,13.449999809265137,13.789999961853027,13.25,13.760000228881836,396100,13.760000228881836
3/6/2018,14,14.109999656677246,13.399999618530273,13.569999694824219,611100,13.569999694824219
3/5/2018,13.300000190734863,14.100000381469727,13.300000190734863,13.84000015258789,1197000,13.84000015258789
3/2/2018,12.90999984741211,13.40999984741211,12.75,13.319999694824219,623000,13.319999694824219
3/1/2018,12.579999923706055,13.520000457763672,12.579999923706055,13.140000343322754,727300,13.140000343322754
2/28/2018,13.75,13.836999893188477,12.40999984741211,12.739999771118164,1012300,12.739999771118164
2/27/2018,13.640000343322754,13.920000076293945,13.300000190734863,13.600000381469727,1134600,13.600000381469727
2/26/2018,12.890000343322754,13.180000305175781,12.710000038146973,13.039999961853027,428000,13.039999961853027
2/23/2018,12.510000228881836,12.850000381469727,12.510000228881836,12.84000015258789,674800,12.84000015258789
2/22/2018,12.510000228881836,12.920000076293945,12.380000114440918,12.539999961853027,883200,12.539999961853027
2/21/2018,12.140000343322754,13.020000457763672,12.09000015258789,12.149999618530273,1653700,12.149999618530273
2/20/2018,10.979999542236328,12.350000381469727,10.649999618530273,12.055000305175781,2400600,12.055000305175781
2/16/2018,11.75,11.989999771118164,9.949999809265137,11.069999694824219,5966500,11.069999694824219
2/15/2018,13.079999923706055,13.75,12.9399995803833,13.430000305175781,1381200,13.430000305175781
2/14/2018,12.649999618530273,13.010000228881836,12.649999618530273,12.90999984741211,688200,12.90999984741211
2/13/2018,12.930000305175781,13.119999885559082,12.586999893188477,12.880000114440918,777700,12.880000114440918
2/12/2018,12.350000381469727,13.25,12.350000381469727,13,1303800,13
2/9/2018,12.229999542236328,12.369999885559082,11.640000343322754,12.270000457763672,948900,12.270000457763672
2/8/2018,11.460000038146973,12.399999618530273,11.40999984741211,12.050000190734863,1365500,12.050000190734863
2/7/2018,11.65999984741211,11.960000038146973,11.399999618530273,11.40999984741211,1837600,11.40999984741211
2/6/2018,12.199999809265137,12.75,11.569999694824219,11.739999771118164,2269500,11.739999771118164
2/5/2018,11.739999771118164,12.569999694824219,11.3100004196167,11.9399995803833,3223300,11.9399995803833
2/2/2018,14,14.149999618530273,12.010000228881836,12.15999984741211,11711900,12.15999984741211
2/1/2018,22.15999984741211,23.15999984741211,22.09000015258789,22.860000610351562,540600,22.860000610351562
1/31/2018,21.829999923706055,22.56999969482422,21.829999923706055,22.3700008392334,480600,22.3700008392334
1/30/2018,21.479999542236328,21.68000030517578,21.059999465942383,21.649999618530273,276200,21.649999618530273
1/29/2018,22.1299991607666,22.190000534057617,21.190000534057617,21.719999313354492,371900,21.719999313354492
1/26/2018,22.170000076293945,22.260000228881836,20.920000076293945,21.700000762939453,1043900,21.700000762939453
1/25/2018,23.229999542236328,23.25,22,22.270000457763672,874300,22.270000457763672
1/24/2018,24.3700008392334,24.56999969482422,22.799999237060547,23.100000381469727,827900,23.100000381469727
1/23/2018,25.559999465942383,25.559999465942383,23.520000457763672,24.43000030517578,895100,24.43000030517578
1/22/2018,23.850000381469727,27.399999618530273,23.5,25.309999465942383,2220900,25.309999465942383
1/19/2018,23.969999313354492,24.1200008392334,23.149999618530273,23.219999313354492,265300,23.219999313354492
1/18/2018,23.020000457763672,24.099000930786133,23.020000457763672,23.75,444500,23.75
1/17/2018,23.030000686645508,23.530000686645508,22.75,22.989999771118164,344300,22.989999771118164
1/16/2018,23.579999923706055,24.850000381469727,22.760000228881836,23,684000,23
1/12/2018,23.149999618530273,23.600000381469727,23.1200008392334,23.40999984741211,263000,23.40999984741211
1/11/2018,23.329999923706055,23.559999465942383,23.100000381469727,23.299999237060547,323600,23.299999237060547
1/10/2018,23,23.520000457763672,22.799999237060547,23.34000015258789,310500,23.34000015258789
1/9/2018,23.5,23.65999984741211,23.020000457763672,23.229999542236328,237100,23.229999542236328
1/8/2018,24.049999237060547,24.200000762939453,22.920000076293945,23.3700008392334,524900,23.3700008392334
1/5/2018,24.1299991607666,24.27899932861328,23.809999465942383,24.010000228881836,365400,24.010000228881836
1/4/2018,24.59000015258789,24.940000534057617,23.579999923706055,24.010000228881836,459000,24.010000228881836
1/3/2018,23.760000228881836,24.459999084472656,23.55900001525879,24.34000015258789,419900,24.34000015258789
1/2/2018,22.829999923706055,24.229999542236328,22.579999923706055,23.559999465942383,537500,23.559999465942383
12/29/2017,21.989999771118164,22.899999618530273,21.809999465942383,22.530000686645508,628800,22.530000686645508
12/28/2017,22.440000534057617,22.53499984741211,21.81999969482422,21.989999771118164,503300,21.989999771118164
12/27/2017,21.90999984741211,22.860000610351562,21.777999877929688,22.3700008392334,359300,22.3700008392334
12/26/2017,22.200000762939453,22.389999389648438,21.459999084472656,22.049999237060547,603500,22.049999237060547
12/22/2017,23.40999984741211,23.440000534057617,22.469999313354492,22.56999969482422,520800,22.56999969482422
12/21/2017,23.559999465942383,23.81999969482422,23.049999237060547,23.59000015258789,410200,23.59000015258789
12/20/2017,24.110000610351562,24.459999084472656,23.56999969482422,23.670000076293945,250800,23.670000076293945
12/19/2017,24.760000228881836,24.969999313354492,23.700000762939453,23.809999465942383,427000,23.809999465942383
12/18/2017,23.969999313354492,24.959999084472656,23.799999237060547,24.65999984741211,495100,24.65999984741211
12/15/2017,23.170000076293945,23.920000076293945,22.729999542236328,23.770000457763672,1000000,23.770000457763672
12/14/2017,23.18000030517578,24.299999237060547,23.000999450683594,23.170000076293945,364900,23.170000076293945
12/13/2017,23.239999771118164,23.860000610351562,23.219999313354492,23.280000686645508,304100,23.280000686645508
12/12/2017,23.920000076293945,24.06999969482422,23.239999771118164,23.3799991607666,413300,23.3799991607666
12/11/2017,23.3799991607666,24.3700008392334,23.25,24.049999237060547,385100,24.049999237060547
12/8/2017,23.729999542236328,24.399999618530273,23.309999465942383,23.420000076293945,308000,23.420000076293945
12/7/2017,23.020000457763672,23.878000259399414,23.020000457763672,23.559999465942383,366400,23.559999465942383
12/6/2017,23.440000534057617,23.8700008392334,23.110000610351562,23.309999465942383,378500,23.309999465942383
12/5/2017,22.809999465942383,24.405000686645508,22.200000762939453,23.739999771118164,593300,23.739999771118164
12/4/2017,25,25,22.799999237060547,22.950000762939453,951500,22.950000762939453
12/1/2017,25.270000457763672,25.270000457763672,23.700000762939453,24.559999465942383,550000,24.559999465942383
11/30/2017,25,25.81999969482422,24.799999237060547,25.469999313354492,479500,25.469999313354492
11/29/2017,25.399999618530273,25.530000686645508,24.31999969482422,24.719999313354492,612400,24.719999313354492
11/28/2017,26.389999389648438,26.389999389648438,25.100000381469727,25.579999923706055,456400,25.579999923706055
11/27/2017,26.25,27.290000915527344,26.1299991607666,26.260000228881836,401700,26.260000228881836
11/24/2017,26.31999969482422,26.878000259399414,26.09000015258789,26.270000457763672,187300,26.270000457763672
11/22/2017,25.25,26.84000015258789,25.100000381469727,26.170000076293945,597500,26.170000076293945
11/21/2017,25.25,25.290000915527344,24.41200065612793,25,563900,25
11/20/2017,25.3799991607666,26,25.059999465942383,25.229999542236328,454300,25.229999542236328
11/17/2017,25.149999618530273,25.545000076293945,24.700000762939453,25.309999465942383,477900,25.309999465942383
11/16/2017,25.709999084472656,26.458999633789062,25.209999084472656,25.229999542236328,608400,25.229999542236328
11/15/2017,27,27,25.5,25.709999084472656,907100,25.709999084472656
11/14/2017,25.450000762939453,27.940000534057617,25.110000610351562,27.530000686645508,844300,27.530000686645508
11/13/2017,26.469999313354492,26.469999313354492,25.049999237060547,25.579999923706055,730300,25.579999923706055
11/10/2017,24.959999084472656,27.260000228881836,24.899999618530273,26.440000534057617,830400,26.440000534057617
11/9/2017,25.469999313354492,25.889999389648438,24.31999969482422,25.049999237060547,807600,25.049999237060547
11/8/2017,24.190000534057617,25.889999389648438,24.190000534057617,25.56999969482422,756800,25.56999969482422
11/7/2017,24.1200008392334,24.8799991607666,23.290000915527344,24.440000534057617,1018100,24.440000534057617
11/6/2017,22,24.59000015258789,21.989999771118164,24,1499200,24
11/3/2017,21,22.309999465942383,20.861000061035156,22.229999542236328,1682300,22.229999542236328
11/2/2017,23.100000381469727,23.329999923706055,19.97100067138672,21.549999237060547,7507700,21.549999237060547
11/1/2017,34.2599983215332,34.76499938964844,32.650001525878906,32.79999923706055,867800,32.79999923706055
10/31/2017,34.45000076293945,35.189998626708984,33.77000045776367,34.13999938964844,481000,34.13999938964844
10/30/2017,35.099998474121094,35.439998626708984,33.720001220703125,34.7599983215332,446300,34.7599983215332
10/27/2017,35.15999984741211,35.744998931884766,33.900001525878906,35.040000915527344,586600,35.040000915527344
10/26/2017,35.220001220703125,35.77000045776367,34.61000061035156,34.90999984741211,419300,34.90999984741211
10/25/2017,35.720001220703125,36.36000061035156,34.80099868774414,35.540000915527344,377900,35.540000915527344
10/24/2017,34.810001373291016,36.5,34.810001373291016,35.97999954223633,403700,35.97999954223633
10/23/2017,34.97999954223633,35,34.5099983215332,34.810001373291016,271100,34.810001373291016
10/20/2017,36.09000015258789,36.560001373291016,34.777000427246094,34.95000076293945,229500,34.95000076293945
10/19/2017,35.68000030517578,35.959999084472656,34.529998779296875,35.90999984741211,324700,35.90999984741211
10/18/2017,35.630001068115234,36.4900016784668,35.630001068115234,36.16999816894531,226600,36.16999816894531
10/17/2017,34.970001220703125,36.290000915527344,34.849998474121094,35.959999084472656,390700,35.959999084472656
10/16/2017,35.599998474121094,35.70000076293945,34.56999969482422,34.97999954223633,443300,34.97999954223633
10/13/2017,37.470001220703125,37.470001220703125,35.58000183105469,35.689998626708984,598900,35.689998626708984
10/12/2017,36.9900016784668,38.04199981689453,36.54999923706055,37.470001220703125,276000,37.470001220703125
10/11/2017,36.849998474121094,37.75,36.7599983215332,37.08000183105469,273200,37.08000183105469
10/10/2017,37.79999923706055,38.09000015258789,36.54999923706055,36.849998474121094,349900,36.849998474121094
10/9/2017,37.93000030517578,38.35200119018555,37.150001525878906,37.7400016784668,381100,37.7400016784668
10/6/2017,39,39.45500183105469,37.08000183105469,37.09000015258789,541400,37.09000015258789
10/5/2017,40.099998474121094,40.64899826049805,39.279998779296875,39.310001373291016,264600,39.310001373291016
10/4/2017,39.63999938964844,40.5,39.11000061035156,40.290000915527344,414000,40.290000915527344
10/3/2017,40.79999923706055,40.79999923706055,39.0099983215332,39.560001373291016,474400,39.560001373291016
10/2/2017,41.61000061035156,41.970001220703125,40.599998474121094,40.689998626708984,315600,40.689998626708984
9/29/2017,40.58000183105469,41.709999084472656,40.42300033569336,41.61000061035156,402800,41.61000061035156
9/28/2017,39.2400016784668,41.7599983215332,39.16999816894531,40.58000183105469,563900,40.58000183105469
9/27/2017,38.04999923706055,39.470001220703125,37.11000061035156,39.13999938964844,621500,39.13999938964844
9/26/2017,38.90999984741211,39.18899917602539,37.279998779296875,37.630001068115234,561100,37.630001068115234
9/25/2017,40.7599983215332,41.400001525878906,37.650001525878906,38.439998626708984,732000,38.439998626708984
9/22/2017,40.54999923706055,41.79999923706055,40.0099983215332,41.25,434600,41.25
9/21/2017,39.939998626708984,40.93000030517578,39.19599914550781,40.470001220703125,390300,40.470001220703125
9/20/2017,39.54999923706055,40.29999923706055,38.52000045776367,40.06999969482422,374900,40.06999969482422
9/19/2017,39.0099983215332,40.25,38.36000061035156,39.54999923706055,438200,39.54999923706055
9/18/2017,40.7400016784668,41.39699935913086,38.70000076293945,39.20000076293945,533800,39.20000076293945
9/15/2017,37.849998474121094,40.970001220703125,37.849998474121094,40.810001373291016,1391400,40.810001373291016
9/14/2017,37.630001068115234,38.79999923706055,37.130001068115234,38.130001068115234,378100,38.130001068115234
9/13/2017,39.439998626708984,39.92599868774414,37.20000076293945,38.08000183105469,586800,38.08000183105469
9/12/2017,37.52000045776367,40.54999923706055,37.41899871826172,39.56999969482422,850100,39.56999969482422
9/11/2017,37.689998626708984,38,36.54100036621094,37.560001373291016,426300,37.560001373291016
9/8/2017,38.130001068115234,38.310001373291016,36.40999984741211,36.97999954223633,442100,36.97999954223633
9/7/2017,38.5099983215332,38.900001525878906,37.310001373291016,37.9900016784668,519500,37.9900016784668
9/6/2017,38.459999084472656,39,37.810001373291016,38.619998931884766,379000,38.619998931884766
9/5/2017,38.91999816894531,39.15999984741211,36.400001525878906,38.060001373291016,732200,38.060001373291016
9/1/2017,38.75,39.09000015258789,37.16999816894531,39,500200,39
8/31/2017,36.81999969482422,38.41999816894531,36.81999969482422,38.2400016784668,656900,38.2400016784668
8/30/2017,36.400001525878906,37.779998779296875,36.02199935913086,37.029998779296875,521400,37.029998779296875
8/29/2017,34.68000030517578,36.650001525878906,34.43000030517578,36.279998779296875,423500,36.279998779296875
8/28/2017,36.20000076293945,36.4900016784668,34.2599983215332,36.119998931884766,691000,36.119998931884766
8/25/2017,36.18000030517578,38.4900016784668,36.099998474121094,36.41999816894531,1457000,36.41999816894531
8/24/2017,32.11000061035156,35.840999603271484,32.016998291015625,35.439998626708984,1363400,35.439998626708984
8/23/2017,31.639999389648438,32.4900016784668,31.065000534057617,31.770000457763672,969300,31.770000457763672
8/22/2017,30.59000015258789,31.170000076293945,30.34600067138672,30.940000534057617,582400,30.940000534057617
8/21/2017,31.34000015258789,31.34000015258789,29.850000381469727,30.229999542236328,617900,30.229999542236328
8/18/2017,30.700000762939453,31.959999084472656,29.825000762939453,31.440000534057617,570700,31.440000534057617
8/17/2017,31.799999237060547,32.11000061035156,30.5,30.540000915527344,570200,30.540000915527344
8/16/2017,31.850000381469727,32.75,31.100000381469727,32.13999938964844,577700,32.13999938964844
8/15/2017,33.52000045776367,33.52000045776367,31.149999618530273,32,1174300,32
8/14/2017,34.209999084472656,34.48899841308594,33.22999954223633,33.58000183105469,1110500,33.58000183105469
8/11/2017,33.63999938964844,34.63999938964844,33.63999938964844,33.77000045776367,1146000,33.77000045776367
8/10/2017,36.04999923706055,36.41999816894531,33.31999969482422,33.61000061035156,1335100,33.61000061035156
8/9/2017,37.45000076293945,38.099998474121094,36.130001068115234,36.56999969482422,751000,36.56999969482422
8/8/2017,37.38999938964844,38.25,37.04499816894531,37.41999816894531,830100,37.41999816894531
8/7/2017,38.0099983215332,39.41999816894531,36.20000076293945,37.040000915527344,1622500,37.040000915527344
8/4/2017,38,39.81999969482422,36.20000076293945,37.52000045776367,4860400,37.52000045776367
8/3/2017,49.29999923706055,49.56999969482422,47.220001220703125,47.91999816894531,686300,47.91999816894531
8/2/2017,50.619998931884766,50.72800064086914,47.25299835205078,49.04999923706055,507000,49.04999923706055
8/1/2017,48.93000030517578,50.426998138427734,48.369998931884766,50.09000015258789,414600,50.09000015258789
7/31/2017,51.06999969482422,51.29999923706055,48.9010009765625,49.13999938964844,498300,49.13999938964844
7/28/2017,49.86000061035156,51.486000061035156,49.20000076293945,50.77000045776367,715500,50.77000045776367
7/27/2017,53.0099983215332,55.68000030517578,49.70000076293945,50.33000183105469,1173100,50.33000183105469
7/26/2017,52.459999084472656,54,52,53.0099983215332,495100,53.0099983215332
7/25/2017,53.09000015258789,53.09000015258789,51.630001068115234,52.349998474121094,420200,52.349998474121094
7/24/2017,52.400001525878906,54,51.56999969482422,53.150001525878906,557900,53.150001525878906
7/21/2017,54.369998931884766,54.369998931884766,51.77000045776367,52.40999984741211,592700,52.40999984741211
7/20/2017,50.5,54.400001525878906,48.900001525878906,54,1524000,54
7/19/2017,52.13999938964844,53.400001525878906,50.38999938964844,51.25,585800,51.25
7/18/2017,54.290000915527344,55.900001525878906,51.880001068115234,52.40999984741211,830000,52.40999984741211
7/17/2017,52.810001373291016,55.119998931884766,52.4630012512207,54.220001220703125,557600,54.220001220703125
7/14/2017,53.349998474121094,53.87099838256836,51.810001373291016,52.619998931884766,439600,52.619998931884766
7/13/2017,53.45000076293945,53.9900016784668,51.560001373291016,53.470001220703125,378200,53.470001220703125
7/12/2017,53.06999969482422,54.880001068115234,52.5,52.72999954223633,569000,52.72999954223633
7/11/2017,50.810001373291016,53.4900016784668,50.650001525878906,52.5,414700,52.5
7/10/2017,51.130001068115234,53.290000915527344,50.060001373291016,51.43000030517578,494100,51.43000030517578
7/7/2017,49.220001220703125,51.34000015258789,48.88999938964844,51.150001525878906,449500,51.150001525878906
7/6/2017,49.220001220703125,51.25,47.90999984741211,49.369998931884766,489100,49.369998931884766
7/5/2017,47.83000183105469,50.50299835205078,46.770999908447266,49.84000015258789,676400,49.84000015258789
7/3/2017,48.79999923706055,50.9900016784668,47.75,47.84000015258789,514300,47.84000015258789
6/30/2017,51.06999969482422,51.97999954223633,48.599998474121094,48.650001525878906,921100,48.650001525878906
6/29/2017,53.79999923706055,56.0099983215332,49.70000076293945,51.18000030517578,1057300,51.18000030517578
6/28/2017,53.689998626708984,54.94599914550781,52.470001220703125,54.86000061035156,732700,54.86000061035156
6/27/2017,56.79999923706055,57.5,51.33000183105469,53.150001525878906,1557200,53.150001525878906
6/26/2017,60.25,60.849998474121094,57.150001525878906,59.369998931884766,800000,59.369998931884766
6/23/2017,55.27000045776367,58.849998474121094,54.79999923706055,58.790000915527344,2486300,58.790000915527344
6/22/2017,55,56.20000076293945,53.29999923706055,54.650001525878906,737200,54.650001525878906
6/21/2017,54.7599983215332,55.70000076293945,54,54.65999984741211,487100,54.65999984741211
6/20/2017,55.369998931884766,56.970001220703125,53.16999816894531,54.68000030517578,776400,54.68000030517578
6/19/2017,53.79999923706055,57.150001525878906,53.5,55.849998474121094,1211600,55.849998474121094
6/16/2017,49,55.95899963378906,48.400001525878906,55.709999084472656,2241200,55.709999084472656
6/15/2017,45.560001373291016,48.20000076293945,45,46.77000045776367,401300,46.77000045776367
6/14/2017,46.459999084472656,47.94300079345703,45.2599983215332,46.540000915527344,369600,46.540000915527344
6/13/2017,46.5,48.5,46.15999984741211,46.4900016784668,550200,46.4900016784668
6/12/2017,42,46.34000015258789,40.400001525878906,45.75,894200,45.75
6/9/2017,49.5,49.79999923706055,41.52000045776367,42.63999938964844,1256100,42.63999938964844
6/8/2017,49.45000076293945,49.689998626708984,47.7599983215332,49.13999938964844,430800,49.13999938964844
6/7/2017,47.790000915527344,49.04999923706055,47.470001220703125,48.2599983215332,367800,48.2599983215332
6/6/2017,46.290000915527344,49.16999816894531,46.290000915527344,47.959999084472656,711900,47.959999084472656
6/5/2017,45.47999954223633,46.69200134277344,45.029998779296875,46.27000045776367,232800,46.27000045776367
6/2/2017,45.90999984741211,47.18000030517578,45.560001373291016,45.77000045776367,340600,45.77000045776367
6/1/2017,43.52000045776367,46,43.27000045776367,45.83000183105469,396000,45.83000183105469
5/31/2017,45.54999923706055,45.709999084472656,43,43.650001525878906,502800,43.650001525878906
5/30/2017,45.709999084472656,46.040000915527344,44.560001373291016,45.27000045776367,279100,45.27000045776367
5/26/2017,46.0099983215332,46.70000076293945,44.540000915527344,44.83000183105469,449900,44.83000183105469
5/25/2017,45.849998474121094,47.5,45.70000076293945,46.0099983215332,481200,46.0099983215332
5/24/2017,44.040000915527344,47.86000061035156,43.88999938964844,45.79999923706055,965700,45.79999923706055
5/23/2017,44.380001068115234,44.750999450683594,43.31999969482422,43.81999969482422,460300,43.81999969482422
5/22/2017,42.959999084472656,46.220001220703125,41.959999084472656,44.380001068115234,1701300,44.380001068115234
5/19/2017,40.63999938964844,41.3489990234375,40.13999938964844,40.959999084472656,269800,40.959999084472656
5/18/2017,41.15999984741211,41.9900016784668,40.470001220703125,40.72999954223633,364300,40.72999954223633
5/17/2017,39.61000061035156,41.560001373291016,38.5,41.38999938964844,827200,41.38999938964844
5/16/2017,42.529998779296875,43.68000030517578,39.81999969482422,40.58000183105469,1028100,40.58000183105469
5/15/2017,39.59000015258789,42.9900016784668,39.22800064086914,42.310001373291016,993200,42.310001373291016
5/12/2017,38.900001525878906,39.61000061035156,38.900001525878906,39.45000076293945,282500,39.45000076293945
5/11/2017,39.04999923706055,39.584999084472656,38.150001525878906,39.209999084472656,503500,39.209999084472656
5/10/2017,38.88999938964844,40.29999923706055,38.5,39.41999816894531,623500,39.41999816894531
5/9/2017,38.09000015258789,39.7400016784668,37.18000030517578,38.88999938964844,917000,38.88999938964844
5/8/2017,40.40999984741211,40.689998626708984,38.02000045776367,38.130001068115234,1226000,38.130001068115234
5/5/2017,35,43.93000030517578,34,41.119998931884766,2498300,41.119998931884766
5/4/2017,36.7400016784668,38.119998931884766,36.36000061035156,37.84000015258789,1005200,37.84000015258789
5/3/2017,36.52000045776367,36.79999923706055,35.869998931884766,36.5099983215332,610100,36.5099983215332
5/2/2017,35.36000061035156,37.97999954223633,35.22999954223633,36.79999923706055,656700,36.79999923706055
5/1/2017,37.709999084472656,38.11000061035156,35.36000061035156,35.529998779296875,1076700,35.529998779296875
4/28/2017,38.91999816894531,40,37.36000061035156,37.47999954223633,671400,37.47999954223633
4/27/2017,37.5,39.5,37.47999954223633,39.02000045776367,598300,39.02000045776367
4/26/2017,37.41999816894531,37.933998107910156,35.81999969482422,37.56999969482422,487700,37.56999969482422
4/25/2017,36.97999954223633,38,36.51100158691406,37.459999084472656,848000,37.459999084472656
4/24/2017,36.5,37.02000045776367,36.25,36.77000045776367,763300,36.77000045776367
4/21/2017,35.70000076293945,37.27000045776367,35.45000076293945,36.2400016784668,792600,36.2400016784668
4/20/2017,34.65999984741211,36.36000061035156,34.54999923706055,35.66999816894531,746200,35.66999816894531
4/19/2017,33.459999084472656,34.9900016784668,33.150001525878906,34.4900016784668,546200,34.4900016784668
4/18/2017,32,33.5,32,33.150001525878906,647200,33.150001525878906
4/17/2017,32.16999816894531,32.64099884033203,31.799999237060547,31.989999771118164,361900,31.989999771118164
4/13/2017,31.399999618530273,32.4900016784668,31.399999618530273,31.889999389648438,341900,31.889999389648438
4/12/2017,31.110000610351562,31.610000610351562,30.780000686645508,31.389999389648438,228200,31.389999389648438
4/11/2017,30.5,31.149999618530273,29.940000534057617,31.040000915527344,449700,31.040000915527344
4/10/2017,29.670000076293945,30.549999237060547,29.549999237060547,30.440000534057617,450300,30.440000534057617
4/7/2017,29.670000076293945,30.524999618530273,29.280000686645508,29.520000457763672,470200,29.520000457763672
4/6/2017,28.799999237060547,30.280000686645508,28.350000381469727,29.959999084472656,425700,29.959999084472656
4/5/2017,28.829999923706055,29.15999984741211,28.299999237060547,28.799999237060547,371000,28.799999237060547
4/4/2017,28.579999923706055,28.760000228881836,28,28.6200008392334,366500,28.6200008392334
4/3/2017,30.420000076293945,30.479000091552734,28.440000534057617,28.68000030517578,779200,28.68000030517578
3/31/2017,30.479999542236328,30.5,30.1299991607666,30.270000457763672,303200,30.270000457763672
3/30/2017,30.270000457763672,30.80500030517578,29.81999969482422,30.469999313354492,461100,30.469999313354492
3/29/2017,29.8700008392334,30.799999237060547,29.582000732421875,30.260000228881836,871700,30.260000228881836
3/28/2017,29.06999969482422,29.950000762939453,28.799999237060547,29.780000686645508,649200,29.780000686645508
3/27/2017,27.790000915527344,29.165000915527344,27.760000228881836,29.030000686645508,518800,29.030000686645508
3/24/2017,28.229999542236328,28.450000762939453,27.780000686645508,28.139999389648438,395600,28.139999389648438
3/23/2017,28.040000915527344,29,27.8700008392334,28.1200008392334,651500,28.1200008392334
3/22/2017,28.530000686645508,28.829999923706055,27.559999465942383,28.110000610351562,804600,28.110000610351562
3/21/2017,28.950000762939453,29.450000762939453,28.360000610351562,28.700000762939453,977400,28.700000762939453
3/20/2017,28.81999969482422,28.899999618530273,28.25,28.799999237060547,502400,28.799999237060547
3/17/2017,28.829999923706055,29.170000076293945,28.350000381469727,28.729999542236328,678200,28.729999542236328
3/16/2017,28.610000610351562,28.90999984741211,28.149999618530273,28.540000915527344,374100,28.540000915527344
3/15/2017,28.260000228881836,28.940000534057617,27.899999618530273,28.43000030517578,567400,28.43000030517578
3/14/2017,28.81999969482422,29,27.899999618530273,28.020000457763672,723600,28.020000457763672
3/13/2017,27.920000076293945,29.010000228881836,27.815000534057617,28.979999542236328,570900,28.979999542236328
3/10/2017,28.729999542236328,28.950000762939453,27.610000610351562,27.950000762939453,605700,27.950000762939453
3/9/2017,27.709999084472656,28.440000534057617,27.549999237060547,28.280000686645508,378200,28.280000686645508
3/8/2017,27.479999542236328,28.100000381469727,27.40999984741211,27.579999923706055,401900,27.579999923706055
3/7/2017,28.100000381469727,28.100000381469727,26.690000534057617,27.360000610351562,1130200,27.360000610351562
3/6/2017,28.920000076293945,28.974000930786133,27.399999618530273,28.200000762939453,863800,28.200000762939453
3/3/2017,29.049999237060547,29.329999923706055,28.34000015258789,29.139999389648438,830000,29.139999389648438
3/2/2017,29.270000457763672,29.770000457763672,28.850000381469727,29.09000015258789,641500,29.09000015258789
3/1/2017,28.6299991607666,29.940000534057617,28.485000610351562,29.3700008392334,1127000,29.3700008392334
2/28/2017,29.190000534057617,29.290000915527344,28.329999923706055,28.360000610351562,745900,28.360000610351562
2/27/2017,29.68000030517578,29.8439998626709,29.010000228881836,29.1200008392334,668500,29.1200008392334
2/24/2017,30.719999313354492,30.790000915527344,29.399999618530273,29.989999771118164,964900,29.989999771118164
2/23/2017,29.1299991607666,31.06999969482422,29.100000381469727,30.940000534057617,1467300,30.940000534057617
2/22/2017,29.139999389648438,29.489999771118164,28.350000381469727,28.489999771118164,1052300,28.489999771118164
2/21/2017,30.700000762939453,31.299999237060547,28.31999969482422,28.829999923706055,3013900,28.829999923706055
2/17/2017,33.060001373291016,33.46500015258789,30.3700008392334,31.170000076293945,3380900,31.170000076293945
2/16/2017,36.63999938964844,37.41999816894531,34.78099822998047,35.36000061035156,2366100,35.36000061035156
2/15/2017,34.95000076293945,36.68000030517578,34.900001525878906,36.4900016784668,1418000,36.4900016784668
2/14/2017,33.689998626708984,35.439998626708984,33.599998474121094,34.72999954223633,676100,34.72999954223633
2/13/2017,33.439998626708984,33.64699935913086,32.90999984741211,33.52000045776367,628800,33.52000045776367
2/10/2017,34.0099983215332,34.23699951171875,32.02000045776367,33.189998626708984,482200,33.189998626708984
2/9/2017,34.02000045776367,34.34000015258789,33.560001373291016,33.83000183105469,470600,33.83000183105469
2/8/2017,34.349998474121094,34.5,33.630001068115234,34,578200,34
2/7/2017,34.16999816894531,34.45000076293945,33.099998474121094,33.380001068115234,348700,33.380001068115234
2/6/2017,34.43000030517578,34.650001525878906,33.810001373291016,34.20000076293945,301500,34.20000076293945
2/3/2017,34.029998779296875,34.625,34,34.40999984741211,546300,34.40999984741211
2/2/2017,34.70000076293945,34.79999923706055,33.7599983215332,34.119998931884766,633000,34.119998931884766
2/1/2017,35.20000076293945,35.459999084472656,34.43000030517578,34.7400016784668,473300,34.7400016784668
1/31/2017,35.380001068115234,35.94300079345703,34.95000076293945,35.209999084472656,627400,35.209999084472656
1/30/2017,35.34000015258789,36.45000076293945,34.5,35.369998931884766,590600,35.369998931884766
1/27/2017,35.599998474121094,35.65999984741211,34.779998779296875,35.400001525878906,309200,35.400001525878906
1/26/2017,35.060001373291016,36.22800064086914,34.9900016784668,35.380001068115234,483300,35.380001068115234
1/25/2017,33.79999923706055,35.31999969482422,33.2599983215332,35.04999923706055,736100,35.04999923706055
1/24/2017,33.599998474121094,33.72999954223633,32.470001220703125,33.380001068115234,539600,33.380001068115234
1/23/2017,31.450000762939453,34,31.149999618530273,33.61000061035156,1101600,33.61000061035156
1/20/2017,30.5,31.788999557495117,30.5,31.1299991607666,646300,31.1299991607666
1/19/2017,30.520000457763672,31.3799991607666,29.799999237060547,30.40999984741211,975400,30.40999984741211
1/18/2017,31.549999237060547,31.989999771118164,29.35700035095215,30.639999389648438,1279700,30.639999389648438
1/17/2017,33.529998779296875,33.93000030517578,31.25,31.709999084472656,544300,31.709999084472656
1/13/2017,34.25,34.547000885009766,33.11000061035156,33.529998779296875,386300,33.529998779296875
1/12/2017,33.72999954223633,34.41999816894531,32.5,33.869998931884766,454900,33.869998931884766
1/11/2017,35.029998779296875,35.034000396728516,32.54999923706055,33.529998779296875,866100,33.529998779296875
1/10/2017,32.380001068115234,35.07899856567383,32.29999923706055,34.90999984741211,802600,34.90999984741211
1/9/2017,32.66999816894531,33.5,32.06999969482422,32.25,410700,32.25
1/6/2017,32.95000076293945,34,32.22999954223633,32.36000061035156,353000,32.36000061035156
1/5/2017,34.45000076293945,34.59000015258789,31.549999237060547,33.15999984741211,841200,33.15999984741211
1/4/2017,36.029998779296875,36.029998779296875,34,34.22999954223633,604800,34.22999954223633
1/3/2017,36.880001068115234,36.93000030517578,34.13999938964844,35.349998474121094,500300,35.349998474121094
12/30/2016,35.040000915527344,36.970001220703125,35.040000915527344,35.34000015258789,318300,35.34000015258789
12/29/2016,35.58000183105469,35.7599983215332,34.55500030517578,35.15999984741211,648200,35.15999984741211
12/28/2016,39.18000030517578,39.689998626708984,35.01100158691406,35.63999938964844,1009400,35.63999938964844
12/27/2016,39.33000183105469,40.38999938964844,38.5099983215332,39.27000045776367,623000,39.27000045776367
12/23/2016,40.560001373291016,40.560001373291016,38.04999923706055,38.650001525878906,592100,38.650001525878906
12/22/2016,39.93000030517578,41.90999984741211,38.83000183105469,39.2400016784668,985400,39.2400016784668
12/21/2016,40.790000915527344,41.619998931884766,38.20199966430664,38.33000183105469,739700,38.33000183105469
12/20/2016,35.7400016784668,39.9900016784668,35.709999084472656,39.900001525878906,1176600,39.900001525878906
12/19/2016,34.560001373291016,36.58000183105469,34.310001373291016,35.33000183105469,639500,35.33000183105469
12/16/2016,32.900001525878906,34.599998474121094,32.900001525878906,34.040000915527344,423200,34.040000915527344
12/15/2016,32.20000076293945,33.790000915527344,32.19599914550781,32.66999816894531,227500,32.66999816894531
12/14/2016,33.34000015258789,33.7599983215332,31.399999618530273,32.06999969482422,347200,32.06999969482422
12/13/2016,33.09000015258789,34.77000045776367,32.7599983215332,33.369998931884766,467700,33.369998931884766
12/12/2016,31.920000076293945,33.36000061035156,31.559999465942383,32.880001068115234,328700,32.880001068115234
12/9/2016,34.2400016784668,34.57899856567383,31.700000762939453,31.889999389648438,1113800,31.889999389648438
12/8/2016,35.349998474121094,35.75,33.34000015258789,34.20000076293945,1309000,34.20000076293945
12/7/2016,30.530000686645508,37.70000076293945,29.56999969482422,36.83000183105469,2285200,36.83000183105469
12/6/2016,27.93000030517578,29.8799991607666,27.510000228881836,29.579999923706055,854400,29.579999923706055
12/5/2016,26.829999923706055,27.610000610351562,26.649999618530273,27.479999542236328,492500,27.479999542236328
12/2/2016,29,29.5,26.399999618530273,26.719999313354492,3052200,26.719999313354492
12/1/2016,27.420000076293945,28.09000015258789,26.899999618530273,27.709999084472656,469500,27.709999084472656
11/30/2016,27.68000030517578,28.350000381469727,27.1200008392334,27.309999465942383,389100,27.309999465942383
11/29/2016,25.25,27.670000076293945,23.799999237060547,27.25,1246700,27.25
11/28/2016,28.649999618530273,28.670000076293945,26.229999542236328,26.56999969482422,627000,26.56999969482422
11/25/2016,28.969999313354492,28.969999313354492,28.399999618530273,28.600000381469727,217400,28.600000381469727
11/23/2016,29.25,29.34000015258789,28,28.799999237060547,372600,28.799999237060547
11/22/2016,29.6200008392334,29.790000915527344,29.06999969482422,29.3799991607666,146500,29.3799991607666
11/21/2016,30,31.299999237060547,29.290000915527344,29.600000381469727,381100,29.600000381469727
11/18/2016,31.43000030517578,31.940000534057617,28.75,29.829999923706055,625300,29.829999923706055
11/17/2016,32.20000076293945,33.20000076293945,32.20000076293945,32.83000183105469,372800,32.83000183105469
11/16/2016,33.150001525878906,33.25,30.780000686645508,32.13999938964844,463700,32.13999938964844
11/15/2016,32.29999923706055,33.47999954223633,31.426000595092773,33.31999969482422,280100,33.31999969482422
11/14/2016,30.850000381469727,32.25,30.809999465942383,32.04999923706055,304500,32.04999923706055
11/11/2016,30.399999618530273,31.31999969482422,30.010000228881836,30.770000457763672,241800,30.770000457763672
11/10/2016,31.260000228881836,31.770000457763672,29.59000015258789,30.549999237060547,443200,30.549999237060547
11/9/2016,26.760000228881836,31.075000762939453,26.59000015258789,30.950000762939453,635100,30.950000762939453
11/8/2016,26.350000381469727,28,25.579999923706055,27.809999465942383,521600,27.809999465942383
11/7/2016,28.399999618530273,28.540000915527344,26.049999237060547,26.469999313354492,738400,26.469999313354492
11/4/2016,27.700000762939453,28.670000076293945,26.010000228881836,27.520000457763672,1683000,27.520000457763672
11/3/2016,25.190000534057617,26.100000381469727,24.540000915527344,25.299999237060547,572700,25.299999237060547
11/2/2016,24.440000534057617,25.200000762939453,23.549999237060547,25.09000015258789,445900,25.09000015258789
11/1/2016,24.56999969482422,24.799999237060547,24.170000076293945,24.420000076293945,300300,24.420000076293945
10/31/2016,25.260000228881836,25.48699951171875,24.18000030517578,24.690000534057617,275900,24.690000534057617
10/28/2016,25.75,25.999000549316406,25.110000610351562,25.149999618530273,159700,25.149999618530273
10/27/2016,26.850000381469727,27.16900062561035,25.549999237060547,25.75,342100,25.75
10/26/2016,26.649999618530273,27.290000915527344,26.579999923706055,26.700000762939453,134400,26.700000762939453
10/25/2016,27.780000686645508,27.780000686645508,26.950000762939453,27.020000457763672,204200,27.020000457763672
10/24/2016,26.600000381469727,28.209999084472656,26.549999237060547,27.93000030517578,365600,27.93000030517578
10/21/2016,27.170000076293945,27.43199920654297,26.700000762939453,26.799999237060547,248400,26.799999237060547
10/20/2016,28.1200008392334,28.5049991607666,27.25,27.459999084472656,162500,27.459999084472656
10/19/2016,27.790000915527344,29.100000381469727,27.510000228881836,28.100000381469727,297400,28.100000381469727
10/18/2016,27.93000030517578,28.389999389648438,27.350000381469727,27.959999084472656,313100,27.959999084472656
10/17/2016,27.260000228881836,28.101999282836914,27.219999313354492,27.59000015258789,244200,27.59000015258789
10/14/2016,28.420000076293945,29.368999481201172,27.399999618530273,27.510000228881836,359800,27.510000228881836
10/13/2016,27.510000228881836,28.5,26.6299991607666,28.239999771118164,522700,28.239999771118164
10/12/2016,28.75,29.88800048828125,27.764999389648438,28.239999771118164,1015100,28.239999771118164
10/11/2016,32.5099983215332,32.970001220703125,27.520000457763672,28.209999084472656,1581100,28.209999084472656
10/10/2016,33.2400016784668,33.96500015258789,31.950000762939453,32.5099983215332,305100,32.5099983215332
10/7/2016,34.040000915527344,34.34000015258789,33.26100158691406,33.439998626708984,176500,33.439998626708984
10/6/2016,33.15999984741211,35.15999984741211,32.75199890136719,34.25,579000,34.25
10/5/2016,33.63999938964844,35.25899887084961,32.43000030517578,32.5099983215332,766100,32.5099983215332
10/4/2016,35.86000061035156,35.869998931884766,32.84000015258789,33.31999969482422,570300,33.31999969482422
10/3/2016,37.77000045776367,37.939998626708984,35.93000030517578,36,532700,36
9/30/2016,36.75,38.04999923706055,36.595001220703125,37.41999816894531,997000,37.41999816894531
9/29/2016,36.150001525878906,38.43000030517578,35.5,36.54999923706055,928600,36.54999923706055
9/28/2016,35.779998779296875,36.39899826049805,34.279998779296875,35.90999984741211,398700,35.90999984741211
9/27/2016,32.13999938964844,35.709999084472656,31.58099937438965,35.68000030517578,662700,35.68000030517578
9/26/2016,34.380001068115234,34.5,32.0099983215332,32.130001068115234,503700,32.130001068115234
9/23/2016,34.02000045776367,34.3650016784668,33.380001068115234,34.2400016784668,298300,34.2400016784668
9/22/2016,34.36000061035156,35.279998779296875,33.5099983215332,33.849998474121094,496900,33.849998474121094
9/21/2016,33.2400016784668,34.869998931884766,32.54999923706055,34.31999969482422,674200,34.31999969482422
9/20/2016,36.41999816894531,36.62300109863281,32.93000030517578,33.349998474121094,994000,33.349998474121094
9/19/2016,37.4900016784668,37.499000549316406,36.25,36.33000183105469,436100,36.33000183105469
9/16/2016,36.79999923706055,37.54999923706055,36.41999816894531,36.970001220703125,735000,36.970001220703125
9/15/2016,37.119998931884766,37.849998474121094,36.25,37.06999969482422,570900,37.06999969482422
9/14/2016,36.130001068115234,37.86000061035156,35.529998779296875,36.650001525878906,934600,36.650001525878906
9/13/2016,34.0099983215332,36.970001220703125,33.560001373291016,35.599998474121094,1193200,35.599998474121094
9/12/2016,31.34000015258789,34.28300094604492,31.100000381469727,34.0099983215332,385100,34.0099983215332
9/9/2016,34.88999938964844,34.88999938964844,31.309999465942383,32.54999923706055,789800,32.54999923706055
9/8/2016,34.63999938964844,35.880001068115234,34.20000076293945,35.25,873600,35.25
9/7/2016,33.70000076293945,34.720001220703125,32.099998474121094,34.599998474121094,1025400,34.599998474121094
9/6/2016,33.20000076293945,34.900001525878906,32.380001068115234,33.70000076293945,1561300,33.70000076293945
9/2/2016,27.8700008392334,33.599998474121094,27.75,32.66999816894531,3462200,32.66999816894531
9/1/2016,26.520000457763672,27.920000076293945,24.649999618530273,27.56999969482422,2120800,27.56999969482422
8/31/2016,22.829999923706055,24.5,22.5,22.81999969482422,856800,22.81999969482422
8/30/2016,22.920000076293945,23.799999237060547,22.100000381469727,22.75,269200,22.75
8/29/2016,20.1299991607666,23.329999923706055,20.1299991607666,22.790000915527344,620600,22.790000915527344
8/26/2016,20.770000457763672,21.43000030517578,19.549999237060547,20,314600,20
8/25/2016,20.969999313354492,21.48200035095215,20.5,20.850000381469727,119900,20.850000381469727
8/24/2016,21.290000915527344,21.93000030517578,20.809999465942383,21.15999984741211,151200,21.15999984741211
8/23/2016,21.6299991607666,22.770000457763672,21.350000381469727,21.809999465942383,242900,21.809999465942383
8/22/2016,21.700000762939453,22.190000534057617,20.670000076293945,21.290000915527344,197500,21.290000915527344
8/19/2016,22.399999618530273,23.368999481201172,21.600000381469727,21.969999313354492,178300,21.969999313354492
8/18/2016,23.829999923706055,24.934999465942383,22.360000610351562,22.559999465942383,393200,22.559999465942383
8/17/2016,21.219999313354492,23.84000015258789,20.899999618530273,23.469999313354492,464900,23.469999313354492
8/16/2016,22,22.6200008392334,20.31999969482422,20.950000762939453,344900,20.950000762939453
8/15/2016,20.450000762939453,21.993999481201172,20.360000610351562,21.700000762939453,557700,21.700000762939453
8/12/2016,19.8700008392334,20.18899917602539,19.780000686645508,19.969999313354492,85200,19.969999313354492
8/11/2016,20.31999969482422,20.475000381469727,19.791000366210938,19.989999771118164,84500,19.989999771118164
8/10/2016,20,20.075000762939453,19.85099983215332,20,65900,20
8/9/2016,19.889999389648438,20.399999618530273,19.56999969482422,19.760000228881836,75700,19.760000228881836
8/8/2016,19,19.90999984741211,18.75,19.809999465942383,130200,19.809999465942383
8/5/2016,19.90999984741211,19.90999984741211,18.90999984741211,19.219999313354492,39100,19.219999313354492
8/4/2016,19,19.5049991607666,18.610000610351562,19.329999923706055,90300,19.329999923706055
8/3/2016,19.31999969482422,19.584999084472656,18.350000381469727,18.829999923706055,260000,18.829999923706055
8/2/2016,19.8700008392334,20.399999618530273,19,19.399999618530273,159400,19.399999618530273
8/1/2016,18.950000762939453,21,18.739999771118164,19.719999313354492,413500,19.719999313354492
7/29/2016,18.600000381469727,19.290000915527344,18.200000762939453,18.40999984741211,262600,18.40999984741211
7/28/2016,18,18.729999542236328,18,18.489999771118164,104900,18.489999771118164
7/27/2016,19,19.204999923706055,18.049999237060547,18.100000381469727,153200,18.100000381469727
7/26/2016,19.81999969482422,20.045000076293945,18.420000076293945,18.610000610351562,236700,18.610000610351562
7/25/2016,20.1299991607666,21.3799991607666,19.600000381469727,19.729999542236328,383100,19.729999542236328
7/22/2016,18.06999969482422,19.899999618530273,18,19.559999465942383,741200,19.559999465942383
7/21/2016,18,18.440000534057617,16.360000610351562,17.969999313354492,4750100,17.969999313354492
9/9/2014,0.17499999701976776,0.1850000023841858,0.17499999701976776,0.1850000023841858,4899394,0.1850000023841858
9/8/2014,0.17000000178813934,0.18000000715255737,0.17000000178813934,0.17499999701976776,9950001,0.17499999701976776
9/5/2014,0.17499999701976776,0.17499999701976776,0.16500000655651093,0.17000000178813934,280550,0.17000000178813934
9/4/2014,0.17499999701976776,0.17499999701976776,0.16500000655651093,0.17499999701976776,1877492,0.17499999701976776
9/3/2014,0.17000000178813934,0.17499999701976776,0.17000000178813934,0.17499999701976776,118224,0.17499999701976776
9/2/2014,0.18000000715255737,0.18000000715255737,0.17000000178813934,0.17000000178813934,963200,0.17000000178813934
8/29/2014,0.17499999701976776,0.17499999701976776,0.17000000178813934,0.17499999701976776,342940,0.17499999701976776
8/28/2014,0.17499999701976776,0.18000000715255737,0.17499999701976776,0.17499999701976776,1052000,0.17499999701976776
8/27/2014,0.18000000715255737,0.18000000715255737,0.17499999701976776,0.17499999701976776,1389441,0.17499999701976776
8/26/2014,0.17499999701976776,0.18000000715255737,0.17000000178813934,0.17499999701976776,12570400,0.17499999701976776
8/25/2014,0.17499999701976776,0.17499999701976776,0.17499999701976776,0.17499999701976776,201000,0.17499999701976776
8/22/2014,0.17499999701976776,0.18000000715255737,0.17000000178813934,0.17499999701976776,1430380,0.17499999701976776
8/21/2014,0.18000000715255737,0.18000000715255737,0.17499999701976776,0.17499999701976776,30404500,0.17499999701976776
8/20/2014,0.17499999701976776,0.18000000715255737,0.17000000178813934,0.18000000715255737,1004600,0.18000000715255737
8/19/2014,0.1599999964237213,0.18000000715255737,0.14000000059604645,0.17000000178813934,20923615,0.17000000178813934
8/18/2014,0.1599999964237213,0.1599999964237213,0.1550000011920929,0.1599999964237213,37112,0.1599999964237213
8/15/2014,0.16500000655651093,0.16500000655651093,0.15000000596046448,0.15000000596046448,2273000,0.15000000596046448
8/14/2014,0.16500000655651093,0.16500000655651093,0.1599999964237213,0.16500000655651093,476700,0.16500000655651093
8/13/2014,0.16500000655651093,0.16500000655651093,0.1599999964237213,0.16500000655651093,1069800,0.16500000655651093
8/12/2014,0.17000000178813934,0.17000000178813934,0.1550000011920929,0.1599999964237213,2420000,0.1599999964237213
8/11/2014,0.17000000178813934,0.17000000178813934,0.16500000655651093,0.17000000178813934,1513350,0.17000000178813934
8/8/2014,0.18000000715255737,0.18000000715255737,0.1599999964237213,0.17000000178813934,29588829,0.17000000178813934
8/7/2014,0.17499999701976776,0.18000000715255737,0.1599999964237213,0.17000000178813934,19772828,0.17000000178813934
8/6/2014,0.1850000023841858,0.20999999344348907,0.17000000178813934,0.17000000178813934,32863163,0.17000000178813934
