4/22/2019,31.020000457763672,31.020000457763672,30.40999984741211,30.600000381469727,1356500,30.600000381469727
4/18/2019,31,31.239999771118164,30.770000457763672,31.100000381469727,1022600,31.100000381469727
4/17/2019,31.530000686645508,31.56999969482422,30.940000534057617,31.020000457763672,1014300,31.020000457763672
4/16/2019,31.729999542236328,31.729999542236328,31.209999084472656,31.360000610351562,1535900,31.360000610351562
4/15/2019,32,32,31.469999313354492,31.59000015258789,1006100,31.59000015258789
4/12/2019,31.950000762939453,32.040000915527344,31.729999542236328,31.899999618530273,907800,31.899999618530273
4/11/2019,32.04999923706055,32.18000030517578,31.780000686645508,31.8799991607666,814900,31.8799991607666
4/10/2019,31.40999984741211,32,31.389999389648438,31.93000030517578,772700,31.93000030517578
4/9/2019,32.09000015258789,32.09000015258789,31.25,31.309999465942383,1083400,31.309999465942383
4/8/2019,32.130001068115234,32.33000183105469,31.899999618530273,32.18000030517578,983500,32.18000030517578
4/5/2019,32.060001373291016,32.36000061035156,32.03499984741211,32.209999084472656,2506600,32.209999084472656
4/4/2019,32.34000015258789,32.43000030517578,31.93000030517578,32.119998931884766,1222700,32.119998931884766
4/3/2019,32.4900016784668,32.4900016784668,32.06999969482422,32.310001373291016,1418000,32.310001373291016
4/2/2019,31.739999771118164,32.39500045776367,31.6200008392334,32.31999969482422,2217000,32.31999969482422
4/1/2019,31.25,31.709999084472656,31.190000534057617,31.709999084472656,1221900,31.709999084472656
3/29/2019,31.260000228881836,31.399999618530273,30.940000534057617,31.079999923706055,1815600,31.079999923706055
3/28/2019,30.969999313354492,31.18000030517578,30.719999313354492,31.15999984741211,1234500,31.15999984741211
3/27/2019,31.399999618530273,31.489999771118164,30.954999923706055,31.280000686645508,1270000,30.830001831054688
3/26/2019,31.010000228881836,31.34000015258789,30.8700008392334,31.31999969482422,1945200,30.86942481994629
3/25/2019,31.079999923706055,31.100000381469727,30.399999618530273,30.829999923706055,2274100,30.386474609375
3/22/2019,31.350000381469727,31.65999984741211,30.899999618530273,31.100000381469727,1484900,30.652589797973633
3/21/2019,31.15999984741211,31.739999771118164,31.100000381469727,31.6299991607666,1356000,31.174964904785156
3/20/2019,31.25,31.579999923706055,31.135000228881836,31.229999542236328,1256200,30.780719757080078
3/19/2019,31.65999984741211,31.65999984741211,31.25,31.329999923706055,1186600,30.87928009033203
3/18/2019,31.469999313354492,31.56999969482422,31.110000610351562,31.3799991607666,786400,30.928560256958008
3/15/2019,31.610000610351562,31.6200008392334,31.209999084472656,31.3799991607666,1585800,30.928560256958008
3/14/2019,31.489999771118164,31.489999771118164,31.139999389648438,31.469999313354492,1565200,31.01726722717285
3/13/2019,31.049999237060547,31.3799991607666,30.989999771118164,31.3799991607666,1370500,30.928560256958008
3/12/2019,31.25,31.31999969482422,30.940000534057617,30.959999084472656,1302000,30.514602661132812
3/11/2019,30.889999389648438,31.200000762939453,30.739999771118164,31.200000762939453,1054400,30.75115203857422
3/8/2019,30.670000076293945,30.874000549316406,30.290000915527344,30.6200008392334,1026300,30.17949676513672
3/7/2019,31.3799991607666,31.3799991607666,30.899999618530273,31,1352400,30.554027557373047
3/6/2019,31.5,31.799999237060547,31.3799991607666,31.3799991607666,1304000,30.928560256958008
3/5/2019,31.809999465942383,31.934999465942383,31.469999313354492,31.530000686645508,1246700,31.076404571533203
3/4/2019,31.649999618530273,31.799999237060547,31.260000228881836,31.780000686645508,1344900,31.32280731201172
3/1/2019,31.670000076293945,31.729999542236328,30.8799991607666,31.5,1832800,31.04683494567871
2/28/2019,31.5,32.18000030517578,31.1200008392334,31.239999771118164,3570600,30.79057502746582
2/27/2019,31.209999084472656,31.219999313354492,30.719999313354492,30.809999465942383,1583600,30.366762161254883
2/26/2019,31.709999084472656,31.829999923706055,31.350000381469727,31.360000610351562,1938100,30.908849716186523
2/25/2019,32.25,32.290000915527344,31.53499984741211,31.6299991607666,2474300,31.174964904785156
2/22/2019,31.68000030517578,32.04999923706055,31.229999542236328,32.029998779296875,2015000,31.569210052490234
2/21/2019,30.790000915527344,31.850000381469727,30.68000030517578,31.549999237060547,3549300,31.096115112304688
2/20/2019,30.06999969482422,30.959999084472656,29.915000915527344,30.850000381469727,3299400,30.406187057495117
2/19/2019,30.15999984741211,30.25,29.950000762939453,30.010000228881836,1448700,29.578271865844727
2/15/2019,30.010000228881836,30.290000915527344,29.829999923706055,30.270000457763672,1619400,29.834531784057617
2/14/2019,29.809999465942383,29.93000030517578,29.475000381469727,29.81999969482422,1395700,29.39100456237793
2/13/2019,29.18000030517578,29.989999771118164,29.049999237060547,29.90999984741211,2308700,29.47970962524414
2/12/2019,29.43000030517578,29.6200008392334,29.020000457763672,29.079999923706055,1597000,28.661649703979492
2/11/2019,29.510000228881836,29.729999542236328,29.334999084472656,29.389999389648438,1780400,28.96718978881836
2/8/2019,29.65999984741211,29.950000762939453,29.420000076293945,29.479999542236328,1084200,29.05589485168457
2/7/2019,29.649999618530273,29.950000762939453,29.59000015258789,29.860000610351562,1405400,29.430429458618164
2/6/2019,30.270000457763672,30.389999389648438,29.770000457763672,29.799999237060547,1304600,29.371292114257812
2/5/2019,30.1299991607666,30.299999237060547,29.920000076293945,30.280000686645508,883200,29.84438705444336
2/4/2019,29.6299991607666,30.170000076293945,29.540000915527344,30.170000076293945,868300,29.73596954345703
2/1/2019,30.15999984741211,30.260000228881836,29.100000381469727,29.700000762939453,1528900,29.27273178100586
1/31/2019,29.639999389648438,30.100000381469727,29.459999084472656,30.06999969482422,1711600,29.637407302856445
1/30/2019,29.520000457763672,29.924999237060547,29.34000015258789,29.75,1339900,29.322011947631836
1/29/2019,29.06999969482422,29.350000381469727,29.059999465942383,29.329999923706055,1186900,28.908052444458008
1/28/2019,28.600000381469727,29.18000030517578,28.549999237060547,29.049999237060547,1510200,28.632080078125
1/25/2019,28.290000915527344,28.829999923706055,28.1200008392334,28.790000915527344,1284700,28.375822067260742
1/24/2019,28.049999237060547,28.204999923706055,27.899999618530273,28.06999969482422,929400,27.666179656982422
1/23/2019,28.239999771118164,28.329999923706055,27.850000381469727,28.040000915527344,1385800,27.636611938476562
1/22/2019,28.639999389648438,28.709999084472656,27.889999389648438,28.15999984741211,1279800,27.754884719848633
1/18/2019,28.719999313354492,28.8700008392334,28.489999771118164,28.700000762939453,1845600,28.28711700439453
1/17/2019,28.760000228881836,28.979999542236328,28.3799991607666,28.59000015258789,2008800,28.178699493408203
1/16/2019,28.579999923706055,29.09000015258789,28.576000213623047,28.959999084472656,1388500,28.54337501525879
1/15/2019,28.31999969482422,28.649999618530273,28.28499984741211,28.450000762939453,1322400,28.040714263916016
1/14/2019,28.25,28.440000534057617,28.024999618530273,28.25,1349700,27.843589782714844
1/11/2019,28.540000915527344,28.6200008392334,28.18000030517578,28.43000030517578,1222500,28.0210018157959
1/10/2019,28.200000762939453,28.709999084472656,28.06999969482422,28.479999542236328,2553500,28.070281982421875
1/9/2019,28.18000030517578,28.375,27.68000030517578,28.170000076293945,2357500,27.764741897583008
1/8/2019,27.059999465942383,27.969999313354492,26.899999618530273,27.950000762939453,2131800,27.54790687561035
1/7/2019,26.3799991607666,26.950000762939453,26.28499984741211,26.719999313354492,1771000,26.335599899291992
1/4/2019,25.950000762939453,26.469999313354492,25.770000457763672,26.270000457763672,1437600,25.89207649230957
1/3/2019,25.459999084472656,26.030000686645508,25.30500030517578,25.579999923706055,1417200,25.21200180053711
1/2/2019,25.610000610351562,25.829999923706055,25.299999237060547,25.559999465942383,1169400,25.192289352416992
12/31/2018,25.959999084472656,25.979999542236328,25.540000915527344,25.979999542236328,1234700,25.606246948242188
12/28/2018,25.850000381469727,26.149999618530273,25.489999771118164,25.81999969482422,1651800,25.448549270629883
12/27/2018,26.40999984741211,26.71500015258789,25.75,26.700000762939453,1917300,25.625959396362305
12/26/2018,25.639999389648438,26.670000076293945,25.34000015258789,26.649999618530273,1247300,25.577970504760742
12/24/2018,26.290000915527344,26.510000228881836,25.56999969482422,25.610000610351562,629200,24.57980728149414
12/21/2018,26.709999084472656,27.030000686645508,26.2450008392334,26.450000762939453,3254600,25.386016845703125
12/20/2018,27.350000381469727,27.3700008392334,26.399999618530273,26.700000762939453,2375300,25.625959396362305
12/19/2018,27.979999542236328,28.3700008392334,27.420000076293945,27.549999237060547,1971600,26.4417667388916
12/18/2018,27.84000015258789,28.190000534057617,27.790000915527344,28.030000686645508,1460200,26.9024600982666
12/17/2018,28.850000381469727,28.850000381469727,27.450000762939453,27.6299991607666,2007100,26.5185489654541
12/14/2018,28.600000381469727,28.989999771118164,28.56999969482422,28.850000381469727,2563200,27.68947410583496
12/13/2018,29.360000610351562,29.969999313354492,28.610000610351562,28.690000534057617,2534000,27.53590965270996
12/12/2018,29.40999984741211,29.889999389648438,29.260000228881836,29.290000915527344,1677600,28.111774444580078
12/11/2018,29.899999618530273,30.149999618530273,29.190000534057617,29.190000534057617,1180100,28.015796661376953
12/10/2018,30.09000015258789,30.139999389648438,29.440000534057617,29.739999771118164,1610800,28.543670654296875
12/7/2018,30.6299991607666,30.770000457763672,30.15999984741211,30.15999984741211,1239800,28.946775436401367
12/6/2018,30.049999237060547,30.75,29.84000015258789,30.670000076293945,2183300,29.436262130737305
12/4/2018,31.290000915527344,31.329999923706055,30.299999237060547,30.299999237060547,2289100,29.081144332885742
12/3/2018,30.920000076293945,31.329999923706055,30.614999771118164,31.329999923706055,1227800,30.069711685180664
11/30/2018,30.68000030517578,30.854999542236328,30.299999237060547,30.81999969482422,2451300,29.58022689819336
11/29/2018,30.65999984741211,30.8700008392334,30.34000015258789,30.579999923706055,1862700,29.34988021850586
11/28/2018,30.350000381469727,30.739999771118164,29.989999771118164,30.690000534057617,1456000,29.45545768737793
11/27/2018,30.479999542236328,30.639999389648438,30.270000457763672,30.3799991607666,1954400,29.157926559448242
11/26/2018,30.420000076293945,30.65999984741211,30.260000228881836,30.649999618530273,1561800,29.417064666748047
11/23/2018,30.200000762939453,30.440000534057617,29.899999618530273,30.200000762939453,677400,28.98516845703125
11/21/2018,30.670000076293945,30.8799991607666,30.34000015258789,30.34000015258789,1241800,29.119537353515625
11/20/2018,30.540000915527344,30.905000686645508,30.415000915527344,30.700000762939453,1495400,29.465055465698242
11/19/2018,30.780000686645508,30.84000015258789,30.450000762939453,30.6299991607666,1693200,29.397869110107422
11/16/2018,30.809999465942383,31.030000686645508,30.344999313354492,30.729999542236328,1672500,29.493846893310547
11/15/2018,30.770000457763672,30.969999313354492,30.43000030517578,30.899999618530273,2091400,29.65700912475586
11/14/2018,31.329999923706055,31.350000381469727,30.56999969482422,31.040000915527344,1659100,29.791378021240234
11/13/2018,30.809999465942383,31.170000076293945,30.6200008392334,31.059999465942383,1541000,29.81057357788086
11/12/2018,30.850000381469727,31.110000610351562,30.625,30.690000534057617,1839000,29.45545768737793
11/9/2018,30.799999237060547,30.895000457763672,30.549999237060547,30.850000381469727,1494300,29.60902214050293
11/8/2018,30.829999923706055,31.09000015258789,30.549999237060547,30.8700008392334,2042200,29.628217697143555
11/7/2018,29.84000015258789,30.8700008392334,29.84000015258789,30.850000381469727,2285100,29.60902214050293
11/6/2018,29.959999084472656,30.239999771118164,29.209999084472656,29.649999618530273,2788700,28.457292556762695
11/5/2018,29.399999618530273,30.174999237060547,29.399999618530273,30.020000457763672,1875000,28.812408447265625
11/2/2018,29.920000076293945,30.6299991607666,28.229999542236328,29.420000076293945,2900400,28.23654556274414
11/1/2018,29.100000381469727,29.770000457763672,28.899999618530273,29.670000076293945,2386700,28.47648811340332
10/31/2018,28.8799991607666,29.690000534057617,28.700000762939453,29.06999969482422,3390800,27.900623321533203
10/30/2018,28.489999771118164,28.940000534057617,28.420000076293945,28.729999542236328,1611700,27.57430076599121
10/29/2018,28.6200008392334,28.899999618530273,28.229999542236328,28.459999084472656,1608000,27.31515884399414
10/26/2018,28.65999984741211,28.65999984741211,27.90999984741211,28.399999618530273,1932000,27.2575740814209
10/25/2018,28.729999542236328,29.049999237060547,28.530000686645508,28.790000915527344,2248200,27.631887435913086
10/24/2018,29.110000610351562,29.135000228881836,28.530000686645508,28.600000381469727,3238200,27.44952964782715
10/23/2018,29.06999969482422,29.190000534057617,28.735000610351562,29.09000015258789,2473800,27.919818878173828
10/22/2018,29.479999542236328,29.540000915527344,29.110000610351562,29.270000457763672,2109800,28.092578887939453
10/19/2018,29.309999465942383,29.799999237060547,29.139999389648438,29.43000030517578,2204200,28.24614143371582
10/18/2018,29.649999618530273,29.75,29.15999984741211,29.290000915527344,1760600,28.111774444580078
10/17/2018,29.8799991607666,29.90999984741211,29.274999618530273,29.65999984741211,1667500,28.466888427734375
10/16/2018,29.510000228881836,29.899999618530273,29.209999084472656,29.850000381469727,3752200,28.649246215820312
10/15/2018,29.25,29.59000015258789,29.010000228881836,29.309999465942383,2350100,28.13096809387207
10/12/2018,29.90999984741211,29.93000030517578,29.059999465942383,29.350000381469727,2650900,28.169361114501953
10/11/2018,30.790000915527344,30.84000015258789,29.299999237060547,29.559999465942383,2469900,28.370912551879883
10/10/2018,31.110000610351562,31.34000015258789,30.440000534057617,30.459999084472656,1643300,29.23470687866211
10/9/2018,31.489999771118164,31.704999923706055,30.93000030517578,31,1441200,29.75298500061035
10/8/2018,31.079999923706055,31.65999984741211,31.079999923706055,31.540000915527344,1609400,30.27126693725586
10/5/2018,31.100000381469727,31.270000457763672,30.8799991607666,31.030000686645508,1546000,29.781780242919922
10/4/2018,32.11000061035156,32.11000061035156,31.06999969482422,31.139999389648438,1730200,29.88735580444336
10/3/2018,32.06999969482422,32.290000915527344,31.889999389648438,32.16999816894531,1061600,30.87592124938965
10/2/2018,32.59000015258789,32.66999816894531,31.90999984741211,32.02000045776367,1015200,30.731956481933594
10/1/2018,32.880001068115234,32.97999954223633,32.619998931884766,32.63999938964844,1158300,31.32701301574707
9/28/2018,32.470001220703125,32.83000183105469,32.470001220703125,32.81999969482422,1406100,31.49977684020996
9/27/2018,32.18000030517578,32.54999923706055,32.029998779296875,32.470001220703125,1049700,31.163856506347656
9/26/2018,32.630001068115234,32.67499923706055,32.43000030517578,32.439998626708984,1276700,30.722354888916016
9/25/2018,32.56999969482422,33.03499984741211,32.505001068115234,32.59000015258789,1375000,30.864416122436523
9/24/2018,32.88999938964844,32.95500183105469,32.22999954223633,32.470001220703125,1717400,30.75077247619629
9/21/2018,33.0099983215332,33.33000183105469,32.880001068115234,32.88999938964844,2102600,31.14853286743164
9/20/2018,33.119998931884766,33.27000045776367,32.970001220703125,33.189998626708984,1147600,31.43264389038086
9/19/2018,33.68000030517578,33.7400016784668,33.005001068115234,33.060001373291016,1020500,31.309528350830078
9/18/2018,33.38999938964844,33.71500015258789,33.290000915527344,33.68000030517578,1206900,31.89670181274414
9/17/2018,33.720001220703125,33.72999954223633,33.15999984741211,33.34000015258789,1518000,31.574705123901367
9/14/2018,33.380001068115234,33.68000030517578,33.029998779296875,33.650001525878906,2166200,31.8682918548584
9/13/2018,33.36000061035156,33.810001373291016,33.27000045776367,33.40999984741211,1325000,31.641000747680664
9/12/2018,33.52000045776367,33.7400016784668,33.154998779296875,33.189998626708984,1713000,31.43264389038086
9/11/2018,33.400001525878906,33.65999984741211,33.25,33.54999923706055,1463500,31.77358627319336
9/10/2018,34.13999938964844,34.18000030517578,33.40999984741211,33.40999984741211,1135200,31.641000747680664
9/7/2018,33.84000015258789,34.27000045776367,33.56999969482422,34.0099983215332,1557800,32.209228515625
9/6/2018,33.70000076293945,33.869998931884766,33.56999969482422,33.81999969482422,1282500,32.02928924560547
9/5/2018,33.04999923706055,33.810001373291016,32.939998626708984,33.63999938964844,1341500,31.85881996154785
9/4/2018,33.290000915527344,33.474998474121094,32.869998931884766,33.09000015258789,1071900,31.337942123413086
8/31/2018,33.68000030517578,33.84000015258789,33.380001068115234,33.45000076293945,1097300,31.678884506225586
8/30/2018,33.68000030517578,33.959999084472656,33.41999816894531,33.709999084472656,881100,31.925111770629883
8/29/2018,33.47999954223633,33.9900016784668,33.459999084472656,33.65999984741211,1129600,31.87775993347168
8/28/2018,33.060001373291016,33.38999938964844,32.959999084472656,33.36000061035156,1112300,31.593647003173828
8/27/2018,32.66999816894531,32.994998931884766,32.650001525878906,32.9900016784668,1127700,31.243236541748047
8/24/2018,33.08000183105469,33.08000183105469,32.61000061035156,32.65999984741211,1341300,30.930709838867188
8/23/2018,33.349998474121094,33.540000915527344,32.9900016784668,33.060001373291016,1044200,31.309528350830078
8/22/2018,33.13999938964844,33.39500045776367,33,33.31999969482422,1153600,31.555763244628906
8/21/2018,32.58000183105469,33.13999938964844,32.40999984741211,33.119998931884766,1448600,31.366352081298828
8/20/2018,32.560001373291016,32.88999938964844,32.40999984741211,32.52000045776367,1248700,30.79812240600586
8/17/2018,32.15999984741211,32.91999816894531,31.969999313354492,32.90999984741211,1906700,31.167470932006836
8/16/2018,32.220001220703125,32.625,32.150001525878906,32.34000015258789,1549600,30.627653121948242
8/15/2018,31.75,32.224998474121094,31.5,32.209999084472656,2770400,30.504535675048828
8/14/2018,31.56999969482422,32.220001220703125,31.559999465942383,31.850000381469727,2625800,30.163597106933594
8/13/2018,31.5,31.690000534057617,31.399999618530273,31.549999237060547,2424200,29.87948226928711
8/10/2018,31.3799991607666,31.790000915527344,31.350000381469727,31.530000686645508,1675400,29.86054229736328
8/9/2018,31.559999465942383,31.690000534057617,31.389999389648438,31.440000534057617,1452300,29.775306701660156
8/8/2018,32.349998474121094,32.439998626708984,31.65999984741211,31.690000534057617,1533400,30.012069702148438
8/7/2018,32.470001220703125,32.470001220703125,32.06999969482422,32.29999923706055,859500,30.58976936340332
8/6/2018,32.150001525878906,32.45000076293945,31.93000030517578,32.439998626708984,1239300,30.722354888916016
8/3/2018,32.61000061035156,32.849998474121094,31.979999542236328,32.08000183105469,1777000,30.38142204284668
8/2/2018,32.70000076293945,33.13999938964844,32.099998474121094,32.58000183105469,2873000,30.854949951171875
8/1/2018,31.149999618530273,31.989999771118164,31,31.969999313354492,1726400,30.27724266052246
7/31/2018,30.93000030517578,31.3799991607666,30.75,31.280000686645508,1583600,29.623779296875
7/30/2018,30.899999618530273,31.030000686645508,30.700000762939453,30.90999984741211,969400,29.273366928100586
7/27/2018,31.209999084472656,31.209999084472656,30.790000915527344,30.829999923706055,1239600,29.19760513305664
7/26/2018,31.049999237060547,31.475000381469727,30.899999618530273,31.079999923706055,1077100,29.434368133544922
7/25/2018,31.489999771118164,31.489999771118164,30.790000915527344,31.040000915527344,1767000,29.396488189697266
7/24/2018,31.790000915527344,31.889999389648438,31.229999542236328,31.469999313354492,1392100,29.80371856689453
7/23/2018,31.40999984741211,31.719999313354492,31.229999542236328,31.709999084472656,1350300,30.031009674072266
7/20/2018,31.389999389648438,31.440000534057617,31.09000015258789,31.270000457763672,530100,29.614307403564453
7/19/2018,31.040000915527344,31.6200008392334,30.989999771118164,31.5,1595100,29.832128524780273
7/18/2018,30.940000534057617,31.219999313354492,30.899999618530273,31.110000610351562,1088400,29.462779998779297
7/17/2018,31.049999237060547,31.139999389648438,30.780000686645508,30.950000762939453,783500,29.31125259399414
7/16/2018,31.270000457763672,31.459999084472656,30.861000061035156,31,1479100,29.35860252380371
7/13/2018,31.059999465942383,31.389999389648438,30.959999084472656,31.309999465942383,1319800,29.652189254760742
7/12/2018,30.90999984741211,30.969999313354492,30.510000228881836,30.959999084472656,1424900,29.320720672607422
7/11/2018,31.049999237060547,31.149999618530273,30.799999237060547,30.850000381469727,791400,29.2165470123291
7/10/2018,31.299999237060547,31.5,31.09000015258789,31.09000015258789,758800,29.443838119506836
7/9/2018,31.450000762939453,31.549999237060547,31.079999923706055,31.219999313354492,1014500,29.566953659057617
7/6/2018,31.190000534057617,31.43000030517578,31.1200008392334,31.31999969482422,1128500,29.66166114807129
7/5/2018,31.06999969482422,31.125,30.8799991607666,31.100000381469727,1532000,29.453310012817383
7/3/2018,30.5,31.149999618530273,30.459999084472656,31.010000228881836,1040900,29.368074417114258
7/2/2018,30.540000915527344,30.559999465942383,30.125,30.489999771118164,2013900,28.875606536865234
6/29/2018,29.920000076293945,30.709999084472656,29.770000457763672,30.6299991607666,2924200,29.008193969726562
6/28/2018,29.8799991607666,29.940000534057617,29.450000762939453,29.920000076293945,1772300,28.335786819458008
6/27/2018,30.760000228881836,30.790000915527344,30.559999465942383,30.649999618530273,1622300,28.619901657104492
6/26/2018,30.780000686645508,30.84000015258789,30.59600067138672,30.6299991607666,1423000,28.601226806640625
6/25/2018,30.989999771118164,31.030000686645508,30.59000015258789,30.729999542236328,1244800,28.694602966308594
6/22/2018,31.389999389648438,31.420000076293945,31.05500030517578,31.06999969482422,2710000,29.0120849609375
6/21/2018,31.18000030517578,31.309999465942383,30.94499969482422,31.309999465942383,1266400,29.236186981201172
6/20/2018,30.950000762939453,31.350000381469727,30.860000610351562,31.270000457763672,2067800,29.198837280273438
6/19/2018,30.709999084472656,30.950000762939453,30.459999084472656,30.8700008392334,1748200,28.82533073425293
6/18/2018,30.6299991607666,31.020000457763672,30.6200008392334,30.8700008392334,1761100,28.82533073425293
6/15/2018,30.75,30.760000228881836,30.510000228881836,30.760000228881836,2924600,28.722618103027344
6/14/2018,30.329999923706055,30.7450008392334,30.309999465942383,30.739999771118164,1427500,28.703943252563477
6/13/2018,30.68000030517578,30.739999771118164,30.149999618530273,30.149999618530273,2137100,28.15302085876465
6/12/2018,31,31.059999465942383,30.649999618530273,30.690000534057617,2140100,28.65725326538086
6/11/2018,31.030000686645508,31.239999771118164,30.559999465942383,30.959999084472656,2401200,28.90936851501465
6/8/2018,31.639999389648438,31.799999237060547,31.510000228881836,31.600000381469727,1810500,29.50697898864746
6/7/2018,31.989999771118164,32.029998779296875,31.40999984741211,31.709999084472656,2002400,29.60969352722168
6/6/2018,32.02000045776367,32.20000076293945,31.780000686645508,31.940000534057617,2770000,29.824460983276367
6/5/2018,32,32.33300018310547,31.905000686645508,32.0099983215332,1979200,29.88982391357422
6/4/2018,32.599998474121094,32.619998931884766,32.34000015258789,32.40999984741211,2777800,30.263330459594727
6/1/2018,32.41999816894531,32.483001708984375,32.09000015258789,32.43000030517578,1297400,30.282005310058594
5/31/2018,32.2599983215332,32.5099983215332,31.969999313354492,32.220001220703125,3042200,30.085914611816406
5/30/2018,31.600000381469727,32.119998931884766,31.600000381469727,32.0099983215332,940700,29.88982391357422
5/29/2018,31.260000228881836,31.639999389648438,31.149999618530273,31.559999465942383,2078300,29.469629287719727
5/25/2018,31.3799991607666,31.549999237060547,31.239999771118164,31.3799991607666,1392600,29.301549911499023
5/24/2018,31.34000015258789,31.610000610351562,31.239999771118164,31.450000762939453,2696800,29.36691665649414
5/23/2018,31.3700008392334,31.450000762939453,31.219999313354492,31.31999969482422,2164600,29.245527267456055
5/22/2018,31.3700008392334,31.729999542236328,31.149999618530273,31.420000076293945,2245500,29.338903427124023
5/21/2018,31.15999984741211,31.520000457763672,30.959999084472656,31.450000762939453,1798300,29.36691665649414
5/18/2018,30.540000915527344,30.979999542236328,30.3700008392334,30.940000534057617,2935800,28.890695571899414
5/17/2018,30.3799991607666,30.649999618530273,30.350000381469727,30.440000534057617,2719600,28.423812866210938
5/16/2018,30.540000915527344,30.709999084472656,30.3799991607666,30.3799991607666,2502700,28.367788314819336
5/15/2018,30.579999923706055,30.760000228881836,30.360000610351562,30.489999771118164,1571100,28.47049903869629
5/14/2018,30.56999969482422,30.84000015258789,30.40999984741211,30.81999969482422,1437900,28.778642654418945
5/11/2018,30.670000076293945,30.770000457763672,30.5049991607666,30.520000457763672,1118600,28.49851417541504
5/10/2018,30.329999923706055,30.780000686645508,30.270000457763672,30.600000381469727,1724200,28.57321548461914
5/9/2018,29.809999465942383,30.329999923706055,29.809999465942383,30.25,1739500,28.246395111083984
5/8/2018,29.850000381469727,29.959999084472656,29.71500015258789,29.799999237060547,1511700,27.826202392578125
5/7/2018,29.579999923706055,29.93000030517578,29.219999313354492,29.8700008392334,1761000,27.89156723022461
5/4/2018,29,29.3700008392334,28.77899932861328,29.309999465942383,2668900,27.368656158447266
5/3/2018,28.610000610351562,28.850000381469727,28.610000610351562,28.75,1906000,26.845746994018555
5/2/2018,28.709999084472656,28.825000762939453,28.450000762939453,28.579999923706055,1930800,26.687007904052734
5/1/2018,28.75,28.860000610351562,28.3700008392334,28.770000457763672,1758400,26.864423751831055
4/30/2018,29.110000610351562,29.18899917602539,28.709999084472656,28.780000686645508,1415700,26.873762130737305
4/27/2018,28.860000610351562,29.020000457763672,28.65999984741211,29,1002500,27.079191207885742
4/26/2018,28.790000915527344,28.905000686645508,28.6200008392334,28.780000686645508,1094400,26.873762130737305
4/25/2018,28.739999771118164,28.959999084472656,28.530000686645508,28.81999969482422,1654200,26.91111183166504
4/24/2018,28.780000686645508,28.809999465942383,28.420000076293945,28.549999237060547,1615500,26.658994674682617
4/23/2018,28.700000762939453,28.709999084472656,28.450000762939453,28.68000030517578,1300500,26.780385971069336
4/20/2018,28.549999237060547,28.649999618530273,28.459999084472656,28.600000381469727,1354400,26.705684661865234
4/19/2018,28.600000381469727,28.600000381469727,28.34000015258789,28.5,1822500,26.612308502197266
4/18/2018,28.540000915527344,28.690000534057617,28.2549991607666,28.59000015258789,1779900,26.696346282958984
4/17/2018,28.389999389648438,28.5,28.170000076293945,28.459999084472656,1837200,26.574954986572266
4/16/2018,28.079999923706055,28.3799991607666,27.8700008392334,28.260000228881836,2118700,26.38820457458496
4/13/2018,27.6200008392334,27.934999465942383,27.540000915527344,27.889999389648438,3712400,26.04271125793457
4/12/2018,26.8700008392334,27.575000762939453,26.579999923706055,27.43000030517578,3491500,25.613178253173828
4/11/2018,26.1299991607666,26.90999984741211,26.110000610351562,26.729999542236328,1996400,24.959543228149414
4/10/2018,26.489999771118164,26.65999984741211,26.020000457763672,26.18000030517578,2473900,24.445972442626953
4/9/2018,27.100000381469727,27.100000381469727,26.479999542236328,26.489999771118164,2342800,24.73543930053711
4/6/2018,27.100000381469727,27.280000686645508,26.739999771118164,26.8799991607666,1101500,25.099607467651367
4/5/2018,27.3799991607666,27.469999313354492,27.100000381469727,27.18000030517578,1417100,25.379737854003906
4/4/2018,27.079999923706055,27.3700008392334,27.03499984741211,27.34000015258789,1713700,25.529138565063477
4/3/2018,27.020000457763672,27.295000076293945,26.950000762939453,27.290000915527344,2034100,25.482452392578125
4/2/2018,27.049999237060547,27.100000381469727,26.68000030517578,26.950000762939453,1817400,25.164974212646484
3/29/2018,26.850000381469727,27.040000915527344,26.739999771118164,27.020000457763672,2032500,25.230335235595703
3/28/2018,26.389999389648438,26.850000381469727,26.290000915527344,26.790000915527344,2902000,25.01556968688965
3/27/2018,26.549999237060547,26.65999984741211,26.239999771118164,26.309999465942383,1197500,24.165842056274414
3/26/2018,26.309999465942383,26.739999771118164,26.260000228881836,26.549999237060547,2603100,24.38628578186035
3/23/2018,26.459999084472656,26.600000381469727,25.780000686645508,26.079999923706055,6037600,23.954586029052734
3/22/2018,26.59000015258789,26.959999084472656,26.360000610351562,26.3700008392334,1782000,24.2209529876709
3/21/2018,26.959999084472656,27.040000915527344,26.75,26.8700008392334,2478000,24.680206298828125
3/20/2018,27.030000686645508,27.299999237060547,26.8799991607666,26.940000534057617,1987500,24.744503021240234
3/19/2018,27.299999237060547,27.299999237060547,26.725000381469727,27.040000915527344,2464300,24.83635139465332
3/16/2018,27.1299991607666,27.3700008392334,26.860000610351562,27.309999465942383,4650500,25.0843448638916
3/15/2018,27.059999465942383,27.084999084472656,26.683000564575195,27.040000915527344,1903800,24.83635139465332
3/14/2018,27.040000915527344,27.06999969482422,26.649999618530273,27.040000915527344,2930100,24.83635139465332
3/13/2018,27,27.260000228881836,26.780000686645508,27.040000915527344,3499200,24.83635139465332
3/12/2018,27.09000015258789,27.389999389648438,26.8700008392334,27,3221300,24.799610137939453
3/9/2018,26.989999771118164,27.674999237060547,26.8700008392334,27,9637700,24.799610137939453
3/8/2018,26.799999237060547,27.19499969482422,26.530000686645508,26.940000534057617,4882800,24.744503021240234
3/7/2018,26.809999465942383,26.8799991607666,26.40999984741211,26.809999465942383,18264800,24.62509536743164
3/6/2018,25.18000030517578,26.18000030517578,25.030000686645508,26.149999618530273,4062100,24.018884658813477
3/5/2018,24.18000030517578,25.15999984741211,23.90999984741211,24.959999084472656,5273600,22.92586326599121
3/2/2018,25.520000457763672,25.59000015258789,24.229999542236328,24.420000076293945,3607800,22.429868698120117
3/1/2018,25.93000030517578,26.139999389648438,25.709999084472656,25.93000030517578,1500800,23.81681251525879
2/28/2018,26.290000915527344,26.40999984741211,25.989999771118164,25.989999771118164,2298300,23.87192153930664
2/27/2018,26.540000915527344,26.600000381469727,26.25,26.25,2074800,24.110733032226562
2/26/2018,26.65999984741211,26.69499969482422,26.389999389648438,26.540000915527344,1139600,24.377098083496094
2/23/2018,26.290000915527344,26.565000534057617,26.19499969482422,26.559999465942383,905900,24.395465850830078
2/22/2018,26.18000030517578,26.290000915527344,26,26.100000381469727,1266200,23.972957611083984
2/21/2018,26.270000457763672,26.610000610351562,25.93000030517578,26.059999465942383,1793900,23.936214447021484
2/20/2018,27.100000381469727,27.239999771118164,26.540000915527344,26.549999237060547,1375400,24.38628578186035
2/16/2018,27.06999969482422,27.3799991607666,27,27.18000030517578,794100,24.964942932128906
2/15/2018,27.479999542236328,27.530000686645508,26.899999618530273,27.1299991607666,1401400,24.919015884399414
2/14/2018,26.969999313354492,27.280000686645508,26.780000686645508,27.270000457763672,1758400,25.047607421875
2/13/2018,26.8799991607666,27.290000915527344,26.55500030517578,27.200000762939453,1925500,24.983312606811523
2/12/2018,27.360000610351562,27.469999313354492,26.200000762939453,27.079999923706055,2241800,24.873090744018555
2/9/2018,27,27.389999389648438,26.600000381469727,27.25,2711000,25.02923583984375
2/8/2018,27.639999389648438,27.68000030517578,26.719999313354492,26.75,2517100,24.569984436035156
2/7/2018,27.610000610351562,27.93000030517578,27.440000534057617,27.639999389648438,2369700,25.387453079223633
2/6/2018,26.510000228881836,27.719999313354492,26.25,27.649999618530273,2216400,25.396638870239258
2/5/2018,27.8799991607666,27.959999084472656,26.959999084472656,26.979999542236328,1680900,24.78124237060547
2/2/2018,28.600000381469727,28.690000534057617,27.920000076293945,28.010000228881836,1520800,25.7273006439209
2/1/2018,28.829999923706055,29.09000015258789,28.684999465942383,28.780000686645508,940000,26.43454933166504
1/31/2018,29.100000381469727,29.200000762939453,28.579999923706055,28.90999984741211,2062100,26.553953170776367
1/30/2018,29.350000381469727,29.43000030517578,28.809999465942383,28.940000534057617,2092900,26.58150863647461
1/29/2018,29.43000030517578,29.655000686645508,29.190000534057617,29.56999969482422,892600,27.160165786743164
1/26/2018,29.709999084472656,29.709999084472656,29.399999618530273,29.510000228881836,2092600,27.105056762695312
1/25/2018,29.75,29.84000015258789,29.520000457763672,29.579999923706055,1541900,27.169353485107422
1/24/2018,29.860000610351562,29.93000030517578,29.59000015258789,29.68000030517578,1214500,27.26120376586914
1/23/2018,29.420000076293945,29.84000015258789,29.270000457763672,29.799999237060547,1229000,27.371423721313477
1/22/2018,29.270000457763672,29.440000534057617,29.079999923706055,29.34000015258789,1545500,26.948911666870117
1/19/2018,29.030000686645508,29.399999618530273,28.950000762939453,29.18000030517578,1434300,26.801950454711914
1/18/2018,29.350000381469727,29.385000228881836,28.809999465942383,28.899999618530273,979200,26.544767379760742
1/17/2018,29.209999084472656,29.40999984741211,29.020000457763672,29.270000457763672,2028400,26.884614944458008
1/16/2018,29.09000015258789,29.3700008392334,29.010000228881836,29.049999237060547,1883300,26.682544708251953
1/12/2018,29.100000381469727,29.170000076293945,28.739999771118164,28.950000762939453,1246300,26.590694427490234
1/11/2018,28.90999984741211,29.209999084472656,28.65999984741211,29.09000015258789,1897900,26.71928596496582
1/10/2018,28.65999984741211,29.040000915527344,28.510000228881836,28.84000015258789,1710000,26.48965835571289
1/9/2018,28.719999313354492,28.735000610351562,28.489999771118164,28.709999084472656,1851400,26.370250701904297
1/8/2018,28.670000076293945,28.850000381469727,28.479999542236328,28.6200008392334,1113300,26.287588119506836
1/5/2018,28.700000762939453,28.780000686645508,28.459999084472656,28.690000534057617,1169900,26.351882934570312
1/4/2018,29.020000457763672,29.1200008392334,28.549999237060547,28.670000076293945,1402000,26.333513259887695
1/3/2018,28.84000015258789,29.260000228881836,28.81999969482422,28.940000534057617,1397700,26.58150863647461
1/2/2018,28.8700008392334,28.989999771118164,28.559999465942383,28.850000381469727,1294800,26.498844146728516
12/29/2017,28.969999313354492,29.13599967956543,28.75,28.75,950600,26.406991958618164
12/28/2017,28.6299991607666,28.90999984741211,28.565000534057617,28.90999984741211,904800,26.553953170776367
12/27/2017,29.309999465942383,29.389999389648438,29.139999389648438,29.149999618530273,1020600,26.269216537475586
12/26/2017,29.34000015258789,29.559999465942383,29.200000762939453,29.25,661400,26.359336853027344
12/22/2017,29.200000762939453,29.479000091552734,28.8799991607666,29.3700008392334,1081300,26.467477798461914
12/21/2017,29.530000686645508,29.690000534057617,29,29.049999237060547,1980500,26.17909812927246
12/20/2017,28.950000762939453,29.079999923706055,28.709999084472656,29,1714200,26.1340389251709
12/19/2017,29.399999618530273,29.479999542236328,28.8799991607666,28.899999618530273,2128800,26.043926239013672
12/18/2017,28.639999389648438,29.520000457763672,28.600000381469727,29.420000076293945,2129900,26.512537002563477
12/15/2017,28.760000228881836,28.899999618530273,28.469999313354492,28.530000686645508,3643700,25.71048927307129
12/14/2017,28.479999542236328,28.729999542236328,28.389999389648438,28.649999618530273,1967300,25.81863021850586
12/13/2017,28.329999923706055,28.690000534057617,28.290000915527344,28.31999969482422,1366300,25.521242141723633
12/12/2017,28.510000228881836,28.75,28.260000228881836,28.280000686645508,2227900,25.485197067260742
12/11/2017,28.43000030517578,28.610000610351562,28.299999237060547,28.3700008392334,1618300,25.566301345825195
12/8/2017,28.780000686645508,28.780000686645508,28.209999084472656,28.40999984741211,2284100,25.60235023498535
12/7/2017,28.510000228881836,28.700000762939453,28.3799991607666,28.450000762939453,2372100,25.638395309448242
12/6/2017,28.510000228881836,28.90999984741211,28.280000686645508,28.3799991607666,2003300,25.575313568115234
12/5/2017,28.700000762939453,28.94499969482422,28.6200008392334,28.799999237060547,1280000,25.953805923461914
12/4/2017,29.440000534057617,29.459999084472656,28.635000228881836,28.739999771118164,1803800,25.899736404418945
12/1/2017,29.200000762939453,29.270000457763672,28.524999618530273,28.809999465942383,983000,25.962820053100586
11/30/2017,28.959999084472656,29.399999618530273,28.594999313354492,29.200000762939453,2862800,26.31427764892578
11/29/2017,28.329999923706055,29.139999389648438,28.204999923706055,28.899999618530273,3333100,26.043926239013672
11/28/2017,28.729999542236328,28.729999542236328,27.829999923706055,28.1200008392334,3946000,25.34101104736328
11/27/2017,28.799999237060547,28.913000106811523,28.6299991607666,28.700000762939453,698900,25.863689422607422
11/24/2017,29.18000030517578,29.219999313354492,28.809999465942383,28.81999969482422,292100,25.971830368041992
11/22/2017,29.1299991607666,29.260000228881836,28.93000030517578,29.079999923706055,648800,26.206132888793945
11/21/2017,28.600000381469727,29.260000228881836,28.530000686645508,29.139999389648438,1158600,26.26020622253418
11/20/2017,28.350000381469727,28.719999313354492,28.040000915527344,28.670000076293945,1290800,25.836654663085938
11/17/2017,28.959999084472656,29.1299991607666,28.860000610351562,28.920000076293945,978000,26.061948776245117
11/16/2017,28.489999771118164,28.950000762939453,28.440000534057617,28.920000076293945,1221700,26.061948776245117
11/15/2017,28.31999969482422,28.68000030517578,28.209999084472656,28.5,994200,25.683454513549805
11/14/2017,28.579999923706055,28.65999984741211,28.25,28.3799991607666,892600,25.575313568115234
11/13/2017,28.84000015258789,28.93000030517578,28.56999969482422,28.770000457763672,792500,25.926773071289062
11/10/2017,29.110000610351562,29.139999389648438,28.610000610351562,28.809999465942383,815200,25.962820053100586
11/9/2017,29.260000228881836,29.360000610351562,29.020000457763672,29.1200008392334,787700,26.242183685302734
11/8/2017,29.309999465942383,29.40999984741211,29.13800048828125,29.290000915527344,666000,26.395383834838867
11/7/2017,29.3799991607666,29.899999618530273,28.920000076293945,29.25,1576900,26.359336853027344
11/6/2017,29.1299991607666,29.31999969482422,29.100000381469727,29.260000228881836,1160200,26.36834716796875
11/3/2017,29.010000228881836,29.219999313354492,28.6200008392334,29.079999923706055,1717300,26.206132888793945
11/2/2017,28.81999969482422,29.170000076293945,28.530000686645508,29.049999237060547,1617200,26.17909812927246
11/1/2017,28.809999465942383,29.079999923706055,28.719999313354492,28.93000030517578,1093400,26.070959091186523
10/31/2017,28.229999542236328,28.84000015258789,28.100000381469727,28.790000915527344,2511500,25.944795608520508
10/30/2017,28.549999237060547,28.600000381469727,28.110000610351562,28.15999984741211,959900,25.377056121826172
10/27/2017,28.56999969482422,28.649999618530273,28.290000915527344,28.520000457763672,642900,25.701478958129883
10/26/2017,28.299999237060547,28.65999984741211,28.100000381469727,28.56999969482422,700400,25.746538162231445
10/25/2017,28.309999465942383,28.3700008392334,28.079999923706055,28.09000015258789,766800,25.313974380493164
10/24/2017,28.1299991607666,28.350000381469727,28.010000228881836,28.299999237060547,497600,25.503217697143555
10/23/2017,28.510000228881836,28.520000457763672,28.020000457763672,28.030000686645508,791400,25.259904861450195
10/20/2017,29.06999969482422,29.100000381469727,28.440000534057617,28.479999542236328,1408600,25.665430068969727
10/19/2017,28.700000762939453,29.09000015258789,28.610000610351562,28.969999313354492,977100,26.107006072998047
10/18/2017,28.59000015258789,28.84000015258789,28.540000915527344,28.739999771118164,678800,25.899736404418945
10/17/2017,28.709999084472656,28.799999237060547,28.469999313354492,28.59000015258789,1054800,25.76456069946289
10/16/2017,28.690000534057617,28.860000610351562,28.610000610351562,28.709999084472656,863400,25.872699737548828
10/13/2017,28.690000534057617,28.790000915527344,28.34000015258789,28.68000030517578,1135900,25.84566879272461
10/12/2017,28.049999237060547,28.739999771118164,27.8700008392334,28.549999237060547,1849400,25.728513717651367
10/11/2017,28.09000015258789,28.170000076293945,27.8700008392334,28.030000686645508,900300,25.259904861450195
10/10/2017,28.040000915527344,28.350000381469727,27.850000381469727,28,966600,25.232868194580078
10/9/2017,27.75,28.049999237060547,27.68000030517578,28.030000686645508,1141200,25.259904861450195
10/6/2017,27.56999969482422,27.799999237060547,27.450000762939453,27.739999771118164,899700,24.998559951782227
10/5/2017,27.5,27.709999084472656,27.43000030517578,27.6299991607666,942900,24.899431228637695
10/4/2017,27.190000534057617,27.5,27.049999237060547,27.440000534057617,925000,24.72821044921875
10/3/2017,27.489999771118164,27.530000686645508,26.899999618530273,27.190000534057617,1063600,24.50291633605957
10/2/2017,27.559999465942383,27.709999084472656,27.420000076293945,27.559999465942383,1389000,24.836353302001953
9/29/2017,27.489999771118164,27.729999542236328,27.360000610351562,27.559999465942383,1057900,24.836353302001953
9/28/2017,26.889999389648438,27.735000610351562,26.85099983215332,27.59000015258789,1841400,24.863388061523438
9/27/2017,27.709999084472656,27.770000457763672,27.170000076293945,27.350000381469727,1795100,24.259599685668945
9/26/2017,27.8799991607666,27.8799991607666,27.3700008392334,27.670000076293945,1802800,24.54344367980957
9/25/2017,27.540000915527344,28.06999969482422,27.540000915527344,27.81999969482422,1677400,24.67649269104004
9/22/2017,27.329999923706055,27.649999618530273,27.329999923706055,27.530000686645508,1485200,24.41926383972168
9/21/2017,27.280000686645508,27.459999084472656,27.139999389648438,27.280000686645508,1008200,24.197509765625
9/20/2017,26.860000610351562,27.3700008392334,26.860000610351562,27.31999969482422,1432600,24.23299217224121
9/19/2017,27.270000457763672,27.309999465942383,26.780000686645508,26.899999618530273,2186000,23.860450744628906
9/18/2017,27.450000762939453,27.450000762939453,27,27.190000534057617,1338600,24.117679595947266
9/15/2017,27.25,27.6200008392334,27.209999084472656,27.489999771118164,3585600,24.3837833404541
9/14/2017,27.389999389648438,27.56999969482422,27.290000915527344,27.420000076293945,1328400,24.321693420410156
9/13/2017,27.229999542236328,27.40999984741211,26.690000534057617,27.40999984741211,1871000,24.312820434570312
9/12/2017,27.1299991607666,27.270000457763672,26.940000534057617,27.209999084472656,1180900,24.135417938232422
9/11/2017,26.829999923706055,27.40999984741211,26.80500030517578,27.110000610351562,1966700,24.04671859741211
9/8/2017,26.540000915527344,26.7549991607666,26.3700008392334,26.6200008392334,697300,23.61208724975586
9/7/2017,26.670000076293945,26.68000030517578,26.15999984741211,26.559999465942383,839700,23.558866500854492
9/6/2017,26.18000030517578,26.6299991607666,26.18000030517578,26.549999237060547,1026100,23.549997329711914
9/5/2017,26.90999984741211,27.020000457763672,26.040000915527344,26.190000534057617,1206600,23.230676651000977
9/1/2017,26.700000762939453,27.1299991607666,26.65999984741211,26.889999389648438,1050000,23.85157585144043
8/31/2017,26.43000030517578,26.739999771118164,26.31999969482422,26.690000534057617,1960800,23.674179077148438
8/30/2017,25.899999618530273,26.399999618530273,25.8799991607666,26.299999237060547,1263600,23.328243255615234
8/29/2017,25.770000457763672,26.170000076293945,25.75,25.979999542236328,867400,23.044403076171875
8/28/2017,26.18000030517578,26.225000381469727,25.489999771118164,25.84000015258789,1607500,22.920223236083984
8/25/2017,25.93000030517578,26.219999313354492,25.8700008392334,26.100000381469727,567700,23.15084457397461
8/24/2017,25.940000534057617,26.040000915527344,25.850000381469727,25.940000534057617,1359500,23.008922576904297
8/23/2017,26.100000381469727,26.18000030517578,25.8799991607666,25.899999618530273,784000,22.97344207763672
8/22/2017,26.100000381469727,26.3700008392334,26.030000686645508,26.229999542236328,665700,23.26615333557129
8/21/2017,25.93000030517578,26.020000457763672,25.649999618530273,26.020000457763672,903300,23.079885482788086
8/18/2017,25.989999771118164,26.1299991607666,25.809999465942383,25.920000076293945,1146600,22.991182327270508
8/17/2017,26.399999618530273,26.440000534057617,25.954999923706055,25.979999542236328,1436200,23.044403076171875
8/16/2017,26.510000228881836,26.65999984741211,26.42300033569336,26.530000686645508,1092600,23.53225326538086
8/15/2017,26.3700008392334,26.3700008392334,26.18000030517578,26.3700008392334,999800,23.390336990356445
8/14/2017,26.149999618530273,26.450000762939453,26.1299991607666,26.360000610351562,919000,23.381465911865234
8/11/2017,25.760000228881836,26.1200008392334,25.760000228881836,26.100000381469727,940300,23.15084457397461
8/10/2017,25.8799991607666,26.020000457763672,25.729999542236328,25.969999313354492,1307300,23.03553581237793
8/9/2017,26.350000381469727,26.43000030517578,25.829999923706055,26.030000686645508,1517500,23.088756561279297
8/8/2017,26.65999984741211,26.729999542236328,26.190000534057617,26.25,1893400,23.283893585205078
8/7/2017,26.440000534057617,26.799999237060547,26.34000015258789,26.65999984741211,1415000,23.647567749023438
8/4/2017,26.010000228881836,26.670000076293945,25.8700008392334,26.440000534057617,1640300,23.452428817749023
8/3/2017,26.540000915527344,26.819000244140625,25.899999618530273,26.010000228881836,2764700,23.071014404296875
8/2/2017,27.100000381469727,27.114999771118164,26.450000762939453,26.6299991607666,1528300,23.620956420898438
8/1/2017,27.030000686645508,27.18000030517578,26.8700008392334,27.06999969482422,1990300,24.011240005493164
7/31/2017,26.829999923706055,27.014999389648438,26.809999465942383,26.93000030517578,2050100,23.88705825805664
7/28/2017,26.8799991607666,26.985000610351562,26.639999389648438,26.8799991607666,636400,23.842708587646484
7/27/2017,26.709999084472656,27.200000762939453,26.510000228881836,26.920000076293945,897500,23.878189086914062
7/26/2017,26.93000030517578,27.25,26.59000015258789,26.690000534057617,904400,23.674179077148438
7/25/2017,27.049999237060547,27.059999465942383,26.760000228881836,26.81999969482422,782700,23.789487838745117
7/24/2017,26.639999389648438,27.200000762939453,26.610000610351562,26.979999542236328,1551300,23.931407928466797
7/21/2017,26.469999313354492,26.75,26.469999313354492,26.6299991607666,1713000,23.620956420898438
7/20/2017,27.299999237060547,27.299999237060547,26.450000762939453,26.479999542236328,2249800,23.487905502319336
7/19/2017,27.31999969482422,27.43000030517578,27.049999237060547,27.239999771118164,1297600,24.16202735900879
7/18/2017,27.270000457763672,27.389999389648438,27.155000686645508,27.200000762939453,1636900,24.12655258178711
7/17/2017,26.809999465942383,27.56999969482422,26.670000076293945,27.229999542236328,2447600,24.153160095214844
7/14/2017,26.75,27.049999237060547,26.700000762939453,26.8700008392334,1259400,23.833837509155273
7/13/2017,27.079999923706055,27.229999542236328,26.579999923706055,26.729999542236328,1141200,23.70965576171875
7/12/2017,27.18000030517578,27.360000610351562,26.8799991607666,27,1034200,23.949146270751953
7/11/2017,26.8799991607666,27.149999618530273,26.770000457763672,27.010000228881836,1503900,23.958019256591797
7/10/2017,26.920000076293945,26.96500015258789,26.700000762939453,26.84000015258789,1732500,23.807228088378906
7/7/2017,26.770000457763672,27,26.6299991607666,26.850000381469727,2013400,23.81610107421875
7/6/2017,27.020000457763672,27.190000534057617,26.649999618530273,26.729999542236328,1877700,23.70965576171875
7/5/2017,27.530000686645508,27.540000915527344,26.989999771118164,27.020000457763672,2860600,23.966890335083008
7/3/2017,27.139999389648438,27.549999237060547,27,27.549999237060547,534300,24.437000274658203
6/30/2017,27.020000457763672,27.200000762939453,26.94499969482422,26.959999084472656,2170700,23.913667678833008
6/29/2017,27.149999618530273,27.229999542236328,26.93000030517578,26.979999542236328,3825800,23.931407928466797
6/28/2017,26.920000076293945,27.309999465942383,26.850000381469727,27.18000030517578,2371000,24.108810424804688
6/27/2017,27.329999923706055,27.725000381469727,27.309999465942383,27.34000015258789,2888400,23.86931800842285
6/26/2017,27.559999465942383,27.579999923706055,27.25,27.389999389648438,1839500,23.912973403930664
6/23/2017,27.3700008392334,27.510000228881836,27.0049991607666,27.489999771118164,4658500,24.00027847290039
6/22/2017,27.56999969482422,27.69499969482422,27.110000610351562,27.299999237060547,1810900,23.834392547607422
6/21/2017,27.709999084472656,27.899999618530273,27.219999313354492,27.559999465942383,2408200,24.061391830444336
6/20/2017,27.84000015258789,27.84000015258789,27.21500015258789,27.600000381469727,2074600,24.0963134765625
6/19/2017,27.899999618530273,28.010000228881836,27.479999542236328,27.799999237060547,2839200,24.270925521850586
6/16/2017,27.969999313354492,28.010000228881836,27.59000015258789,27.799999237060547,10265700,24.270925521850586
6/15/2017,27.8799991607666,27.959999084472656,27.360000610351562,27.770000457763672,2570900,24.244731903076172
6/14/2017,27.950000762939453,27.950000762939453,27.610000610351562,27.860000610351562,2076600,24.32330894470215
6/13/2017,27.760000228881836,28,27.520000457763672,27.84000015258789,2713000,24.305843353271484
6/12/2017,27.670000076293945,27.860000610351562,27.510000228881836,27.739999771118164,4033700,24.218538284301758
6/9/2017,26.950000762939453,27.399999618530273,26.899999618530273,27.290000915527344,1869700,23.825666427612305
6/8/2017,26.649999618530273,27.030000686645508,26.649999618530273,26.829999923706055,3633600,23.424060821533203
6/7/2017,27.1200008392334,27.229999542236328,26.780000686645508,26.979999542236328,1521900,23.555017471313477
6/6/2017,27.219999313354492,27.329999923706055,26.920000076293945,27.049999237060547,3922400,23.616130828857422
6/5/2017,27.31999969482422,27.75,27.110000610351562,27.239999771118164,3115800,23.78200912475586
6/2/2017,26.8799991607666,27.559999465942383,26.670000076293945,27.290000915527344,7296200,23.825666427612305
6/1/2017,25.6200008392334,26.389999389648438,25.6200008392334,26.06999969482422,1756200,22.76053810119629
5/31/2017,25.760000228881836,25.889999389648438,25.30500030517578,25.739999771118164,1928400,22.472429275512695
5/30/2017,25.520000457763672,25.700000762939453,25.469999313354492,25.5,465500,22.262895584106445
5/26/2017,25.530000686645508,25.690000534057617,25.459999084472656,25.6200008392334,609400,22.367666244506836
5/25/2017,25.84000015258789,25.84000015258789,25.469999313354492,25.469999313354492,1019900,22.236705780029297
5/24/2017,25.770000457763672,26.010000228881836,25.68000030517578,25.770000457763672,958400,22.498620986938477
5/23/2017,25.6299991607666,26.200000762939453,25.524999618530273,25.690000534057617,1429700,22.42877769470215
5/22/2017,25.489999771118164,25.829999923706055,25.19499969482422,25.5,1153100,22.262895584106445
5/19/2017,25.440000534057617,25.489999771118164,25.15999984741211,25.360000610351562,953200,22.140670776367188
5/18/2017,25.100000381469727,25.469999313354492,24.649999618530273,25.440000534057617,1405100,22.210512161254883
5/17/2017,25.6200008392334,26.079999923706055,25.100000381469727,25.149999618530273,910300,21.95732879638672
5/16/2017,25.3700008392334,26,25.170000076293945,25.770000457763672,1997500,22.498620986938477
5/15/2017,25,25.399999618530273,24.93000030517578,25.389999389648438,1240300,22.166860580444336
5/12/2017,25.299999237060547,25.389999389648438,24.895000457763672,24.920000076293945,889800,21.756526947021484
5/11/2017,25.6200008392334,25.6200008392334,25.1200008392334,25.34000015258789,1543400,22.123210906982422
5/10/2017,25.719999313354492,25.93000030517578,25.459999084472656,25.610000610351562,1109200,22.35893440246582
5/9/2017,25.3799991607666,25.760000228881836,25.360000610351562,25.65999984741211,1727700,22.402584075927734
5/8/2017,26.15999984741211,26.31999969482422,25.25,25.31999969482422,1979900,22.10574722290039
5/5/2017,25.979999542236328,26.6200008392334,25.979999542236328,26.170000076293945,672600,22.84784507751465
5/4/2017,26.780000686645508,26.790000915527344,25.520000457763672,26.040000915527344,1320400,22.73434829711914
5/3/2017,26.209999084472656,26.530000686645508,26.020000457763672,26.1299991607666,1443300,22.81291961669922
5/2/2017,25.84000015258789,26.520000457763672,25.709999084472656,26.209999084472656,1266200,22.88276481628418
5/1/2017,25.700000762939453,25.8700008392334,25.510000228881836,25.75,1394400,22.481163024902344
4/28/2017,26.700000762939453,26.834999084472656,25.639999389648438,25.670000076293945,3945000,22.41131591796875
4/27/2017,26.829999923706055,26.969999313354492,26.56999969482422,26.790000915527344,1172200,23.389142990112305
4/26/2017,26.549999237060547,26.969999313354492,26.399999618530273,26.790000915527344,1548800,23.389142990112305
4/25/2017,26.670000076293945,26.809999465942383,26.479999542236328,26.610000610351562,1819100,23.23198699951172
4/24/2017,26.520000457763672,26.670000076293945,26.209999084472656,26.59000015258789,1008100,23.21452522277832
4/21/2017,26.65999984741211,26.75,26.399999618530273,26.43000030517578,725400,23.074838638305664
4/20/2017,26.68000030517578,26.709999084472656,26.360000610351562,26.5,1256700,23.135953903198242
4/19/2017,26.5,26.8700008392334,26.229999542236328,26.68000030517578,947700,23.29310417175293
4/18/2017,26.329999923706055,26.5,26.260000228881836,26.389999389648438,936900,23.039913177490234
4/17/2017,26.209999084472656,26.350000381469727,26.18000030517578,26.31999969482422,483600,22.97879981994629
4/13/2017,26.469999313354492,26.469999313354492,25.8799991607666,26.209999084472656,2229400,22.88276481628418
4/12/2017,26.3700008392334,26.6200008392334,26.15999984741211,26.3700008392334,918300,23.0224552154541
4/11/2017,26.450000762939453,26.479999542236328,26.290000915527344,26.440000534057617,1185800,23.08357048034668
4/10/2017,26.25,26.594999313354492,26.059999465942383,26.3799991607666,1445400,23.031185150146484
4/7/2017,26.209999084472656,26.43000030517578,25.8700008392334,26.43000030517578,1614300,23.074838638305664
4/6/2017,25.799999237060547,26.309999465942383,25.790000915527344,26.290000915527344,1298200,22.95261001586914
4/5/2017,26.18000030517578,26.290000915527344,25.829999923706055,25.829999923706055,1030300,22.551002502441406
4/4/2017,25.68000030517578,26.1299991607666,25.549999237060547,26.1299991607666,1290500,22.81291961669922
4/3/2017,25.579999923706055,26.030000686645508,25.549999237060547,25.780000686645508,1865700,22.507352828979492
3/31/2017,25.780000686645508,26.149999618530273,25.65999984741211,25.670000076293945,1743600,22.41131591796875
3/30/2017,25.56999969482422,25.989999771118164,25.549999237060547,25.709999084472656,2190000,22.44623565673828
3/29/2017,25.709999084472656,25.979999542236328,25.549999237060547,25.68000030517578,1909600,22.420047760009766
3/28/2017,26.15999984741211,26.350000381469727,25.809999465942383,26.139999389648438,1669000,22.446237564086914
3/27/2017,26,26.43000030517578,25.84000015258789,26.170000076293945,1236300,22.472002029418945
3/24/2017,26.15999984741211,26.649999618530273,26.020000457763672,26.219999313354492,602400,22.514934539794922
3/23/2017,26.18000030517578,26.520000457763672,26.079999923706055,26.25,717900,22.540695190429688
3/22/2017,26.100000381469727,26.239999771118164,25.700000762939453,26.170000076293945,1330800,22.472002029418945
3/21/2017,26.600000381469727,26.670000076293945,25.959999084472656,26.18000030517578,2533200,22.480588912963867
3/20/2017,26.530000686645508,26.530000686645508,26.25,26.450000762939453,877200,22.71243667602539
3/17/2017,26.540000915527344,26.905000686645508,26.510000228881836,26.6299991607666,2680700,22.86699676513672
3/16/2017,26.56999969482422,26.84000015258789,26.260000228881836,26.59000015258789,1014800,22.832651138305664
3/15/2017,25.940000534057617,26.70599937438965,25.799999237060547,26.459999084472656,1501600,22.721023559570312
3/14/2017,25.790000915527344,25.90999984741211,25.549999237060547,25.780000686645508,822700,22.137109756469727
3/13/2017,25.899999618530273,26.3799991607666,25.729999542236328,25.75,1476000,22.11134910583496
3/10/2017,26.06999969482422,26.420000076293945,25.540000915527344,26,1401900,22.326025009155273
3/9/2017,26.25,26.764999389648438,25.8799991607666,26.020000457763672,1026400,22.343198776245117
3/8/2017,26.3700008392334,26.719999313354492,26,26.260000228881836,1741200,22.54928207397461
3/7/2017,27.06999969482422,27.219999313354492,26.270000457763672,26.3700008392334,2221800,22.643739700317383
3/6/2017,26.899999618530273,27.420000076293945,26.75,27.100000381469727,2256900,23.27058219909668
3/3/2017,26.68000030517578,27.219999313354492,26.600000381469727,27.010000228881836,1869900,23.193302154541016
3/2/2017,26.030000686645508,27.299999237060547,26.030000686645508,26.799999237060547,2608000,23.012975692749023
3/1/2017,25.790000915527344,26.729999542236328,25.559999465942383,26.030000686645508,3424400,22.351783752441406
2/28/2017,25.920000076293945,26.020000457763672,25.399999618530273,25.540000915527344,1461800,21.93102264404297
2/27/2017,26.18000030517578,26.260000228881836,25.399999618530273,26,2743500,22.326025009155273
2/24/2017,26.170000076293945,26.170000076293945,25.770000457763672,25.920000076293945,2160600,22.257328033447266
2/23/2017,26.729999542236328,26.940000534057617,26.010000228881836,26.219999313354492,1478600,22.514934539794922
2/22/2017,27.020000457763672,27.200000762939453,26.399999618530273,26.729999542236328,1795400,22.952865600585938
2/21/2017,26.950000762939453,27.209999084472656,26.829999923706055,26.8799991607666,1981300,23.0816707611084
2/17/2017,27.610000610351562,27.790000915527344,26.829999923706055,27.020000457763672,1719800,23.20189094543457
2/16/2017,27.559999465942383,27.829999923706055,27.434999465942383,27.729999542236328,1492800,23.811559677124023
2/15/2017,27.549999237060547,27.799999237060547,27.469999313354492,27.709999084472656,1125200,23.794384002685547
2/14/2017,27.899999618530273,27.979999542236328,27.389999389648438,27.549999237060547,994700,23.656997680664062
2/13/2017,27.649999618530273,28.170000076293945,27.540000915527344,27.65999984741211,1409400,23.75145149230957
2/10/2017,27.639999389648438,27.639999389648438,26.950000762939453,27.34000015258789,1348800,23.476673126220703
2/9/2017,27.1200008392334,27.639999389648438,26.6200008392334,27.530000686645508,1433900,23.63982391357422
2/8/2017,26.59000015258789,27.1200008392334,26.59000015258789,27.1200008392334,1049700,23.287757873535156
2/7/2017,26.600000381469727,27.184999465942383,26.530000686645508,26.719999313354492,1776200,22.94428062438965
2/6/2017,26.899999618530273,27.059999465942383,26.56999969482422,26.600000381469727,950000,22.841236114501953
2/3/2017,26.65999984741211,27.1299991607666,26.56999969482422,26.969999313354492,1710900,23.158954620361328
2/2/2017,26.479999542236328,26.700000762939453,26.43000030517578,26.489999771118164,3335300,22.746782302856445
2/1/2017,27,27.270000457763672,26.34000015258789,26.479999542236328,3702700,22.738197326660156
1/31/2017,26.959999084472656,27.5,26.864999771118164,27.139999389648438,2722100,23.304931640625
1/30/2017,27.559999465942383,27.739999771118164,26.6299991607666,27.059999465942383,1735400,23.236236572265625
1/27/2017,27.639999389648438,27.8700008392334,26.989999771118164,27.770000457763672,2564600,23.845911026000977
1/26/2017,27.290000915527344,28.270000457763672,27.020000457763672,27.530000686645508,5501900,23.63982391357422
1/25/2017,26.829999923706055,27.3799991607666,26.764999389648438,27.229999542236328,2732800,23.382211685180664
1/24/2017,25.899999618530273,26.969999313354492,25.899999618530273,26.829999923706055,3897500,23.03873634338379
1/23/2017,25.90999984741211,26.190000534057617,25.899999618530273,26,2420300,22.326025009155273
1/20/2017,25.950000762939453,26.170000076293945,25.809999465942383,26.049999237060547,2785300,22.368955612182617
1/19/2017,26.059999465942383,26.200000762939453,25.770000457763672,26.010000228881836,3882300,22.334611892700195
1/18/2017,26.420000076293945,26.510000228881836,26.079999923706055,26.190000534057617,3334400,22.48917579650879
1/17/2017,26.110000610351562,27.170000076293945,26.094999313354492,26.350000381469727,4820700,22.626564025878906
1/13/2017,29.280000686645508,29.670000076293945,28.93000030517578,29.09000015258789,4180900,22.583633422851562
1/12/2017,29.299999237060547,29.68000030517578,28.799999237060547,29.18000030517578,6477300,22.653501510620117
1/11/2017,29.799999237060547,30.190000534057617,29.25,29.690000534057617,4210100,23.049434661865234
1/10/2017,29.329999923706055,29.93000030517578,29.020000457763672,29.219999313354492,6159000,22.684555053710938
1/9/2017,28.6200008392334,29.889999389648438,28.479999542236328,29.329999923706055,5017300,22.76995086669922
1/6/2017,28.610000610351562,29.25,28.450000762939453,28.8700008392334,6066600,22.4128360748291
1/5/2017,29.739999771118164,29.739999771118164,28.020000457763672,28.399999618530273,15787900,22.047958374023438
1/4/2017,30.209999084472656,30.739999771118164,29.290000915527344,29.899999618530273,33221800,23.212465286254883
