4/22/2019,35.09000015258789,35.560001373291016,34.5,35.52000045776367,1163100,35.52000045776367
4/18/2019,35.029998779296875,35.27000045776367,33.83000183105469,35.20000076293945,1479000,35.20000076293945
4/17/2019,36.220001220703125,36.220001220703125,34.90999984741211,35.2400016784668,2188800,35.2400016784668
4/16/2019,35.75,36.540000915527344,35.5,36.310001373291016,1427200,36.310001373291016
4/15/2019,35.650001525878906,36,35.15999984741211,35.52000045776367,907900,35.52000045776367
4/12/2019,35.9900016784668,36.15999984741211,35.29999923706055,35.689998626708984,1776700,35.689998626708984
4/11/2019,35.5099983215332,36,34.79999923706055,35.54999923706055,3388300,35.54999923706055
4/10/2019,34.93000030517578,36.52000045776367,34,35.22999954223633,9627300,35.22999954223633
4/9/2019,35.029998779296875,35.900001525878906,34.5,35.790000915527344,905300,35.790000915527344
4/8/2019,35.09000015258789,35.189998626708984,33.59000015258789,35.06999969482422,925900,35.06999969482422
4/5/2019,36.33000183105469,36.790000915527344,34.88999938964844,35.2400016784668,1693900,35.2400016784668
4/4/2019,38.779998779296875,39.130001068115234,36.20000076293945,37.099998474121094,692100,37.099998474121094
4/3/2019,38.810001373291016,39.70000076293945,38.369998931884766,38.83000183105469,647700,38.83000183105469
4/2/2019,38.060001373291016,38.83000183105469,37.380001068115234,38.45000076293945,840200,38.45000076293945
4/1/2019,40,40.630001068115234,37.849998474121094,38.04999923706055,992000,38.04999923706055
3/29/2019,39.560001373291016,40.20000076293945,39.130001068115234,39.36000061035156,466900,39.36000061035156
3/28/2019,40.150001525878906,41.15999984741211,39.060001373291016,39.650001525878906,459500,39.650001525878906
3/27/2019,40.93000030517578,40.9900016784668,37.91999816894531,40,435800,40
3/26/2019,41.099998474121094,41.7599983215332,40.16999816894531,40.630001068115234,535100,40.630001068115234
3/25/2019,38.66999816894531,40.97999954223633,38.27000045776367,40.470001220703125,643100,40.470001220703125
3/22/2019,40.209999084472656,40.650001525878906,38.38999938964844,38.970001220703125,527300,38.970001220703125
3/21/2019,38.20000076293945,41.16999816894531,38.119998931884766,40.45000076293945,507400,40.45000076293945
3/20/2019,38.72999954223633,39.47999954223633,36.470001220703125,38.310001373291016,556000,38.310001373291016
3/19/2019,39.279998779296875,39.7400016784668,38.20000076293945,38.72999954223633,363500,38.72999954223633
3/18/2019,40.77000045776367,41.20000076293945,38.2599983215332,39.099998474121094,811000,39.099998474121094
3/15/2019,41,41.41999816894531,39.43000030517578,40.4900016784668,826100,40.4900016784668
3/14/2019,38.79999923706055,40.810001373291016,38.630001068115234,40.68000030517578,696700,40.68000030517578
3/13/2019,39.459999084472656,39.689998626708984,38.08000183105469,38.880001068115234,515200,38.880001068115234
3/12/2019,38.790000915527344,39.83000183105469,38.4900016784668,39.18000030517578,309500,39.18000030517578
3/11/2019,37.88999938964844,39.34000015258789,37.54999923706055,38.72999954223633,576200,38.72999954223633
3/8/2019,35.79999923706055,37.38999938964844,35.619998931884766,37.25,321000,37.25
3/7/2019,37.189998626708984,37.560001373291016,36.130001068115234,36.560001373291016,425100,36.560001373291016
3/6/2019,38.849998474121094,38.93000030517578,37.20000076293945,37.29999923706055,507100,37.29999923706055
3/5/2019,38.36000061035156,39.2599983215332,38.130001068115234,38.779998779296875,247200,38.779998779296875
3/4/2019,40.279998779296875,40.5,37.880001068115234,38.36000061035156,676200,38.36000061035156
3/1/2019,37.86000061035156,40,37.11000061035156,39.83000183105469,887900,39.83000183105469
2/28/2019,38.83000183105469,39.689998626708984,37.279998779296875,37.5099983215332,728500,37.5099983215332
2/27/2019,38.029998779296875,40.75,38.029998779296875,39.119998931884766,1096100,39.119998931884766
2/26/2019,36.709999084472656,38.86000061035156,35.58000183105469,38.029998779296875,686300,38.029998779296875
2/25/2019,38.0099983215332,39.65999984741211,35.7599983215332,36.83000183105469,2584500,36.83000183105469
2/22/2019,33.060001373291016,34.470001220703125,32.779998779296875,33.38999938964844,749500,33.38999938964844
2/21/2019,32.75,33.11000061035156,31.799999237060547,32.52000045776367,339900,32.52000045776367
2/20/2019,33,33.79999923706055,32.68000030517578,32.75,320000,32.75
2/19/2019,34.06999969482422,34.20000076293945,32.849998474121094,32.90999984741211,323400,32.90999984741211
2/15/2019,33.220001220703125,34.209999084472656,32.63999938964844,33.95000076293945,491500,33.95000076293945
2/14/2019,32.290000915527344,33.13999938964844,32.060001373291016,32.900001525878906,236700,32.900001525878906
2/13/2019,32.93000030517578,33.33000183105469,31.93000030517578,32.470001220703125,159200,32.470001220703125
2/12/2019,31.719999313354492,32.91999816894531,31.65999984741211,32.72999954223633,357900,32.72999954223633
2/11/2019,31.920000076293945,32.72999954223633,31.06999969482422,31.260000228881836,319000,31.260000228881836
2/8/2019,30.600000381469727,32.08000183105469,29.899999618530273,31.760000228881836,515400,31.760000228881836
2/7/2019,31.239999771118164,31.59000015258789,30.479999542236328,31.3700008392334,260900,31.3700008392334
2/6/2019,32.060001373291016,32.630001068115234,30.790000915527344,31.5,285900,31.5
2/5/2019,31.200000762939453,33.13999938964844,30.979999542236328,32.040000915527344,558100,32.040000915527344
2/4/2019,31,31.93000030517578,30.690000534057617,30.969999313354492,350200,30.969999313354492
2/1/2019,31.440000534057617,31.610000610351562,30.43000030517578,30.989999771118164,238300,30.989999771118164
1/31/2019,30.270000457763672,31.75,30.200000762939453,31.389999389648438,259700,31.389999389648438
1/30/2019,29.860000610351562,30.700000762939453,29.399999618530273,30.200000762939453,227800,30.200000762939453
1/29/2019,31.06999969482422,31.229999542236328,29.56999969482422,29.68000030517578,278600,29.68000030517578
1/28/2019,31.450000762939453,31.610000610351562,30.139999389648438,30.75,517000,30.75
1/25/2019,30.329999923706055,31.850000381469727,29.950000762939453,31.799999237060547,515200,31.799999237060547
1/24/2019,30.020000457763672,30.18000030517578,29.329999923706055,29.979999542236328,278100,29.979999542236328
1/23/2019,29.170000076293945,30.100000381469727,28.969999313354492,30,361800,30
1/22/2019,29.600000381469727,29.899999618530273,28.299999237060547,29.149999618530273,291300,29.149999618530273
1/18/2019,28.899999618530273,30.450000762939453,28.5,29.799999237060547,767200,29.799999237060547
1/17/2019,28.520000457763672,29.239999771118164,28.100000381469727,28.700000762939453,198900,28.700000762939453
1/16/2019,29.299999237060547,29.6299991607666,28.030000686645508,28.729999542236328,309300,28.729999542236328
1/15/2019,26.790000915527344,29.239999771118164,26.530000686645508,28.920000076293945,1010100,28.920000076293945
1/14/2019,28.34000015258789,28.450000762939453,26.25,26.360000610351562,776800,26.360000610351562
1/11/2019,27.709999084472656,28.850000381469727,27.350000381469727,28.549999237060547,373200,28.549999237060547
1/10/2019,27.700000762939453,28.09000015258789,27,27.899999618530273,186700,27.899999618530273
1/9/2019,27.329999923706055,28.139999389648438,27.18000030517578,27.799999237060547,331900,27.799999237060547
1/8/2019,26.299999237060547,27.459999084472656,26.170000076293945,27.200000762939453,355400,27.200000762939453
1/7/2019,24.3700008392334,26.299999237060547,24.25,26,522800,26
1/4/2019,24.34000015258789,24.899999618530273,23.780000686645508,24.100000381469727,434500,24.100000381469727
1/3/2019,25.59000015258789,25.809999465942383,23.829999923706055,24,472300,24
1/2/2019,26.149999618530273,26.459999084472656,25.1299991607666,25.90999984741211,718700,25.90999984741211
12/31/2018,27.299999237060547,27.989999771118164,26,26.540000915527344,713700,26.540000915527344
12/28/2018,27.149999618530273,27.459999084472656,26.010000228881836,27.170000076293945,292500,27.170000076293945
12/27/2018,25.940000534057617,27.1299991607666,25.34000015258789,27.040000915527344,242600,27.040000915527344
12/26/2018,24.690000534057617,26.420000076293945,24.56999969482422,26.229999542236328,247600,26.229999542236328
12/24/2018,24.510000228881836,24.610000610351562,23.649999618530273,24.40999984741211,101800,24.40999984741211
12/21/2018,25.170000076293945,25.170000076293945,23.969999313354492,24.6299991607666,2859300,24.6299991607666
12/20/2018,24.520000457763672,25.389999389648438,23.3700008392334,25.100000381469727,899300,25.100000381469727
12/19/2018,25.579999923706055,26.200000762939453,24.6299991607666,24.8799991607666,571100,24.8799991607666
12/18/2018,25.15999984741211,26.239999771118164,24.940000534057617,25.770000457763672,407100,25.770000457763672
12/17/2018,27.739999771118164,27.739999771118164,24.809999465942383,25.139999389648438,778600,25.139999389648438
12/14/2018,26.270000457763672,28.110000610351562,25.780000686645508,27.899999618530273,448200,27.899999618530273
12/13/2018,25.8799991607666,27.360000610351562,25.8799991607666,26.75,479000,26.75
12/12/2018,25.90999984741211,26.59000015258789,24.860000610351562,25.670000076293945,717900,25.670000076293945
12/11/2018,27.8799991607666,28,25.209999084472656,25.5,658000,25.5
12/10/2018,27.440000534057617,28.200000762939453,26.200000762939453,27.299999237060547,525100,27.299999237060547
12/7/2018,28.850000381469727,29.219999313354492,27.479999542236328,27.530000686645508,646300,27.530000686645508
12/6/2018,27,29.149999618530273,26.6200008392334,28.829999923706055,651700,28.829999923706055
12/4/2018,27.719999313354492,28.059999465942383,26.780000686645508,27.65999984741211,556200,27.65999984741211
12/3/2018,28.549999237060547,29.700000762939453,26.549999237060547,27.959999084472656,818400,27.959999084472656
11/30/2018,26.049999237060547,28.329999923706055,25.489999771118164,28,518200,28
11/29/2018,24.68000030517578,26.649999618530273,24.420000076293945,26.139999389648438,435300,26.139999389648438
11/28/2018,24.229999542236328,25,20.790000915527344,25,1329400,25
11/27/2018,22.31999969482422,22.520000457763672,21.709999084472656,22.5,290600,22.5
11/26/2018,21.760000228881836,22.56999969482422,21.139999389648438,22.399999618530273,418900,22.399999618530273
11/23/2018,21,21.799999237060547,20.770000457763672,21.459999084472656,153400,21.459999084472656
11/21/2018,21.329999923706055,21.549999237060547,20.8700008392334,20.950000762939453,472700,20.950000762939453
11/20/2018,22.610000610351562,22.610000610351562,20.600000381469727,21,583300,21
11/19/2018,24.170000076293945,24.450000762939453,21.600000381469727,22.969999313354492,723400,22.969999313354492
11/16/2018,22.860000610351562,24.479999542236328,22.770000457763672,24.1299991607666,366400,24.1299991607666
11/15/2018,22.979999542236328,23.280000686645508,22.440000534057617,23.040000915527344,279000,23.040000915527344
11/14/2018,22.75,23.420000076293945,22.600000381469727,22.93000030517578,144800,22.93000030517578
11/13/2018,22.75,23.049999237060547,22.1299991607666,22.690000534057617,228200,22.690000534057617
11/12/2018,24.030000686645508,24.209999084472656,22.399999618530273,22.719999313354492,452300,22.719999313354492
11/9/2018,25.649999618530273,25.649999618530273,23.600000381469727,24.219999313354492,354000,24.219999313354492
11/8/2018,26.6299991607666,27.06999969482422,25.75,25.75,261400,25.75
11/7/2018,23.799999237060547,27.299999237060547,23.799999237060547,26.610000610351562,553100,26.610000610351562
11/6/2018,23.68000030517578,24.389999389648438,23.020000457763672,23.700000762939453,222400,23.700000762939453
11/5/2018,24.739999771118164,24.969999313354492,22.899999618530273,23.920000076293945,227300,23.920000076293945
11/2/2018,23.93000030517578,24.959999084472656,23.25,24.739999771118164,420100,24.739999771118164
11/1/2018,23.059999465942383,24.489999771118164,21.719999313354492,24.049999237060547,436200,24.049999237060547
10/31/2018,23,23.600000381469727,22.31999969482422,23,383700,23
10/30/2018,22.75,23.1299991607666,20.3700008392334,22.610000610351562,936700,22.610000610351562
10/29/2018,24.950000762939453,25.579999923706055,22.149999618530273,22.639999389648438,422500,22.639999389648438
10/26/2018,23.59000015258789,26.389999389648438,22.799999237060547,24.610000610351562,458700,24.610000610351562
10/25/2018,22.75,24.100000381469727,22.6299991607666,23.8700008392334,482400,23.8700008392334
10/24/2018,23.639999389648438,24.329999923706055,22.5,22.549999237060547,677600,22.549999237060547
10/23/2018,24.010000228881836,24.5,23.549999237060547,23.899999618530273,458800,23.899999618530273
10/22/2018,24.420000076293945,25.25,24.1299991607666,24.510000228881836,194900,24.510000228881836
10/19/2018,24.75,25.959999084472656,24.059999465942383,24.479999542236328,280100,24.479999542236328
10/18/2018,26.06999969482422,26.200000762939453,24.010000228881836,24.5,1639600,24.5
10/17/2018,22.760000228881836,26.969999313354492,22.75,25.43000030517578,1149900,25.43000030517578
10/16/2018,24.5,24.65999984741211,22.56999969482422,23.020000457763672,1297300,23.020000457763672
10/15/2018,23.1200008392334,24.5,22.18000030517578,24.299999237060547,1572200,24.299999237060547
10/12/2018,24.25,24.700000762939453,21.459999084472656,24.299999237060547,15086200,24.299999237060547
