4/22/2019,106.79000091552734,107.18000030517578,106.0199966430664,106.80999755859375,6407900,106.80999755859375
4/18/2019,108.36000061035156,108.44999694824219,105.08000183105469,107.36000061035156,10220700,107.36000061035156
4/17/2019,107.80500030517578,108.86000061035156,107.25,108.80999755859375,5353700,108.80999755859375
4/16/2019,108.80000305175781,108.80000305175781,107.58000183105469,108.19999694824219,3766100,108.19999694824219
4/15/2019,108.58000183105469,109,107.30999755859375,108.13999938964844,4480100,108.13999938964844
4/12/2019,107.02999877929688,108.54000091552734,106.41000366210938,108.4800033569336,6997700,108.4800033569336
4/11/2019,107.51000213623047,107.73999786376953,105.91000366210938,106.45999908447266,7681000,106.45999908447266
4/10/2019,107.1500015258789,107.7699966430664,106.38999938964844,107.51000213623047,6561800,107.51000213623047
4/9/2019,106.05999755859375,107.51000213623047,105.83000183105469,106.93000030517578,7217100,106.93000030517578
4/8/2019,105.66000366210938,107,104.66999816894531,106.56999969482422,9261800,106.56999969482422
4/5/2019,104.83999633789062,105.80000305175781,104.62000274658203,105.7300033569336,8573800,105.7300033569336
4/4/2019,104.69999694824219,104.97000122070312,102.6500015258789,104.45999908447266,7996800,104.45999908447266
4/3/2019,105.91000366210938,105.97000122070312,104.48999786376953,104.69000244140625,5442400,104.69000244140625
4/2/2019,105.76000213623047,105.76000213623047,104.66000366210938,105.2300033569336,4177400,105.2300033569336
4/1/2019,104.98999786376953,105.76000213623047,103.8499984741211,105.55000305175781,6157200,105.55000305175781
3/29/2019,104.5199966430664,104.69999694824219,103.45999908447266,103.83999633789062,5625500,103.83999633789062
3/28/2019,103.44999694824219,104.01000213623047,102.66999816894531,103.86000061035156,4459900,103.86000061035156
3/27/2019,103.19999694824219,104.16999816894531,101.73999786376953,103.06999969482422,5450200,103.06999969482422
3/26/2019,102.33999633789062,103.28500366210938,101.75,103.1500015258789,4498000,103.1500015258789
3/25/2019,100.94000244140625,102.18000030517578,100.51000213623047,101.55000305175781,5117700,101.55000305175781
3/22/2019,103.87000274658203,104,101.25,101.2699966430664,7195000,101.2699966430664
3/21/2019,102.1500015258789,104.55999755859375,102.08499908447266,104.1500015258789,7216700,104.1500015258789
3/20/2019,101.44999694824219,103.05000305175781,100.83999633789062,102.30999755859375,6462900,102.30999755859375
3/19/2019,100.5999984741211,101.68499755859375,100.5999984741211,101.54000091552734,6965100,101.54000091552734
3/18/2019,101.20999908447266,101.83000183105469,99.37000274658203,100.2699966430664,6454000,100.2699966430664
3/15/2019,99.4000015258789,101.26000213623047,99.33000183105469,100.7300033569336,10960900,100.7300033569336
3/14/2019,99.45999908447266,99.66999816894531,98.93000030517578,99.02999877929688,5414700,99.02999877929688
3/13/2019,98.19999694824219,100.58999633789062,98.13999938964844,99.30999755859375,9356600,99.30999755859375
3/12/2019,98,98.08000183105469,96.9000015258789,97.5,5624500,97.5
3/11/2019,96.01000213623047,97.56999969482422,95.9540023803711,97.44999694824219,5387500,97.44999694824219
3/8/2019,95.04000091552734,95.7699966430664,94.51000213623047,95.69000244140625,4577700,95.69000244140625
3/7/2019,96.16999816894531,96.75,95.30000305175781,96.20999908447266,6170100,96.20999908447266
3/6/2019,96.5199966430664,97.27999877929688,95.91000366210938,96.45999908447266,3226500,96.45999908447266
3/5/2019,96.6500015258789,97.13999938964844,96.1500015258789,96.52999877929688,6321900,96.52999877929688
3/4/2019,98.02999877929688,98.5,95.33999633789062,96.56999969482422,7855800,96.56999969482422
3/1/2019,98.91999816894531,99.44999694824219,98.33999633789062,98.80000305175781,5434000,98.80000305175781
2/28/2019,97.66000366210938,98.5250015258789,97.08000183105469,98.06999969482422,6151800,98.06999969482422
2/27/2019,96.11000061035156,98.04000091552734,95.93000030517578,97.86000061035156,5565400,97.86000061035156
2/26/2019,96.33999633789062,96.81999969482422,95.52999877929688,96.58999633789062,5906400,96.58999633789062
2/25/2019,96.06999969482422,97.30400085449219,96,96.69999694824219,7470700,96.69999694824219
2/22/2019,95.23999786376953,96,95.06999969482422,95.9800033569336,4898000,95.9800033569336
2/21/2019,94.72000122070312,95.51000213623047,94.33000183105469,94.95999908447266,6410000,94.95999908447266
2/20/2019,95,95.72000122070312,93.9800033569336,94.7300033569336,8154100,94.7300033569336
2/19/2019,94.44999694824219,95.30000305175781,94.05999755859375,95.0199966430664,8092400,95.0199966430664
2/15/2019,95,95.43000030517578,94.44999694824219,94.91000366210938,6080200,94.91000366210938
2/14/2019,93.6500015258789,94.98999786376953,93.0999984741211,94.41999816894531,6579200,94.41999816894531
2/13/2019,94.58999633789062,96.04000091552734,93.84400177001953,94.01000213623047,8577900,94.01000213623047
2/12/2019,93.44000244140625,94.51000213623047,93.19999694824219,94.37999725341797,7497000,94.37999725341797
2/11/2019,92.25,93.75,92.1500015258789,92.69000244140625,6455900,92.69000244140625
2/8/2019,90.0199966430664,91.91000366210938,90,91.87000274658203,7642100,91.87000274658203
2/7/2019,91.11000061035156,91.70999908447266,90.01000213623047,90.8499984741211,7283800,90.8499984741211
2/6/2019,90.80000305175781,92.29000091552734,90.19000244140625,92.25,5939400,92.25
2/5/2019,91.91000366210938,92.3499984741211,91.36000061035156,92.2699966430664,5591300,92.2699966430664
2/4/2019,89.87999725341797,92.12000274658203,89.70999908447266,91.66000366210938,7084500,91.66000366210938
2/1/2019,88.36000061035156,90.5,88.25,90.01000213623047,10514600,90.01000213623047
1/31/2019,89.0199966430664,90.08999633789062,86.62000274658203,88.76000213623047,23729900,88.76000213623047
1/30/2019,92.0199966430664,93.33999633789062,90.9000015258789,92.41999816894531,11622800,92.41999816894531
1/29/2019,92.33000183105469,92.8499984741211,90.56999969482422,91.12000274658203,6399900,91.12000274658203
1/28/2019,93.30000305175781,93.41999816894531,90.69000244140625,92.30000305175781,7361100,92.30000305175781
1/25/2019,93.05000305175781,94.58000183105469,92.69000244140625,94.27999877929688,11664300,94.27999877929688
1/24/2019,90.66999816894531,92.98999786376953,90.55000305175781,92.19999694824219,9749100,92.19999694824219
1/23/2019,90.73999786376953,91.16999816894531,89.56999969482422,90.5,5595700,90.5
1/22/2019,90.33000183105469,90.97000122070312,89.08999633789062,89.94000244140625,7890300,89.94000244140625
1/18/2019,91.3499984741211,91.44000244140625,89.77999877929688,91.12000274658203,11958400,91.12000274658203
1/17/2019,90.25,90.87000274658203,89.80999755859375,90.4000015258789,10254500,90.4000015258789
1/16/2019,91.72000122070312,92.3499984741211,90.20999908447266,90.55000305175781,8475000,90.55000305175781
1/15/2019,90.63999938964844,91.91000366210938,90.19000244140625,91.5999984741211,10377900,91.5999984741211
1/14/2019,89.95999908447266,90.80999755859375,89.55000305175781,90.43000030517578,6084700,90.43000030517578
1/11/2019,90.11000061035156,91.14399719238281,90.0999984741211,90.6500015258789,7398200,90.6500015258789
1/10/2019,89.0999984741211,90.79000091552734,87.91799926757812,90.69999694824219,7478100,90.69999694824219
1/9/2019,88.80999755859375,90.31500244140625,88.5,89.55000305175781,9578300,89.55000305175781
1/8/2019,88.11000061035156,88.8949966430664,87.69000244140625,88.69999694824219,8307600,88.69999694824219
1/7/2019,86.41999816894531,87.55000305175781,86.0199966430664,86.93000030517578,11094100,86.93000030517578
1/4/2019,83.70999908447266,86.91000366210938,83.37000274658203,86.2699966430664,9234800,86.2699966430664
1/3/2019,84.36000061035156,84.75,81.91000366210938,82.08999633789062,9637300,82.08999633789062
1/2/2019,82.37999725341797,86.19999694824219,82.23999786376953,85.75,10146200,85.75
12/31/2018,84.23999786376953,84.4800033569336,82.55000305175781,84.08999633789062,7247700,84.08999633789062
12/28/2018,85,85.2300033569336,82.33999633789062,83.26000213623047,6850400,83.26000213623047
12/27/2018,81.33000183105469,84.36000061035156,80.23999786376953,84.30999755859375,7849100,84.30999755859375
12/26/2018,77.69999694824219,82.80000305175781,77.6500015258789,82.80000305175781,10994700,82.80000305175781
12/24/2018,77.4800033569336,79.31999969482422,76.69999694824219,77.05999755859375,6800500,77.05999755859375
12/21/2018,82.80999755859375,83.7699966430664,77.69000244140625,78.13999938964844,17704900,78.13999938964844
12/20/2018,83.77999877929688,84.87000274658203,80.81999969482422,82.44000244140625,12532900,82.44000244140625
12/19/2018,85.62999725341797,87.80000305175781,82.93000030517578,84.02999877929688,11258400,84.02999877929688
12/18/2018,84.69999694824219,86.37000274658203,84.62000274658203,85.51000213623047,9573000,85.51000213623047
12/17/2018,85.69000244140625,86.30000305175781,83.35099792480469,84.0999984741211,8368100,84.0999984741211
12/14/2018,86.37999725341797,87.94000244140625,85.41999816894531,85.91999816894531,6869100,85.91999816894531
12/13/2018,87.7300033569336,88.70999908447266,86.41000366210938,87.55999755859375,8877300,87.55999755859375
12/12/2018,86.83999633789062,88.45999908447266,86.5,86.5,10306800,86.5
12/11/2018,86.01000213623047,86.9000015258789,84.55999755859375,85.51000213623047,8159100,85.51000213623047
12/10/2018,83.25,85.5,82.76000213623047,84.93000030517578,9348200,84.93000030517578
12/7/2018,84.95999908447266,85.98999786376953,81.97000122070312,82.7699966430664,8419500,82.7699966430664
12/6/2018,81.81999969482422,85.86000061035156,81.29000091552734,85.81999969482422,10197700,85.81999969482422
12/4/2018,87.23999786376953,88.47000122070312,84.0199966430664,84.19000244140625,8249900,84.19000244140625
12/3/2018,87.29000091552734,88.83999633789062,87.19000244140625,87.9800033569336,10822500,87.9800033569336
11/30/2018,84.38999938964844,85.86000061035156,83.66000366210938,85.80999755859375,11273300,85.80999755859375
11/29/2018,85.37000274658203,85.67500305175781,83.79000091552734,84.26000213623047,6516600,84.26000213623047
11/28/2018,82.2699966430664,86,81.94999694824219,85.9800033569336,9342000,85.9800033569336
11/27/2018,81,82,80.20500183105469,81.97000122070312,5335200,81.97000122070312
11/26/2018,78.97000122070312,80.9800033569336,78.86000061035156,80.86000061035156,9292900,80.86000061035156
11/23/2018,78.08999633789062,79.70999908447266,77.9000015258789,77.94999694824219,3066900,77.94999694824219
11/21/2018,79.08999633789062,79.88999938964844,77.63500213623047,79.12000274658203,8522900,79.12000274658203
11/20/2018,77,79.08000183105469,75.47000122070312,77.76000213623047,14202100,77.76000213623047
11/19/2018,84.7699966430664,85.19000244140625,79.9000015258789,80.12999725341797,11455300,80.12999725341797
11/16/2018,86,86.72000122070312,84.83000183105469,85.05999755859375,7581000,85.05999755859375
11/15/2018,83.79000091552734,87.08999633789062,83.5999984741211,86.73999786376953,10001200,86.73999786376953
11/14/2018,84.9800033569336,85.13999938964844,83.06999969482422,84.05000305175781,6678100,84.05000305175781
11/13/2018,84.12000274658203,85.22899627685547,83.16000366210938,83.77999877929688,4731300,83.77999877929688
11/12/2018,86.16999816894531,86.6500015258789,83.30000305175781,83.77999877929688,6278200,83.77999877929688
11/9/2018,88.44999694824219,88.44999694824219,85.55000305175781,86.76000213623047,9105900,86.76000213623047
11/8/2018,87.69999694824219,89.05999755859375,87.68000030517578,89.04000091552734,7539000,89.04000091552734
11/7/2018,85.86000061035156,88.48999786376953,85.7300033569336,88.2300033569336,8672000,88.2300033569336
11/6/2018,84.0999984741211,85.30999755859375,83.72000122070312,84.69000244140625,4662500,84.69000244140625
11/5/2018,83.33000183105469,84.25,82.25,84.05000305175781,4622300,84.05000305175781
11/2/2018,85.45999908447266,86.10399627685547,82.6500015258789,83.51000213623047,7014400,83.51000213623047
11/1/2018,84.18000030517578,85.1500015258789,83.56999969482422,85.04000091552734,5952600,85.04000091552734
10/31/2018,82.37000274658203,85.3499984741211,82.30000305175781,84.19000244140625,11191800,84.19000244140625
10/30/2018,80.33000183105469,81.95999908447266,79.41999816894531,80.9000015258789,13100800,80.9000015258789
10/29/2018,84.73999786376953,85.23999786376953,78.98999786376953,81.1500015258789,12918800,81.1500015258789
10/26/2018,83.22000122070312,85.66000366210938,82.18000030517578,83.37000274658203,13969400,83.37000274658203
10/25/2018,84.23999786376953,86.51000213623047,83.55999755859375,85.95999908447266,9267600,85.95999908447266
10/24/2018,87.04000091552734,87.69000244140625,83.01000213623047,83.08999633789062,14754600,83.08999633789062
10/23/2018,83.19999694824219,87.80000305175781,82.98999786376953,87.56999969482422,14753800,87.56999969482422
10/22/2018,84.86000061035156,86.2300033569336,83.57099914550781,85.43000030517578,11254800,85.43000030517578
10/19/2018,83.75,86.16999816894531,82.91999816894531,84.77999877929688,34211900,84.77999877929688
10/18/2018,80.16999816894531,80.44000244140625,77.36000061035156,77.4800033569336,19748500,77.4800033569336
10/17/2018,81.19000244140625,81.38999938964844,79.5,80.08999633789062,10022600,80.08999633789062
10/16/2018,78.8499984741211,80.91000366210938,78.45999908447266,80.61000061035156,10060000,80.61000061035156
10/15/2018,78.87999725341797,79.13999938964844,77.22000122070312,77.2300033569336,8481100,77.2300033569336
10/12/2018,79.12000274658203,79.5999984741211,77.79000091552734,79.02999877929688,14131400,79.02999877929688
10/11/2018,76.80999755859375,77.78500366210938,74.66000366210938,75.9000015258789,21006500,75.9000015258789
10/10/2018,79.61000061035156,79.91000366210938,75.31999969482422,75.44999694824219,16920300,75.44999694824219
10/9/2018,80.6500015258789,81.83999633789062,79.44000244140625,80.02999877929688,9332400,80.02999877929688
10/8/2018,82.62000274658203,82.88999938964844,78.6500015258789,80.55000305175781,16872200,80.55000305175781
10/5/2018,84.20999908447266,84.83999633789062,82.31999969482422,83.18000030517578,10735800,83.18000030517578
10/4/2018,86.38999938964844,86.5,83.54000091552734,84.33999633789062,9077900,84.33999633789062
10/3/2018,87.4000015258789,87.94999694824219,86.37000274658203,87.1500015258789,6625000,87.1500015258789
10/2/2018,87.2699966430664,87.3499984741211,85.83000183105469,86.68000030517578,6488200,86.68000030517578
10/1/2018,88.12999725341797,88.80000305175781,87.4000015258789,87.55000305175781,9260600,87.55000305175781
9/28/2018,88.79000091552734,89.04499816894531,87.5999984741211,87.83999633789062,7920600,87.83999633789062
9/27/2018,90.61000061035156,90.69999694824219,88.86000061035156,88.98999786376953,6996600,88.98999786376953
9/26/2018,90.33999633789062,90.93000030517578,89.69999694824219,89.8499984741211,5936200,89.8499984741211
9/25/2018,89.62000274658203,90.37999725341797,89.2750015258789,90.04000091552734,5953400,90.04000091552734
9/24/2018,89.94999694824219,90.26000213623047,88.26000213623047,89.62000274658203,8303100,89.62000274658203
9/21/2018,91.05000305175781,92,90.41999816894531,90.62000274658203,25379400,90.62000274658203
9/20/2018,89.83999633789062,90.77999877929688,89.18499755859375,90.5999984741211,6561700,90.5999984741211
9/19/2018,90.0999984741211,90.73999786376953,88.23799896240234,89.30999755859375,5495100,89.30999755859375
9/18/2018,88.70999908447266,90.08999633789062,88.70999908447266,89.72000122070312,5820700,89.72000122070312
9/17/2018,90.66000366210938,91.30000305175781,88.51000213623047,88.68000030517578,9293800,88.68000030517578
9/14/2018,92.25,92.68000030517578,90.68000030517578,90.77999877929688,9342800,90.77999877929688
9/13/2018,92.5999984741211,93.69999694824219,92.05999755859375,92.19000244140625,8308300,92.19000244140625
9/12/2018,91.52999877929688,92.45999908447266,90.20999908447266,92.4000015258789,7213500,92.4000015258789
9/11/2018,89.83000183105469,91.70999908447266,89.03500366210938,91.43000030517578,7321900,91.43000030517578
9/10/2018,89.43000030517578,89.98999786376953,88.55999755859375,89.80000305175781,5466000,89.80000305175781
9/7/2018,88.12999725341797,89.68000030517578,87.38999938964844,88.81999969482422,5679500,88.81999969482422
9/6/2018,89.18000030517578,89.55500030517578,88.05999755859375,89,6840300,89
9/5/2018,92.9800033569336,93,88.69999694824219,89.05000305175781,10202200,89.05000305175781
9/4/2018,91.94000244140625,93.44000244140625,91.62000274658203,93.06999969482422,6466700,93.06999969482422
8/31/2018,91.83999633789062,92.73999786376953,91.80000305175781,92.33000183105469,4874400,92.33000183105469
8/30/2018,92.29000091552734,93.01000213623047,91.70999908447266,92.08999633789062,7146600,92.08999633789062
8/29/2018,90.77999877929688,92.94000244140625,90.77999877929688,92.62000274658203,7841800,92.62000274658203
8/28/2018,90.0999984741211,90.8499984741211,89.68000030517578,90.61000061035156,4643800,90.61000061035156
8/27/2018,90.68000030517578,91.31999969482422,89.77999877929688,89.97000122070312,5466700,89.97000122070312
8/24/2018,87.94999694824219,90.12999725341797,87.94999694824219,90.0999984741211,7403900,90.0999984741211
8/23/2018,86.72000122070312,88.17500305175781,86.66999816894531,87.37999725341797,4310000,87.37999725341797
8/22/2018,86,87.16000366210938,85.62999725341797,86.94999694824219,4265900,86.94999694824219
8/21/2018,85.81999969482422,87.37999725341797,85.81999969482422,86.22000122070312,5389600,86.22000122070312
8/20/2018,85.73999786376953,86,84.9000015258789,85.75,4103000,85.75
8/17/2018,85.0999984741211,85.7699966430664,84.22000122070312,85.44999694824219,6245000,85.44999694824219
8/16/2018,85.8499984741211,85.9000015258789,84.87000274658203,85.31999969482422,5967200,85.31999969482422
8/15/2018,86.77999877929688,87.25,84.61000061035156,85.19000244140625,8742900,85.19000244140625
8/14/2018,87.37000274658203,87.83000183105469,86.4800033569336,87.7300033569336,6107400,87.7300033569336
8/13/2018,87.41999816894531,88.5,86.95999908447266,87.01000213623047,5977900,87.01000213623047
8/10/2018,86.55000305175781,88.02999877929688,86.01000213623047,87.01000213623047,5796500,87.01000213623047
8/9/2018,86.91000366210938,88.08999633789062,86.4800033569336,87.16999816894531,5498600,87.16999816894531
8/8/2018,86.2300033569336,87.09500122070312,85.86000061035156,86.73999786376953,3888900,86.73999786376953
8/7/2018,86.30000305175781,86.98999786376953,85.94999694824219,86.30000305175781,4951200,86.30000305175781
8/6/2018,85.19000244140625,86.0999984741211,84.9000015258789,85.7699966430664,5702500,85.7699966430664
8/3/2018,85.98999786376953,86.19999694824219,84.1500015258789,85.19000244140625,6216400,85.19000244140625
8/2/2018,82.94999694824219,85.58999633789062,82.8499984741211,85.52999877929688,8327200,85.52999877929688
8/1/2018,82.23999786376953,83.9800033569336,82.01000213623047,83.45999908447266,11160400,83.45999908447266
7/31/2018,82.51000213623047,83.31999969482422,81.30000305175781,82.13999938964844,13462200,82.13999938964844
7/30/2018,85.5,85.5,81.8499984741211,82.38999938964844,13501500,82.38999938964844
7/27/2018,89.5,90.27999877929688,84.75,85.45999908447266,14903400,85.45999908447266
7/26/2018,88.51000213623047,90.68000030517578,87.25,89.13999938964844,14505600,89.13999938964844
7/25/2018,91.12999725341797,92.3499984741211,91.01000213623047,91.37000274658203,11976800,91.37000274658203
7/24/2018,90.5999984741211,92.3499984741211,90.41300201416016,91.41000366210938,13369400,91.41000366210938
7/23/2018,87.13999938964844,89.5999984741211,85.81999969482422,89.23999786376953,11759700,89.23999786376953
7/20/2018,87.31999969482422,88,87.13999938964844,87.47000122070312,7541500,87.47000122070312
7/19/2018,88,88.58999633789062,87.16000366210938,87.37999725341797,5612900,87.37999725341797
7/18/2018,88.69999694824219,88.93000030517578,87.68000030517578,88.22000122070312,4797100,88.22000122070312
7/17/2018,87.25,88.72000122070312,86.58999633789062,88.58000183105469,5086100,88.58000183105469
7/16/2018,88.26000213623047,88.34100341796875,87.4800033569336,87.7699966430664,4452300,87.7699966430664
7/13/2018,89,89.0999984741211,86.83000183105469,87.98999786376953,6106400,87.98999786376953
7/12/2018,87.19999694824219,89.19000244140625,86.80000305175781,89.12999725341797,6912300,89.12999725341797
7/11/2018,85.47000122070312,86.86000061035156,85.06999969482422,86.25,4153200,86.25
7/10/2018,86.72000122070312,86.72000122070312,85.7699966430664,86.16999816894531,3723200,86.16999816894531
7/9/2018,86.5999984741211,86.9000015258789,85.3479995727539,86.2300033569336,5683500,86.2300033569336
7/6/2018,84.41000366210938,86,83.94000244140625,85.94000244140625,5095500,85.94000244140625
7/5/2018,83.63999938964844,84.63999938964844,83.30000305175781,84.58999633789062,5287700,84.58999633789062
7/3/2018,84.36000061035156,84.9000015258789,83.1500015258789,83.2699966430664,3644100,83.2699966430664
7/2/2018,82.75,83.95999908447266,82.06199645996094,83.88999938964844,4929400,83.88999938964844
6/29/2018,82.75,83.66000366210938,82.61000061035156,83.2699966430664,6817000,83.2699966430664
6/28/2018,80.38999938964844,82.83000183105469,80.16000366210938,82.4800033569336,7374500,82.4800033569336
6/27/2018,82.55000305175781,82.97000122070312,80.4530029296875,80.66999816894531,8974100,80.66999816894531
6/26/2018,82.68000030517578,83.20999908447266,81.7699966430664,82.31999969482422,6742200,82.31999969482422
6/25/2018,84.08000183105469,84.47000122070312,81.20999908447266,82.19000244140625,10780100,82.19000244140625
6/22/2018,86.31999969482422,86.55999755859375,84.61000061035156,85.12000274658203,7503400,85.12000274658203
6/21/2018,86.5,87.55000305175781,85.44999694824219,85.97000122070312,8101300,85.97000122070312
6/20/2018,84.86000061035156,86.97000122070312,84.81999969482422,85.94999694824219,9174900,85.94999694824219
6/19/2018,84.63999938964844,84.95999908447266,83.43000030517578,84.5199966430664,6245100,84.5199966430664
6/18/2018,84.83999633789062,86.19999694824219,84.44000244140625,85.8499984741211,5579400,85.8499984741211
6/15/2018,85.33000183105469,85.69000244140625,84.0999984741211,85.30999755859375,8710800,85.30999755859375
6/14/2018,85.5,86.29499816894531,85.20999908447266,85.61000061035156,6643400,85.61000061035156
6/13/2018,85.5,86,84.68000030517578,85.2699966430664,7510300,85.2699966430664
6/12/2018,83.93000030517578,86.19999694824219,83.875,85.0199966430664,9216900,85.0199966430664
6/11/2018,84.44999694824219,84.58999633789062,83.79000091552734,83.88999938964844,4870400,83.88999938964844
6/8/2018,83.2300033569336,84.48999786376953,83.1500015258789,84.33999633789062,7430900,84.33999633789062
6/7/2018,85.20999908447266,85.30000305175781,82.30999755859375,83.2699966430664,7838600,83.2699966430664
6/6/2018,85.05000305175781,85.61000061035156,84.5,85.20999908447266,7867200,85.20999908447266
6/5/2018,84.5,85.19999694824219,84.01000213623047,85.05000305175781,9033600,85.05000305175781
6/4/2018,83.2300033569336,84.80000305175781,82.7699966430664,84.56999969482422,7423700,84.56999969482422
6/1/2018,82.55000305175781,83.45999908447266,81.8499984741211,83.25,7092100,83.25
5/31/2018,81.80999755859375,82.83000183105469,81.55000305175781,82.06999969482422,8250100,82.06999969482422
5/30/2018,81.16100311279297,82.05999755859375,80.9000015258789,81.5999984741211,5516200,81.5999984741211
5/29/2018,80.70999908447266,81.33999633789062,80.19999694824219,80.7300033569336,6924200,80.7300033569336
5/25/2018,82.6500015258789,82.72000122070312,80.48999786376953,80.95999908447266,9471300,80.95999908447266
5/24/2018,80.91000366210938,83.05999755859375,79.66000366210938,81.55000305175781,11696800,81.55000305175781
5/23/2018,79.66000366210938,81.12000274658203,79.40499877929688,81.08000183105469,4955000,81.08000183105469
5/22/2018,81.38999938964844,81.61000061035156,80.27999877929688,80.62000274658203,5188300,80.62000274658203
5/21/2018,81.61000061035156,82.31999969482422,80.37000274658203,81.25,7882100,81.25
5/18/2018,79.9000015258789,81.94000244140625,79.82499694824219,80.79000091552734,14626900,80.79000091552734
5/17/2018,77.62999725341797,81.16000366210938,77.58999633789062,79.19000244140625,8329500,79.19000244140625
5/16/2018,77.5,78.54000091552734,77.27999877929688,77.81999969482422,5350200,77.81999969482422
5/15/2018,77.8499984741211,78.19999694824219,76.93000030517578,77.79000091552734,6173500,77.79000091552734
5/14/2018,79.13999938964844,79.6500015258789,78.44000244140625,78.80999755859375,5821200,78.80999755859375
5/11/2018,79.25,79.38999938964844,78.08000183105469,79.19999694824219,9871300,79.19999694824219
5/10/2018,77.38999938964844,79.25499725341797,77.25,79.19000244140625,11541400,79.19000244140625
5/9/2018,76.08000183105469,77.05000305175781,75.45999908447266,77.01000213623047,6230500,77.01000213623047
5/8/2018,74.62000274658203,75.94000244140625,74.44000244140625,75.72000122070312,6267200,75.72000122070312
5/7/2018,74.22000122070312,75.12000274658203,74.0999984741211,74.66999816894531,7583700,74.66999816894531
5/4/2018,73.19000244140625,74.44000244140625,72.2300033569336,73.98999786376953,7470800,73.98999786376953
5/3/2018,71.30000305175781,73.7699966430664,70.22000122070312,73.44999694824219,17310700,73.44999694824219
5/2/2018,75,75.70999908447266,71.20999908447266,71.7300033569336,17710700,71.7300033569336
5/1/2018,74.1500015258789,74.98999786376953,73.5999984741211,74.80999755859375,5660200,74.80999755859375
4/30/2018,74,75.01899719238281,73.69000244140625,74.61000061035156,9444400,74.61000061035156
4/27/2018,76.20999908447266,76.38999938964844,73.63500213623047,74.12999725341797,9794300,74.12999725341797
4/26/2018,76.31999969482422,77.62000274658203,75.48999786376953,76.02999877929688,13625300,76.02999877929688
4/25/2018,75.38999938964844,75.57499694824219,73.69999694824219,74,10681000,74
4/24/2018,78.9000015258789,79.4000015258789,75.08000183105469,75.27999877929688,9186600,75.27999877929688
4/23/2018,78.86000061035156,79.44999694824219,77.98999786376953,78.20999908447266,4038500,78.20999908447266
4/20/2018,79.22000122070312,79.87000274658203,78.30000305175781,78.7300033569336,6265300,78.7300033569336
4/19/2018,80.19999694824219,80.38999938964844,79.19000244140625,79.68000030517578,7122700,79.68000030517578
4/18/2018,80.0999984741211,80.88999938964844,79.31999969482422,80.33999633789062,5943700,80.33999633789062
4/17/2018,78.55000305175781,80.43000030517578,78.5,80.02999877929688,7135700,80.02999877929688
4/16/2018,77.87999725341797,78.5,77.19000244140625,77.80000305175781,5101400,77.80000305175781
4/13/2018,78,78.62999725341797,76.83000183105469,77.2699966430664,5909900,77.2699966430664
4/12/2018,76.80000305175781,77.98999786376953,76.61000061035156,77.45999908447266,5034800,77.45999908447266
4/11/2018,76.19999694824219,77.4000015258789,76.08000183105469,76.5,4581000,76.5
4/10/2018,76.51000213623047,77.30999755859375,75.80000305175781,76.79000091552734,5882500,76.79000091552734
4/9/2018,74.5999984741211,76.87999725341797,74.5999984741211,75.19000244140625,7328400,75.19000244140625
4/6/2018,75.5199966430664,76.4000015258789,73.69999694824219,73.86000061035156,8179100,73.86000061035156
4/5/2018,75.58999633789062,77.81999969482422,75.4800033569336,76.94999694824219,10015700,76.94999694824219
4/4/2018,73,75.05999755859375,72.5199966430664,74.77999877929688,8230800,74.77999877929688
4/3/2018,75.27999877929688,75.41000366210938,73.3499984741211,74.55999755859375,8886000,74.55999755859375
4/2/2018,75.2300033569336,76.30000305175781,74.01000213623047,75,11417700,75
3/29/2018,75.30999755859375,77.19999694824219,74.55000305175781,75.87000274658203,11064300,75.87000274658203
3/28/2018,75.69999694824219,76.75,74.73999786376953,75.05999755859375,14370300,75.05999755859375
3/27/2018,79.58999633789062,79.9000015258789,75.6500015258789,76.30999755859375,7980300,76.30999755859375
3/26/2018,77.9800033569336,79.16999816894531,77.02999877929688,78.94999694824219,8682600,78.94999694824219
3/23/2018,78.5,78.97000122070312,76.3499984741211,76.44000244140625,9569100,76.44000244140625
3/22/2018,79.80999755859375,80.12000274658203,78.45999908447266,78.55999755859375,9608400,78.55999755859375
3/21/2018,80.94000244140625,82.3499984741211,80.51000213623047,81.04000091552734,6757200,81.04000091552734
3/20/2018,80.18000030517578,81.19000244140625,80.05400085449219,80.86000061035156,7388100,80.86000061035156
3/19/2018,80.88999938964844,81.44000244140625,79.11000061035156,80.30000305175781,9028900,80.30000305175781
3/16/2018,82.80000305175781,83.2300033569336,81.2699966430664,82.16000366210938,8356200,82.16000366210938
3/15/2018,83.75,83.98999786376953,81.56999969482422,82.56999969482422,9082000,82.56999969482422
3/14/2018,80.73999786376953,83.5,80.63999938964844,83.30999755859375,14281100,83.30999755859375
3/13/2018,80.69000244140625,80.98999786376953,79.2699966430664,80.19999694824219,6414700,80.19999694824219
3/12/2018,80.75,81.16999816894531,80.3499984741211,80.5999984741211,6607600,80.5999984741211
3/9/2018,80.26000213623047,80.8499984741211,80.11000061035156,80.70999908447266,7667600,80.70999908447266
3/8/2018,79.8499984741211,80.48999786376953,79.52999877929688,79.87000274658203,6878600,79.87000274658203
3/7/2018,78.6500015258789,79.55500030517578,78.01000213623047,79.5199966430664,5546700,79.5199966430664
3/6/2018,79.33000183105469,79.94999694824219,78.8499984741211,79.2300033569336,7477800,79.2300033569336
3/5/2018,78.06999969482422,79.41999816894531,77.08999633789062,79.06999969482422,6653000,79.06999969482422
3/2/2018,77.5199966430664,79.11000061035156,76.93000030517578,78.87000274658203,9426200,78.87000274658203
3/1/2018,79.5999984741211,80.44000244140625,77.87999725341797,78.63999938964844,8443300,78.63999938964844
2/28/2018,79.9000015258789,82.16999816894531,79.38999938964844,79.41000366210938,10799500,79.41000366210938
2/27/2018,79.11000061035156,79.92900085449219,78.61000061035156,79.45999908447266,8862000,79.45999908447266
2/26/2018,80,80.05000305175781,78.9800033569336,79.3499984741211,7130700,79.3499984741211
2/23/2018,78.26000213623047,79.69999694824219,77.39099884033203,79.69000244140625,7520700,79.69000244140625
2/22/2018,76.80000305175781,78.37000274658203,76.7699966430664,77.69999694824219,6632300,77.69999694824219
2/21/2018,77.19999694824219,78.49600219726562,76.46499633789062,76.51000213623047,8260400,76.51000213623047
2/20/2018,77.69999694824219,78.54000091552734,76.66000366210938,77.05999755859375,6875400,77.05999755859375
2/16/2018,78.19999694824219,78.75,77.52999877929688,78.37000274658203,9758500,78.37000274658203
2/15/2018,78.01000213623047,78.30000305175781,76.58000183105469,78.29499816894531,9311000,78.29499816894531
2/14/2018,74.18000030517578,77.36000061035156,74.12999725341797,77.2699966430664,8955800,77.2699966430664
2/13/2018,74.80999755859375,75.5999984741211,74.55000305175781,74.97000122070312,7743600,74.97000122070312
2/12/2018,75.48999786376953,76.27999877929688,74.85199737548828,75.27999877929688,10419600,75.27999877929688
2/9/2018,73.13999938964844,75.2699966430664,71.62999725341797,74.75,14339400,74.75
2/8/2018,75.62999725341797,75.91000366210938,72.2699966430664,72.31999969482422,13665400,72.31999969482422
2/7/2018,75.3499984741211,77.58000183105469,74.94000244140625,75.58999633789062,11988000,75.58999633789062
2/6/2018,72.62999725341797,76.51499938964844,72.25,75.68000030517578,19739600,75.68000030517578
2/5/2018,75.94999694824219,78.9800033569336,74.68000030517578,74.70500183105469,18810600,74.70500183105469
2/2/2018,78.0999984741211,79.62000274658203,76.27999877929688,76.56999969482422,21979800,76.56999969482422
2/1/2018,79.94999694824219,80.94999694824219,76.69999694824219,78.4000015258789,44271600,78.4000015258789
1/31/2018,84.18000030517578,86.31999969482422,84.16000366210938,85.31999969482422,15221400,85.31999969482422
1/30/2018,83,84.16999816894531,82,83.77999877929688,7864500,83.77999877929688
1/29/2018,85.19999694824219,85.3499984741211,83.62000274658203,84.30999755859375,8198900,84.30999755859375
1/26/2018,84.45999908447266,85.48999786376953,84.04000091552734,85.44999694824219,7840300,85.44999694824219
1/25/2018,84,85.2699966430664,83.70999908447266,84.33999633789062,7268300,84.33999633789062
1/24/2018,84.5199966430664,85.29000091552734,82.70999908447266,83.70999908447266,8735700,83.70999908447266
1/23/2018,84.12000274658203,84.55000305175781,83.44999694824219,84.20999908447266,9736400,84.20999908447266
1/22/2018,84,84.20999908447266,83.22000122070312,83.9800033569336,7560500,83.9800033569336
1/19/2018,83.2300033569336,84.19000244140625,83.12799835205078,83.83999633789062,8783500,83.83999633789062
1/18/2018,82.43000030517578,83.44000244140625,81.61000061035156,82.94000244140625,7395100,82.94000244140625
1/17/2018,80.4000015258789,82.61000061035156,79.95999908447266,82.47000122070312,6997800,82.47000122070312
1/16/2018,80.94999694824219,81.80000305175781,79.94000244140625,80.41999816894531,9596600,80.41999816894531
1/12/2018,80,80.7699966430664,79.66000366210938,80.54000091552734,6891100,80.54000091552734
1/11/2018,79.44999694824219,79.87000274658203,78.91000366210938,79.75,6267500,79.75
1/10/2018,78.5,79.48500061035156,77.69999694824219,79.37000274658203,6248600,79.37000274658203
1/9/2018,80.0999984741211,80.38999938964844,78.5199966430664,79.19000244140625,9620400,79.19000244140625
1/8/2018,78.69999694824219,79.18000030517578,77.77300262451172,79.05000305175781,7963600,79.05000305175781
1/5/2018,77.11000061035156,78.93000030517578,77.01000213623047,78.69999694824219,11822100,78.69999694824219
1/4/2018,77.33000183105469,77.92900085449219,76.26000213623047,76.7300033569336,8650000,76.7300033569336
1/3/2018,74.30000305175781,76.8499984741211,74.05000305175781,76.75,9945400,76.75
1/2/2018,74.23500061035156,74.5,73.43000030517578,73.83999633789062,7296500,73.83999633789062
12/29/2017,73.91999816894531,74.52999877929688,73.58000183105469,73.62000274658203,4461500,73.62000274658203
12/28/2017,74.95999908447266,75,73.86000061035156,74.16999816894531,3810200,74.16999816894531
12/27/2017,74.25,74.93000030517578,74,74.58999633789062,4461500,74.58999633789062
12/26/2017,73.29000091552734,74.33999633789062,72.62999725341797,74.2699966430664,4919100,74.2699966430664
12/22/2017,73.80000305175781,74.04000091552734,72.9000015258789,73.88999938964844,3890200,73.88999938964844
12/21/2017,74.19000244140625,74.47000122070312,73.80000305175781,74.0199966430664,4763900,74.0199966430664
12/20/2017,74.63999938964844,74.9000015258789,73.76000213623047,74,6121300,74
12/19/2017,75.38999938964844,75.38999938964844,73.91000366210938,74.5,7753100,74.5
12/18/2017,76.30000305175781,76.3499984741211,75.19999694824219,75.31999969482422,8361100,75.31999969482422
12/15/2017,74.81999969482422,75.87000274658203,73.51000213623047,75.6500015258789,12543900,75.6500015258789
12/14/2017,74.5,75.52999877929688,74.19999694824219,74.26000213623047,7519600,74.26000213623047
12/13/2017,74.08000183105469,75.41999816894531,73.7699966430664,74.08999633789062,7196400,74.08999633789062
12/12/2017,73.44999694824219,74.30999755859375,73,73.62000274658203,6573500,73.62000274658203
12/11/2017,72.95999908447266,73.68000030517578,72.55999755859375,73.29000091552734,6421900,73.29000091552734
12/8/2017,74.70999908447266,74.70999908447266,72.5999984741211,72.91000366210938,8350400,72.91000366210938
12/7/2017,73.25,74.06900024414062,73.25,73.69000244140625,7937700,73.69000244140625
12/6/2017,70.88999938964844,73.19999694824219,70.83000183105469,73.13999938964844,9331400,73.13999938964844
12/5/2017,69.80999755859375,72.75,69.61000061035156,71.19999694824219,16634000,71.19999694824219
12/4/2017,75.58999633789062,75.74400329589844,68.61000061035156,70.97000122070312,26283600,70.97000122070312
12/1/2017,75.22000122070312,76.44000244140625,74.26000213623047,75.30000305175781,13387800,75.30000305175781
11/30/2017,73.7699966430664,75.87000274658203,73.54000091552734,75.7300033569336,15962000,75.7300033569336
11/29/2017,77.94999694824219,77.9800033569336,71.66999816894531,73.25,25202100,73.25
11/28/2017,77.94999694824219,78.2300033569336,77.24400329589844,77.79000091552734,8741500,77.79000091552734
11/27/2017,78.62999725341797,79.38500213623047,77.70999908447266,77.83999633789062,6780900,77.83999633789062
11/24/2017,77.80999755859375,78.9000015258789,77.69999694824219,78.56999969482422,4306600,78.56999969482422
11/22/2017,77.9000015258789,77.98999786376953,76.62000274658203,77.56999969482422,8073500,77.56999969482422
11/21/2017,77.08999633789062,78.43000030517578,76.8499984741211,77.7699966430664,10603100,77.7699966430664
11/20/2017,76.5999984741211,77.31999969482422,75.87999725341797,76.01000213623047,6841800,76.01000213623047
11/17/2017,78.01000213623047,78.01000213623047,75.80000305175781,76.37999725341797,11886700,76.37999725341797
11/16/2017,75.5,77.94000244140625,75.27999877929688,77.69999694824219,12856500,77.69999694824219
11/15/2017,74.30000305175781,74.4000015258789,73.18499755859375,73.43000030517578,6232500,73.43000030517578
11/14/2017,74.0999984741211,74.81999969482422,73.62000274658203,74.48999786376953,6281500,74.48999786376953
11/13/2017,73.61000061035156,74.29000091552734,73.33999633789062,74.02999877929688,5843600,74.02999877929688
11/10/2017,73.7699966430664,74.13999938964844,73.55999755859375,73.98999786376953,5714600,73.98999786376953
11/9/2017,74.0199966430664,74.19999694824219,72.41000366210938,74.0999984741211,8875500,74.0999984741211
11/8/2017,74,75,73.30999755859375,74.7699966430664,7593100,74.7699966430664
11/7/2017,75.16999816894531,75.44999694824219,74.19000244140625,74.41000366210938,7026600,74.41000366210938
11/6/2017,73.72000122070312,74.76000213623047,73.41999816894531,74.73999786376953,10118900,74.73999786376953
11/3/2017,72.37000274658203,73.41000366210938,71.94000244140625,73.38999938964844,6726400,73.38999938964844
11/2/2017,72.45999908447266,72.7760009765625,72.01000213623047,72.25,4535600,72.25
11/1/2017,72.77999877929688,72.98999786376953,71.69000244140625,72.37999725341797,6655600,72.37999725341797
10/31/2017,71.33999633789062,72.73999786376953,71.11000061035156,72.55999755859375,7555300,72.55999755859375
10/30/2017,71.44999694824219,71.54000091552734,70.52999877929688,71.1500015258789,7216000,71.1500015258789
10/27/2017,71.72000122070312,71.79000091552734,70.58000183105469,71.05999755859375,9256600,71.05999755859375
10/26/2017,71.45999908447266,72.06999969482422,71.04000091552734,71.33999633789062,8015100,71.33999633789062
10/25/2017,69.94000244140625,71.41999816894531,69.8499984741211,71.0199966430664,12755800,71.0199966430664
10/24/2017,69.7300033569336,70.56500244140625,69.66999816894531,70.20999908447266,12280400,70.20999908447266
10/23/2017,71.0199966430664,71.33000183105469,69.55000305175781,69.80000305175781,12232500,69.80000305175781
10/20/2017,71.33000183105469,71.7300033569336,69.69000244140625,70.97000122070312,34282800,70.97000122070312
10/19/2017,67.30000305175781,67.44999694824219,66.16000366210938,67.25,14546400,67.25
10/18/2017,67.4000015258789,67.5,67,67.26000213623047,7994300,67.26000213623047
10/17/2017,67.6500015258789,67.66999816894531,66.3499984741211,66.66999816894531,10844000,66.66999816894531
10/16/2017,69.04000091552734,69.19999694824219,67.27999877929688,67.30999755859375,9581800,67.30999755859375
10/13/2017,69.48999786376953,69.61000061035156,68,68.66000366210938,8640700,68.66000366210938
10/12/2017,68.0199966430664,68.9800033569336,67.80500030517578,68.86000061035156,8888300,68.86000061035156
10/11/2017,67.25,68.41999816894531,66.9800033569336,67.77999877929688,12005600,67.77999877929688
10/10/2017,66.5999984741211,66.66999816894531,65.79000091552734,66.04000091552734,5831800,66.04000091552734
10/9/2017,66.19999694824219,66.55000305175781,65.9000015258789,66.2300033569336,5517900,66.2300033569336
10/6/2017,66,66.41000366210938,65.79000091552734,66.05000305175781,6122000,66.05000305175781
10/5/2017,64.37999725341797,66,64.22000122070312,65.81999969482422,7445700,65.81999969482422
10/4/2017,64.30000305175781,64.30000305175781,63.689998626708984,64.01000213623047,4438800,64.01000213623047
10/3/2017,64.51000213623047,64.51000213623047,63.76100158691406,64.22000122070312,5633100,64.22000122070312
10/2/2017,64.5,65.12000274658203,64.0999984741211,64.18000030517578,5163300,64.18000030517578
9/29/2017,63.86000061035156,64.16999816894531,63.5,64.02999877929688,6891300,64.02999877929688
9/28/2017,63.619998931884766,64.05500030517578,63.11000061035156,63.93000030517578,4148000,63.93000030517578
9/27/2017,63.40999984741211,63.75,63.15999984741211,63.33000183105469,7380700,63.33000183105469
9/26/2017,63.709999084472656,63.762001037597656,62.84000015258789,62.939998626708984,8551900,62.939998626708984
9/25/2017,65,65,62.3650016784668,63.5,13156900,63.5
9/22/2017,64.33000183105469,65.23999786376953,64.11000061035156,65.08000183105469,6743800,65.08000183105469
9/21/2017,64.66999816894531,64.94999694824219,63.904998779296875,64.62999725341797,6727300,64.62999725341797
9/20/2017,63.9900016784668,64.87000274658203,63.83000183105469,64.73999786376953,11903600,64.73999786376953
9/19/2017,63.0099983215332,63.92499923706055,62.959999084472656,63.83000183105469,7774000,63.83000183105469
9/18/2017,62.619998931884766,63.529998779296875,62.52000045776367,62.91999816894531,7688000,62.91999816894531
9/15/2017,62.27000045776367,62.79999923706055,61.959999084472656,62.5,9940900,62.5
9/14/2017,62.040000915527344,62.369998931884766,61.709999084472656,62.2400016784668,5697800,62.2400016784668
9/13/2017,62.470001220703125,62.75,61.58000183105469,62.040000915527344,6380900,62.040000915527344
9/12/2017,62.95000076293945,63.119998931884766,62.150001525878906,62.560001373291016,6276600,62.560001373291016
9/11/2017,61.72999954223633,63.2599983215332,61.619998931884766,62.63999938964844,8266300,62.63999938964844
9/8/2017,61.939998626708984,62,61.099998474121094,61.130001068115234,4942600,61.130001068115234
9/7/2017,61.33000183105469,62.130001068115234,61.279998779296875,62,5022700,62
9/6/2017,61.7400016784668,61.9900016784668,60.900001525878906,61.2400016784668,5350900,61.2400016784668
9/5/2017,61.2599983215332,61.75,60.58000183105469,61.27000045776367,5501200,61.27000045776367
9/1/2017,61.97999954223633,62.22999954223633,61.382999420166016,61.459999084472656,3440400,61.459999084472656
8/31/2017,62,62.02899932861328,61.16999816894531,61.68000030517578,6145800,61.68000030517578
8/30/2017,61.04999923706055,61.86000061035156,60.88999938964844,61.77000045776367,5696000,61.77000045776367
8/29/2017,59.81999969482422,61.15999984741211,59.630001068115234,61.0099983215332,4359300,61.0099983215332
8/28/2017,60.310001373291016,60.529998779296875,59.810001373291016,60.529998779296875,4660600,60.529998779296875
8/25/2017,60.33000183105469,60.58000183105469,59.61000061035156,59.970001220703125,4087400,59.970001220703125
8/24/2017,60.220001220703125,60.43000030517578,59.11000061035156,60,4045300,60
8/23/2017,60.29999923706055,60.5099983215332,59.81999969482422,60.04999923706055,4532000,60.04999923706055
8/22/2017,59.720001220703125,61,59.439998626708984,60.84000015258789,5835700,60.84000015258789
8/21/2017,59.33000183105469,59.650001525878906,58.755001068115234,59.400001525878906,4243200,59.400001525878906
8/18/2017,59.36000061035156,59.81999969482422,58.939998626708984,59.439998626708984,4653300,59.439998626708984
8/17/2017,60.150001525878906,60.279998779296875,59.290000915527344,59.290000915527344,6744200,59.290000915527344
8/16/2017,59.95000076293945,60.70000076293945,59.599998474121094,60.290000915527344,5747000,60.290000915527344
8/15/2017,59.29999923706055,59.97999954223633,59.22999954223633,59.689998626708984,6483500,59.689998626708984
8/14/2017,58.61000061035156,59.2760009765625,58.270999908447266,59.060001373291016,7561800,59.060001373291016
8/11/2017,57.849998474121094,58.25,57.58000183105469,58.040000915527344,6961800,58.040000915527344
8/10/2017,59.2400016784668,59.369998931884766,57.810001373291016,58.02000045776367,9571200,58.02000045776367
8/9/2017,58.970001220703125,59.72999954223633,58.59000015258789,59.66999816894531,6023900,59.66999816894531
8/8/2017,59.61000061035156,59.880001068115234,59.25,59.47999954223633,6001900,59.47999954223633
8/7/2017,59.18000030517578,59.63999938964844,58.84000015258789,59.619998931884766,5887600,59.619998931884766
8/4/2017,58.619998931884766,58.93000030517578,58.31999969482422,58.86000061035156,6174100,58.86000061035156
8/3/2017,59.15999984741211,59.279998779296875,58.36000061035156,58.41999816894531,6260000,58.41999816894531
8/2/2017,59.66999816894531,59.709999084472656,58.439998626708984,59.119998931884766,6517300,59.119998931884766
8/1/2017,59,59.38999938964844,58.790000915527344,59.34000015258789,9079100,59.34000015258789
7/31/2017,59.369998931884766,59.63999938964844,58.52000045776367,58.54999923706055,7400700,58.54999923706055
7/28/2017,59.79999923706055,60.709999084472656,59.040000915527344,59.20000076293945,10800800,59.20000076293945
7/27/2017,61,61.29999923706055,57.69200134277344,60.150001525878906,22713400,60.150001525878906
7/26/2017,58.47999954223633,58.939998626708984,57.900001525878906,58.790000915527344,13615600,58.790000915527344
7/25/2017,58.72999954223633,58.83000183105469,58.189998626708984,58.2599983215332,8514000,58.2599983215332
7/24/2017,58.900001525878906,59.06999969482422,58.34000015258789,58.58000183105469,6429300,58.58000183105469
7/21/2017,59,59.33000183105469,58.59000015258789,58.66999816894531,7545000,58.66999816894531
7/20/2017,58.75,59.380001068115234,58.43000030517578,59.09000015258789,8057400,59.09000015258789
7/19/2017,58.310001373291016,58.619998931884766,57.54999923706055,58.349998474121094,9706700,58.349998474121094
7/18/2017,57.5,58.959999084472656,57.310001373291016,58.959999084472656,9477500,58.959999084472656
7/17/2017,57.529998779296875,57.599998474121094,57.02000045776367,57.58000183105469,5803300,57.58000183105469
7/14/2017,58.13999938964844,58.630001068115234,56.915000915527344,57.15999984741211,11777100,57.15999984741211
7/13/2017,57.29999923706055,57.90999984741211,56.79999923706055,57.900001525878906,14795500,57.900001525878906
7/12/2017,56.599998474121094,57.44499969482422,55.54999923706055,56.54999923706055,17490800,56.54999923706055
7/11/2017,54.91999816894531,55.20000076293945,54.33000183105469,54.7599983215332,9011500,54.7599983215332
7/10/2017,54.90999984741211,55.41999816894531,54.70000076293945,54.939998626708984,10469600,54.939998626708984
7/7/2017,53.70000076293945,54.47999954223633,53.52000045776367,53.970001220703125,4948100,53.970001220703125
7/6/2017,54.220001220703125,54.35100173950195,53.150001525878906,53.470001220703125,7447900,53.470001220703125
7/5/2017,53,54.75,52.939998626708984,54.61000061035156,9800600,54.61000061035156
7/3/2017,54.13999938964844,54.33000183105469,52.83000183105469,52.869998931884766,4831300,52.869998931884766
6/30/2017,53.599998474121094,54.25,53.290000915527344,53.66999816894531,8235000,53.66999816894531
6/29/2017,53.810001373291016,54.099998474121094,52.52000045776367,53.41999816894531,11616200,53.41999816894531
6/28/2017,52.75,54.439998626708984,52.650001525878906,54.38999938964844,7934300,54.38999938964844
6/27/2017,53.599998474121094,53.790000915527344,52.63999938964844,52.72999954223633,7706800,52.72999954223633
6/26/2017,54.439998626708984,55.099998474121094,53.650001525878906,53.7400016784668,4890300,53.7400016784668
6/23/2017,53.81999969482422,54.529998779296875,53.689998626708984,54.33000183105469,6257300,54.33000183105469
6/22/2017,53.709999084472656,53.95100021362305,52.86000061035156,53.869998931884766,9673000,53.869998931884766
6/21/2017,52.9900016784668,53.58000183105469,52.61000061035156,53.540000915527344,8016500,53.540000915527344
6/20/2017,52.84000015258789,53.22999954223633,52.43000030517578,52.52000045776367,4578700,52.52000045776367
6/19/2017,52.279998779296875,53,52.11000061035156,52.93000030517578,5643900,52.93000030517578
6/16/2017,52.040000915527344,52.15999984741211,51.58000183105469,51.84000015258789,10931000,51.84000015258789
6/15/2017,51.439998626708984,52.380001068115234,50.83000183105469,52.290000915527344,12401600,52.290000915527344
6/14/2017,52,52.505001068115234,51.53499984741211,51.900001525878906,7132500,51.900001525878906
6/13/2017,52.290000915527344,52.48500061035156,51.70000076293945,52.060001373291016,10411800,52.060001373291016
6/12/2017,52.810001373291016,52.900001525878906,51.43000030517578,52.15999984741211,15765600,52.15999984741211
6/9/2017,54.650001525878906,55.13999938964844,52.849998474121094,53.400001525878906,11174100,53.400001525878906
6/8/2017,54.029998779296875,54.43000030517578,53.45000076293945,54.38999938964844,6369900,54.38999938964844
6/7/2017,53.29999923706055,53.939998626708984,53.2599983215332,53.849998474121094,6368700,53.849998474121094
6/6/2017,53.75,53.79999923706055,53.15999984741211,53.400001525878906,6308000,53.400001525878906
6/5/2017,53.77000045776367,54.06999969482422,53.59000015258789,53.79999923706055,9656400,53.79999923706055
6/2/2017,53.439998626708984,53.63999938964844,53.08000183105469,53.52000045776367,9121800,53.52000045776367
6/1/2017,52.47999954223633,53.38999938964844,52.474998474121094,53.15999984741211,13898300,53.15999984741211
5/31/2017,51.130001068115234,52.2400016784668,50.880001068115234,52.209999084472656,11107200,52.209999084472656
5/30/2017,50.959999084472656,51.279998779296875,50.86000061035156,51.060001373291016,5550300,51.060001373291016
5/26/2017,51.040000915527344,51.38999938964844,50.88999938964844,51.189998626708984,4749600,51.189998626708984
5/25/2017,50.77000045776367,51.130001068115234,50.63999938964844,50.93000030517578,4950500,50.93000030517578
5/24/2017,50.22999954223633,51.08000183105469,50.13999938964844,51.04999923706055,6274800,51.04999923706055
5/23/2017,49.900001525878906,50.18000030517578,49.77000045776367,50.130001068115234,7134200,50.130001068115234
5/22/2017,49.45000076293945,49.880001068115234,49.349998474121094,49.77000045776367,13144900,49.77000045776367
5/19/2017,49.150001525878906,49.709999084472656,49.060001373291016,49.38999938964844,7813800,49.38999938964844
5/18/2017,49.029998779296875,49.58000183105469,48.88999938964844,49.11000061035156,9932100,49.11000061035156
5/17/2017,49.869998931884766,50.099998474121094,49.025001525878906,49.04999923706055,6598400,49.04999923706055
5/16/2017,49.630001068115234,50.349998474121094,49.56999969482422,50.34000015258789,5347200,50.34000015258789
5/15/2017,49.310001373291016,50,49.25,49.77000045776367,4705900,49.77000045776367
5/12/2017,49.58000183105469,49.75,49.2400016784668,49.369998931884766,4933700,49.369998931884766
5/11/2017,49.630001068115234,49.709999084472656,49.11000061035156,49.70000076293945,5547700,49.70000076293945
5/10/2017,49.18000030517578,49.79999923706055,49.01499938964844,49.790000915527344,6507700,49.790000915527344
5/9/2017,49.060001373291016,49.369998931884766,48.900001525878906,49.220001220703125,4774000,49.220001220703125
5/8/2017,49.43000030517578,49.45000076293945,48.810001373291016,49.16999816894531,6641000,49.16999816894531
5/5/2017,48.619998931884766,49.439998626708984,48.400001525878906,49.29999923706055,4876200,49.29999923706055
5/4/2017,48.93000030517578,49.380001068115234,48.81999969482422,48.90999984741211,7148800,48.90999984741211
5/3/2017,49.15999984741211,49.290000915527344,48.625,49.02000045776367,11613100,49.02000045776367
5/2/2017,47.40999984741211,49.06999969482422,47.400001525878906,49.04999923706055,16820800,49.04999923706055
5/1/2017,47.38999938964844,47.7130012512207,47.31999969482422,47.540000915527344,14537500,47.540000915527344
4/28/2017,47.029998779296875,47.755001068115234,46.869998931884766,47.720001220703125,11642800,47.720001220703125
4/27/2017,47.25,48.099998474121094,46.75,47.150001525878906,34420200,47.150001525878906
4/26/2017,45.040000915527344,45.040000915527344,44.25,44.40999984741211,9846900,44.40999984741211
4/25/2017,44.4900016784668,45.0099983215332,44.349998474121094,44.709999084472656,7827900,44.709999084472656
4/24/2017,44.09000015258789,44.279998779296875,43.95000076293945,44.27000045776367,4643800,44.27000045776367
4/21/2017,43.86000061035156,44,43.599998474121094,43.810001373291016,5595700,43.810001373291016
4/20/2017,43.31999969482422,43.79999923706055,43.2599983215332,43.689998626708984,4811200,43.689998626708984
4/19/2017,43.029998779296875,43.470001220703125,42.900001525878906,43.29999923706055,4913900,43.29999923706055
4/18/2017,43.20000076293945,43.20000076293945,42.86000061035156,43.09000015258789,3711600,43.09000015258789
4/17/2017,42.599998474121094,43.13999938964844,42.599998474121094,43.099998474121094,3151600,43.099998474121094
4/13/2017,42.5,42.88999938964844,42.31999969482422,42.54999923706055,3631400,42.54999923706055
4/12/2017,42.099998474121094,42.810001373291016,42.060001373291016,42.4900016784668,5800100,42.4900016784668
4/11/2017,42.9900016784668,43.09000015258789,42.61000061035156,42.689998626708984,4856300,42.689998626708984
4/10/2017,43.06999969482422,43.54999923706055,43.0099983215332,43.04999923706055,4579500,43.04999923706055
4/7/2017,42.88999938964844,43.17499923706055,42.709999084472656,43.040000915527344,4861200,43.040000915527344
4/6/2017,42.900001525878906,43,42.720001220703125,42.900001525878906,5395400,42.900001525878906
4/5/2017,42.83000183105469,43.34299850463867,42.7400016784668,42.88999938964844,5292300,42.88999938964844
4/4/2017,42.7400016784668,42.7400016784668,42.2599983215332,42.720001220703125,4681800,42.720001220703125
4/3/2017,43.20000076293945,43.29999923706055,42.5099983215332,42.630001068115234,7773000,42.630001068115234
3/31/2017,43.439998626708984,43.47999954223633,43.0099983215332,43.02000045776367,5177500,43.02000045776367
3/30/2017,43.150001525878906,43.79999923706055,43,43.540000915527344,5691700,43.540000915527344
3/29/2017,43.150001525878906,43.29999923706055,42.959999084472656,43.2400016784668,3951100,43.2400016784668
3/28/2017,42.869998931884766,43.25,42.84000015258789,43.150001525878906,4396500,43.150001525878906
3/27/2017,42.689998626708984,43.20000076293945,42.58000183105469,43.08000183105469,3850300,43.08000183105469
3/24/2017,43.47999954223633,43.494998931884766,42.935001373291016,43.130001068115234,5739500,43.130001068115234
3/23/2017,43.130001068115234,43.61000061035156,43,43.13999938964844,7176400,43.13999938964844
3/22/2017,42.595001220703125,43.2400016784668,42.45000076293945,43.189998626708984,6513300,43.189998626708984
3/21/2017,43.33000183105469,43.400001525878906,42.459999084472656,42.63999938964844,7758400,42.63999938964844
3/20/2017,43.099998474121094,43.31999969482422,42.810001373291016,43.15999984741211,6686900,43.15999984741211
3/17/2017,42.56999969482422,43.29999923706055,42.369998931884766,43.08000183105469,12307900,43.08000183105469
3/16/2017,42.5,42.58000183105469,42.13999938964844,42.400001525878906,3998600,42.400001525878906
3/15/2017,42.290000915527344,42.56999969482422,41.88999938964844,42.38999938964844,4291800,42.38999938964844
3/14/2017,42.5099983215332,42.63999938964844,41.7400016784668,42.099998474121094,5888000,42.099998474121094
3/13/2017,42.869998931884766,42.96500015258789,42.45000076293945,42.59000015258789,5526900,42.59000015258789
3/10/2017,43.189998626708984,43.279998779296875,42.7599983215332,42.9900016784668,4636200,42.9900016784668
3/9/2017,42.65999984741211,43,42.45000076293945,42.91999816894531,3487900,42.91999816894531
3/8/2017,42.84000015258789,43.18000030517578,42.720001220703125,42.790000915527344,4573900,42.790000915527344
3/7/2017,42.79999923706055,43.20000076293945,42.709999084472656,42.88999938964844,4404700,42.88999938964844
3/6/2017,42.97999954223633,43.029998779296875,42.630001068115234,42.869998931884766,6032800,42.869998931884766
3/3/2017,42.70000076293945,43.040000915527344,42.58000183105469,43.029998779296875,4214400,43.029998779296875
3/2/2017,42.400001525878906,42.86000061035156,42.20000076293945,42.77000045776367,4572300,42.77000045776367
3/1/2017,42.310001373291016,42.52000045776367,41.9900016784668,42.43000030517578,6003800,42.43000030517578
2/28/2017,42.4900016784668,42.4900016784668,41.9900016784668,42,6956800,42
2/27/2017,42.88999938964844,42.88999938964844,42.349998474121094,42.63999938964844,5026700,42.63999938964844
2/24/2017,42.11000061035156,43.06999969482422,41.83000183105469,43.06999969482422,6769500,43.06999969482422
2/23/2017,42.369998931884766,42.66999816894531,42.15999984741211,42.529998779296875,5456300,42.529998779296875
2/22/2017,42.29999923706055,42.529998779296875,42.119998931884766,42.41999816894531,4316200,42.41999816894531
2/21/2017,41.93000030517578,42.560001373291016,41.900001525878906,42.43000030517578,5874700,42.43000030517578
2/17/2017,41.91999816894531,42.29999923706055,41.79999923706055,41.959999084472656,5106000,41.959999084472656
2/16/2017,41.869998931884766,42.310001373291016,41.70000076293945,42.150001525878906,5730800,42.150001525878906
2/15/2017,41.689998626708984,41.93000030517578,41.27000045776367,41.869998931884766,7124600,41.869998931884766
2/14/2017,41.18000030517578,41.630001068115234,40.939998626708984,41.619998931884766,6496400,41.619998931884766
2/13/2017,40.83000183105469,41.29999923706055,40.7400016784668,41.16999816894531,6260900,41.16999816894531
2/10/2017,40.81999969482422,40.86000061035156,40.560001373291016,40.58000183105469,6248200,40.58000183105469
2/9/2017,40.439998626708984,40.994998931884766,40.29999923706055,40.83000183105469,6467600,40.83000183105469
2/8/2017,40.18000030517578,40.9900016784668,39.91999816894531,40.880001068115234,7399000,40.880001068115234
2/7/2017,40.0099983215332,40.34000015258789,39.70000076293945,40.02000045776367,7956300,40.02000045776367
2/6/2017,39.63999938964844,39.83000183105469,39.34000015258789,39.7400016784668,8206400,39.7400016784668
2/3/2017,39.790000915527344,39.93000030517578,39.54999923706055,39.59000015258789,7131100,39.59000015258789
2/2/2017,39.400001525878906,39.84000015258789,39.02000045776367,39.58000183105469,8736800,39.58000183105469
2/1/2017,39.959999084472656,40,39.11000061035156,39.310001373291016,8860400,39.310001373291016
1/31/2017,39.70000076293945,40.0099983215332,39.45000076293945,39.779998779296875,9100100,39.779998779296875
1/30/2017,40.16999816894531,40.27000045776367,39.41999816894531,39.86000061035156,11486000,39.86000061035156
1/27/2017,41,41.20000076293945,39.91999816894531,40.27000045776367,22749200,40.27000045776367
1/26/2017,42.36000061035156,42.5,41.28499984741211,41.5,11838100,41.5
1/25/2017,42.36000061035156,42.439998626708984,41.65999984741211,41.709999084472656,8604000,41.709999084472656
1/24/2017,41.95000076293945,42.040000915527344,41.529998779296875,41.959999084472656,6106500,41.959999084472656
1/23/2017,41.86000061035156,42.11000061035156,41.25,41.619998931884766,8497100,41.619998931884766
1/20/2017,41.38999938964844,41.720001220703125,41.29999923706055,41.689998626708984,6868500,41.689998626708984
1/19/2017,41.25,41.68000030517578,41.029998779296875,41.27000045776367,4717600,41.27000045776367
1/18/2017,41.40999984741211,41.4900016784668,41.11000061035156,41.349998474121094,4706000,41.349998474121094
1/17/2017,41.599998474121094,41.709999084472656,41.20000076293945,41.27000045776367,5932900,41.27000045776367
1/13/2017,41.650001525878906,41.84000015258789,41.529998779296875,41.599998474121094,3917700,41.599998474121094
1/12/2017,41.279998779296875,41.60499954223633,40.91999816894531,41.560001373291016,3840500,41.560001373291016
1/11/2017,41.22999954223633,41.380001068115234,40.834999084472656,41.279998779296875,4425300,41.279998779296875
1/10/2017,41.400001525878906,41.54999923706055,41.06999969482422,41.08000183105469,4174900,41.08000183105469
1/9/2017,41.4900016784668,41.5099983215332,41.11000061035156,41.400001525878906,3943900,41.400001525878906
1/6/2017,41.2400016784668,41.63999938964844,40.790000915527344,41.45000076293945,5586400,41.45000076293945
1/5/2017,41.43000030517578,41.720001220703125,41.040000915527344,41.060001373291016,6432000,41.060001373291016
1/4/2017,40.349998474121094,41.029998779296875,40.04499816894531,41,6806400,41
1/3/2017,40.290000915527344,40.97999954223633,40,40.25,8247400,40.25
12/30/2016,39.959999084472656,40.06999969482422,39.34000015258789,39.470001220703125,5012100,39.470001220703125
12/29/2016,39.540000915527344,40.16999816894531,39.540000915527344,39.959999084472656,3708000,39.959999084472656
12/28/2016,39.7599983215332,40.029998779296875,39.529998779296875,39.56999969482422,3292400,39.56999969482422
12/27/2016,39.5,40.08000183105469,39.43000030517578,39.720001220703125,2660100,39.720001220703125
12/23/2016,39.81999969482422,39.869998931884766,39.47999954223633,39.58000183105469,3378100,39.58000183105469
12/22/2016,40.040000915527344,40.09000015258789,39.540000915527344,39.68000030517578,5065000,39.68000030517578
12/21/2016,39.84000015258789,40.7400016784668,39.81999969482422,40.09000015258789,6768200,40.09000015258789
12/20/2016,39.61000061035156,39.7400016784668,39.2599983215332,39.7400016784668,3637200,39.7400016784668
12/19/2016,39.400001525878906,39.79999923706055,39.11000061035156,39.439998626708984,4268600,39.439998626708984
12/16/2016,39.900001525878906,39.900001525878906,39.119998931884766,39.31999969482422,9786300,39.31999969482422
12/15/2016,39.79999923706055,40.290000915527344,39.349998474121094,39.540000915527344,6418900,39.540000915527344
12/14/2016,39.459999084472656,39.88999938964844,39.459999084472656,39.54999923706055,4658700,39.54999923706055
12/13/2016,39.54999923706055,39.744998931884766,39.38999938964844,39.43000030517578,6385900,39.43000030517578
12/12/2016,39.599998474121094,39.900001525878906,39.349998474121094,39.43000030517578,4474500,39.43000030517578
12/9/2016,39.70000076293945,39.790000915527344,39.375,39.650001525878906,3923700,39.650001525878906
12/8/2016,39.68000030517578,40,39.45000076293945,39.61000061035156,6102600,39.61000061035156
12/7/2016,39.08000183105469,39.459999084472656,38.79999923706055,39.45000076293945,7012000,39.45000076293945
12/6/2016,39.22999954223633,39.2599983215332,38.709999084472656,38.97999954223633,5954500,38.97999954223633
12/5/2016,38.849998474121094,39.34000015258789,38.650001525878906,38.9900016784668,5053900,38.9900016784668
12/2/2016,38.34000015258789,38.75,38.060001373291016,38.619998931884766,6335200,38.619998931884766
12/1/2016,39.560001373291016,39.68000030517578,38.18000030517578,38.34000015258789,11265600,38.34000015258789
11/30/2016,40.099998474121094,40.18000030517578,39.18000030517578,39.279998779296875,8420700,39.279998779296875
11/29/2016,40.06999969482422,40.36000061035156,39.790000915527344,39.88999938964844,5083700,39.88999938964844
11/28/2016,40.2599983215332,40.4900016784668,39.92499923706055,39.959999084472656,4170600,39.959999084472656
11/25/2016,40.400001525878906,40.560001373291016,39.9900016784668,40.2599983215332,2324300,40.2599983215332
11/23/2016,40.310001373291016,40.43000030517578,39.849998474121094,40.04999923706055,5770600,40.04999923706055
11/22/2016,40.9900016784668,41.099998474121094,39.95000076293945,40.33000183105469,7734700,40.33000183105469
11/21/2016,40.119998931884766,40.77000045776367,40.11600112915039,40.630001068115234,6667200,40.630001068115234
11/18/2016,40.08000183105469,40.56999969482422,39.90999984741211,40.08000183105469,9521500,40.08000183105469
11/17/2016,39.119998931884766,40.05500030517578,38.95000076293945,39.880001068115234,9758500,39.880001068115234
11/16/2016,39.04999923706055,39.209999084472656,38.709999084472656,39.06999969482422,12730900,39.06999969482422
11/15/2016,39.040000915527344,39.47999954223633,38.900001525878906,38.939998626708984,16037800,38.939998626708984
11/14/2016,40.400001525878906,40.400001525878906,38.45000076293945,38.810001373291016,17877800,38.810001373291016
11/11/2016,40.77000045776367,40.77000045776367,39.79999923706055,40.08000183105469,10775700,40.08000183105469
11/10/2016,41.900001525878906,41.900001525878906,39.58000183105469,40.45000076293945,12097600,40.45000076293945
11/9/2016,40.599998474121094,41.470001220703125,40.58000183105469,41.2599983215332,9744400,41.2599983215332
11/8/2016,41.41999816894531,42.150001525878906,41.09000015258789,41.58000183105469,6945700,41.58000183105469
11/7/2016,41.52000045776367,41.650001525878906,41.060001373291016,41.279998779296875,7904900,41.279998779296875
11/4/2016,40.29999923706055,41.48500061035156,40.29999923706055,40.900001525878906,6541300,40.900001525878906
11/3/2016,41.31999969482422,41.5,40.91999816894531,41.189998626708984,6239900,41.189998626708984
11/2/2016,41.43000030517578,41.56999969482422,41.08000183105469,41.349998474121094,7920600,41.349998474121094
11/1/2016,41.68000030517578,42.29499816894531,41.290000915527344,41.540000915527344,9399000,41.540000915527344
10/31/2016,41.779998779296875,42,41.36000061035156,41.65999984741211,7160000,41.65999984741211
10/28/2016,41.97999954223633,41.97999954223633,41.06999969482422,41.7599983215332,11979200,41.7599983215332
10/27/2016,42.54999923706055,42.56999969482422,41.62099838256836,41.689998626708984,9447300,41.689998626708984
10/26/2016,43,43.209999084472656,42.310001373291016,42.33000183105469,10918800,42.33000183105469
10/25/2016,43.65999984741211,44.06999969482422,43,43.310001373291016,9463900,43.310001373291016
10/24/2016,44,44.52000045776367,43.13999938964844,43.869998931884766,19079000,43.869998931884766
10/21/2016,41.849998474121094,44.2400016784668,41.84000015258789,44.150001525878906,37554700,44.150001525878906
10/20/2016,40.22999954223633,40.290000915527344,39.81999969482422,40.09000015258789,13337500,40.09000015258789
10/19/2016,39.970001220703125,40.470001220703125,39.84000015258789,40.2400016784668,6587700,40.2400016784668
10/18/2016,40,40.18000030517578,39.779998779296875,39.83000183105469,5475900,39.83000183105469
10/17/2016,39.2400016784668,39.619998931884766,39.15999984741211,39.47999954223633,5279500,39.47999954223633
10/14/2016,39.459999084472656,39.88999938964844,39.22999954223633,39.2400016784668,6647600,39.2400016784668
10/13/2016,39.38999938964844,39.400001525878906,38.75,39.20000076293945,7865200,39.20000076293945
10/12/2016,39.77000045776367,39.79999923706055,39.29999923706055,39.529998779296875,7039900,39.529998779296875
10/11/2016,40.029998779296875,40.11000061035156,38.959999084472656,39.189998626708984,9955700,39.189998626708984
10/10/2016,40.130001068115234,40.16999816894531,39.59000015258789,39.86000061035156,6636700,39.86000061035156
10/7/2016,40.41999816894531,40.41999816894531,39.619998931884766,39.880001068115234,6109900,39.880001068115234
10/6/2016,40.31999969482422,40.38999938964844,39.86000061035156,40.18000030517578,6312000,40.18000030517578
10/5/2016,40.95000076293945,40.95000076293945,40.400001525878906,40.439998626708984,6128200,40.439998626708984
10/4/2016,41.29999923706055,41.29999923706055,40.439998626708984,40.779998779296875,5046600,40.779998779296875
10/3/2016,40.869998931884766,41.20000076293945,40.15999984741211,40.59000015258789,6925000,40.59000015258789
9/30/2016,40.290000915527344,41.04999923706055,40.27000045776367,40.970001220703125,8685600,40.970001220703125
9/29/2016,40.90999984741211,41.29999923706055,40.36000061035156,40.38999938964844,7953000,40.38999938964844
9/28/2016,41.150001525878906,41.189998626708984,40.209999084472656,40.970001220703125,6751200,40.970001220703125
9/27/2016,40.040000915527344,41.22999954223633,39.4900016784668,41.060001373291016,8674100,41.060001373291016
9/26/2016,39.380001068115234,40.5099983215332,39.380001068115234,40.34000015258789,9054400,40.34000015258789
9/23/2016,39.599998474121094,40.494998931884766,39.599998474121094,40.06999969482422,6234600,40.06999969482422
9/22/2016,40.41999816894531,40.65999984741211,40.13999938964844,40.4900016784668,5691000,40.4900016784668
9/21/2016,39.86000061035156,40.38999938964844,39.70000076293945,40.290000915527344,5378400,40.290000915527344
9/20/2016,40.29999923706055,40.29999923706055,39.66999816894531,39.689998626708984,5563300,39.689998626708984
9/19/2016,40.2400016784668,40.459999084472656,39.75,40.0099983215332,7574500,40.0099983215332
9/16/2016,40.709999084472656,40.880001068115234,40.32500076293945,40.70000076293945,11909400,40.70000076293945
9/15/2016,40.310001373291016,41.13999938964844,39.869998931884766,40.83000183105469,12702800,40.83000183105469
9/14/2016,39.9900016784668,40.279998779296875,39.529998779296875,39.959999084472656,13042100,39.959999084472656
9/13/2016,38.619998931884766,40.33000183105469,38.40999984741211,39.86000061035156,17924900,39.86000061035156
9/12/2016,37.650001525878906,38.84000015258789,37.540000915527344,38.77000045776367,8635000,38.77000045776367
9/9/2016,38.75,39.02000045776367,37.90999984741211,38.0099983215332,10747100,38.0099983215332
9/8/2016,38.650001525878906,39.33000183105469,38.500999450683594,39.27000045776367,12037300,39.27000045776367
9/7/2016,37.33000183105469,38.58000183105469,37.2599983215332,38.560001373291016,10817700,38.560001373291016
9/6/2016,37.04999923706055,37.650001525878906,37.02000045776367,37.18000030517578,6416900,37.18000030517578
9/2/2016,37.0099983215332,37.125,36.29999923706055,37.06999969482422,6726900,37.06999969482422
9/1/2016,37.27000045776367,37.31999969482422,36.58000183105469,36.83000183105469,10412200,36.83000183105469
8/31/2016,37,37.2400016784668,36.84000015258789,37.150001525878906,7166300,37.150001525878906
8/30/2016,37.2599983215332,37.52000045776367,36.98500061035156,37,6873600,37
8/29/2016,37.61000061035156,37.650001525878906,37.27000045776367,37.290000915527344,4780700,37.290000915527344
8/26/2016,37.720001220703125,37.84000015258789,37.380001068115234,37.650001525878906,4177700,37.650001525878906
8/25/2016,37.5,37.56999969482422,37.25,37.5099983215332,5132100,37.5099983215332
8/24/2016,37.810001373291016,37.95000076293945,37.40999984741211,37.52000045776367,5914200,37.52000045776367
8/23/2016,38.41999816894531,38.43000030517578,37.79999923706055,37.86000061035156,6066400,37.86000061035156
8/22/2016,37.93000030517578,38.20000076293945,37.65999984741211,38.11000061035156,10704300,38.11000061035156
8/19/2016,38.02000045776367,38.18000030517578,37.89500045776367,38.09000015258789,5107900,38.09000015258789
8/18/2016,38.06999969482422,38.375,37.93000030517578,38.220001220703125,3880600,38.220001220703125
8/17/2016,38.40999984741211,38.459999084472656,37.880001068115234,38.13999938964844,5264000,38.13999938964844
8/16/2016,38.400001525878906,38.529998779296875,38.150001525878906,38.380001068115234,6170800,38.380001068115234
8/15/2016,38.54999923706055,38.650001525878906,38.34000015258789,38.459999084472656,4548200,38.459999084472656
8/12/2016,38.29999923706055,38.630001068115234,38.099998474121094,38.5099983215332,6527900,38.5099983215332
8/11/2016,38.189998626708984,38.4900016784668,38.099998474121094,38.459999084472656,5999400,38.459999084472656
8/10/2016,38.02000045776367,38.244998931884766,37.90999984741211,38.06999969482422,5546800,38.06999969482422
8/9/2016,38.029998779296875,38.13999938964844,37.880001068115234,38.099998474121094,5049100,38.099998474121094
8/8/2016,38.189998626708984,38.29999923706055,37.650001525878906,37.90999984741211,6101300,37.90999984741211
8/5/2016,37.54999923706055,38.150001525878906,37.54999923706055,38.099998474121094,7670400,38.099998474121094
8/4/2016,36.81999969482422,37.38999938964844,36.72999954223633,37.29999923706055,7507800,37.29999923706055
8/3/2016,36.59000015258789,36.7400016784668,36.279998779296875,36.58000183105469,7663800,36.58000183105469
8/2/2016,37.060001373291016,37.084999084472656,36.36000061035156,36.540000915527344,5997700,36.540000915527344
8/1/2016,37.43000030517578,37.439998626708984,36.900001525878906,37.060001373291016,5473900,37.060001373291016
7/29/2016,37.40999984741211,37.47999954223633,36.86000061035156,37.2400016784668,6841500,37.2400016784668
7/28/2016,37.400001525878906,37.68000030517578,37.10100173950195,37.220001220703125,5111300,37.220001220703125
7/27/2016,37.63999938964844,37.689998626708984,37.04499816894531,37.220001220703125,8894200,37.220001220703125
7/26/2016,37.779998779296875,38.27000045776367,37.599998474121094,37.689998626708984,10279200,37.689998626708984
7/25/2016,37.70000076293945,38.18000030517578,37.619998931884766,37.779998779296875,16904100,37.779998779296875
7/22/2016,37.29999923706055,37.59000015258789,36.43000030517578,37.41999816894531,36397300,37.41999816894531
7/21/2016,40.33000183105469,40.33000183105469,39.650001525878906,40.130001068115234,13363300,40.130001068115234
7/20/2016,39.439998626708984,40.45000076293945,39.119998931884766,40.04999923706055,11189100,40.04999923706055
7/19/2016,38.970001220703125,39.46500015258789,38.83000183105469,39.369998931884766,8120100,39.369998931884766
7/18/2016,39.130001068115234,39.220001220703125,38.72999954223633,38.91999816894531,7877400,38.91999816894531
7/15/2016,40.02000045776367,40.06999969482422,38.97999954223633,39.09000015258789,8140600,39.09000015258789
7/14/2016,39.689998626708984,40.06999969482422,39.400001525878906,39.959999084472656,9683500,39.959999084472656
7/13/2016,38.84000015258789,39.9900016784668,38.83000183105469,39.279998779296875,12458500,39.279998779296875
7/12/2016,38.470001220703125,38.90999984741211,38.2400016784668,38.790000915527344,9997200,38.790000915527344
7/11/2016,37.45000076293945,38.33000183105469,37.400001525878906,38.150001525878906,10096200,38.150001525878906
7/8/2016,36.779998779296875,37.459999084472656,36.65999984741211,37.36000061035156,6828600,37.36000061035156
7/7/2016,35.91999816894531,36.38999938964844,35.84000015258789,36.31999969482422,7326700,36.31999969482422
7/6/2016,35.939998626708984,36.16999816894531,35.71500015258789,35.93000030517578,7821300,35.93000030517578
7/5/2016,36.29999923706055,36.36000061035156,35.869998931884766,36.119998931884766,5321100,36.119998931884766
7/1/2016,36.599998474121094,36.66999816894531,36.25,36.349998474121094,7260400,36.349998474121094
6/30/2016,35.810001373291016,36.529998779296875,35.59000015258789,36.5099983215332,9153000,36.5099983215332
6/29/2016,35.689998626708984,35.904998779296875,35.290000915527344,35.77000045776367,9520400,35.77000045776367
6/28/2016,34.459999084472656,35.25,34.22999954223633,35.2400016784668,12408200,35.2400016784668
6/27/2016,34.7400016784668,34.7599983215332,34,34.20000076293945,11195800,34.20000076293945
6/24/2016,35,35.724998474121094,34.61000061035156,35.08000183105469,17647200,35.08000183105469
6/23/2016,36.27000045776367,36.665000915527344,36.04999923706055,36.65999984741211,4808700,36.65999984741211
6/22/2016,36.279998779296875,36.49300003051758,35.779998779296875,36,9292400,36
6/21/2016,36.79999923706055,36.79999923706055,35.95000076293945,36.15999984741211,12816100,36.15999984741211
6/20/2016,37.279998779296875,37.7599983215332,36.81999969482422,36.86000061035156,7789600,36.86000061035156
6/17/2016,37.029998779296875,37.18000030517578,36.630001068115234,36.970001220703125,7947100,36.970001220703125
6/16/2016,36.619998931884766,37.040000915527344,36.349998474121094,36.970001220703125,6106000,36.970001220703125
6/15/2016,37.15999984741211,37.220001220703125,36.78499984741211,36.84000015258789,7092000,36.84000015258789
6/14/2016,36.369998931884766,37.275001525878906,36.25,37.15999984741211,10281900,37.15999984741211
6/13/2016,36.5,37.11000061035156,36.494998931884766,36.540000915527344,8216000,36.540000915527344
6/10/2016,36.83000183105469,37.04999923706055,36.619998931884766,36.77000045776367,7741400,36.77000045776367
6/9/2016,37.47999954223633,37.56999969482422,37.11000061035156,37.130001068115234,10206700,37.130001068115234
6/8/2016,37.529998779296875,37.70000076293945,37.060001373291016,37.54999923706055,8666600,37.54999923706055
6/7/2016,38.06999969482422,38.47999954223633,37.52000045776367,37.56999969482422,6324400,37.56999969482422
6/6/2016,38.470001220703125,38.4900016784668,37.97999954223633,38.099998474121094,5065900,38.099998474121094
6/3/2016,38.439998626708984,38.59000015258789,37.8129997253418,38.33000183105469,4986000,38.33000183105469
6/2/2016,38.41999816894531,38.685001373291016,38.31999969482422,38.560001373291016,4658600,38.560001373291016
6/1/2016,37.810001373291016,38.479000091552734,37.709999084472656,38.310001373291016,5458500,38.310001373291016
5/31/2016,37.959999084472656,38.029998779296875,37.5,37.790000915527344,12231400,37.790000915527344
5/27/2016,38,38.345001220703125,37.91999816894531,38.09000015258789,5862000,38.09000015258789
5/26/2016,38.709999084472656,38.7400016784668,38,38.06999969482422,5894700,38.06999969482422
5/25/2016,38.869998931884766,39.060001373291016,38.5099983215332,38.7599983215332,6538900,38.7599983215332
5/24/2016,38.279998779296875,39.005001068115234,38.279998779296875,38.91999816894531,7555200,38.91999816894531
5/23/2016,37.68000030517578,38.22999954223633,37.38999938964844,38.06999969482422,9083800,38.06999969482422
5/20/2016,37.790000915527344,37.95000076293945,37.4900016784668,37.529998779296875,12496600,37.529998779296875
5/19/2016,38.810001373291016,38.880001068115234,37.310001373291016,37.650001525878906,17041300,37.650001525878906
5/18/2016,39.18000030517578,39.36000061035156,38.5,38.97999954223633,10393500,38.97999954223633
5/17/2016,39.099998474121094,39.65999984741211,38.75,39.064998626708984,10746100,39.064998626708984
5/16/2016,39.36000061035156,39.529998779296875,39.130001068115234,39.29999923706055,10316000,39.29999923706055
5/13/2016,39.540000915527344,39.79999923706055,39.310001373291016,39.47999954223633,5885900,39.47999954223633
5/12/2016,39.849998474121094,40,39.16999816894531,39.5099983215332,6323100,39.5099983215332
5/11/2016,39.56999969482422,40.31399917602539,39.56999969482422,39.709999084472656,5995500,39.709999084472656
5/10/2016,39.619998931884766,40.150001525878906,39.2400016784668,40.11000061035156,6588700,40.11000061035156
5/9/2016,39.41999816894531,40.18000030517578,39.33000183105469,39.619998931884766,5861000,39.619998931884766
5/6/2016,38.709999084472656,39.70000076293945,38.61000061035156,39.47999954223633,6548100,39.47999954223633
5/5/2016,38.380001068115234,39.11899948120117,38.31999969482422,38.95000076293945,7127200,38.95000076293945
5/4/2016,38.06999969482422,38.459999084472656,37.869998931884766,38.310001373291016,8121600,38.310001373291016
5/3/2016,38.630001068115234,38.970001220703125,38.13999938964844,38.36000061035156,9146600,38.36000061035156
5/2/2016,39.06999969482422,39.27000045776367,38.72999954223633,39.02000045776367,6777500,39.02000045776367
4/29/2016,39.709999084472656,39.869998931884766,38.59000015258789,39.18000030517578,10001400,39.18000030517578
4/28/2016,41,41.4900016784668,39.90999984741211,40.06999969482422,17800000,40.06999969482422
4/27/2016,39.68000030517578,40.18000030517578,39.20000076293945,40.0099983215332,12727600,40.0099983215332
4/26/2016,39.56999969482422,40.130001068115234,39.33000183105469,39.72999954223633,5271200,39.72999954223633
4/25/2016,40.27000045776367,40.84000015258789,39.540000915527344,39.81999969482422,7934200,39.81999969482422
4/22/2016,39.720001220703125,40.6349983215332,39.68000030517578,40.310001373291016,6433900,40.310001373291016
4/21/2016,40.20000076293945,40.54999923706055,40.013999938964844,40.099998474121094,5539400,40.099998474121094
4/20/2016,39.2400016784668,40.2400016784668,39.16999816894531,40.08000183105469,7723500,40.08000183105469
4/19/2016,39.75,40.06999969482422,38.974998474121094,39.2400016784668,5915800,39.2400016784668
4/18/2016,38.560001373291016,39.689998626708984,38.43000030517578,39.63999938964844,6428200,39.63999938964844
4/15/2016,38.689998626708984,38.95000076293945,38.290000915527344,38.58000183105469,5239600,38.58000183105469
4/14/2016,38.939998626708984,39.02000045776367,38.415000915527344,38.63999938964844,4590200,38.63999938964844
4/13/2016,38.25,39.119998931884766,38.189998626708984,38.790000915527344,7082400,38.790000915527344
4/12/2016,38.31999969482422,38.31999969482422,37.34000015258789,37.79999923706055,7677100,37.79999923706055
4/11/2016,38.33000183105469,38.81999969482422,38.029998779296875,38.060001373291016,5428900,38.060001373291016
4/8/2016,38.61000061035156,38.69900131225586,38.099998474121094,38.40999984741211,7822300,38.40999984741211
4/7/2016,38.849998474121094,38.939998626708984,38.119998931884766,38.279998779296875,7294500,38.279998779296875
4/6/2016,38.45000076293945,39.185001373291016,38.25,39.15999984741211,5526200,39.15999984741211
4/5/2016,38.349998474121094,38.810001373291016,37.70000076293945,38.54999923706055,5364800,38.54999923706055
4/4/2016,39.36000061035156,39.380001068115234,38.40999984741211,38.790000915527344,5381300,38.790000915527344
4/1/2016,38.5099983215332,39.459999084472656,38.400001525878906,39.400001525878906,6982000,39.400001525878906
3/31/2016,38.7400016784668,39,38.43000030517578,38.599998474121094,8087000,38.599998474121094
3/30/2016,39.939998626708984,40.040000915527344,38.994998931884766,39.040000915527344,5246800,39.040000915527344
3/29/2016,38.7400016784668,39.71500015258789,38.29999923706055,39.529998779296875,5694000,39.529998779296875
3/28/2016,38.810001373291016,39.16999816894531,38.619998931884766,38.7400016784668,6192900,38.7400016784668
3/24/2016,39.400001525878906,39.5099983215332,37,38.91999816894531,15040600,38.91999816894531
3/23/2016,41.060001373291016,41.310001373291016,40.040000915527344,40.52000045776367,8104700,40.52000045776367
3/22/2016,40.66999816894531,41.75,40.630001068115234,41.31999969482422,10552300,41.31999969482422
3/21/2016,39.40999984741211,41.16999816894531,39.20000076293945,41.13999938964844,13432400,41.13999938964844
3/18/2016,39.86000061035156,39.86000061035156,38.689998626708984,39.40999984741211,15132400,39.40999984741211
3/17/2016,39.849998474121094,40.119998931884766,39.16999816894531,39.93000030517578,9789600,39.93000030517578
3/16/2016,39.09000015258789,39.88999938964844,38.56999969482422,39.84000015258789,6363500,39.84000015258789
3/15/2016,39.04999923706055,39.63999938964844,39.04999923706055,39.27000045776367,5013900,39.27000045776367
3/14/2016,39.400001525878906,39.79999923706055,39.040000915527344,39.380001068115234,5299700,39.380001068115234
3/11/2016,39,39.529998779296875,38.849998474121094,39.4900016784668,9539500,39.4900016784668
3/10/2016,38.65999984741211,39.29999923706055,37.47999954223633,38.4900016784668,7655700,38.4900016784668
3/9/2016,38.47999954223633,38.619998931884766,37.81999969482422,38.56999969482422,4990500,38.56999969482422
3/8/2016,38.689998626708984,38.880001068115234,38.11000061035156,38.15999984741211,6012700,38.15999984741211
3/7/2016,38.779998779296875,39.400001525878906,38.720001220703125,38.97999954223633,5327200,38.97999954223633
3/4/2016,38.77000045776367,39.70000076293945,38.755001068115234,39.040000915527344,7200100,39.040000915527344
3/3/2016,38.959999084472656,39.2400016784668,38.62900161743164,39.02000045776367,7656900,39.02000045776367
3/2/2016,39.20000076293945,39.93000030517578,38.70000076293945,39.15999984741211,12895900,39.15999984741211
3/1/2016,38.52000045776367,39.54499816894531,38.02000045776367,39.25,14085300,39.25
2/29/2016,37.470001220703125,38.93000030517578,37.45000076293945,38.13999938964844,23939900,38.13999938964844
2/26/2016,36.72999954223633,37.53499984741211,36.369998931884766,37.4900016784668,8595000,37.4900016784668
2/25/2016,36.66999816894531,36.83000183105469,36.18000030517578,36.7400016784668,5209500,36.7400016784668
2/24/2016,35.220001220703125,36.75,34.86000061035156,36.470001220703125,8090600,36.470001220703125
2/23/2016,35.720001220703125,35.935001373291016,35.02000045776367,35.47999954223633,8415200,35.47999954223633
2/22/2016,36.45000076293945,36.5,35.81999969482422,36,10476200,36
2/19/2016,36,36.23500061035156,35.61000061035156,35.7599983215332,9652800,35.7599983215332
2/18/2016,36.40999984741211,36.529998779296875,35.65999984741211,36.310001373291016,9022100,36.310001373291016
2/17/2016,35.97999954223633,36.90999984741211,35.810001373291016,36.36000061035156,12070600,36.36000061035156
2/16/2016,34.650001525878906,35.52000045776367,34.47999954223633,35.459999084472656,9152400,35.459999084472656
2/12/2016,33.970001220703125,34.439998626708984,33.810001373291016,34.29999923706055,9437100,34.29999923706055
2/11/2016,32.119998931884766,33.63999938964844,32.0099983215332,33.52000045776367,13170100,33.52000045776367
2/10/2016,33.619998931884766,33.939998626708984,32.81999969482422,32.900001525878906,8636500,32.900001525878906
2/9/2016,32.79999923706055,33.858001708984375,31.639999389648438,32.70000076293945,16439200,32.70000076293945
2/8/2016,34,34.290000915527344,31.979999542236328,33.61000061035156,20629000,33.61000061035156
2/5/2016,37.15999984741211,37.15999984741211,34.81999969482422,35.06999969482422,16245800,35.06999969482422
2/4/2016,36.65999984741211,37.28499984741211,36.540000915527344,37.16999816894531,10212300,37.16999816894531
2/3/2016,36.869998931884766,37.54999923706055,36.06999969482422,37.0099983215332,14543100,37.0099983215332
2/2/2016,36.529998779296875,37.77000045776367,36.439998626708984,36.83000183105469,17310600,36.83000183105469
2/1/2016,35.650001525878906,37.31999969482422,35.59000015258789,37.08000183105469,17356000,37.08000183105469
1/29/2016,34.4900016784668,36.2599983215332,34.36000061035156,36.13999938964844,21201100,36.13999938964844
1/28/2016,33.630001068115234,34.75,33.349998474121094,34.2400016784668,20378600,34.2400016784668
1/27/2016,31.959999084472656,32.630001068115234,31.3799991607666,31.59000015258789,12711700,31.59000015258789
1/26/2016,31.489999771118164,31.979999542236328,31.389999389648438,31.969999313354492,8617000,31.969999313354492
1/25/2016,31.979999542236328,31.979999542236328,31.350000381469727,31.469999313354492,7591800,31.469999313354492
1/22/2016,31.649999618530273,31.969999313354492,31.540000915527344,31.690000534057617,9444000,31.690000534057617
1/21/2016,31.610000610351562,31.739999771118164,30.899999618530273,31.200000762939453,9978900,31.200000762939453
1/20/2016,31.43000030517578,31.700000762939453,30.520000457763672,31.200000762939453,13170600,31.200000762939453
1/19/2016,32.7599983215332,33.18000030517578,31.93000030517578,32.20000076293945,6674700,32.20000076293945
1/15/2016,31.6200008392334,32.540000915527344,31.6200008392334,32.310001373291016,12131400,32.310001373291016
1/14/2016,32.150001525878906,33.040000915527344,31.704999923706055,32.869998931884766,7749500,32.869998931884766
1/13/2016,33.279998779296875,33.56999969482422,31.969999313354492,32.119998931884766,8069400,32.119998931884766
1/12/2016,33.349998474121094,33.56999969482422,32.65999984741211,33.08000183105469,7854000,33.08000183105469
1/11/2016,33.02000045776367,33.43000030517578,32.470001220703125,33.040000915527344,8937400,33.040000915527344
1/8/2016,33.459999084472656,33.880001068115234,32.630001068115234,32.689998626708984,7848800,32.689998626708984
1/7/2016,33.150001525878906,34.1609992980957,33.02000045776367,33.130001068115234,11041100,33.130001068115234
1/6/2016,33.70000076293945,34.0099983215332,33.209999084472656,33.97999954223633,8441300,33.97999954223633
1/5/2016,34.97999954223633,34.97999954223633,33.86000061035156,34.310001373291016,11227700,34.310001373291016
1/4/2016,35.130001068115234,35.560001373291016,34.279998779296875,34.75,12287700,34.75
12/31/2015,36.29999923706055,36.5,36.05099868774414,36.20000076293945,4453800,36.20000076293945
12/30/2015,37.06999969482422,37.25,36.459999084472656,36.47999954223633,4106700,36.47999954223633
12/29/2015,36.91999816894531,37.45000076293945,36.75,37.08000183105469,3436600,37.08000183105469
12/28/2015,36.70000076293945,37,36.25,36.61000061035156,4930100,36.61000061035156
12/24/2015,37.0099983215332,37.22999954223633,36.81999969482422,37.06999969482422,2133400,37.06999969482422
12/23/2015,36.790000915527344,37.68000030517578,36.77000045776367,37.11000061035156,7579500,37.11000061035156
12/22/2015,36.119998931884766,36.88999938964844,35.779998779296875,36.80500030517578,6030900,36.80500030517578
12/21/2015,35.209999084472656,36.150001525878906,35.11000061035156,36.08000183105469,5856000,36.08000183105469
12/18/2015,35.349998474121094,35.7599983215332,34.72999954223633,34.97999954223633,13745900,34.97999954223633
12/17/2015,36,36.58000183105469,35.5099983215332,35.540000915527344,6454100,35.540000915527344
12/16/2015,36.119998931884766,36.25,35.189998626708984,35.97999954223633,7076300,35.97999954223633
12/15/2015,35.189998626708984,36.5099983215332,35.18000030517578,36.31999969482422,11709900,36.31999969482422
12/14/2015,34.61000061035156,35.222999572753906,34.33000183105469,35.0099983215332,5784400,35.0099983215332
12/11/2015,35.150001525878906,35.32600021362305,34.41999816894531,34.689998626708984,8309200,34.689998626708984
12/10/2015,35.15999984741211,35.90999984741211,35.15999984741211,35.4900016784668,6909200,35.4900016784668
12/9/2015,35.38999938964844,35.599998474121094,34.83000183105469,35.06999969482422,7381700,35.06999969482422
12/8/2015,34.630001068115234,35.70000076293945,34.52000045776367,35.599998474121094,7420800,35.599998474121094
12/7/2015,35.709999084472656,35.79999923706055,34.849998474121094,35.15999984741211,4918000,35.15999984741211
12/4/2015,34.380001068115234,35.81999969482422,34.220001220703125,35.619998931884766,10664300,35.619998931884766
12/3/2015,35.20000076293945,35.22999954223633,33.849998474121094,34.22999954223633,7311900,34.22999954223633
12/2/2015,35.22999954223633,36.16999816894531,34.93000030517578,35.150001525878906,5762400,35.150001525878906
12/1/2015,35.40999984741211,35.40999984741211,33.849998474121094,35.16999816894531,14893900,35.16999816894531
11/30/2015,35.36000061035156,35.439998626708984,34.689998626708984,35.2599983215332,9357300,35.2599983215332
11/27/2015,35.52000045776367,35.70000076293945,35.060001373291016,35.18000030517578,2549400,35.18000030517578
11/25/2015,35.20000076293945,35.86000061035156,35.130001068115234,35.36000061035156,3881800,35.36000061035156
11/24/2015,35.25,35.29999923706055,34.880001068115234,35.119998931884766,8390100,35.119998931884766
11/23/2015,36.5,36.650001525878906,35.40999984741211,35.560001373291016,6961000,35.560001373291016
11/20/2015,36.45000076293945,36.45000076293945,35.91999816894531,36.36000061035156,4543400,36.36000061035156
11/19/2015,36.45000076293945,36.5,35.90999984741211,36.189998626708984,5041300,36.189998626708984
11/18/2015,36.31999969482422,36.95000076293945,35.78499984741211,36.220001220703125,8323100,36.220001220703125
11/17/2015,35.88999938964844,36.45000076293945,35.709999084472656,36.209999084472656,7344900,36.209999084472656
11/16/2015,34.54999923706055,35.65999984741211,34.529998779296875,35.61000061035156,6734500,35.61000061035156
11/13/2015,35.18000030517578,35.5,34.5,34.529998779296875,7364400,34.529998779296875
11/12/2015,35.94499969482422,36.04999923706055,34.83000183105469,35.56999969482422,11835900,35.56999969482422
11/11/2015,37.189998626708984,37.31999969482422,35.75,36.33000183105469,12762500,36.33000183105469
11/10/2015,36.58000183105469,37.20000076293945,36.5,37,36384400,37
11/9/2015,36.099998474121094,36.7400016784668,35.650001525878906,36.599998474121094,11571500,36.599998474121094
11/6/2015,36.59000015258789,36.70000076293945,35.79999923706055,36.2400016784668,10256800,36.2400016784668
11/5/2015,37.81999969482422,37.97999954223633,36.65999984741211,36.709999084472656,9068900,36.709999084472656
11/4/2015,38.45000076293945,38.52000045776367,37.33000183105469,37.599998474121094,12226800,37.599998474121094
11/3/2015,37.04999923706055,38.439998626708984,37,37.900001525878906,12025200,37.900001525878906
11/2/2015,35.58000183105469,37.40999984741211,35.45000076293945,36.9900016784668,11254900,36.9900016784668
10/30/2015,35.63999938964844,36.4900016784668,35.2400016784668,36.0099983215332,13409200,36.0099983215332
10/29/2015,34.72999954223633,36.5,34.5,35.90999984741211,25137300,35.90999984741211
10/28/2015,36.209999084472656,36.650001525878906,35.810001373291016,36.52000045776367,11634300,36.52000045776367
10/27/2015,36.38999938964844,36.39400100708008,35.310001373291016,35.939998626708984,8502400,35.939998626708984
10/26/2015,36.04999923706055,36.59000015258789,35.51499938964844,36.439998626708984,11554600,36.439998626708984
10/23/2015,35.72999954223633,35.75,34.79999923706055,34.9900016784668,8909100,34.9900016784668
10/22/2015,34.43000030517578,35.25,34.2599983215332,34.790000915527344,8735500,34.790000915527344
10/21/2015,34.75,34.79999923706055,32.880001068115234,33.83000183105469,9054500,33.83000183105469
10/20/2015,34.79999923706055,34.9900016784668,34.59000015258789,34.869998931884766,6061500,34.869998931884766
10/19/2015,34.43000030517578,34.904998779296875,33.790000915527344,34.84000015258789,5855700,34.84000015258789
10/16/2015,34.75,35.04999923706055,33.95000076293945,34.290000915527344,5390700,34.290000915527344
10/15/2015,34.45000076293945,34.720001220703125,34.15999984741211,34.619998931884766,9103200,34.619998931884766
10/14/2015,33.400001525878906,34.459999084472656,33.400001525878906,34.04999923706055,8198300,34.04999923706055
10/13/2015,32.599998474121094,33.47999954223633,32.34000015258789,33.220001220703125,8787700,33.220001220703125
10/12/2015,32.189998626708984,32.66999816894531,32.099998474121094,32.630001068115234,3915500,32.630001068115234
10/9/2015,31.690000534057617,32.45000076293945,31.40999984741211,32.060001373291016,5911400,32.060001373291016
10/8/2015,32.439998626708984,32.45000076293945,31.09000015258789,31.670000076293945,9281500,31.670000076293945
10/7/2015,32.310001373291016,32.47100067138672,31.520000457763672,32.380001068115234,6969600,32.380001068115234
10/6/2015,32.90999984741211,32.90999984741211,31.780000686645508,31.860000610351562,7409800,31.860000610351562
10/5/2015,32.95000076293945,33.02000045776367,32.380001068115234,32.66999816894531,6119100,32.66999816894531
10/2/2015,30.81999969482422,32.86000061035156,30.75,32.83000183105469,7609800,32.83000183105469
10/1/2015,30.81999969482422,31.586999893188477,30.75,31.479999542236328,9657000,31.479999542236328
9/30/2015,31.200000762939453,31.280000686645508,30.639999389648438,31.040000915527344,13672000,31.040000915527344
9/29/2015,32.27000045776367,32.66999816894531,30.299999237060547,30.6299991607666,12008100,30.6299991607666
9/28/2015,33.68000030517578,33.68000030517578,32.154998779296875,32.25,7407300,32.25
9/25/2015,34.599998474121094,34.689998626708984,33.5,33.77000045776367,6566800,33.77000045776367
9/24/2015,34,34.06999969482422,33.380001068115234,33.90999984741211,6544500,33.90999984741211
9/23/2015,33.4900016784668,34.34000015258789,33.2599983215332,34.15999984741211,5405500,34.15999984741211
9/22/2015,33.939998626708984,34.099998474121094,33.189998626708984,33.349998474121094,8538000,33.349998474121094
9/21/2015,33.65999984741211,34.619998931884766,33.43000030517578,34.25,12736500,34.25
9/18/2015,32.900001525878906,33.779998779296875,32.54999923706055,32.91999816894531,16488100,32.91999816894531
9/17/2015,33.720001220703125,33.9900016784668,33.08000183105469,33.31999969482422,7846800,33.31999969482422
9/16/2015,33.459999084472656,34.060001373291016,33.36000061035156,33.77000045776367,7183900,33.77000045776367
9/15/2015,33.720001220703125,33.95000076293945,32.66999816894531,33.79999923706055,11874900,33.79999923706055
9/14/2015,33.70000076293945,33.95000076293945,33.20000076293945,33.77000045776367,7897700,33.77000045776367
9/11/2015,33.27000045776367,33.59000015258789,32.61000061035156,33.54999923706055,9184200,33.54999923706055
9/10/2015,34.22999954223633,34.290000915527344,32.95000076293945,33.459999084472656,12134500,33.459999084472656
9/9/2015,34.91999816894531,34.95000076293945,33.880001068115234,34.369998931884766,10946900,34.369998931884766
9/8/2015,34.810001373291016,34.88999938964844,34.25,34.70000076293945,7674500,34.70000076293945
9/4/2015,34.709999084472656,34.720001220703125,33.779998779296875,34.290000915527344,7483100,34.290000915527344
9/3/2015,35.0099983215332,35.459999084472656,34.77000045776367,35.310001373291016,6683800,35.310001373291016
9/2/2015,34.599998474121094,35.08000183105469,33.834999084472656,35.06999969482422,7521000,35.06999969482422
9/1/2015,34.150001525878906,34.68000030517578,33.40999984741211,33.77000045776367,13376000,33.77000045776367
8/31/2015,35.5,35.5099983215332,34.77000045776367,35,12123800,35
8/28/2015,34.5099983215332,35.2599983215332,34.369998931884766,35.040000915527344,8344800,35.040000915527344
8/27/2015,33.869998931884766,34.77000045776367,33.15999984741211,34.619998931884766,18909600,34.619998931884766
8/26/2015,33.70000076293945,33.84000015258789,31.709999084472656,33.16999816894531,25350400,33.16999816894531
8/25/2015,35.439998626708984,35.459999084472656,32.70000076293945,32.70000076293945,15557100,32.70000076293945
8/24/2015,31.170000076293945,34.849998474121094,30,33.75,19676600,33.75
8/21/2015,35.56999969482422,36.11000061035156,33.83000183105469,34.25,16824100,34.25
8/20/2015,36.849998474121094,37.34000015258789,35.880001068115234,35.97999954223633,10645700,35.97999954223633
8/19/2015,37.869998931884766,38.099998474121094,37.029998779296875,37.189998626708984,6867600,37.189998626708984
8/18/2015,39,39,37.869998931884766,37.9900016784668,4678800,37.9900016784668
8/17/2015,38.29999923706055,38.75,37.70000076293945,38.72999954223633,4931700,38.72999954223633
8/14/2015,37.4900016784668,38.18000030517578,37.380001068115234,38.13999938964844,6271100,38.13999938964844
8/13/2015,38.400001525878906,38.4900016784668,37.439998626708984,37.619998931884766,7863500,37.619998931884766
8/12/2015,38.54999923706055,38.58000183105469,37.0099983215332,38.189998626708984,21350600,38.189998626708984
8/11/2015,38.93000030517578,39.279998779296875,38.720001220703125,38.849998474121094,8184000,38.849998474121094
8/10/2015,39.43000030517578,39.689998626708984,38.77000045776367,39.04999923706055,7998900,39.04999923706055
8/7/2015,39.040000915527344,39.22999954223633,38.599998474121094,39.130001068115234,8331300,39.130001068115234
8/6/2015,39.630001068115234,39.7400016784668,38.54999923706055,38.849998474121094,7324100,38.849998474121094
8/5/2015,39.70000076293945,39.880001068115234,39.16999816894531,39.27000045776367,9463100,39.27000045776367
8/4/2015,39.90999984741211,39.90999984741211,38.43000030517578,38.95000076293945,10992200,38.95000076293945
8/3/2015,39.25,39.880001068115234,38.900001525878906,39.38999938964844,15126600,39.38999938964844
7/31/2015,39.13999938964844,39.20000076293945,38.220001220703125,38.70000076293945,12480600,38.70000076293945
7/30/2015,38.040000915527344,39.0099983215332,37.71500015258789,38.45000076293945,13845100,38.45000076293945
7/29/2015,38.029998779296875,38.099998474121094,37.619998931884766,37.95000076293945,11788400,37.95000076293945
7/28/2015,37.189998626708984,38,36.83000183105469,37.599998474121094,18986000,37.599998474121094
7/27/2015,36.779998779296875,37.380001068115234,36.220001220703125,36.38999938964844,16179900,36.38999938964844
7/24/2015,37.709999084472656,38,36.90999984741211,37,14274300,37
7/23/2015,38.7400016784668,38.75,36.93000030517578,37.0099983215332,19250200,37.0099983215332
7/22/2015,39.349998474121094,39.720001220703125,38.099998474121094,38.38999938964844,25363900,38.38999938964844
7/21/2015,41.08000183105469,41.11000061035156,39.119998931884766,39.349998474121094,32954600,39.349998474121094
7/20/2015,41.459999084472656,42.54999923706055,39.79999923706055,40.470001220703125,52286500,40.470001220703125
7/17/2015,39.41999816894531,40.20000076293945,38.18000030517578,38.38999938964844,45720200,38.38999938964844
7/16/2015,38.81999969482422,39.970001220703125,38.08000183105469,38.630001068115234,21348500,38.630001068115234
7/15/2015,37.97999954223633,38.20000076293945,37.029998779296875,37.5099983215332,13072800,37.5099983215332
7/14/2015,36.9900016784668,37.7400016784668,36.599998474121094,36.93000030517578,4653300,36.93000030517578
7/13/2015,35.59000015258789,37.5,35.5,36.779998779296875,7626000,36.779998779296875
7/10/2015,34.65999984741211,35.189998626708984,33.97999954223633,34.689998626708984,4472800,34.689998626708984
7/9/2015,35.099998474121094,35.52000045776367,33.9900016784668,34.5,3760100,34.5
7/8/2015,36.34000015258789,36.36000061035156,34.529998779296875,34.70000076293945,5387700,34.70000076293945
7/7/2015,37.720001220703125,37.810001373291016,36,36.619998931884766,7359000,36.619998931884766
7/6/2015,38,39.75,36,36.709999084472656,5866600,36.709999084472656
