4/22/2019,6.650000095367432,6.769999980926514,6.519999980926514,6.630000114440918,9012900,6.630000114440918
4/18/2019,6.159999847412109,6.679999828338623,6.150000095367432,6.599999904632568,21996100,6.599999904632568
4/17/2019,5.829999923706055,6.170000076293945,5.829999923706055,6.099999904632568,24037500,6.099999904632568
4/16/2019,5.619999885559082,5.760000228881836,5.619999885559082,5.739999771118164,11634100,5.739999771118164
4/15/2019,5.71999979019165,5.849999904632568,5.53000020980835,5.550000190734863,9287000,5.550000190734863
4/12/2019,5.840000152587891,5.940000057220459,5.639999866485596,5.710000038146973,13370600,5.710000038146973
4/11/2019,5.059999942779541,5.190000057220459,5.050000190734863,5.150000095367432,4868300,5.150000095367432
4/10/2019,5.409999847412109,5.440000057220459,5.050000190734863,5.099999904632568,5139700,5.099999904632568
4/9/2019,5.440000057220459,5.480000019073486,5.300000190734863,5.409999847412109,4139600,5.409999847412109
4/8/2019,5.400000095367432,5.5,5.349999904632568,5.440000057220459,10403900,5.440000057220459
4/5/2019,5.309999942779541,5.34499979019165,5.230000019073486,5.309999942779541,2747700,5.309999942779541
4/4/2019,5.210000038146973,5.340000152587891,5.159999847412109,5.269999980926514,4301500,5.269999980926514
4/3/2019,5.110000133514404,5.269999980926514,5.099999904632568,5.210000038146973,5338200,5.210000038146973
4/1/2019,5.159999847412109,5.25,5.099999904632568,5.159999847412109,3450600,5.159999847412109
3/29/2019,5.099999904632568,5.105000019073486,4.929999828338623,5.059999942779541,3657100,5.059999942779541
3/28/2019,4.769999980926514,5.039999961853027,4.710000038146973,5.010000228881836,3593600,5.010000228881836
3/26/2019,4.989999771118164,5.079999923706055,4.840000152587891,4.929999828338623,1888400,4.929999828338623
3/25/2019,5.070000171661377,5.070000171661377,4.849999904632568,4.96999979019165,2893100,4.96999979019165
3/22/2019,5.380000114440918,5.429999828338623,5.019999980926514,5.090000152587891,3690100,5.090000152587891
3/21/2019,5.380000114440918,5.460000038146973,5.360000133514404,5.440000057220459,1952900,5.440000057220459
3/20/2019,5.400000095367432,5.449999809265137,5.320000171661377,5.409999847412109,3166400,5.409999847412109
3/19/2019,5.570000171661377,5.590000152587891,5.380000114440918,5.440000057220459,3409500,5.440000057220459
3/18/2019,5.570000171661377,5.679999828338623,5.380000114440918,5.510000228881836,8204100,5.510000228881836
3/15/2019,5.320000171661377,5.519999980926514,5.260000228881836,5.349999904632568,3868500,5.349999904632568
3/14/2019,5.599999904632568,5.679999828338623,5.139999866485596,5.269999980926514,4795000,5.269999980926514
3/13/2019,5.630000114440918,5.729000091552734,5.409999847412109,5.420000076293945,3313100,5.420000076293945
3/12/2019,5.710000038146973,5.809999942779541,5.485000133514404,5.679999828338623,3355700,5.679999828338623
3/11/2019,5.559999942779541,5.800000190734863,5.539999961853027,5.650000095367432,1994000,5.650000095367432
3/8/2019,5.449999809265137,5.710000038146973,5.429999828338623,5.519999980926514,2438300,5.519999980926514
3/7/2019,5.650000095367432,5.670000076293945,5.420000076293945,5.610000133514404,3951000,5.610000133514404
3/6/2019,6.059999942779541,6.139999866485596,5.659999847412109,5.659999847412109,6102000,5.659999847412109
3/5/2019,6.309999942779541,6.550000190734863,5.96999979019165,6.090000152587891,7138800,6.090000152587891
3/4/2019,6.5,6.590000152587891,6.170000076293945,6.25,3497400,6.25
3/1/2019,6.489999771118164,6.579999923706055,6.289999961853027,6.309999942779541,3754600,6.309999942779541
2/28/2019,6.900000095367432,6.920000076293945,6.269999980926514,6.300000190734863,6236700,6.300000190734863
2/27/2019,6.380000114440918,7.159999847412109,6.369999885559082,6.96999979019165,11866500,6.96999979019165
2/26/2019,6.239999771118164,6.510000228881836,6.159999847412109,6.400000095367432,5519200,6.400000095367432
2/25/2019,6.050000190734863,6.5,6.010000228881836,6.380000114440918,9762500,6.380000114440918
2/22/2019,5.53000020980835,5.920000076293945,5.489999771118164,5.809999942779541,4280600,5.809999942779541
2/21/2019,5.440000057220459,5.559999942779541,5.389999866485596,5.409999847412109,2704400,5.409999847412109
2/20/2019,5.179999828338623,5.5,5.159999847412109,5.480000019073486,3337500,5.480000019073486
2/19/2019,5.039999961853027,5.230000019073486,5.019999980926514,5.139999866485596,1675000,5.139999866485596
2/15/2019,5.050000190734863,5.179999828338623,5.039999961853027,5.039999961853027,1696900,5.039999961853027
2/14/2019,5.039999961853027,5.159999847412109,4.989999771118164,5.050000190734863,1315000,5.050000190734863
2/13/2019,5.179999828338623,5.239999771118164,5.019999980926514,5.039999961853027,3697600,5.039999961853027
2/11/2019,4.96999979019165,5.059999942779541,4.960000038146973,5.019999980926514,1055000,5.019999980926514
2/6/2019,5.170000076293945,5.230000019073486,5.079999923706055,5.079999923706055,1594300,5.079999923706055
2/5/2019,5.179999828338623,5.360000133514404,5.130000114440918,5.150000095367432,2363200,5.150000095367432
2/4/2019,5.260000228881836,5.260000228881836,5.090000152587891,5.170000076293945,1566000,5.170000076293945
2/1/2019,5.28000020980835,5.309999942779541,5.210000038146973,5.260000228881836,1478900,5.260000228881836
1/31/2019,5.320000171661377,5.400000095367432,5.199999809265137,5.309999942779541,2308700,5.309999942779541
1/30/2019,5.03000020980835,5.360000133514404,5.005000114440918,5.289999961853027,2676700,5.289999961853027
1/29/2019,4.989999771118164,5.085000038146973,4.889999866485596,4.96999979019165,1806100,4.96999979019165
1/28/2019,5.059999942779541,5.139999866485596,4.869999885559082,4.900000095367432,1641300,4.900000095367432
1/25/2019,5.119999885559082,5.170000076293945,5.03000020980835,5.110000133514404,2441600,5.110000133514404
1/24/2019,5.349999904632568,5.349999904632568,5.019999980926514,5.039999961853027,2111300,5.039999961853027
1/23/2019,5.480000019073486,5.570000171661377,5.309999942779541,5.349999904632568,2095600,5.349999904632568
1/22/2019,5.309999942779541,5.5,5.210000038146973,5.429999828338623,2824800,5.429999828338623
1/18/2019,5.53000020980835,5.570000171661377,5.300000190734863,5.360000133514404,3318600,5.360000133514404
1/17/2019,5.269999980926514,5.630000114440918,5.239999771118164,5.519999980926514,1620800,5.519999980926514
1/16/2019,5.21999979019165,5.369999885559082,5.170000076293945,5.300000190734863,1296100,5.300000190734863
1/15/2019,5.369999885559082,5.400000095367432,5.085000038146973,5.199999809265137,2082600,5.199999809265137
1/14/2019,5.010000228881836,5.329999923706055,4.820000171661377,5.28000020980835,3531100,5.28000020980835
1/11/2019,5.090000152587891,5.360000133514404,5.079999923706055,5.130000114440918,2819600,5.130000114440918
1/10/2019,4.949999809265137,5.159999847412109,4.880000114440918,5.119999885559082,3175600,5.119999885559082
1/9/2019,4.710000038146973,5.050000190734863,4.659999847412109,5.039999961853027,2103300,5.039999961853027
1/8/2019,4.829999923706055,4.889999866485596,4.519999980926514,4.630000114440918,2235200,4.630000114440918
1/7/2019,4.690000057220459,4.860000133514404,4.679999828338623,4.78000020980835,1103900,4.78000020980835
1/4/2019,4.409999847412109,4.789999961853027,4.409999847412109,4.769999980926514,2292300,4.769999980926514
1/3/2019,4.349999904632568,4.480000019073486,4.28000020980835,4.369999885559082,1583300,4.369999885559082
1/2/2019,4.210000038146973,4.480000019073486,4.159999847412109,4.420000076293945,1320700,4.420000076293945
12/31/2018,4.389999866485596,4.5229997634887695,4.199999809265137,4.289999961853027,2394200,4.289999961853027
12/28/2018,4.599999904632568,4.739999771118164,4.360000133514404,4.380000114440918,3672800,4.380000114440918
12/27/2018,4.699999809265137,4.860000133514404,4.3520002365112305,4.599999904632568,3806100,4.599999904632568
12/26/2018,4.769999980926514,4.867000102996826,4.630000114440918,4.679999828338623,2951800,4.679999828338623
12/24/2018,4.599999904632568,4.829999923706055,4.579999923706055,4.670000076293945,1477900,4.670000076293945
12/21/2018,5.050000190734863,5.079999923706055,4.539999961853027,4.619999885559082,3052100,4.619999885559082
12/20/2018,5.119999885559082,5.300000190734863,4.989999771118164,5.03000020980835,3082500,5.03000020980835
12/19/2018,5.380000114440918,5.460000038146973,5.050000190734863,5.079999923706055,2269100,5.079999923706055
12/18/2018,5.610000133514404,5.670000076293945,5.28000020980835,5.380000114440918,2265800,5.380000114440918
12/17/2018,5.809999942779541,5.840000152587891,5.510000228881836,5.519999980926514,2712800,5.519999980926514
12/14/2018,6.210000038146973,6.239999771118164,5.679999828338623,5.800000190734863,6018300,5.800000190734863
12/13/2018,6.300000190734863,7.050000190734863,5.860000133514404,6.320000171661377,24204000,6.320000171661377
12/12/2018,5.170000076293945,5.429999828338623,5.170000076293945,5.260000228881836,1921100,5.260000228881836
12/11/2018,5.190000057220459,5.28000020980835,5.070000171661377,5.099999904632568,2313900,5.099999904632568
12/7/2018,4.96999979019165,5.269999980926514,4.800000190734863,4.960000038146973,2050800,4.960000038146973
12/6/2018,4.699999809265137,5.070000171661377,4.699999809265137,5.010000228881836,2170400,5.010000228881836
12/4/2018,5.159999847412109,5.159999847412109,4.900000095367432,4.900000095367432,2879000,4.900000095367432
12/3/2018,5.360000133514404,5.389999866485596,5.130000114440918,5.139999866485596,1923000,5.139999866485596
11/30/2018,5.139999866485596,5.239999771118164,5.099999904632568,5.099999904632568,1583000,5.099999904632568
11/29/2018,5.070000171661377,5.260000228881836,5.050000190734863,5.099999904632568,2078500,5.099999904632568
11/28/2018,4.889999866485596,5.400000095367432,4.889999866485596,5.170000076293945,3806700,5.170000076293945
11/26/2018,5.070000171661377,5.099999904632568,4.760000228881836,4.940000057220459,3088100,4.940000057220459
11/23/2018,5.349999904632568,5.5,4.900000095367432,4.989999771118164,4502100,4.989999771118164
11/21/2018,4.800000190734863,6.150000095367432,4.670000076293945,5.869999885559082,11319500,5.869999885559082
11/20/2018,4.329999923706055,4.400000095367432,4.215000152587891,4.289999961853027,1007200,4.289999961853027
11/19/2018,4.550000190734863,4.579999923706055,4.389999866485596,4.429999828338623,543600,4.429999828338623
11/16/2018,4.510000228881836,4.610000133514404,4.510000228881836,4.579999923706055,705700,4.579999923706055
11/15/2018,4.570000171661377,4.599999904632568,4.440000057220459,4.579999923706055,844400,4.579999923706055
11/14/2018,4.420000076293945,4.730000019073486,4.400000095367432,4.570000171661377,1150900,4.570000171661377
11/13/2018,4.309999942779541,4.510000228881836,4.28000020980835,4.420000076293945,924100,4.420000076293945
11/12/2018,4.239999771118164,4.340000152587891,4.179999828338623,4.269999980926514,831700,4.269999980926514
11/9/2018,4.300000190734863,4.329999923706055,4.159999847412109,4.199999809265137,695000,4.199999809265137
11/8/2018,4.550000190734863,4.610000133514404,4.360000133514404,4.380000114440918,1070100,4.380000114440918
11/7/2018,4.699999809265137,4.710000038146973,4.539999961853027,4.570000171661377,984900,4.570000171661377
11/6/2018,4.690000057220459,4.699999809265137,4.644999980926514,4.670000076293945,635300,4.670000076293945
11/5/2018,4.630000114440918,4.800000190734863,4.599999904632568,4.690000057220459,523800,4.690000057220459
11/2/2018,4.71999979019165,4.860000133514404,4.659999847412109,4.670000076293945,1844800,4.670000076293945
11/1/2018,4.210000038146973,4.764999866485596,4.190000057220459,4.650000095367432,1727200,4.650000095367432
10/30/2018,4.320000171661377,4.360000133514404,4.046999931335449,4.099999904632568,1527900,4.099999904632568
10/29/2018,4.699999809265137,4.699999809265137,4.264999866485596,4.300000190734863,1020900,4.300000190734863
10/26/2018,4.5,4.730000019073486,4.489999771118164,4.670000076293945,704700,4.670000076293945
10/25/2018,4.440000057220459,4.699999809265137,4.409999847412109,4.590000152587891,2322900,4.590000152587891
10/24/2018,4.46999979019165,4.599999904632568,4.369999885559082,4.389999866485596,875400,4.389999866485596
10/23/2018,4.449999809265137,4.625,4.329999923706055,4.519999980926514,2040700,4.519999980926514
10/22/2018,4.650000095367432,4.760000228881836,4.550000190734863,4.650000095367432,1700100,4.650000095367432
10/19/2018,4.519999980926514,4.585000038146973,4.380000114440918,4.46999979019165,1646600,4.46999979019165
10/18/2018,4.5,4.599999904632568,4.400000095367432,4.409999847412109,1546800,4.409999847412109
10/17/2018,4.5,4.599999904632568,4.360000133514404,4.570000171661377,2173700,4.570000171661377
10/16/2018,4.619999885559082,4.690000057220459,4.414999961853027,4.46999979019165,2173100,4.46999979019165
10/15/2018,4.590000152587891,4.769999980926514,4.565000057220459,4.599999904632568,1447100,4.599999904632568
10/12/2018,4.599999904632568,4.820000171661377,4.510000228881836,4.590000152587891,2714000,4.590000152587891
10/11/2018,4.210000038146973,4.590000152587891,4.070000171661377,4.340000152587891,4006800,4.340000152587891
10/10/2018,4.860000133514404,4.872000217437744,4.300000190734863,4.309999942779541,3430800,4.309999942779541
10/9/2018,4.96999979019165,5.0289998054504395,4.84499979019165,4.860000133514404,1972300,4.860000133514404
10/8/2018,4.940000057220459,5.019999980926514,4.849999904632568,4.96999979019165,1632200,4.96999979019165
10/5/2018,4.960000038146973,5.059999942779541,4.920000076293945,4.940000057220459,1269500,4.940000057220459
10/4/2018,5.090000152587891,5.090000152587891,4.949999809265137,4.960000038146973,1206300,4.960000038146973
10/3/2018,5.010000228881836,5.190000057220459,4.991000175476074,5.110000133514404,718400,5.110000133514404
10/2/2018,4.900000095367432,5.039999961853027,4.900000095367432,4.96999979019165,1171700,4.96999979019165
10/1/2018,5.199999809265137,5.199999809265137,4.909999847412109,4.929999828338623,1931100,4.929999828338623
9/28/2018,4.960000038146973,5.260000228881836,4.909999847412109,5.210000038146973,2995200,5.210000038146973
9/27/2018,5.050000190734863,5.050000190734863,4.960000038146973,4.989999771118164,1885100,4.989999771118164
9/25/2018,5.079999923706055,5.079999923706055,4.989999771118164,5.010000228881836,1081900,5.010000228881836
9/24/2018,5.400000095367432,5.449999809265137,4.940000057220459,4.989999771118164,3231900,4.989999771118164
9/21/2018,5.539999961853027,5.690000057220459,5.400000095367432,5.489999771118164,2808100,5.489999771118164
9/20/2018,5.539999961853027,5.664999961853027,5.46999979019165,5.539999961853027,2036500,5.539999961853027
9/19/2018,5.349999904632568,5.550000190734863,5.3470001220703125,5.510000228881836,971200,5.510000228881836
9/18/2018,5.190000057220459,5.449999809265137,5.159999847412109,5.380000114440918,1568600,5.380000114440918
9/17/2018,5.190000057220459,5.460000038146973,5.170000076293945,5.260000228881836,2635000,5.260000228881836
9/14/2018,5.050000190734863,5.5,5.03000020980835,5.349999904632568,3289400,5.349999904632568
9/13/2018,5.320000171661377,5.320000171661377,4.960000038146973,5.150000095367432,4631400,5.150000095367432
9/12/2018,4.949999809265137,5.369999885559082,4.940000057220459,5.260000228881836,5064500,5.260000228881836
9/11/2018,4.869999885559082,5.090000152587891,4.860000133514404,4.949999809265137,5135600,4.949999809265137
9/10/2018,5.25,5.28000020980835,4.940000057220459,4.989999771118164,6256100,4.989999771118164
9/7/2018,5.519999980926514,5.809999942779541,5.199999809265137,5.239999771118164,5228900,5.239999771118164
9/6/2018,5.599999904632568,5.71999979019165,5.480000019073486,5.590000152587891,3295400,5.590000152587891
9/5/2018,5.78000020980835,5.789999961853027,5.460000038146973,5.610000133514404,4608700,5.610000133514404
9/4/2018,5.949999809265137,6.03000020980835,5.809999942779541,5.829999923706055,3625700,5.829999923706055
8/31/2018,6.010000228881836,6.130000114440918,5.869999885559082,5.949999809265137,2133700,5.949999809265137
8/30/2018,6.230000019073486,6.239999771118164,6.010000228881836,6.050000190734863,2673600,6.050000190734863
8/29/2018,6.159999847412109,6.465000152587891,6.130000114440918,6.349999904632568,4508800,6.349999904632568
8/28/2018,6.019999980926514,6.315000057220459,5.960000038146973,6.25,3651300,6.25
8/27/2018,6.110000133514404,6.170000076293945,5.699999809265137,6.059999942779541,7205800,6.059999942779541
8/24/2018,7.25,7.25,5.980000019073486,6.019999980926514,19486500,6.019999980926514
8/23/2018,6.880000114440918,7.396999835968018,6.800000190734863,6.860000133514404,10347300,6.860000133514404
8/22/2018,7.449999809265137,7.75,7.420000076293945,7.730000019073486,1519200,7.730000019073486
8/21/2018,7.679999828338623,7.739999771118164,7.230000019073486,7.340000152587891,2827300,7.340000152587891
8/20/2018,7.5,7.739999771118164,7.480000019073486,7.639999866485596,1319800,7.639999866485596
8/16/2018,7.099999904632568,7.300000190734863,6.840000152587891,7.010000228881836,1222300,7.010000228881836
8/15/2018,6.579999923706055,7.099999904632568,6.550000190734863,7.079999923706055,1633300,7.079999923706055
8/14/2018,6.809999942779541,6.860000133514404,6.510000228881836,6.769999980926514,1568200,6.769999980926514
8/13/2018,6.989999771118164,7.059999942779541,6.489999771118164,6.880000114440918,1207800,6.880000114440918
8/10/2018,7.059999942779541,7.077000141143799,6.860000133514404,7.010000228881836,428200,7.010000228881836
8/9/2018,6.829999923706055,7.099999904632568,6.800000190734863,7.059999942779541,1453500,7.059999942779541
8/8/2018,7.289999961853027,7.363999843597412,6.880000114440918,6.900000095367432,1478000,6.900000095367432
8/7/2018,7.119999885559082,7.539999961853027,7.019999980926514,7.28000020980835,1589200,7.28000020980835
8/6/2018,7.449999809265137,7.460000038146973,7.03000020980835,7.039999961853027,1778100,7.039999961853027
8/3/2018,7.5,7.664999961853027,7.320000171661377,7.380000114440918,1748300,7.380000114440918
8/2/2018,7.489999771118164,7.614999771118164,7.260000228881836,7.260000228881836,2048500,7.260000228881836
8/1/2018,7.699999809265137,7.869999885559082,7.550000190734863,7.550000190734863,992300,7.550000190734863
7/31/2018,7.690000057220459,7.840000152587891,7.519999980926514,7.75,942600,7.75
7/30/2018,8.34000015258789,8.34000015258789,7.519999980926514,7.610000133514404,1395000,7.610000133514404
7/27/2018,8.350000381469727,8.51200008392334,8.239999771118164,8.34000015258789,1007900,8.34000015258789
7/26/2018,8.15999984741211,8.329999923706055,8.069000244140625,8.300000190734863,694900,8.300000190734863
7/25/2018,8.130000114440918,8.369999885559082,8.100000381469727,8.25,1091500,8.25
7/24/2018,7.940000057220459,8.350000381469727,7.860000133514404,8.100000381469727,1548400,8.100000381469727
7/23/2018,7.550000190734863,8.029999732971191,7.480000019073486,7.929999828338623,1654100,7.929999828338623
7/20/2018,7.920000076293945,7.929999828338623,7.53000020980835,7.550000190734863,2154200,7.550000190734863
7/19/2018,8.170000076293945,8.225000381469727,7.909999847412109,7.909999847412109,1516700,7.909999847412109
7/18/2018,8.1899995803833,8.369999885559082,8.140000343322754,8.270000457763672,1292400,8.270000457763672
7/17/2018,8.489999771118164,8.489999771118164,8.130000114440918,8.1899995803833,1830200,8.1899995803833
7/16/2018,8.470000267028809,8.630000114440918,8.430000305175781,8.510000228881836,719800,8.510000228881836
7/13/2018,8.170000076293945,8.442000389099121,8.170000076293945,8.430000305175781,1131400,8.430000305175781
7/12/2018,8.079999923706055,8.260000228881836,7.96999979019165,8.260000228881836,1306000,8.260000228881836
7/11/2018,7.789999961853027,8.350000381469727,7.699999809265137,8.109999656677246,2616400,8.109999656677246
7/10/2018,8.5,8.550000190734863,7.829999923706055,7.929999828338623,2686500,7.929999828338623
7/9/2018,8.65999984741211,8.789999961853027,8.449999809265137,8.510000228881836,1481900,8.510000228881836
7/6/2018,8.6899995803833,8.930000305175781,8.489999771118164,8.569999694824219,1675400,8.569999694824219
7/5/2018,8.760000228881836,8.789999961853027,8.460000038146973,8.59000015258789,1859600,8.59000015258789
7/3/2018,8.90999984741211,9.038000106811523,8.720000267028809,8.8100004196167,852600,8.8100004196167
7/2/2018,8.739999771118164,9.069999694824219,8.479999542236328,9.020000457763672,849600,9.020000457763672
6/29/2018,9.130000114440918,9.279999732971191,8.850000381469727,8.859999656677246,1437600,8.859999656677246
6/28/2018,9.100000381469727,9.300000190734863,8.930000305175781,9.09000015258789,1423100,9.09000015258789
6/27/2018,9.800000190734863,9.84000015258789,9.095000267028809,9.239999771118164,1532100,9.239999771118164
6/26/2018,9.359999656677246,9.899999618530273,9.319999694824219,9.84000015258789,1373900,9.84000015258789
6/25/2018,10,10,9.15999984741211,9.470000267028809,3443900,9.470000267028809
6/22/2018,10.119999885559082,10.229999542236328,10,10.029999732971191,1508500,10.029999732971191
6/21/2018,10.0600004196167,10.369999885559082,9.960000038146973,10.1899995803833,3723500,10.1899995803833
6/20/2018,9.869999885559082,10.020000457763672,9.680000305175781,9.979999542236328,3560800,9.979999542236328
6/19/2018,9.739999771118164,10.180000305175781,9.539999961853027,9.630000114440918,3577700,9.630000114440918
6/18/2018,9.359999656677246,10.079999923706055,9.350000381469727,9.859999656677246,4481000,9.859999656677246
6/15/2018,9.25,9.57699966430664,9.149999618530273,9.4399995803833,6382500,9.4399995803833
6/14/2018,9.220000267028809,9.460000038146973,9.220000267028809,9.279999732971191,1751300,9.279999732971191
6/13/2018,9.380000114440918,9.5600004196167,9.210000038146973,9.220000267028809,1752200,9.220000267028809
6/12/2018,9.289999961853027,9.550000190734863,9.050000190734863,9.5,2322800,9.5
6/11/2018,9.199999809265137,9.42199993133545,8.84000015258789,9.119999885559082,2399200,9.119999885559082
6/8/2018,9.449999809265137,9.664999961853027,9.229999542236328,9.229999542236328,2177700,9.229999542236328
6/7/2018,9.520000457763672,9.850000381469727,9.520000457763672,9.619999885559082,1798800,9.619999885559082
6/6/2018,9.5,9.729999542236328,9.069999694824219,9.640000343322754,3120900,9.640000343322754
6/5/2018,9.100000381469727,9.842000007629395,9.100000381469727,9.5,5165300,9.5
6/4/2018,8.680000305175781,9.449999809265137,8.609999656677246,9.100000381469727,3582200,9.100000381469727
6/1/2018,8.210000038146973,8.850000381469727,8.210000038146973,8.609999656677246,3019500,8.609999656677246
5/30/2018,8.09000015258789,8.300000190734863,7.639999866485596,8.149999618530273,4952900,8.149999618530273
5/29/2018,8.600000381469727,8.720000267028809,8.010000228881836,8.039999961853027,3999000,8.039999961853027
5/25/2018,8.979999542236328,8.979999542236328,8.729999542236328,8.760000228881836,1627200,8.760000228881836
5/24/2018,8.960000038146973,9.149999618530273,8.880000114440918,8.960000038146973,1447400,8.960000038146973
5/23/2018,9.239999771118164,9.331999778747559,8.59000015258789,9.010000228881836,4697000,9.010000228881836
5/22/2018,9.079999923706055,9.800000190734863,9.079999923706055,9.199999809265137,5693900,9.199999809265137
5/21/2018,10.6899995803833,10.729999542236328,9.5,9.59000015258789,8032300,9.59000015258789
5/18/2018,11.979999542236328,12.09000015258789,11.350000381469727,11.479999542236328,2756000,11.479999542236328
5/17/2018,12.130000114440918,12.260000228881836,11.819999694824219,11.890000343322754,1295400,11.890000343322754
5/16/2018,11.680000305175781,12.180000305175781,11.649999618530273,12.079999923706055,1448600,12.079999923706055
5/15/2018,11.710000038146973,11.720000267028809,11.3100004196167,11.680000305175781,1427100,11.680000305175781
5/14/2018,10.800000190734863,11.739999771118164,10.800000190734863,11.489999771118164,2419000,11.489999771118164
5/11/2018,10.989999771118164,10.989999771118164,10.699999809265137,10.8100004196167,725500,10.8100004196167
5/10/2018,11.050000190734863,11.149999618530273,10.699999809265137,10.960000038146973,823400,10.960000038146973
5/9/2018,10.770000457763672,11.119999885559082,10.600000381469727,10.970000267028809,1111400,10.970000267028809
5/8/2018,10.399999618530273,10.779999732971191,10.399999618530273,10.770000457763672,1125200,10.770000457763672
5/7/2018,9.989999771118164,10.489999771118164,9.930000305175781,10.489999771118164,1029800,10.489999771118164
5/4/2018,9.550000190734863,10.09000015258789,9.550000190734863,10.069999694824219,975700,10.069999694824219
5/3/2018,9.800000190734863,9.859999656677246,9.5600004196167,9.699999809265137,1089400,9.699999809265137
5/2/2018,9.920000076293945,10,9.800000190734863,9.800000190734863,623500,9.800000190734863
5/1/2018,9.859999656677246,10.09000015258789,9.859999656677246,9.880000114440918,642100,9.880000114440918
4/30/2018,9.960000038146973,10.039999961853027,9.8100004196167,9.899999618530273,966700,9.899999618530273
4/27/2018,9.8100004196167,10.270000457763672,9.8100004196167,9.90999984741211,1182300,9.90999984741211
4/26/2018,10,10.199999809265137,9.630000114440918,9.8100004196167,1901400,9.8100004196167
4/25/2018,10.199999809265137,10.319000244140625,9.920000076293945,10,1583300,10
4/24/2018,10.300000190734863,10.524999618530273,10.170000076293945,10.199999809265137,926500,10.199999809265137
4/23/2018,10.819999694824219,10.90999984741211,10.210000038146973,10.239999771118164,1491500,10.239999771118164
4/20/2018,10.989999771118164,11.149999618530273,10.5600004196167,10.760000228881836,1699200,10.760000228881836
4/19/2018,10.850000381469727,11.260000228881836,10.850000381469727,11.199999809265137,1068900,11.199999809265137
4/18/2018,10.59000015258789,11.348999977111816,10.59000015258789,10.829999923706055,1923500,10.829999923706055
4/17/2018,10.260000228881836,11.130000114440918,10.15999984741211,10.579999923706055,1883100,10.579999923706055
4/16/2018,10.460000038146973,10.619999885559082,10.081000328063965,10.220000267028809,1102400,10.220000267028809
4/13/2018,10.350000381469727,10.619999885559082,10.350000381469727,10.460000038146973,864600,10.460000038146973
4/12/2018,10.25,10.359999656677246,10.199999809265137,10.329999923706055,1226300,10.329999923706055
4/11/2018,10.199999809265137,10.579999923706055,10.199999809265137,10.34000015258789,1261600,10.34000015258789
4/10/2018,10.25,10.380000114440918,10.0600004196167,10.25,1494800,10.25
4/9/2018,11,11.128999710083008,10,10,3906000,10
4/6/2018,11.40999984741211,11.437000274658203,10.90999984741211,10.9399995803833,2115900,10.9399995803833
4/5/2018,11.609999656677246,11.859999656677246,11.479999542236328,11.510000228881836,1247400,11.510000228881836
4/4/2018,11.84000015258789,11.949999809265137,11.550000190734863,11.699999809265137,1164000,11.699999809265137
4/3/2018,11.949999809265137,12.119999885559082,11.829999923706055,11.90999984741211,678800,11.90999984741211
4/2/2018,11.75,12.0600004196167,11.699999809265137,11.890000343322754,1341000,11.890000343322754
3/29/2018,11.4399995803833,11.800000190734863,11.4399995803833,11.699999809265137,1002200,11.699999809265137
3/28/2018,11.760000228881836,11.84000015258789,11.329999923706055,11.5,2271000,11.5
3/27/2018,12.1899995803833,12.880000114440918,11.470000267028809,11.760000228881836,4486900,11.760000228881836
3/26/2018,13,13.220000267028809,12.149999618530273,12.279999732971191,2779500,12.279999732971191
3/23/2018,12.899999618530273,13.199999809265137,12.710000038146973,12.760000228881836,2660900,12.760000228881836
3/22/2018,13.699999809265137,13.699999809265137,12.510000228881836,13.069999694824219,4895000,13.069999694824219
3/21/2018,14,14.1899995803833,13.710000038146973,13.789999961853027,1494100,13.789999961853027
3/20/2018,14.5,14.565999984741211,13.90999984741211,14.029999732971191,1922700,14.029999732971191
3/19/2018,14.899999618530273,14.899999618530273,14.15999984741211,14.630000114440918,1872300,14.630000114440918
3/16/2018,14.25,14.989999771118164,14.050000190734863,14.9399995803833,2090300,14.9399995803833
3/15/2018,14.479999542236328,14.720000267028809,13.800000190734863,14.4399995803833,2465200,14.4399995803833
3/14/2018,15.420000076293945,15.539999961853027,14.1899995803833,14.199999809265137,4003000,14.199999809265137
3/13/2018,16.649999618530273,17.099000930786133,15.130000114440918,15.229999542236328,5804400,15.229999542236328
3/12/2018,17.399999618530273,17.799999237060547,16.3799991607666,16.510000228881836,11516200,16.510000228881836
3/9/2018,16.920000076293945,17.09000015258789,15.789999961853027,15.850000381469727,5377700,15.850000381469727
3/8/2018,16.010000228881836,17.100000381469727,16.010000228881836,16.860000610351562,4280200,16.860000610351562
3/7/2018,15.180000305175781,15.949999809265137,15.050000190734863,15.920000076293945,3040900,15.920000076293945
3/6/2018,15.199999809265137,15.460000038146973,14.640000343322754,15.289999961853027,2377000,15.289999961853027
3/5/2018,14.399999618530273,15.359999656677246,14.229999542236328,14.850000381469727,2636500,14.850000381469727
3/2/2018,14.229999542236328,14.369999885559082,13.789999961853027,14.319999694824219,1798500,14.319999694824219
3/1/2018,13.670000076293945,13.9399995803833,13.550000190734863,13.930000305175781,1253400,13.930000305175781
2/28/2018,14.1899995803833,14.1899995803833,13.649999618530273,13.649999618530273,678700,13.649999618530273
2/27/2018,14,14.270000457763672,13.859999656677246,13.869999885559082,1193200,13.869999885559082
2/26/2018,14.130000114440918,14.359999656677246,14.069999694824219,14.220000267028809,1156100,14.220000267028809
2/23/2018,13.899999618530273,14.5,13.600000381469727,14.149999618530273,1706100,14.149999618530273
2/22/2018,14,14.130000114440918,13.90999984741211,13.979999542236328,1139000,13.979999542236328
2/21/2018,14,14.350000381469727,13.789999961853027,13.979999542236328,1082400,13.979999542236328
2/20/2018,13.930000305175781,14.1899995803833,13.6899995803833,14.020000457763672,1677700,14.020000457763672
2/16/2018,13.979999542236328,14.649999618530273,13.960000038146973,14.109999656677246,2133300,14.109999656677246
2/15/2018,14.199999809265137,15,13.949999809265137,14,3730500,14
2/14/2018,13.829999923706055,14.65999984741211,13.529999732971191,14.5600004196167,2950300,14.5600004196167
2/13/2018,13.289999961853027,14.300000190734863,13.289999961853027,13.9399995803833,2631000,13.9399995803833
2/12/2018,13.170000076293945,13.5,12.84000015258789,13.289999961853027,1417100,13.289999961853027
2/9/2018,12.75,13.100000381469727,12.65999984741211,13.039999961853027,2087800,13.039999961853027
2/8/2018,13.100000381469727,13.260000228881836,12.8100004196167,13,3282300,13
2/7/2018,13,13.489999771118164,12.75,13.039999961853027,2078300,13.039999961853027
2/6/2018,12.800000190734863,13.390000343322754,12.600000381469727,13.260000228881836,3333100,13.260000228881836
2/5/2018,13.489999771118164,13.979999542236328,13.260000228881836,13.350000381469727,1935700,13.350000381469727
2/2/2018,14.100000381469727,14.390000343322754,13.649999618530273,13.779999732971191,2666500,13.779999732971191
2/1/2018,13.800000190734863,14.300000190734863,13.789999961853027,14.210000038146973,3976200,14.210000038146973
1/31/2018,14.09000015258789,14.25,13.449999809265137,13.989999771118164,1354400,13.989999771118164
1/30/2018,13.300000190734863,13.949999809265137,13.260000228881836,13.920000076293945,3555700,13.920000076293945
1/29/2018,13.5,14,13.449999809265137,13.770000457763672,4623900,13.770000457763672
1/26/2018,14.470000267028809,14.75,13.199999809265137,13.34000015258789,6479700,13.34000015258789
1/25/2018,14.289999961853027,14.779999732971191,14.180999755859375,14.470000267028809,5661700,14.470000267028809
1/24/2018,13.59000015258789,14.300000190734863,13.180000305175781,13.960000038146973,8331800,13.960000038146973
1/23/2018,12.510000228881836,13.220000267028809,12.430000305175781,13.050000190734863,4246200,13.050000190734863
1/22/2018,12.25,12.699999809265137,12.199999809265137,12.640000343322754,2073200,12.640000343322754
1/19/2018,12.34000015258789,12.449999809265137,12.220000267028809,12.399999618530273,2214500,12.399999618530273
1/18/2018,12.300000190734863,12.470000267028809,12.149999618530273,12.350000381469727,1598400,12.350000381469727
1/17/2018,12.329999923706055,12.510000228881836,12.020000457763672,12.1899995803833,2189800,12.1899995803833
1/16/2018,12.430000305175781,12.569999694824219,12.15999984741211,12.3100004196167,4931700,12.3100004196167
1/12/2018,12.199999809265137,12.300000190734863,11.960000038146973,12,1926700,12
1/11/2018,11.800000190734863,12.4399995803833,11.800000190734863,12.180000305175781,3911700,12.180000305175781
1/10/2018,12.220000267028809,12.399999618530273,11.979999542236328,11.979999542236328,4868500,11.979999542236328
1/9/2018,13.010000228881836,13.010000228881836,12.25,12.270000457763672,4078600,12.270000457763672
1/8/2018,13.020000457763672,13.020000457763672,12.550000190734863,12.829999923706055,2957500,12.829999923706055
1/5/2018,12.050000190734863,13.300000190734863,12.050000190734863,13,4922400,13
1/4/2018,12.270000457763672,12.442999839782715,12,12.050000190734863,2997600,12.050000190734863
1/3/2018,12.5600004196167,12.609999656677246,12.25,12.5,2248700,12.5
1/2/2018,12.65999984741211,12.949999809265137,12.399999618530273,12.579999923706055,3094500,12.579999923706055
12/29/2017,12.329999923706055,12.850000381469727,12.329999923706055,12.539999961853027,1621900,12.539999961853027
12/28/2017,12.579999923706055,12.649999618530273,12.25,12.40999984741211,1678900,12.40999984741211
12/27/2017,12.300000190734863,12.600000381469727,12.300000190734863,12.4399995803833,1139700,12.4399995803833
12/26/2017,13,13.244999885559082,12.300000190734863,12.350000381469727,3142000,12.350000381469727
12/22/2017,12.670000076293945,13.170000076293945,12.5,13.069999694824219,2699900,13.069999694824219
12/21/2017,12.420000076293945,12.800000190734863,12.177000045776367,12.539999961853027,2152400,12.539999961853027
12/20/2017,12.920000076293945,13.050000190734863,11.979999542236328,12.4399995803833,3632900,12.4399995803833
12/19/2017,13.270000457763672,13.600000381469727,12.729999542236328,12.859999656677246,3336700,12.859999656677246
12/18/2017,13.119999885559082,13.619999885559082,13.0600004196167,13.270000457763672,2007800,13.270000457763672
12/15/2017,13.140000343322754,13.399999618530273,12.75,12.930000305175781,2463100,12.930000305175781
12/14/2017,14.010000228881836,14.010000228881836,12.5600004196167,12.729999542236328,6158300,12.729999542236328
12/13/2017,13.3100004196167,14.600000381469727,13.289999961853027,13.979999542236328,6570800,13.979999542236328
12/12/2017,14.270000457763672,14.869999885559082,13,13.1899995803833,6356600,13.1899995803833
12/11/2017,13.529999732971191,14.800000190734863,13.529999732971191,14.050000190734863,7407700,14.050000190734863
12/8/2017,12.109999656677246,13.850000381469727,12.0600004196167,13.649999618530273,10434500,13.649999618530273
12/7/2017,11.5,11.970000267028809,11.479999542236328,11.829999923706055,2877800,11.829999923706055
12/6/2017,11.640000343322754,12.380000114440918,11.329999923706055,11.489999771118164,7133800,11.489999771118164
12/5/2017,12.850000381469727,12.859999656677246,11.5,11.850000381469727,9553600,11.850000381469727
12/4/2017,14.229999542236328,14.59000015258789,12.199999809265137,12.449999809265137,8635200,12.449999809265137
12/1/2017,13.039999961853027,14.720000267028809,12.899999618530273,13.779999732971191,12390200,13.779999732971191
11/30/2017,14.34000015258789,14.720000267028809,13.600000381469727,13.600000381469727,4915100,13.600000381469727
11/29/2017,14.279999732971191,14.470000267028809,13.039999961853027,14.119999885559082,7472000,14.119999885559082
11/28/2017,14.199999809265137,14.600000381469727,13.399999618530273,13.760000228881836,7936500,13.760000228881836
11/27/2017,12.989999771118164,14.779999732971191,12.989999771118164,13.510000228881836,18313900,13.510000228881836
11/24/2017,14.40999984741211,14.539999961853027,12.029999732971191,12.220000267028809,24410300,12.220000267028809
11/22/2017,19.079999923706055,19.110000610351562,16.100000381469727,16.149999618530273,17509900,16.149999618530273
11/21/2017,16.989999771118164,19.420000076293945,16,19.309999465942383,31515000,19.309999465942383
11/20/2017,21.15999984741211,21.469999313354492,19.65999984741211,20.079999923706055,9550800,20.079999923706055
11/17/2017,23.6299991607666,23.6299991607666,21.149999618530273,21.200000762939453,7230800,21.200000762939453
11/16/2017,25.479999542236328,25.809999465942383,23,23.309999465942383,5561500,23.309999465942383
11/15/2017,24.920000076293945,26.118999481201172,24.799999237060547,24.979999542236328,3306100,24.979999542236328
11/14/2017,27.290000915527344,27.920000076293945,25.110000610351562,25.15999984741211,3461600,25.15999984741211
11/13/2017,28.75,29.299999237060547,26.5,27.229999542236328,8123800,27.229999542236328
11/10/2017,26.469999313354492,27.600000381469727,26.010000228881836,27.510000228881836,3158900,27.510000228881836
11/9/2017,25.959999084472656,26.100000381469727,24.559999465942383,25.469999313354492,3242600,25.469999313354492
11/8/2017,27.5,27.59000015258789,25.739999771118164,26.010000228881836,2821300,26.010000228881836
11/7/2017,27.450000762939453,28,27.299999237060547,27.520000457763672,2282600,27.520000457763672
11/6/2017,25.899999618530273,27.5,25.600000381469727,27.100000381469727,2944300,27.100000381469727
11/3/2017,25.489999771118164,26.399999618530273,25,25.020000457763672,1677200,25.020000457763672
11/2/2017,25.489999771118164,26.790000915527344,25.030000686645508,25.270000457763672,3003000,25.270000457763672
11/1/2017,25.899999618530273,28.149999618530273,25.760000228881836,27.049999237060547,7396100,27.049999237060547
10/31/2017,22.649999618530273,25,21.899999618530273,24.899999618530273,5176000,24.899999618530273
10/30/2017,22.799999237060547,23.940000534057617,22.100000381469727,22.190000534057617,3065900,22.190000534057617
10/27/2017,23.899999618530273,25.799999237060547,23.190000534057617,23.270000457763672,5194900,23.270000457763672
10/26/2017,26.65999984741211,26.65999984741211,22.719999313354492,22.799999237060547,10094400,22.799999237060547
10/25/2017,28.739999771118164,28.989999771118164,26,26.389999389648438,5833300,26.389999389648438
10/24/2017,26.6200008392334,29.579999923706055,26.5,28.450000762939453,10416400,28.450000762939453
10/23/2017,31.889999389648438,31.889999389648438,26.299999237060547,26.59000015258789,13718300,26.59000015258789
10/20/2017,34.77000045776367,34.79999923706055,32.099998474121094,33,9158600,33
10/19/2017,29.010000228881836,34.90999984741211,28.486000061035156,34.900001525878906,15689000,34.900001525878906
10/18/2017,34.349998474121094,35.45000076293945,29.18000030517578,29.18000030517578,33472500,29.18000030517578
