4/22/2019,56.09000015258789,58.279998779296875,55.91999816894531,58.20000076293945,8140100,58.20000076293945
4/18/2019,55.84000015258789,57.34000015258789,55.02000045776367,56.68000030517578,9480700,56.68000030517578
4/17/2019,58.5,59,55.93000030517578,56.599998474121094,10828200,56.599998474121094
4/16/2019,58.119998931884766,59.26900100708008,57.0099983215332,58.040000915527344,13594900,58.040000915527344
4/15/2019,56.20000076293945,57.720001220703125,55.90999984741211,56.59000015258789,8860800,56.59000015258789
4/12/2019,60.04999923706055,60.72999954223633,55.880001068115234,56.5,13706200,56.5
4/11/2019,58.52000045776367,60.310001373291016,58.06999969482422,58.650001525878906,9230400,58.650001525878906
4/10/2019,59.41999816894531,59.88999938964844,57.310001373291016,58.56999969482422,11912400,58.56999969482422
4/9/2019,59.97999954223633,61.95000076293945,59.06999969482422,59.31999969482422,13873300,59.31999969482422
4/8/2019,60.25,61.150001525878906,58.349998474121094,60.72999954223633,24549400,60.72999954223633
4/5/2019,64.80000305175781,65.30000305175781,62.560001373291016,63.400001525878906,10717000,63.400001525878906
4/4/2019,66.91999816894531,67,61.90999984741211,64.48999786376953,25099100,64.48999786376953
4/3/2019,70.86000061035156,70.91899871826172,68.2699966430664,68.5999984741211,12867300,68.5999984741211
4/2/2019,68.58000183105469,71.30000305175781,67.2509994506836,70.63999938964844,10053300,70.63999938964844
4/1/2019,66.19999694824219,69.87000274658203,65.5999984741211,69.11000061035156,14424900,69.11000061035156
3/29/2019,65,65.3499984741211,63.58000183105469,64.51000213623047,6211800,64.51000213623047
3/28/2019,62.709999084472656,64.83999633789062,61.650001525878906,64.38999938964844,8253700,64.38999938964844
3/27/2019,63.90999984741211,64.98999786376953,61.119998931884766,62.18000030517578,9859500,62.18000030517578
3/26/2019,68.0999984741211,68.46900177001953,63.29999923706055,64.30999755859375,14257200,64.30999755859375
3/25/2019,63.79999923706055,69,63.599998474121094,66.9000015258789,20747700,66.9000015258789
3/22/2019,66.37999725341797,67.19999694824219,63.2599983215332,63.90999984741211,8347900,63.90999984741211
3/21/2019,64.94000244140625,67.98999786376953,64.83999633789062,66.94000244140625,7901800,66.94000244140625
3/20/2019,64.37000274658203,65.8949966430664,63.374000549316406,64.97000122070312,6443900,64.97000122070312
3/19/2019,63.83000183105469,65.73999786376953,63.04999923706055,64.91999816894531,10828900,64.91999816894531
3/18/2019,63.220001220703125,65.33999633789062,62.61000061035156,63.61000061035156,10971800,63.61000061035156
3/15/2019,62.150001525878906,63.70000076293945,60.400001525878906,62.790000915527344,12736600,62.790000915527344
3/14/2019,61.7400016784668,63.5,59.630001068115234,61.81999969482422,23780700,61.81999969482422
3/13/2019,67.58000183105469,69.72000122070312,60.130001068115234,60.7400016784668,38849900,60.7400016784668
3/12/2019,72.95999908447266,73.16999816894531,70.52999877929688,70.72000122070312,11693700,70.72000122070312
3/11/2019,71.04000091552734,74.3499984741211,71.04000091552734,74.12000274658203,9832000,74.12000274658203
3/8/2019,67.70999908447266,72.20999908447266,66.56999969482422,71.2699966430664,11553300,71.2699966430664
3/7/2019,71.5,72.45999908447266,69.53600311279297,70.80999755859375,9979200,70.80999755859375
3/6/2019,68.58999633789062,72.97000122070312,68.16999816894531,71.88999938964844,15339500,71.88999938964844
3/5/2019,67.05999755859375,69.48999786376953,65.5999984741211,68.83000183105469,9322900,68.83000183105469
3/4/2019,69.37000274658203,69.70700073242188,64.62999725341797,67.05000305175781,15844900,67.05000305175781
3/1/2019,67.18000030517578,69.88999938964844,66.76000213623047,69.08000183105469,10741700,69.08000183105469
2/28/2019,67.91999816894531,68,65.27999877929688,66.29000091552734,8149100,66.29000091552734
2/27/2019,65,67.5999984741211,64.66000366210938,67.37000274658203,9676500,67.37000274658203
2/26/2019,63.650001525878906,66.97000122070312,63.34000015258789,65.08000183105469,12994400,65.08000183105469
2/25/2019,64.83000183105469,67.43000030517578,63.220001220703125,64.87000274658203,22283400,64.87000274658203
2/22/2019,55.09000015258789,64.91999816894531,54.5,64.47000122070312,48341700,64.47000122070312
2/21/2019,53.79999923706055,53.900001525878906,51.14099884033203,51.47999954223633,16876300,51.47999954223633
2/20/2019,54.290000915527344,54.4900016784668,52.65999984741211,53.63999938964844,10739900,53.63999938964844
2/19/2019,52.66999816894531,55.27000045776367,52.27000045776367,53.220001220703125,14485600,53.220001220703125
2/15/2019,51.720001220703125,52.22999954223633,50.810001373291016,52.08000183105469,7162300,52.08000183105469
2/14/2019,49.4900016784668,52,49.33000183105469,50.970001220703125,10047600,50.970001220703125
2/13/2019,49.29999923706055,50.560001373291016,48.900001525878906,50.20000076293945,7000400,50.20000076293945
2/12/2019,47.349998474121094,49.34000015258789,47.02000045776367,49.209999084472656,9823200,49.209999084472656
2/11/2019,48.27000045776367,48.380001068115234,45.02000045776367,46.97999954223633,13511000,46.97999954223633
2/8/2019,46.25,48.33000183105469,46.0099983215332,48.27000045776367,6471200,48.27000045776367
2/7/2019,47.65999984741211,47.86000061035156,45.0099983215332,46.86000061035156,10505800,46.86000061035156
2/6/2019,48.029998779296875,48.9900016784668,47.599998474121094,48.380001068115234,6243400,48.380001068115234
2/5/2019,48.5,49.400001525878906,47.16999816894531,48.15999984741211,11813100,48.15999984741211
2/4/2019,45.2400016784668,50.70000076293945,45.220001220703125,47.43000030517578,28407000,47.43000030517578
2/1/2019,45.02000045776367,45.702999114990234,44.5099983215332,45.209999084472656,5668600,45.209999084472656
1/31/2019,43.79999923706055,46.36000061035156,43.63100051879883,44.95000076293945,8078300,44.95000076293945
1/30/2019,43.5099983215332,44.34000015258789,42.900001525878906,44.130001068115234,7986300,44.130001068115234
1/29/2019,43.619998931884766,45.95000076293945,42.31999969482422,42.849998474121094,15778800,42.849998474121094
1/28/2019,42.2599983215332,43.90999984741211,41.27000045776367,43.86000061035156,9188400,43.86000061035156
1/25/2019,43.5,44,42.06999969482422,43.689998626708984,11226400,43.689998626708984
1/24/2019,40.40999984741211,43.52000045776367,40.33100128173828,43.290000915527344,13236100,43.290000915527344
1/23/2019,40.31999969482422,41.22999954223633,39.779998779296875,40.439998626708984,8159900,40.439998626708984
1/22/2019,40.209999084472656,41.18000030517578,39.41999816894531,39.90999984741211,6387000,39.90999984741211
1/18/2019,42.04999923706055,42.840999603271484,40.56999969482422,40.97999954223633,12690900,40.97999954223633
1/17/2019,39.560001373291016,42.06999969482422,39.2599983215332,41.630001068115234,14000700,41.630001068115234
1/16/2019,40.68000030517578,41.790000915527344,38.90999984741211,39.88999938964844,10778700,39.88999938964844
1/15/2019,40.029998779296875,41.275001525878906,39.31100082397461,40.4900016784668,10322200,40.4900016784668
1/14/2019,38.88999938964844,41.34000015258789,38.599998474121094,39.459999084472656,11192700,39.459999084472656
1/11/2019,40.150001525878906,40.388999938964844,38.76499938964844,39.56999969482422,12528200,39.56999969482422
1/10/2019,41.11000061035156,42.709999084472656,40.0099983215332,40.15999984741211,17148800,40.15999984741211
1/9/2019,40.38999938964844,43.59000015258789,39.650001525878906,42.099998474121094,19848200,42.099998474121094
1/8/2019,43.97999954223633,44.47999954223633,37.90999984741211,40.880001068115234,44167700,40.880001068115234
1/7/2019,36.83000183105469,42.97999954223633,36.52000045776367,42.18000030517578,42253700,42.18000030517578
1/4/2019,30.68000030517578,34.11000061035156,30.514999389648438,33.72999954223633,15505500,33.72999954223633
1/3/2019,31.8700008392334,32.176998138427734,29.5,30.100000381469727,14971400,30.100000381469727
1/2/2019,29.81999969482422,32.689998626708984,29.290000915527344,32.52000045776367,11890300,32.52000045776367
12/31/2018,30.850000381469727,30.969999313354492,29.77899932861328,30.639999389648438,6875500,30.639999389648438
12/28/2018,30.799999237060547,31.25,29.530000686645508,30.15999984741211,11221700,30.15999984741211
12/27/2018,30.510000228881836,32.16999816894531,28.329999923706055,30.459999084472656,18877200,30.459999084472656
12/26/2018,28.899999618530273,30.3700008392334,27.059999465942383,30.350000381469727,16972200,30.350000381469727
12/24/2018,26.6200008392334,28.25,26.299999237060547,27.170000076293945,4558500,27.170000076293945
12/21/2018,29.399999618530273,30.079999923706055,27.040000915527344,27.280000686645508,7210300,27.280000686645508
12/20/2018,30.209999084472656,30.959999084472656,28.520000457763672,29.65999984741211,6234100,29.65999984741211
12/19/2018,32.029998779296875,32.40999984741211,30.110000610351562,30.610000610351562,5750100,30.610000610351562
12/18/2018,32.150001525878906,32.7760009765625,31.059999465942383,31.34000015258789,6371600,31.34000015258789
12/17/2018,33.4900016784668,33.79999923706055,31.732999801635742,32.119998931884766,5649200,32.119998931884766
12/14/2018,33.11000061035156,34.810001373291016,33,33.41999816894531,4521500,33.41999816894531
12/13/2018,35.16999816894531,35.779998779296875,33.40999984741211,33.7400016784668,6544900,33.7400016784668
12/12/2018,35.63999938964844,36.93000030517578,35.02000045776367,35.16999816894531,7913300,35.16999816894531
12/11/2018,38.029998779296875,38.20000076293945,34.27000045776367,35.810001373291016,13491600,35.810001373291016
12/10/2018,37.459999084472656,38.400001525878906,36.66600036621094,37.20000076293945,7099200,37.20000076293945
12/7/2018,40.689998626708984,41.47999954223633,37.79999923706055,37.91999816894531,5017000,37.91999816894531
12/6/2018,38.470001220703125,40.84000015258789,38.04199981689453,40.81999969482422,4191400,40.81999969482422
12/4/2018,41.59000015258789,42.47999954223633,39.5,39.779998779296875,4270900,39.779998779296875
12/3/2018,43.369998931884766,43.369998931884766,40.849998474121094,42.16999816894531,6457600,42.16999816894531
11/30/2018,40.650001525878906,41.540000915527344,40.03099822998047,40.75,3568500,40.75
11/29/2018,38.68000030517578,41.448001861572266,37.7599983215332,40.84000015258789,9090600,40.84000015258789
11/28/2018,39.79999923706055,40.06999969482422,37.5099983215332,38.93000030517578,10524800,38.93000030517578
11/27/2018,40.88999938964844,41.970001220703125,39.13999938964844,39.220001220703125,6495300,39.220001220703125
11/26/2018,40.63999938964844,41.42499923706055,39.79999923706055,41.209999084472656,5090800,41.209999084472656
11/23/2018,39.779998779296875,41.08000183105469,39.720001220703125,39.91999816894531,2417800,39.91999816894531
11/21/2018,42.02000045776367,42.47800064086914,39.7599983215332,40.25,5220200,40.25
11/20/2018,39.70000076293945,42.555999755859375,38.5099983215332,40.86000061035156,7999000,40.86000061035156
11/19/2018,44.400001525878906,44.54999923706055,42.11000061035156,42.66999816894531,4324600,42.66999816894531
11/16/2018,43.63999938964844,45.68000030517578,42.95000076293945,44.58000183105469,5722100,44.58000183105469
11/15/2018,43.02000045776367,44.83000183105469,42.310001373291016,44.529998779296875,8035400,44.529998779296875
11/14/2018,43.040000915527344,43.95000076293945,41.70100021362305,43.20000076293945,6572700,43.20000076293945
11/13/2018,41.599998474121094,43.38999938964844,41.34000015258789,42.439998626708984,7877300,42.439998626708984
11/12/2018,43.25,43.689998626708984,40.310001373291016,41.459999084472656,10576000,41.459999084472656
11/9/2018,45.20000076293945,45.391998291015625,42.709999084472656,43.939998626708984,14422200,43.939998626708984
11/8/2018,51.09000015258789,51.45899963378906,45.6150016784668,45.7400016784668,34311200,45.7400016784668
11/7/2018,56.41999816894531,59.18000030517578,55.709999084472656,58.86000061035156,11827600,58.86000061035156
11/6/2018,56.400001525878906,57.959999084472656,54.54999923706055,55.619998931884766,5364300,55.619998931884766
11/5/2018,57.959999084472656,58.5,54.54999923706055,56.849998474121094,5432400,56.849998474121094
11/2/2018,57.54999923706055,58.70000076293945,56.150001525878906,57.88999938964844,4966500,57.88999938964844
11/1/2018,57,58.45000076293945,54.15999984741211,57.83000183105469,7179700,57.83000183105469
10/31/2018,54,56.35599899291992,53.75,55.599998474121094,5970800,55.599998474121094
10/30/2018,49.70000076293945,52.79999923706055,49.310001373291016,52.2599983215332,5603700,52.2599983215332
10/29/2018,53.459999084472656,53.779998779296875,49.279998779296875,50.470001220703125,5794600,50.470001220703125
10/26/2018,50.66999816894531,54.18000030517578,50.40999984741211,51.81999969482422,9263700,51.81999969482422
10/25/2018,51.189998626708984,53.41999816894531,51.09199905395508,52.04999923706055,7002300,52.04999923706055
10/24/2018,54.060001373291016,54.790000915527344,50.560001373291016,50.7400016784668,8157000,50.7400016784668
10/23/2018,51.45000076293945,54.28900146484375,49.31999969482422,54.09000015258789,9144100,54.09000015258789
10/22/2018,54.529998779296875,56.15999984741211,53.16999816894531,53.90999984741211,8460400,53.90999984741211
10/19/2018,59.34000015258789,59.45000076293945,53.810001373291016,54.09000015258789,8762000,54.09000015258789
10/18/2018,60.31999969482422,60.7400016784668,56.529998779296875,57.0099983215332,8286100,57.0099983215332
10/17/2018,65.30000305175781,65.30000305175781,60.25,60.84000015258789,10876700,60.84000015258789
10/16/2018,62.5099983215332,63.91999816894531,60.209999084472656,63.65999984741211,7637300,63.65999984741211
10/15/2018,60.20000076293945,62.400001525878906,59.34000015258789,61.689998626708984,7870400,61.689998626708984
10/12/2018,59.439998626708984,62.119998931884766,58.58000183105469,60.40999984741211,14209200,60.40999984741211
10/11/2018,55.54999923706055,58.70000076293945,54.79999923706055,56.08000183105469,9105900,56.08000183105469
10/10/2018,63.970001220703125,63.970001220703125,56.349998474121094,56.45000076293945,13585100,56.45000076293945
10/9/2018,64.33999633789062,66.36900329589844,63.540000915527344,64.5,5116600,64.5
10/8/2018,65.80000305175781,66.85299682617188,62.5099983215332,65.63999938964844,7327000,65.63999938964844
10/5/2018,66.5999984741211,69.16000366210938,64.33000183105469,66.94000244140625,8800200,66.94000244140625
10/4/2018,71.7699966430664,72.04499816894531,66.1500015258789,66.81999969482422,11991600,66.81999969482422
10/3/2018,72.66999816894531,72.94999694824219,70.19999694824219,72.56999969482422,7931600,72.56999969482422
10/2/2018,75.0199966430664,76.83000183105469,71.48999786376953,71.63999938964844,8319500,71.63999938964844
10/1/2018,74.81999969482422,77.56900024414062,74.5999984741211,76.4800033569336,8453100,76.4800033569336
9/28/2018,74.54000091552734,75.69999694824219,72.68000030517578,73.02999877929688,4791800,73.02999877929688
9/27/2018,73.75,75.0999984741211,73.54000091552734,74.73999786376953,2436900,74.73999786376953
9/26/2018,73.19999694824219,75.30000305175781,73.1500015258789,73.33999633789062,5238100,73.33999633789062
9/25/2018,73.0999984741211,73.8499984741211,71.6500015258789,73.02999877929688,4249800,73.02999877929688
9/24/2018,71.68000030517578,73.16999816894531,70.29000091552734,73.06999969482422,3890900,73.06999969482422
9/21/2018,73.30000305175781,73.79900360107422,72,72.44999694824219,5191200,72.44999694824219
9/20/2018,71.0199966430664,73.33000183105469,69.54000091552734,72.86000061035156,7301500,72.86000061035156
9/19/2018,72.25,72.37000274658203,68.4000015258789,70.61000061035156,6043200,70.61000061035156
9/18/2018,69.9000015258789,74.25,69.54000091552734,72.06999969482422,7312100,72.06999969482422
9/17/2018,70.91000366210938,71.1500015258789,69.27999877929688,69.75,3945900,69.75
9/14/2018,70.80000305175781,71.9800033569336,69.8499984741211,71.12000274658203,4626600,71.12000274658203
9/13/2018,70,72.17500305175781,69.94999694824219,70.61000061035156,5469600,70.61000061035156
9/12/2018,71,71.93699645996094,67.25,70.94000244140625,9000700,70.94000244140625
9/11/2018,69.30000305175781,71.47000122070312,68.62999725341797,70.9800033569336,8271800,70.9800033569336
9/10/2018,66.5,69.69999694824219,64.80000305175781,68.70999908447266,12169400,68.70999908447266
9/7/2018,62.75,65.98999786376953,62.52000045776367,65.2300033569336,7759800,65.2300033569336
9/6/2018,61.33000183105469,63.72999954223633,60.58000183105469,63.599998474121094,5510600,63.599998474121094
9/5/2018,63.060001373291016,63.060001373291016,58.779998779296875,61.349998474121094,7545600,61.349998474121094
9/4/2018,60.540000915527344,63.4900016784668,60.119998931884766,63.20000076293945,8341500,63.20000076293945
8/31/2018,60.369998931884766,61.099998474121094,58.849998474121094,59.4900016784668,4753800,59.4900016784668
8/30/2018,59.560001373291016,61.779998779296875,59.560001373291016,60.68000030517578,6768100,60.68000030517578
8/29/2018,59.09000015258789,61.47999954223633,58.209999084472656,59.91999816894531,16077500,59.91999816894531
8/28/2018,64.11000061035156,64.41000366210938,62.209999084472656,62.9900016784668,6333600,62.9900016784668
8/27/2018,64,64.4800033569336,62.560001373291016,64.0999984741211,9602900,64.0999984741211
8/24/2018,60.650001525878906,63.529998779296875,60.388999938964844,63.2599983215332,9610000,63.2599983215332
8/23/2018,60.060001373291016,61.27000045776367,58.840999603271484,60.09000015258789,10870900,60.09000015258789
8/22/2018,58.31999969482422,60.310001373291016,57.779998779296875,59.689998626708984,9049800,59.689998626708984
8/21/2018,57.29999923706055,59.97999954223633,56.66999816894531,58.75,11242300,58.75
8/20/2018,55.83000183105469,57.75,54.959999084472656,57.029998779296875,7103700,57.029998779296875
8/17/2018,57,57.56999969482422,55.18000030517578,56.06999969482422,5317300,56.06999969482422
8/16/2018,55.47999954223633,58.349998474121094,55.16999816894531,57.04999923706055,10176200,57.04999923706055
8/15/2018,55.31999969482422,56.310001373291016,53.611000061035156,54.5099983215332,7859600,54.5099983215332
8/14/2018,55.790000915527344,58.099998474121094,55.40999984741211,55.790000915527344,11713200,55.790000915527344
8/13/2018,58.02000045776367,58.150001525878906,54.41999816894531,55.380001068115234,15174100,55.380001068115234
8/10/2018,56.31999969482422,60.650001525878906,56.099998474121094,58.04999923706055,22379100,58.04999923706055
8/9/2018,52.79999923706055,57.95000076293945,52.310001373291016,57.31999969482422,39434300,57.31999969482422
8/8/2018,47.4900016784668,47.869998931884766,45.869998931884766,47.25,13055000,47.25
8/7/2018,48.5,48.849998474121094,47.099998474121094,47.41999816894531,3941800,47.41999816894531
8/6/2018,46.939998626708984,48.25,46.060001373291016,47.849998474121094,4330700,47.849998474121094
8/3/2018,46.540000915527344,47.29999923706055,45.599998474121094,46.470001220703125,2989200,46.470001220703125
8/2/2018,45.099998474121094,46.5,44.849998474121094,46.459999084472656,2399700,46.459999084472656
8/1/2018,45.47999954223633,45.959999084472656,44.7599983215332,45.650001525878906,2441100,45.650001525878906
7/31/2018,44.38999938964844,45.560001373291016,43.40999984741211,45.41999816894531,4753200,45.41999816894531
7/30/2018,47.5,47.650001525878906,43.59000015258789,44.310001373291016,6466000,44.310001373291016
7/27/2018,48.88999938964844,49.319000244140625,47,47.540000915527344,3229800,47.540000915527344
7/26/2018,48.0099983215332,49.630001068115234,47.75,48.63999938964844,3075400,48.63999938964844
7/25/2018,47.02000045776367,48.77000045776367,46.75,48.709999084472656,5332800,48.709999084472656
7/24/2018,50.02000045776367,50.47999954223633,46.08000183105469,46.90999984741211,11126900,46.90999984741211
7/23/2018,51.2599983215332,51.81999969482422,49.17100143432617,49.7400016784668,7900400,49.7400016784668
7/20/2018,49.79999923706055,51.06999969482422,49.54999923706055,49.77000045776367,4556700,49.77000045776367
7/19/2018,49.5,50.75,49.349998474121094,49.790000915527344,4174800,49.790000915527344
7/18/2018,51.130001068115234,51.220001220703125,49.45000076293945,49.5,7600400,49.5
7/17/2018,47.20000076293945,51.45000076293945,47.15999984741211,51.38999938964844,9910700,51.38999938964844
7/16/2018,48.5099983215332,48.7599983215332,47.369998931884766,48.2599983215332,5685400,48.2599983215332
7/13/2018,48.130001068115234,49.689998626708984,47.79999923706055,48.7599983215332,7994900,48.7599983215332
7/12/2018,46.22999954223633,48.380001068115234,45.81999969482422,48.310001373291016,6107600,48.310001373291016
7/11/2018,45.47999954223633,46.66999816894531,44.665000915527344,45.90999984741211,3825300,45.90999984741211
7/10/2018,46.400001525878906,47.349998474121094,45.349998474121094,45.9900016784668,4687600,45.9900016784668
7/9/2018,47.130001068115234,48.15999984741211,45.650001525878906,46.33000183105469,6654300,46.33000183105469
7/6/2018,45,47.27000045776367,45,46.70000076293945,6260200,46.70000076293945
7/5/2018,45.72999954223633,46.04999923706055,44.25,45.40999984741211,7551800,45.40999984741211
7/3/2018,45.31999969482422,46.72999954223633,44.130001068115234,45.540000915527344,12093300,45.540000915527344
7/2/2018,41.7400016784668,43.290000915527344,40.54999923706055,43.290000915527344,3869200,43.290000915527344
6/29/2018,41.900001525878906,42.849998474121094,41.849998474121094,42.619998931884766,3748500,42.619998931884766
6/28/2018,41.15999984741211,42.2400016784668,40,41.619998931884766,6351900,41.619998931884766
6/27/2018,44.619998931884766,44.979000091552734,41.380001068115234,41.41999816894531,7715200,41.41999816894531
6/26/2018,42.18000030517578,44.27000045776367,41.65999984741211,43.9900016784668,5184800,43.9900016784668
6/25/2018,44.13999938964844,44.70899963378906,41.04999923706055,42.0099983215332,7337600,42.0099983215332
6/22/2018,45.900001525878906,46.189998626708984,43.5,44.709999084472656,10590900,44.709999084472656
6/21/2018,47.20000076293945,47.63999938964844,44.61000061035156,45.369998931884766,9306100,45.369998931884766
6/20/2018,45.90999984741211,47.400001525878906,45.5,46.75,8876500,46.75
6/19/2018,44.29999923706055,46.5,44.04999923706055,45.27000045776367,8569000,45.27000045776367
6/18/2018,43,45.83000183105469,42.75,44.93000030517578,9400400,44.93000030517578
6/15/2018,43.9900016784668,45.099998474121094,43.15599822998047,43.29999923706055,10678600,43.29999923706055
6/14/2018,44.119998931884766,45.810001373291016,42.75,45.02000045776367,17120400,45.02000045776367
6/13/2018,41.68000030517578,43.900001525878906,40.86000061035156,43.43000030517578,15160800,43.43000030517578
6/12/2018,41.81999969482422,42.150001525878906,40.779998779296875,41.459999084472656,7289500,41.459999084472656
6/11/2018,39.65999984741211,42.150001525878906,39.599998474121094,41.459999084472656,12357800,41.459999084472656
6/8/2018,39.040000915527344,39.75,38.810001373291016,39.2400016784668,4448200,39.2400016784668
6/7/2018,38.939998626708984,39.63999938964844,37.52000045776367,39.56999969482422,6494300,39.56999969482422
6/6/2018,40,40.20000076293945,38.5099983215332,39.45000076293945,8130800,39.45000076293945
6/5/2018,38.029998779296875,40.470001220703125,37.70000076293945,40.2599983215332,10949200,40.2599983215332
6/4/2018,37.369998931884766,38.21799850463867,37.130001068115234,38.029998779296875,5655600,38.029998779296875
6/1/2018,37.54999923706055,37.80500030517578,36.14400100708008,37.06999969482422,6991300,37.06999969482422
5/31/2018,38.20000076293945,38.619998931884766,37.349998474121094,37.459999084472656,4160100,37.459999084472656
5/30/2018,38.91999816894531,39.06999969482422,37.31100082397461,38.45000076293945,7371800,38.45000076293945
5/29/2018,39.11000061035156,39.880001068115234,37.619998931884766,38.599998474121094,13802300,38.599998474121094
5/25/2018,36.060001373291016,39.08000183105469,35.650001525878906,38.540000915527344,21203400,38.540000915527344
5/24/2018,34.619998931884766,36.099998474121094,34.599998474121094,35.9900016784668,5706600,35.9900016784668
5/23/2018,33.72999954223633,34.58000183105469,33.619998931884766,34.54999923706055,2354800,34.54999923706055
5/22/2018,35.09000015258789,35.18899917602539,33.869998931884766,34.040000915527344,3353700,34.040000915527344
5/21/2018,36.400001525878906,36.599998474121094,34.5620002746582,34.7400016784668,4808700,34.7400016784668
5/18/2018,35,36.310001373291016,34.91999816894531,35.400001525878906,6855000,35.400001525878906
5/17/2018,34.04999923706055,35.029998779296875,34.040000915527344,34.2599983215332,2639800,34.2599983215332
5/16/2018,34,34.779998779296875,33.97999954223633,34.439998626708984,2364800,34.439998626708984
5/15/2018,35,35.099998474121094,33.529998779296875,34.08000183105469,4965000,34.08000183105469
5/14/2018,35.459999084472656,36.5,35.119998931884766,35.29999923706055,5932400,35.29999923706055
5/11/2018,33.7599983215332,35.18000030517578,31.780000686645508,35.13999938964844,12678200,35.13999938964844
5/10/2018,38.29999923706055,38.84000015258789,35.150001525878906,35.459999084472656,30802000,35.459999084472656
5/9/2018,34.380001068115234,36.95000076293945,34,36.08000183105469,21384700,36.08000183105469
5/8/2018,33.83000183105469,34.25,32.91999816894531,33.119998931884766,5501000,33.119998931884766
5/7/2018,31.950000762939453,34,31.93000030517578,33.16999816894531,6006700,33.16999816894531
5/4/2018,31.100000381469727,32.20000076293945,31.06999969482422,31.549999237060547,5104500,31.549999237060547
5/3/2018,33.02000045776367,33.119998931884766,30.884000778198242,31.020000457763672,5824400,31.020000457763672
5/2/2018,32.790000915527344,33.75,32.709999084472656,33.36000061035156,2645900,33.36000061035156
5/1/2018,32.380001068115234,33.16999816894531,31.81999969482422,32.970001220703125,2133100,32.970001220703125
4/30/2018,32.7599983215332,33.3849983215332,32.18000030517578,32.540000915527344,1640800,32.540000915527344
4/27/2018,32.95000076293945,33.08000183105469,32.11000061035156,32.70000076293945,1211000,32.70000076293945
4/26/2018,32.119998931884766,33.380001068115234,31.899999618530273,32.90999984741211,2175200,32.90999984741211
4/25/2018,32.40999984741211,32.525001525878906,31.360000610351562,31.8799991607666,1659200,31.8799991607666
4/24/2018,32.459999084472656,33.34000015258789,31.714000701904297,32.400001525878906,2892800,32.400001525878906
4/23/2018,32.529998779296875,32.68000030517578,31.559999465942383,32.27000045776367,2114100,32.27000045776367
4/20/2018,32.61000061035156,32.939998626708984,30.8700008392334,32.56999969482422,5022200,32.56999969482422
4/19/2018,32.2400016784668,33.310001373291016,31.75,32.70000076293945,7067900,32.70000076293945
4/18/2018,34.540000915527344,35.18000030517578,31.709999084472656,31.719999313354492,15597800,31.719999313354492
4/17/2018,35.349998474121094,37.27000045776367,34.650001525878906,35.97999954223633,13923200,35.97999954223633
4/16/2018,32.880001068115234,33.2400016784668,32.13600158691406,33.02000045776367,2325600,33.02000045776367
4/13/2018,33.93000030517578,34.040000915527344,32.54999923706055,32.689998626708984,1926800,32.689998626708984
4/12/2018,32.20000076293945,33.91999816894531,32.11800003051758,33.689998626708984,2345900,33.689998626708984
4/11/2018,31.920000076293945,32.79999923706055,31.25,32.0099983215332,1673900,32.0099983215332
4/10/2018,33.349998474121094,33.4900016784668,31.610000610351562,32.27000045776367,3193900,32.27000045776367
4/9/2018,31.31999969482422,32.959999084472656,31.270000457763672,32.61000061035156,2090800,32.61000061035156
4/6/2018,31.059999465942383,31.899999618530273,30.690000534057617,31.360000610351562,1364900,31.360000610351562
4/5/2018,32.77000045776367,33.04899978637695,31.149999618530273,31.760000228881836,3095600,31.760000228881836
4/4/2018,29.030000686645508,32.459999084472656,29.010000228881836,32.27000045776367,3211600,32.27000045776367
4/3/2018,30.969999313354492,31.190000534057617,29.18000030517578,30.290000915527344,4481700,30.290000915527344
4/2/2018,30.56999969482422,31.670000076293945,29.799999237060547,30.329999923706055,3253500,30.329999923706055
3/29/2018,31.34000015258789,32.75,29.799999237060547,31.100000381469727,6457900,31.100000381469727
3/28/2018,33.08000183105469,34.042999267578125,30.809999465942383,31.299999237060547,5184700,31.299999237060547
3/27/2018,33.54999923706055,34.630001068115234,32.599998474121094,33,9532700,33
3/26/2018,32.849998474121094,35.45000076293945,32.849998474121094,34.59000015258789,5476400,34.59000015258789
3/23/2018,32.91999816894531,33.38999938964844,31.799999237060547,32.060001373291016,3171500,32.060001373291016
3/22/2018,33.540000915527344,33.97999954223633,32.34000015258789,33.5099983215332,2607700,33.5099983215332
3/21/2018,34.5,35.11000061035156,34.20000076293945,34.25,1748800,34.25
3/20/2018,35.369998931884766,35.5,33.58000183105469,34.72999954223633,3663700,34.72999954223633
3/19/2018,35.439998626708984,35.790000915527344,33.25,33.849998474121094,3583100,33.849998474121094
3/16/2018,36,36.150001525878906,35.380001068115234,35.86000061035156,1900700,35.86000061035156
3/15/2018,36.810001373291016,37.03300094604492,35.301998138427734,36.27000045776367,2981000,36.27000045776367
3/14/2018,37.20000076293945,37.79999923706055,36.79999923706055,36.93000030517578,2167100,36.93000030517578
3/13/2018,37.66999816894531,38.400001525878906,37.04999923706055,37.369998931884766,3752600,37.369998931884766
3/12/2018,38.400001525878906,39.09000015258789,37.15999984741211,37.869998931884766,3154500,37.869998931884766
3/9/2018,38.79999923706055,39.558998107910156,38.5,38.5,1891900,38.5
3/8/2018,39.20000076293945,39.46900177001953,38.04999923706055,38.689998626708984,1868900,38.689998626708984
3/7/2018,37.7599983215332,39.599998474121094,37.7599983215332,38.88999938964844,2092200,38.88999938964844
3/6/2018,39.79999923706055,40.13999938964844,38.5,38.58000183105469,2702700,38.58000183105469
3/5/2018,37.599998474121094,40.119998931884766,37.400001525878906,39,3303200,39
3/2/2018,38.11000061035156,38.650001525878906,37.33000183105469,37.56999969482422,3630700,37.56999969482422
3/1/2018,40.209999084472656,40.880001068115234,38.380001068115234,38.720001220703125,4438000,38.720001220703125
2/28/2018,41.099998474121094,41.79999923706055,40.5,40.77000045776367,2159600,40.77000045776367
2/27/2018,40.29999923706055,41.38999938964844,40.279998779296875,40.90999984741211,3080900,40.90999984741211
2/26/2018,41.81999969482422,42.150001525878906,40.209999084472656,40.439998626708984,5135000,40.439998626708984
2/23/2018,42.91999816894531,43.20000076293945,41.380001068115234,41.52000045776367,6155200,41.52000045776367
2/22/2018,40.38999938964844,44.33000183105469,39.75,42.04999923706055,24022600,42.04999923706055
2/21/2018,52.029998779296875,52.70000076293945,49.14099884033203,51.099998474121094,12715600,51.099998474121094
2/20/2018,50.45000076293945,51.75,49.47999954223633,51.18000030517578,7555000,51.18000030517578
2/16/2018,45.599998474121094,49.400001525878906,45.4010009765625,48.130001068115234,6183400,48.130001068115234
2/15/2018,45.79999923706055,46.099998474121094,44.369998931884766,45.63999938964844,2061700,45.63999938964844
2/14/2018,42.95000076293945,46.099998474121094,42.8650016784668,44.849998474121094,3434100,44.849998474121094
2/13/2018,42.220001220703125,43.689998626708984,42.13999938964844,43.02000045776367,1278100,43.02000045776367
2/12/2018,43.560001373291016,44,41.83000183105469,43.22999954223633,1967400,43.22999954223633
2/9/2018,45,45.349998474121094,40.099998474121094,42.459999084472656,3590700,42.459999084472656
2/8/2018,46.040000915527344,47.349998474121094,43.560001373291016,43.70000076293945,5320400,43.70000076293945
2/7/2018,42.72999954223633,46.45000076293945,42.54999923706055,45.689998626708984,4760400,45.689998626708984
2/6/2018,39.0099983215332,42,39.0099983215332,41.900001525878906,2637000,41.900001525878906
2/5/2018,39.970001220703125,41.86000061035156,39.52000045776367,40.16999816894531,2848200,40.16999816894531
2/2/2018,40.56999969482422,42.119998931884766,40,40.459999084472656,2846400,40.459999084472656
2/1/2018,40.349998474121094,41.72700119018555,39.41999816894531,39.91999816894531,2521700,39.91999816894531
1/31/2018,42.29999923706055,42.29999923706055,40.47999954223633,40.619998931884766,2245900,40.619998931884766
1/30/2018,41.25,42.22999954223633,40.79999923706055,41.52000045776367,2807200,41.52000045776367
1/29/2018,42.25,43.358001708984375,41.9109992980957,42.36000061035156,1795800,42.36000061035156
1/26/2018,44.36000061035156,44.88999938964844,42.77000045776367,42.90999984741211,3280500,42.90999984741211
1/25/2018,42.849998474121094,44.70000076293945,41.849998474121094,44.099998474121094,3933400,44.099998474121094
1/24/2018,43.439998626708984,43.900001525878906,41.29999923706055,42.25,3546300,42.25
1/23/2018,45.63999938964844,46.75,42.540000915527344,42.619998931884766,8382100,42.619998931884766
1/22/2018,40.099998474121094,43.819000244140625,39.529998779296875,43.619998931884766,5429600,43.619998931884766
1/19/2018,40.61000061035156,41.349998474121094,40.099998474121094,40.220001220703125,1967900,40.220001220703125
1/18/2018,41.20000076293945,41.84000015258789,40.654998779296875,40.7599983215332,2728900,40.7599983215332
1/17/2018,39.470001220703125,42.0890007019043,39.470001220703125,41.540000915527344,6590000,41.540000915527344
1/16/2018,43.40999984741211,43.75,39.099998474121094,39.189998626708984,7956500,39.189998626708984
1/12/2018,44.5,44.56999969482422,43.04999923706055,43.380001068115234,3724500,43.380001068115234
1/11/2018,45,45.61000061035156,43.70000076293945,43.869998931884766,3332300,43.869998931884766
1/10/2018,43.20000076293945,45.75,42.90999984741211,44.709999084472656,5157000,44.709999084472656
1/9/2018,46.75,48.11000061035156,44.26100158691406,44.72999954223633,7244500,44.72999954223633
1/8/2018,45.13999938964844,48.36000061035156,42.790000915527344,47.470001220703125,12031400,47.470001220703125
1/5/2018,48.060001373291016,48.9900016784668,46.130001068115234,46.279998779296875,13007900,46.279998779296875
1/4/2018,51.560001373291016,52.775001525878906,50.209999084472656,51.2400016784668,9392600,51.2400016784668
1/3/2018,52.79999923706055,57.41600036621094,52.720001220703125,55.439998626708984,9911800,55.439998626708984
1/2/2018,52.63999938964844,52.849998474121094,50.349998474121094,52.06999969482422,4226700,52.06999969482422
12/29/2017,53.29999923706055,53.599998474121094,51.5,51.779998779296875,3522000,51.779998779296875
12/28/2017,54.849998474121094,55.09000015258789,53.029998779296875,53.189998626708984,3505100,53.189998626708984
12/27/2017,55.20000076293945,56.70000076293945,54.61000061035156,54.7599983215332,5361600,54.7599983215332
12/26/2017,51.20000076293945,54.900001525878906,51.0099983215332,54.869998931884766,5473900,54.869998931884766
12/22/2017,52.5,53.685001373291016,51.31999969482422,51.619998931884766,5314300,51.619998931884766
12/21/2017,52.400001525878906,55.099998474121094,52.29999923706055,53.849998474121094,6649900,53.849998474121094
12/20/2017,56.58000183105469,56.73699951171875,52.43000030517578,52.88999938964844,6668400,52.88999938964844
12/19/2017,57.709999084472656,58.79999923706055,53.91999816894531,56.58000183105469,11370600,56.58000183105469
12/18/2017,54.54999923706055,57.25,53.0099983215332,56.099998474121094,14266700,56.099998474121094
12/15/2017,47.47999954223633,53.16999816894531,46.7599983215332,52.310001373291016,16826600,52.310001373291016
12/14/2017,47.4900016784668,48.52000045776367,45.630001068115234,46.150001525878906,6940500,46.150001525878906
12/13/2017,47.790000915527344,48.65999984741211,44.25,45.459999084472656,6715000,45.459999084472656
12/12/2017,48.060001373291016,48.70000076293945,46.5,46.95000076293945,6346600,46.95000076293945
12/11/2017,45,48.20000076293945,44.43000030517578,47.97999954223633,10302900,47.97999954223633
12/8/2017,43.150001525878906,44.97999954223633,42.099998474121094,44.790000915527344,8539700,44.790000915527344
12/7/2017,43.02000045776367,45.439998626708984,42.06999969482422,42.52000045776367,10258200,42.52000045776367
12/6/2017,38.5,44.54999923706055,37.810001373291016,44.2599983215332,11888700,44.2599983215332
12/5/2017,41.15999984741211,42.45000076293945,39.209999084472656,39.45000076293945,5020000,39.45000076293945
12/4/2017,44.5,45.29999923706055,41.31999969482422,41.72999954223633,5744200,41.72999954223633
12/1/2017,43.7400016784668,44.75,42.310001373291016,43.54999923706055,4777300,43.54999923706055
11/30/2017,45.5,45.849998474121094,43.40999984741211,43.900001525878906,6735400,43.900001525878906
11/29/2017,44.5099983215332,47.5,42.310001373291016,44.869998931884766,15760800,44.869998931884766
11/28/2017,49.400001525878906,51.79999923706055,44.65999984741211,46.43000030517578,38951800,46.43000030517578
11/27/2017,40.86000061035156,47.75,40.599998474121094,46.52000045776367,19425300,46.52000045776367
11/24/2017,41.189998626708984,41.2599983215332,39.15999984741211,39.470001220703125,4689900,39.470001220703125
11/22/2017,37,41.09000015258789,35.0260009765625,40.599998474121094,11770900,40.599998474121094
11/21/2017,39,39.41999816894531,37.189998626708984,37.2599983215332,5433500,37.2599983215332
11/20/2017,39.099998474121094,39.95000076293945,38.599998474121094,39.02000045776367,5895300,39.02000045776367
11/17/2017,38.91999816894531,40.56999969482422,37.75,38.59000015258789,7572600,38.59000015258789
11/16/2017,42,42.75,38.11000061035156,39.790000915527344,18503400,39.790000915527344
11/15/2017,34.61000061035156,39.75,34.220001220703125,39.31999969482422,22401100,39.31999969482422
11/14/2017,46.7400016784668,48.79999923706055,36.58000183105469,36.95000076293945,56821100,36.95000076293945
11/13/2017,34.880001068115234,47.4900016784668,34.86000061035156,42.709999084472656,52790900,42.709999084472656
11/10/2017,30.90999984741211,36.650001525878906,30.5,33.25,34527400,33.25
11/9/2017,24.75,29.440000534057617,23.860000610351562,29.190000534057617,33372100,29.190000534057617
11/8/2017,19.299999237060547,19.429000854492188,18.56100082397461,18.84000015258789,4730600,18.84000015258789
11/7/2017,19.239999771118164,19.549999237060547,18.799999237060547,19.1299991607666,927800,19.1299991607666
11/6/2017,19.40999984741211,19.950000762939453,19.25,19.34000015258789,1416000,19.34000015258789
11/3/2017,19.649999618530273,19.760000228881836,18.799999237060547,19.549999237060547,766200,19.549999237060547
11/2/2017,20.530000686645508,20.530000686645508,19.59000015258789,19.75,523900,19.75
11/1/2017,20.440000534057617,20.8799991607666,19.770000457763672,19.799999237060547,1164400,19.799999237060547
10/31/2017,19.889999389648438,20.84000015258789,19.600000381469727,20.3799991607666,1879600,20.3799991607666
10/30/2017,18.719999313354492,20.149999618530273,18.700000762939453,19.5,2116000,19.5
10/27/2017,18.5,19.299999237060547,18.5,18.790000915527344,1588400,18.790000915527344
10/26/2017,19.059999465942383,19.5,18.520000457763672,18.56999969482422,1707900,18.56999969482422
10/25/2017,19.65999984741211,19.7549991607666,18.350000381469727,18.920000076293945,2418900,18.920000076293945
10/24/2017,20.399999618530273,20.700000762939453,19.280000686645508,19.770000457763672,2361900,19.770000457763672
10/23/2017,21.75,22,20.350000381469727,20.3700008392334,2728600,20.3700008392334
10/20/2017,22.06999969482422,22.43000030517578,21.799999237060547,21.8700008392334,1753200,21.8700008392334
10/19/2017,21.549999237060547,22.93000030517578,21.350000381469727,22.030000686645508,2025100,22.030000686645508
10/18/2017,22.15999984741211,22.5,22,22.049999237060547,998500,22.049999237060547
10/17/2017,22.290000915527344,22.5,21.5,22.09000015258789,1830800,22.09000015258789
10/16/2017,22.969999313354492,23.200000762939453,22.010000228881836,22.190000534057617,2589600,22.190000534057617
10/13/2017,23.75,24.200000762939453,22.950000762939453,23.020000457763672,2956900,23.020000457763672
10/12/2017,23.670000076293945,24.329999923706055,23.450000762939453,23.6299991607666,3545900,23.6299991607666
10/11/2017,23.809999465942383,24.329999923706055,23.200000762939453,23.65999984741211,5449300,23.65999984741211
10/10/2017,25.190000534057617,25.600000381469727,22.700000762939453,22.93000030517578,7479300,22.93000030517578
10/9/2017,23.850000381469727,25.350000381469727,23.559999465942383,24.540000915527344,7740800,24.540000915527344
10/6/2017,22.479999542236328,23.3700008392334,22,23.200000762939453,7058800,23.200000762939453
10/5/2017,21.399999618530273,22.200000762939453,21.350000381469727,22.010000228881836,6361600,22.010000228881836
10/4/2017,21.290000915527344,22.600000381469727,20.81999969482422,20.850000381469727,9345700,20.850000381469727
10/3/2017,23.010000228881836,23.020000457763672,20.770000457763672,20.809999465942383,13678500,20.809999465942383
10/2/2017,25.200000762939453,26.280000686645508,23.260000228881836,23.559999465942383,16008400,23.559999465942383
9/29/2017,26.739999771118164,29.799999237060547,25.469999313354492,26.540000915527344,44294700,26.540000915527344
9/28/2017,15.800000190734863,23.5,15.75,23.5,39265900,23.5
