4/22/2019,49.45000076293945,51.125,49.34000015258789,50.93000030517578,267300,50.93000030517578
4/18/2019,49.72999954223633,50.06999969482422,48.369998931884766,49.619998931884766,713100,49.619998931884766
4/17/2019,51.5,51.709999084472656,49.2599983215332,49.959999084472656,1033900,49.959999084472656
4/16/2019,52.2599983215332,52.720001220703125,50.77000045776367,51.130001068115234,418100,51.130001068115234
4/15/2019,52.630001068115234,53.65999984741211,51.70000076293945,51.900001525878906,318600,51.900001525878906
4/12/2019,52.97999954223633,52.97999954223633,51.61000061035156,52.41999816894531,369700,52.41999816894531
4/11/2019,53.130001068115234,53.52000045776367,52.220001220703125,52.36000061035156,466400,52.36000061035156
4/10/2019,51.540000915527344,53.28499984741211,51.36000061035156,53.04999923706055,449100,53.04999923706055
4/9/2019,50.369998931884766,52.040000915527344,50.189998626708984,51.5,392100,51.5
4/8/2019,50.279998779296875,50.880001068115234,48.900001525878906,50.81999969482422,544000,50.81999969482422
4/5/2019,50.11000061035156,51.25,50,50.18000030517578,948300,50.18000030517578
4/4/2019,53.619998931884766,53.849998474121094,49.380001068115234,50,908700,50
4/3/2019,52.900001525878906,53.869998931884766,52.59000015258789,53.33000183105469,1283400,53.33000183105469
4/2/2019,51.400001525878906,52.27000045776367,50.52000045776367,52.25,386400,52.25
4/1/2019,51.09000015258789,51.84600067138672,50.43000030517578,51.189998626708984,1000700,51.189998626708984
3/29/2019,50.369998931884766,50.849998474121094,49.2400016784668,50.61000061035156,490900,50.61000061035156
3/28/2019,49.91999816894531,50.36000061035156,49,49.560001373291016,323500,49.560001373291016
3/27/2019,51.880001068115234,52,48.04999923706055,49.560001373291016,1294000,49.560001373291016
3/26/2019,50.75,52.5,50.33000183105469,51.599998474121094,508100,51.599998474121094
3/25/2019,49.58000183105469,50.560001373291016,48.59000015258789,50.369998931884766,698000,50.369998931884766
3/22/2019,51.70000076293945,52.15999984741211,49.310001373291016,49.7400016784668,716000,49.7400016784668
3/21/2019,50.70000076293945,52.630001068115234,50.56999969482422,52.380001068115234,411900,52.380001068115234
3/20/2019,51,51.68000030517578,49.54499816894531,50.7599983215332,673200,50.7599983215332
3/19/2019,50.2599983215332,51.15999984741211,49.439998626708984,50.849998474121094,637800,50.849998474121094
3/18/2019,49,50.31999969482422,48.4900016784668,49.849998474121094,749800,49.849998474121094
3/15/2019,48.4900016784668,48.959999084472656,47.84000015258789,48.900001525878906,1212200,48.900001525878906
3/14/2019,48.130001068115234,49.16999816894531,47.900001525878906,48.4900016784668,449200,48.4900016784668
3/13/2019,49.029998779296875,49.62300109863281,48.040000915527344,48.11000061035156,452800,48.11000061035156
3/12/2019,49.36000061035156,49.41999816894531,48.02000045776367,48.880001068115234,611700,48.880001068115234
3/11/2019,46.369998931884766,49.13999938964844,46.06999969482422,48.88999938964844,1964600,48.88999938964844
3/8/2019,44.2599983215332,45.459999084472656,44.01499938964844,45.04999923706055,374100,45.04999923706055
3/7/2019,44.31999969482422,45.63999938964844,43.970001220703125,45.16999816894531,870000,45.16999816894531
3/6/2019,44.66999816894531,45.130001068115234,43.77000045776367,44.209999084472656,572400,44.209999084472656
3/5/2019,45.4900016784668,45.939998626708984,44.380001068115234,44.790000915527344,743900,44.790000915527344
3/4/2019,47.06999969482422,47.5099983215332,43.709999084472656,45.540000915527344,1076300,45.540000915527344
3/1/2019,46.439998626708984,47,45.70000076293945,46.959999084472656,939000,46.959999084472656
2/28/2019,45.91999816894531,46.630001068115234,45.43000030517578,46.029998779296875,309800,46.029998779296875
2/27/2019,46.20000076293945,46.970001220703125,46.119998931884766,46.209999084472656,601600,46.209999084472656
2/26/2019,46.619998931884766,46.83000183105469,46.16999816894531,46.529998779296875,596600,46.529998779296875
2/25/2019,47.20000076293945,47.20000076293945,46.2599983215332,46.630001068115234,425900,46.630001068115234
2/22/2019,45.79999923706055,46.47999954223633,45.70000076293945,46.290000915527344,573000,46.290000915527344
2/21/2019,45.380001068115234,45.810001373291016,44.7400016784668,45.709999084472656,540700,45.709999084472656
2/20/2019,45.9900016784668,46.310001373291016,44.880001068115234,45.40999984741211,422200,45.40999984741211
2/19/2019,45.880001068115234,46.0099983215332,44.63999938964844,46.0099983215332,621300,46.0099983215332
2/15/2019,46.4900016784668,46.720001220703125,45.029998779296875,45.939998626708984,1306800,45.939998626708984
2/14/2019,45.54999923706055,47.619998931884766,45.54999923706055,47.060001373291016,557400,47.060001373291016
2/13/2019,46.380001068115234,46.560001373291016,44.970001220703125,46.040000915527344,819200,46.040000915527344
2/12/2019,45.29999923706055,46.560001373291016,45.22999954223633,46.060001373291016,857800,46.060001373291016
2/11/2019,44.88999938964844,46.02000045776367,44.02000045776367,45.88999938964844,1097400,45.88999938964844
2/8/2019,42.79999923706055,45.16999816894531,42.040000915527344,44.4900016784668,2534400,44.4900016784668
2/7/2019,40.20000076293945,40.959999084472656,39.46500015258789,39.95000076293945,1135000,39.95000076293945
2/6/2019,40.59000015258789,41.27199935913086,39.56999969482422,40.41999816894531,842000,40.41999816894531
2/5/2019,40.79999923706055,41.2599983215332,40.40999984741211,40.470001220703125,812000,40.470001220703125
2/4/2019,40.75,41.72999954223633,40.400001525878906,40.68000030517578,813500,40.68000030517578
2/1/2019,40.02000045776367,41.130001068115234,40.02000045776367,40.779998779296875,575300,40.779998779296875
1/31/2019,38.619998931884766,40.52000045776367,38.38999938964844,40.18000030517578,1009400,40.18000030517578
1/30/2019,37.97999954223633,38.650001525878906,36.72999954223633,38.61000061035156,495100,38.61000061035156
1/29/2019,37.79999923706055,38.459999084472656,37.11800003051758,37.41999816894531,698900,37.41999816894531
1/28/2019,35.91999816894531,36.52000045776367,35.310001373291016,36.380001068115234,295200,36.380001068115234
1/25/2019,36.31999969482422,36.619998931884766,35.880001068115234,36.47999954223633,290700,36.47999954223633
1/24/2019,35.2599983215332,36.13999938964844,34.939998626708984,35.83000183105469,397700,35.83000183105469
1/23/2019,36.5,36.915000915527344,35.099998474121094,35.25,456800,35.25
1/22/2019,36,36.40999984741211,35.63999938964844,36.33000183105469,417500,36.33000183105469
1/18/2019,36.560001373291016,37.400001525878906,36.20000076293945,36.459999084472656,598700,36.459999084472656
1/17/2019,35.34000015258789,36.79999923706055,35.04999923706055,36.380001068115234,366700,36.380001068115234
1/16/2019,36.290000915527344,36.52000045776367,35.13999938964844,35.59000015258789,445800,35.59000015258789
1/15/2019,36.400001525878906,36.900001525878906,35.31999969482422,36.279998779296875,481700,36.279998779296875
1/14/2019,35.029998779296875,35.45000076293945,34.5,35,271200,35
1/11/2019,35.349998474121094,35.900001525878906,34.45000076293945,35.4900016784668,475200,35.4900016784668
1/10/2019,34.91999816894531,35.7400016784668,34.834999084472656,35.59000015258789,430300,35.59000015258789
1/9/2019,35.31999969482422,35.65999984741211,34.959999084472656,35.349998474121094,383600,35.349998474121094
1/8/2019,34.529998779296875,35.119998931884766,34.24700164794922,35.09000015258789,440700,35.09000015258789
1/7/2019,31.520000457763672,34.209999084472656,31.200000762939453,34,616400,34
1/4/2019,30.010000228881836,31.729999542236328,29.709999084472656,31.450000762939453,347400,31.450000762939453
1/3/2019,30.6299991607666,30.899999618530273,29.479999542236328,29.510000228881836,239000,29.510000228881836
1/2/2019,30.450000762939453,31.43000030517578,30.010000228881836,31.06999969482422,285700,31.06999969482422
12/31/2018,31.200000762939453,32.05099868774414,30.34000015258789,31.15999984741211,477200,31.15999984741211
12/28/2018,31.030000686645508,31.709999084472656,30.049999237060547,30.829999923706055,274700,30.829999923706055
12/27/2018,29.690000534057617,30.81999969482422,28.989999771118164,30.809999465942383,375400,30.809999465942383
12/26/2018,28.75,30.239999771118164,28.639999389648438,30.209999084472656,486600,30.209999084472656
12/24/2018,28.450000762939453,29.1299991607666,27.790000915527344,28.459999084472656,282500,28.459999084472656
12/21/2018,31.020000457763672,31.020000457763672,28.6200008392334,28.93000030517578,828200,28.93000030517578
12/20/2018,31.25,31.979999542236328,29.790000915527344,30.8799991607666,573800,30.8799991607666
12/19/2018,30.68000030517578,32.560001373291016,30.649999618530273,31.360000610351562,460100,31.360000610351562
12/18/2018,30.770000457763672,31.295000076293945,30.360000610351562,30.68000030517578,342800,30.68000030517578
12/17/2018,32.380001068115234,32.564998626708984,30.040000915527344,30.31999969482422,794000,30.31999969482422
12/14/2018,33.33000183105469,33.85300064086914,32.52000045776367,32.709999084472656,346200,32.709999084472656
12/13/2018,34.060001373291016,34.33000183105469,32.939998626708984,33.81999969482422,466700,33.81999969482422
12/12/2018,32.90999984741211,34.25,32.560001373291016,33.599998474121094,625900,33.599998474121094
12/11/2018,33.38999938964844,33.68000030517578,31.639999389648438,32.25,454800,32.25
12/10/2018,31.350000381469727,33.09000015258789,31.200000762939453,32.79999923706055,649000,32.79999923706055
12/7/2018,32.4900016784668,33.224998474121094,30.860000610351562,31.3799991607666,451900,31.3799991607666
12/6/2018,29.729999542236328,32.7400016784668,29.420000076293945,32.61000061035156,636600,32.61000061035156
12/4/2018,32.5099983215332,32.95000076293945,30.559999465942383,30.68000030517578,446800,30.68000030517578
12/3/2018,32.66999816894531,33.9900016784668,32.25,32.93000030517578,570000,32.93000030517578
11/30/2018,31.219999313354492,31.959999084472656,30.760000228881836,31.799999237060547,491800,31.799999237060547
11/29/2018,30.90999984741211,31.520000457763672,30.399999618530273,31.100000381469727,518700,31.100000381469727
11/28/2018,28.649999618530273,30.489999771118164,28.5,30.450000762939453,572400,30.450000762939453
11/27/2018,29.25,29.639999389648438,28.100000381469727,28.209999084472656,516300,28.209999084472656
11/26/2018,28.260000228881836,29.760000228881836,28,29.559999465942383,476300,29.559999465942383
11/23/2018,27,28.65999984741211,27,28.200000762939453,221700,28.200000762939453
11/21/2018,27.760000228881836,28.190000534057617,27.05500030517578,27.459999084472656,671800,27.459999084472656
11/20/2018,27,28.565000534057617,26.270000457763672,26.920000076293945,1206500,26.920000076293945
11/19/2018,32.41999816894531,32.779998779296875,27.899999618530273,28,900200,28
11/16/2018,32.65999984741211,33.220001220703125,31.799999237060547,32.779998779296875,601800,32.779998779296875
11/15/2018,31.790000915527344,32.92499923706055,31.329999923706055,32.84000015258789,730600,32.84000015258789
11/14/2018,31.920000076293945,32.7400016784668,31.139999389648438,31.8700008392334,614700,31.8700008392334
11/13/2018,32.34000015258789,32.959999084472656,31.360000610351562,31.8799991607666,460000,31.8799991607666
11/12/2018,33.540000915527344,33.869998931884766,32.040000915527344,32.34000015258789,1774300,32.34000015258789
11/9/2018,35,35.06999969482422,33.720001220703125,34.720001220703125,543200,34.720001220703125
11/8/2018,37.04999923706055,37.72999954223633,35.13999938964844,35.529998779296875,610400,35.529998779296875
11/7/2018,36.119998931884766,38,35.02000045776367,37.13999938964844,1925400,37.13999938964844
11/6/2018,33.95000076293945,34.86000061035156,33.34000015258789,33.52000045776367,531200,33.52000045776367
11/5/2018,35.27000045776367,35.27000045776367,33.599998474121094,34.189998626708984,544000,34.189998626708984
11/2/2018,36.939998626708984,37.08000183105469,35.04999923706055,35.27000045776367,354100,35.27000045776367
11/1/2018,36.33000183105469,37.040000915527344,35.435001373291016,36.81999969482422,407000,36.81999969482422
10/31/2018,34.630001068115234,36.599998474121094,34.48500061035156,36.2400016784668,612500,36.2400016784668
10/30/2018,33.099998474121094,34.13999938964844,32.779998779296875,34.09000015258789,301500,34.09000015258789
10/29/2018,34.529998779296875,34.970001220703125,32.54999923706055,33.25,364100,33.25
10/26/2018,33.06999969482422,34.09000015258789,32.400001525878906,33.810001373291016,523000,33.810001373291016
10/25/2018,32.84000015258789,34.20000076293945,32.290000915527344,34,355600,34
10/24/2018,33.560001373291016,34.18000030517578,32.40999984741211,32.40999984741211,513800,32.40999984741211
10/23/2018,32.68000030517578,33.970001220703125,32.130001068115234,33.529998779296875,281300,33.529998779296875
10/22/2018,32.68000030517578,33.709999084472656,32.60499954223633,33.41999816894531,229900,33.41999816894531
10/19/2018,34.15999984741211,34.54999923706055,32.15999984741211,32.529998779296875,843400,32.529998779296875
10/18/2018,34.83000183105469,35.099998474121094,33.529998779296875,33.900001525878906,393100,33.900001525878906
10/17/2018,34.939998626708984,35.11000061035156,34.25,35.04999923706055,407800,35.04999923706055
10/16/2018,33.61000061035156,35.189998626708984,33.2400016784668,35,491400,35
10/15/2018,33.79999923706055,33.90999984741211,32.810001373291016,33.33000183105469,343700,33.33000183105469
10/12/2018,33.90999984741211,34.709999084472656,33.29999923706055,33.90999984741211,478200,33.90999984741211
10/11/2018,33.540000915527344,34.77000045776367,32.7400016784668,32.849998474121094,704600,32.849998474121094
10/10/2018,35.02000045776367,35.02000045776367,33.47999954223633,34.040000915527344,656700,34.040000915527344
10/9/2018,35.29999923706055,36.20000076293945,34.7599983215332,35.20000076293945,433700,35.20000076293945
10/8/2018,36.310001373291016,36.5,34.439998626708984,35.5,551700,35.5
10/5/2018,36.52000045776367,36.959999084472656,35.599998474121094,36.560001373291016,439700,36.560001373291016
10/4/2018,37.15999984741211,37.15999984741211,36.15999984741211,36.47999954223633,291500,36.47999954223633
10/3/2018,36.4900016784668,37.310001373291016,35.70000076293945,37.25,704300,37.25
10/2/2018,37.16999816894531,38.79999923706055,36.02000045776367,36.43000030517578,806100,36.43000030517578
10/1/2018,37.47999954223633,37.66999816894531,36.15999984741211,36.349998474121094,460800,36.349998474121094
9/28/2018,37,37.529998779296875,36.7599983215332,36.91999816894531,313600,36.91999816894531
9/27/2018,36.349998474121094,37.33000183105469,36,37.11000061035156,518000,37.11000061035156
9/26/2018,37.689998626708984,37.7400016784668,36.099998474121094,36.16999816894531,419700,36.16999816894531
9/25/2018,36.91999816894531,37.525001525878906,36.4900016784668,37.5,503800,37.5
9/24/2018,36,37.06999969482422,35.869998931884766,36.869998931884766,775600,36.869998931884766
9/21/2018,36.52000045776367,37,36,36.220001220703125,962800,36.220001220703125
9/20/2018,35.45000076293945,36.27000045776367,34.95000076293945,36.27000045776367,645200,36.27000045776367
9/19/2018,36.43000030517578,36.47999954223633,34.5,35.31999969482422,575800,35.31999969482422
9/18/2018,35.34000015258789,37.165000915527344,35.040000915527344,36.400001525878906,554400,36.400001525878906
9/17/2018,37.790000915527344,37.81999969482422,35.40999984741211,35.84000015258789,885700,35.84000015258789
9/14/2018,37.439998626708984,38.11000061035156,37.27000045776367,37.79999923706055,452000,37.79999923706055
9/13/2018,37.65999984741211,38.12699890136719,37.349998474121094,37.65999984741211,290600,37.65999984741211
9/12/2018,37.72999954223633,37.7400016784668,36.11000061035156,37.4900016784668,574000,37.4900016784668
9/11/2018,38.5,39,36.33000183105469,37.849998474121094,1050900,37.849998474121094
9/10/2018,38.77000045776367,39.400001525878906,37.93000030517578,39.099998474121094,481800,39.099998474121094
9/7/2018,37.279998779296875,39.099998474121094,36.422000885009766,38.650001525878906,597000,38.650001525878906
9/6/2018,37.29999923706055,37.869998931884766,36.15999984741211,37.31999969482422,371600,37.31999969482422
9/5/2018,38.65999984741211,38.65999984741211,36.47999954223633,37.11000061035156,374000,37.11000061035156
9/4/2018,38.040000915527344,38.959999084472656,37.5,38.849998474121094,360500,38.849998474121094
8/31/2018,37.599998474121094,38.349998474121094,37.31999969482422,38.150001525878906,240600,38.150001525878906
8/30/2018,37.77000045776367,38.18000030517578,37.5099983215332,37.790000915527344,366500,37.790000915527344
8/29/2018,37.599998474121094,38.209999084472656,37,37.77000045776367,580200,37.77000045776367
8/28/2018,36.560001373291016,37.70000076293945,36.08000183105469,37.65999984741211,1373300,37.65999984741211
8/27/2018,36.77000045776367,36.77000045776367,35.83000183105469,36.25,510900,36.25
8/24/2018,35.83000183105469,36.65999984741211,35.709999084472656,36.43000030517578,404900,36.43000030517578
8/23/2018,34.130001068115234,36.06999969482422,34.130001068115234,35.709999084472656,847400,35.709999084472656
8/22/2018,32.709999084472656,34.29999923706055,32.709999084472656,34.29999923706055,443900,34.29999923706055
8/21/2018,33.47999954223633,33.63999938964844,32.63999938964844,32.7400016784668,591400,32.7400016784668
8/20/2018,33.41999816894531,33.709999084472656,32.83000183105469,33.2599983215332,273400,33.2599983215332
8/17/2018,32.52000045776367,33.5099983215332,32.099998474121094,33.41999816894531,487400,33.41999816894531
8/16/2018,32.310001373291016,32.709999084472656,31.75,32.70000076293945,412200,32.70000076293945
8/15/2018,31.799999237060547,32.400001525878906,31.799999237060547,32.18000030517578,402800,32.18000030517578
8/14/2018,31.549999237060547,32.400001525878906,30.889999389648438,32.189998626708984,506500,32.189998626708984
8/13/2018,31.809999465942383,32.400001525878906,31.3700008392334,31.459999084472656,208200,31.459999084472656
8/10/2018,32.599998474121094,33.27000045776367,30.51099967956543,31.799999237060547,322600,31.799999237060547
8/9/2018,31.969999313354492,33.53499984741211,31.523000717163086,32.88999938964844,2662200,32.88999938964844
8/8/2018,31.229999542236328,33.29999923706055,31.047000885009766,31.989999771118164,790600,31.989999771118164
8/7/2018,28.709999084472656,36.22999954223633,28.709999084472656,32.529998779296875,1304100,32.529998779296875
8/6/2018,28.709999084472656,30.15999984741211,28.709999084472656,29.90999984741211,532300,29.90999984741211
8/3/2018,29.209999084472656,29.34000015258789,28.239999771118164,28.799999237060547,334000,28.799999237060547
8/2/2018,28.190000534057617,29.420000076293945,28.0310001373291,29.3799991607666,219300,29.3799991607666
8/1/2018,27.770000457763672,28.489999771118164,27.530000686645508,28.43000030517578,223200,28.43000030517578
7/31/2018,27.729999542236328,28,26.670000076293945,27.809999465942383,491800,27.809999465942383
7/30/2018,29.200000762939453,29.299999237060547,27.3799991607666,27.549999237060547,485500,27.549999237060547
7/27/2018,31.520000457763672,31.549999237060547,29.0049991607666,29.149999618530273,414800,29.149999618530273
7/26/2018,31.559999465942383,31.83799934387207,31,31.559999465942383,186200,31.559999465942383
7/25/2018,31.399999618530273,31.96500015258789,31.15999984741211,31.75,348500,31.75
7/24/2018,32.619998931884766,32.63999938964844,31.09000015258789,31.299999237060547,502400,31.299999237060547
7/23/2018,32.540000915527344,32.60499954223633,32.06100082397461,32.43000030517578,231500,32.43000030517578
7/20/2018,32.880001068115234,33.040000915527344,32.34000015258789,32.40999984741211,275600,32.40999984741211
7/19/2018,32.709999084472656,33.040000915527344,32.459999084472656,32.880001068115234,210200,32.880001068115234
7/18/2018,32,32.95000076293945,31.649999618530273,32.93000030517578,424000,32.93000030517578
7/17/2018,31.049999237060547,32.02000045776367,31.049999237060547,32.0099983215332,163400,32.0099983215332
7/16/2018,31.780000686645508,31.780000686645508,31.010000228881836,31.219999313354492,237100,31.219999313354492
7/13/2018,31.440000534057617,31.989999771118164,31.1299991607666,31.649999618530273,563900,31.649999618530273
7/12/2018,30.040000915527344,31.450000762939453,29.790000915527344,31.3700008392334,246500,31.3700008392334
7/11/2018,29.110000610351562,30.09000015258789,28.884000778198242,29.920000076293945,179300,29.920000076293945
7/10/2018,29.34000015258789,29.739999771118164,29.15999984741211,29.3700008392334,228800,29.3700008392334
7/9/2018,30,30.600000381469727,29.18000030517578,29.329999923706055,239400,29.329999923706055
7/6/2018,29.200000762939453,29.899999618530273,29.190000534057617,29.8799991607666,219800,29.8799991607666
7/5/2018,29.010000228881836,29.450000762939453,28.600000381469727,29.1299991607666,315800,29.1299991607666
7/3/2018,28.420000076293945,29.239999771118164,28.420000076293945,28.829999923706055,162400,28.829999923706055
7/2/2018,27.93000030517578,28.860000610351562,27.69499969482422,28.549999237060547,311100,28.549999237060547
6/29/2018,28.729999542236328,28.770000457763672,28.059999465942383,28.219999313354492,272900,28.219999313354492
6/28/2018,27.760000228881836,28.600000381469727,27.37299919128418,28.600000381469727,382900,28.600000381469727
6/27/2018,29,29.3799991607666,27.68000030517578,27.719999313354492,353500,27.719999313354492
6/26/2018,28.549999237060547,29.450000762939453,28.149999618530273,29.09000015258789,399800,29.09000015258789
6/25/2018,30.09000015258789,30.09000015258789,28.21500015258789,28.399999618530273,1057200,28.399999618530273
6/22/2018,32.31999969482422,32.80099868774414,29.90999984741211,30.399999618530273,2076200,30.399999618530273
6/21/2018,32.81999969482422,33.17499923706055,32.13999938964844,32.22999954223633,543800,32.22999954223633
6/20/2018,33.06999969482422,33.459999084472656,32.779998779296875,32.79999923706055,327800,32.79999923706055
6/19/2018,32.779998779296875,33.369998931884766,32.560001373291016,32.869998931884766,308300,32.869998931884766
6/18/2018,30.43000030517578,33.2599983215332,28,33.25,802100,33.25
6/15/2018,33.75,33.880001068115234,33.060001373291016,33.459999084472656,764000,33.459999084472656
6/14/2018,33.400001525878906,33.91999816894531,32.970001220703125,33.90999984741211,459000,33.90999984741211
6/13/2018,33,33.52000045776367,32.880001068115234,33.369998931884766,298200,33.369998931884766
6/12/2018,32.15999984741211,33.09000015258789,32.132999420166016,33.02000045776367,511600,33.02000045776367
6/11/2018,32.20000076293945,32.415000915527344,31.739999771118164,31.979999542236328,220500,31.979999542236328
6/8/2018,32,32.279998779296875,31.760000228881836,31.989999771118164,315900,31.989999771118164
6/7/2018,33.31999969482422,33.31999969482422,31.639999389648438,32.04999923706055,326300,32.04999923706055
6/6/2018,32.86000061035156,33.31999969482422,32.56999969482422,33.310001373291016,396700,33.310001373291016
6/5/2018,33,33,32.43000030517578,32.689998626708984,309500,32.689998626708984
6/4/2018,32.22999954223633,32.90999984741211,31.90999984741211,32.880001068115234,562900,32.880001068115234
6/1/2018,31.75,32.30500030517578,31.75,32.029998779296875,613800,32.029998779296875
5/31/2018,31.510000228881836,32.369998931884766,31.479999542236328,31.670000076293945,439500,31.670000076293945
5/30/2018,30.5,31.709999084472656,30.5,31.549999237060547,562900,31.549999237060547
5/29/2018,29.90999984741211,30.479999542236328,29.801000595092773,30.440000534057617,350600,30.440000534057617
5/25/2018,30.6299991607666,30.780000686645508,29.959999084472656,30.15999984741211,309700,30.15999984741211
5/24/2018,30.40999984741211,30.760000228881836,30.29800033569336,30.579999923706055,217900,30.579999923706055
5/23/2018,29.899999618530273,30.420000076293945,29.18000030517578,30.31999969482422,435800,30.31999969482422
5/22/2018,30.700000762939453,30.700000762939453,29.895000457763672,30.030000686645508,298300,30.030000686645508
5/21/2018,31,31.440000534057617,30.440000534057617,30.579999923706055,385100,30.579999923706055
5/18/2018,30.15999984741211,30.84000015258789,29.920000076293945,30.790000915527344,500900,30.790000915527344
5/17/2018,30.190000534057617,30.540000915527344,29.799999237060547,30.100000381469727,404600,30.100000381469727
5/16/2018,30.75,30.75,29.940000534057617,30.3799991607666,536500,30.3799991607666
5/15/2018,29.81999969482422,30.882999420166016,29.81999969482422,30.760000228881836,604900,30.760000228881836
5/14/2018,30.25,30.799999237060547,29.639999389648438,30.020000457763672,892800,30.020000457763672
5/11/2018,31.979999542236328,32.43000030517578,30.899999618530273,31.079999923706055,352300,31.079999923706055
5/10/2018,32.040000915527344,32.459999084472656,31.399999618530273,32.130001068115234,396700,32.130001068115234
5/9/2018,32.959999084472656,33.70000076293945,31.110000610351562,31.770000457763672,372600,31.770000457763672
5/8/2018,31.170000076293945,31.690000534057617,30.860000610351562,31.06999969482422,554800,31.06999969482422
5/7/2018,30.549999237060547,31.43000030517578,30.31999969482422,31.15999984741211,617700,31.15999984741211
5/4/2018,29.520000457763672,30.600000381469727,29.270000457763672,30.280000686645508,484800,30.280000686645508
5/3/2018,29,29.75,29,29.610000610351562,437200,29.610000610351562
5/2/2018,28.5,29.5,28.030000686645508,29.399999618530273,361700,29.399999618530273
5/1/2018,28.139999389648438,28.549999237060547,27.790000915527344,28.540000915527344,143400,28.540000915527344
4/30/2018,28.079999923706055,28.649999618530273,28.079999923706055,28.239999771118164,130900,28.239999771118164
4/27/2018,28.65999984741211,28.940000534057617,27.889999389648438,28.06999969482422,282600,28.06999969482422
4/26/2018,27.530000686645508,28.510000228881836,27.530000686645508,28.440000534057617,307500,28.440000534057617
4/25/2018,27.25,27.56999969482422,26.709999084472656,27.459999084472656,276000,27.459999084472656
4/24/2018,27.729999542236328,28.31999969482422,27.100000381469727,27.329999923706055,244800,27.329999923706055
4/23/2018,27.469999313354492,27.959999084472656,27.219999313354492,27.65999984741211,151800,27.65999984741211
4/20/2018,27.760000228881836,28.09000015258789,27.149999618530273,27.440000534057617,456000,27.440000534057617
4/19/2018,27.850000381469727,28.18000030517578,27.641000747680664,27.90999984741211,193900,27.90999984741211
4/18/2018,28.40999984741211,28.729999542236328,27.84000015258789,27.860000610351562,210400,27.860000610351562
4/17/2018,27.670000076293945,28.360000610351562,27.540000915527344,28.190000534057617,303000,28.190000534057617
4/16/2018,27.510000228881836,28.049999237060547,27.020000457763672,27.399999618530273,315600,27.399999618530273
4/13/2018,28.010000228881836,28.170000076293945,27.344999313354492,27.790000915527344,448100,27.790000915527344
4/12/2018,26.56999969482422,27.389999389648438,26.299999237060547,27.260000228881836,326200,27.260000228881836
4/11/2018,25.670000076293945,26.65999984741211,25.604999542236328,26.25,212300,26.25
4/10/2018,26.350000381469727,26.420000076293945,25.739999771118164,26.1299991607666,215300,26.1299991607666
4/9/2018,26,26.6299991607666,25.8700008392334,25.989999771118164,207300,25.989999771118164
4/6/2018,26.049999237060547,26.540000915527344,25.68000030517578,25.920000076293945,309000,25.920000076293945
4/5/2018,26.010000228881836,26.610000610351562,25.40999984741211,26.229999542236328,189100,26.229999542236328
4/4/2018,24.5,25.950000762939453,23.139999389648438,25.860000610351562,283200,25.860000610351562
4/3/2018,25.1299991607666,25.30500030517578,24.834999084472656,25.200000762939453,300800,25.200000762939453
4/2/2018,25.34000015258789,25.795000076293945,24.719999313354492,24.920000076293945,268600,24.920000076293945
3/29/2018,25.600000381469727,25.979999542236328,25.18000030517578,25.56999969482422,413700,25.56999969482422
3/28/2018,25.5,25.670000076293945,25.010000228881836,25.399999618530273,324400,25.399999618530273
3/27/2018,27,27.125,25.3700008392334,25.579999923706055,437500,25.579999923706055
3/26/2018,26.420000076293945,26.850000381469727,26.18000030517578,26.829999923706055,290600,26.829999923706055
3/23/2018,26.790000915527344,27.09000015258789,26.06999969482422,26.079999923706055,878800,26.079999923706055
3/22/2018,26.950000762939453,27.440000534057617,26.56999969482422,26.81999969482422,328000,26.81999969482422
3/21/2018,27.049999237060547,27.59000015258789,26.670000076293945,27.229999542236328,405800,27.229999542236328
3/20/2018,26.489999771118164,27.399999618530273,26.420000076293945,27.100000381469727,465200,27.100000381469727
3/19/2018,25.610000610351562,26.420000076293945,25.510000228881836,26.3700008392334,545100,26.3700008392334
3/16/2018,26.43000030517578,26.6200008392334,25.790000915527344,25.84000015258789,1217200,25.84000015258789
3/15/2018,26.899999618530273,27.18000030517578,26.1200008392334,26.420000076293945,553400,26.420000076293945
3/14/2018,26.700000762939453,27.25,26.209999084472656,26.81999969482422,1617800,26.81999969482422
3/13/2018,27.270000457763672,27.540000915527344,27.010000228881836,27.520000457763672,251000,27.520000457763672
3/12/2018,27.200000762939453,27.670000076293945,27,27.209999084472656,661400,27.209999084472656
3/9/2018,27.739999771118164,27.799999237060547,27.280000686645508,27.290000915527344,226500,27.290000915527344
3/8/2018,27.81999969482422,28.184999465942383,27.040000915527344,27.469999313354492,252400,27.469999313354492
3/7/2018,27,27.989999771118164,27,27.81999969482422,239700,27.81999969482422
3/6/2018,26.799999237060547,27.43000030517578,26.709999084472656,27.299999237060547,227300,27.299999237060547
3/5/2018,26.950000762939453,27,26.020000457763672,26.6200008392334,309900,26.6200008392334
3/2/2018,25.709999084472656,27.010000228881836,25.649999618530273,26.950000762939453,278800,26.950000762939453
3/1/2018,26.5,26.549999237060547,25.610000610351562,25.809999465942383,309200,25.809999465942383
2/28/2018,26.200000762939453,27.229999542236328,26,26.40999984741211,759900,26.40999984741211
2/27/2018,25,25.889999389648438,24.899999618530273,25.540000915527344,492300,25.540000915527344
2/26/2018,24.450000762939453,25,24.209999084472656,24.950000762939453,414800,24.950000762939453
2/23/2018,24.110000610351562,24.399999618530273,23.780000686645508,24.399999618530273,476300,24.399999618530273
2/22/2018,24.200000762939453,24.729999542236328,23.829999923706055,24.170000076293945,368600,24.170000076293945
2/21/2018,24.459999084472656,24.757999420166016,24.079999923706055,24.09000015258789,252400,24.09000015258789
2/20/2018,23.979999542236328,24.8700008392334,23.90999984741211,24.459999084472656,351200,24.459999084472656
2/16/2018,24.09000015258789,24.229999542236328,23.65999984741211,24.190000534057617,262900,24.190000534057617
2/15/2018,24.540000915527344,24.548999786376953,23.75,24.1200008392334,226000,24.1200008392334
2/14/2018,23.079999923706055,24.329999923706055,23,24.309999465942383,537700,24.309999465942383
2/13/2018,23.260000228881836,23.93000030517578,22.579999923706055,23.360000610351562,485400,23.360000610351562
2/12/2018,24.079999923706055,24.100000381469727,21.329999923706055,23.149999618530273,1351200,23.149999618530273
2/9/2018,23.479999542236328,24,22.68000030517578,23.729999542236328,617600,23.729999542236328
2/8/2018,23.360000610351562,23.770000457763672,23.1200008392334,23.15999984741211,481100,23.15999984741211
2/7/2018,22.899999618530273,23.600000381469727,22.729999542236328,23.3700008392334,399900,23.3700008392334
2/6/2018,22.239999771118164,23.225000381469727,22.06999969482422,22.889999389648438,683000,22.889999389648438
2/5/2018,23.1299991607666,23.600000381469727,22.549999237060547,22.68000030517578,534100,22.68000030517578
2/2/2018,23.3700008392334,23.809999465942383,23.100000381469727,23.450000762939453,257700,23.450000762939453
2/1/2018,23.8799991607666,24.350000381469727,23.6299991607666,23.670000076293945,366500,23.670000076293945
1/31/2018,24.559999465942383,24.729999542236328,23.709999084472656,23.979999542236328,388100,23.979999542236328
1/30/2018,24.489999771118164,24.690000534057617,24.09000015258789,24.34000015258789,580100,24.34000015258789
1/29/2018,25.020000457763672,25.260000228881836,24.1299991607666,24.469999313354492,597300,24.469999313354492
1/26/2018,23.760000228881836,25.950000762939453,23.290000915527344,25.010000228881836,4036100,25.010000228881836
1/25/2018,23,23.31999969482422,22.59000015258789,22.8700008392334,343800,22.8700008392334
1/24/2018,21.18000030517578,23.020000457763672,21.18000030517578,22.770000457763672,508600,22.770000457763672
1/23/2018,22.1200008392334,22.479999542236328,21.899999618530273,22.030000686645508,187700,22.030000686645508
1/22/2018,21.899999618530273,22.030000686645508,21.65999984741211,21.979999542236328,215800,21.979999542236328
1/19/2018,21.739999771118164,22.049999237060547,21.6299991607666,21.93000030517578,116800,21.93000030517578
1/18/2018,21.860000610351562,22.1200008392334,21.489999771118164,21.719999313354492,232500,21.719999313354492
1/17/2018,22,22.350000381469727,21.75,21.959999084472656,582300,21.959999084472656
1/16/2018,22.489999771118164,22.489999771118164,21.5,21.670000076293945,334100,21.670000076293945
1/12/2018,21.5,22.579999923706055,21.469999313354492,22.299999237060547,510500,22.299999237060547
1/11/2018,20.260000228881836,21.34000015258789,20.135000228881836,21.31999969482422,363000,21.31999969482422
1/10/2018,20.1299991607666,20.309999465942383,19.65999984741211,20.190000534057617,213300,20.190000534057617
1/9/2018,20.360000610351562,20.40999984741211,20.040000915527344,20.209999084472656,140300,20.209999084472656
1/8/2018,20.020000457763672,20.5,19.950000762939453,20.350000381469727,237100,20.350000381469727
1/5/2018,20,20.100000381469727,19.719999313354492,20.010000228881836,204400,20.010000228881836
1/4/2018,19.389999389648438,20,19.389999389648438,19.979999542236328,177900,19.979999542236328
1/3/2018,19.040000915527344,19.649999618530273,19.040000915527344,19.350000381469727,204100,19.350000381469727
1/2/2018,18.65999984741211,19.09000015258789,18.5,19.010000228881836,124200,19.010000228881836
12/29/2017,18.950000762939453,18.969999313354492,18.579999923706055,18.65999984741211,108100,18.65999984741211
12/28/2017,19.18000030517578,19.250999450683594,18.860000610351562,18.950000762939453,58300,18.950000762939453
12/27/2017,18.959999084472656,19.149999618530273,18.8799991607666,19.1200008392334,77400,19.1200008392334
12/26/2017,19.010000228881836,19.1200008392334,18.790000915527344,18.969999313354492,51100,18.969999313354492
12/22/2017,19.270000457763672,19.350000381469727,19,19.09000015258789,107700,19.09000015258789
12/21/2017,19.229999542236328,19.3799991607666,19.049999237060547,19.309999465942383,121600,19.309999465942383
12/20/2017,19.020000457763672,19.170000076293945,18.649999618530273,19.1299991607666,222700,19.1299991607666
12/19/2017,19.360000610351562,19.959999084472656,19.059999465942383,19.190000534057617,343000,19.190000534057617
12/18/2017,19,19.579999923706055,18.899999618530273,19.399999618530273,329700,19.399999618530273
12/15/2017,18.959999084472656,19.309999465942383,18.639999389648438,18.8799991607666,757900,18.8799991607666
12/14/2017,19.68000030517578,19.68000030517578,18.899999618530273,19.030000686645508,291400,19.030000686645508
12/13/2017,18.649999618530273,19.65999984741211,18.604999542236328,19.639999389648438,519900,19.639999389648438
12/12/2017,18.780000686645508,19.18000030517578,18.489999771118164,18.540000915527344,191600,18.540000915527344
12/11/2017,18.829999923706055,18.989999771118164,18.68000030517578,18.770000457763672,159800,18.770000457763672
12/8/2017,19.1200008392334,19.295000076293945,18.690000534057617,18.739999771118164,153900,18.739999771118164
12/7/2017,18.540000915527344,18.979999542236328,18.450000762939453,18.899999618530273,166700,18.899999618530273
12/6/2017,18.329999923706055,18.639999389648438,18.329999923706055,18.5,80100,18.5
12/5/2017,18.270000457763672,18.719999313354492,18.270000457763672,18.3700008392334,157900,18.3700008392334
12/4/2017,19.100000381469727,19.184999465942383,18.270000457763672,18.290000915527344,229300,18.290000915527344
12/1/2017,18.829999923706055,19.09000015258789,18.479999542236328,18.969999313354492,165800,18.969999313354492
11/30/2017,18.68000030517578,18.959999084472656,18.440000534057617,18.90999984741211,139800,18.90999984741211
11/29/2017,19.209999084472656,19.299999237060547,18.389999389648438,18.459999084472656,258600,18.459999084472656
11/28/2017,19.030000686645508,19.290000915527344,18.959999084472656,19.209999084472656,193200,19.209999084472656
11/27/2017,19.059999465942383,19.170000076293945,18.790000915527344,19.010000228881836,307600,19.010000228881836
11/24/2017,19.149999618530273,19.149999618530273,18.68000030517578,19.040000915527344,123500,19.040000915527344
11/22/2017,19.190000534057617,19.649999618530273,19.1299991607666,19.229999542236328,157600,19.229999542236328
11/21/2017,19.049999237060547,19.299999237060547,19,19.239999771118164,250900,19.239999771118164
11/20/2017,18.459999084472656,19.030000686645508,18.457000732421875,19,295200,19
11/17/2017,18.25,18.5,18.25,18.450000762939453,160300,18.450000762939453
11/16/2017,18.31999969482422,18.5,18.190000534057617,18.280000686645508,164200,18.280000686645508
11/15/2017,18.170000076293945,18.489999771118164,18.09000015258789,18.25,136500,18.25
11/14/2017,18.850000381469727,18.8799991607666,17.639999389648438,18.3700008392334,1028800,18.3700008392334
11/13/2017,18.959999084472656,19.450000762939453,18.8799991607666,19.360000610351562,135100,19.360000610351562
11/10/2017,19.149999618530273,19.600000381469727,18.729999542236328,19.010000228881836,448500,19.010000228881836
11/9/2017,19.31999969482422,20.25,18.760000228881836,19.329999923706055,483300,19.329999923706055
11/8/2017,18.190000534057617,19.70800018310547,17.850000381469727,19.3799991607666,671600,19.3799991607666
11/7/2017,18.100000381469727,18.219999313354492,17.43000030517578,17.719999313354492,339600,17.719999313354492
11/6/2017,18.18000030517578,18.399999618530273,18.010000228881836,18.049999237060547,88100,18.049999237060547
11/3/2017,17.989999771118164,18.229999542236328,17.719999313354492,18.18000030517578,95400,18.18000030517578
11/2/2017,18.200000762939453,18.299999237060547,17.920000076293945,17.979999542236328,195100,17.979999542236328
11/1/2017,18.09000015258789,18.31999969482422,17.90999984741211,18.239999771118164,106300,18.239999771118164
10/31/2017,17.84000015258789,18.200000762939453,17.84000015258789,18.079999923706055,76400,18.079999923706055
10/30/2017,17.959999084472656,17.959999084472656,17.510000228881836,17.760000228881836,77700,17.760000228881836
10/27/2017,18.209999084472656,18.329999923706055,17.780000686645508,17.940000534057617,69600,17.940000534057617
10/26/2017,18.329999923706055,18.423999786376953,17.8799991607666,18.079999923706055,52400,18.079999923706055
10/25/2017,18.489999771118164,18.489999771118164,18.18000030517578,18.280000686645508,124100,18.280000686645508
10/24/2017,17.790000915527344,18.510000228881836,17.6299991607666,18.5,228200,18.5
10/23/2017,17.940000534057617,17.940000534057617,17.600000381469727,17.639999389648438,42800,17.639999389648438
10/20/2017,17.610000610351562,18,17.510000228881836,17.81999969482422,139300,17.81999969482422
10/19/2017,17.5,17.65999984741211,17.260000228881836,17.450000762939453,112700,17.450000762939453
10/18/2017,17.690000534057617,17.739999771118164,17.299999237060547,17.649999618530273,73600,17.649999618530273
10/17/2017,17.959999084472656,18,17.600000381469727,17.6299991607666,103600,17.6299991607666
10/16/2017,18.010000228881836,18.100000381469727,17.6200008392334,17.950000762939453,105100,17.950000762939453
10/13/2017,18.15999984741211,18.18000030517578,17.989999771118164,18.020000457763672,49300,18.020000457763672
10/12/2017,18.049999237060547,18.18000030517578,17.969999313354492,18.059999465942383,70800,18.059999465942383
10/11/2017,18.059999465942383,18.139999389648438,17.989999771118164,18.059999465942383,56200,18.059999465942383
10/10/2017,18.5,18.520000457763672,17.920000076293945,18.09000015258789,87200,18.09000015258789
10/9/2017,18.649999618530273,18.670000076293945,18.239999771118164,18.399999618530273,106300,18.399999618530273
10/6/2017,18.5,18.56999969482422,18.18000030517578,18.469999313354492,176900,18.469999313354492
10/5/2017,18.299999237060547,18.649999618530273,18.200000762939453,18.549999237060547,145100,18.549999237060547
10/4/2017,17.829999923706055,18.200000762939453,17.709999084472656,18.149999618530273,151500,18.149999618530273
10/3/2017,17.780000686645508,17.950000762939453,17.079999923706055,17.760000228881836,102800,17.760000228881836
10/2/2017,17.5,17.84000015258789,17.469999313354492,17.790000915527344,102300,17.790000915527344
9/29/2017,17.43000030517578,17.670000076293945,17.350000381469727,17.600000381469727,100800,17.600000381469727
9/28/2017,17.389999389648438,17.649999618530273,17.34000015258789,17.479999542236328,82900,17.479999542236328
9/27/2017,16.81999969482422,17.530000686645508,16.81999969482422,17.3700008392334,157800,17.3700008392334
9/26/2017,17.030000686645508,17.23900032043457,16.59000015258789,16.770000457763672,147600,16.770000457763672
9/25/2017,17.18000030517578,17.18000030517578,16.899999618530273,17.030000686645508,129100,17.030000686645508
9/22/2017,17.190000534057617,17.3700008392334,17.040000915527344,17.1200008392334,106600,17.1200008392334
9/21/2017,17.389999389648438,17.614999771118164,17.200000762939453,17.239999771118164,122600,17.239999771118164
9/20/2017,17.059999465942383,17.510000228881836,16.979999542236328,17.459999084472656,481500,17.459999084472656
9/19/2017,17.479999542236328,17.579999923706055,16.950000762939453,17,248600,17
9/18/2017,16.780000686645508,17.5,16.780000686645508,17.389999389648438,321400,17.389999389648438
9/15/2017,17.709999084472656,17.790000915527344,16.690000534057617,16.690000534057617,1020600,16.690000534057617
9/14/2017,16.940000534057617,17.809999465942383,16.81100082397461,17.780000686645508,242500,17.780000686645508
9/13/2017,17.40999984741211,17.510000228881836,17.079999923706055,17.100000381469727,133700,17.100000381469727
9/12/2017,17.520000457763672,17.549999237060547,17.290000915527344,17.479999542236328,76500,17.479999542236328
9/11/2017,17.489999771118164,17.899999618530273,17.15999984741211,17.489999771118164,146600,17.489999771118164
9/8/2017,17.270000457763672,17.709999084472656,16.94099998474121,17.420000076293945,122100,17.420000076293945
9/7/2017,16.989999771118164,17.450000762939453,16.989999771118164,17.360000610351562,99600,17.360000610351562
9/6/2017,17.049999237060547,17.239999771118164,16.93000030517578,17,109300,17
9/5/2017,17.239999771118164,17.239999771118164,16.8799991607666,17.030000686645508,117500,17.030000686645508
9/1/2017,16.8799991607666,17.290000915527344,16.799999237060547,17.239999771118164,225500,17.239999771118164
8/31/2017,16.899999618530273,17.07900047302246,16.510000228881836,16.860000610351562,216800,16.860000610351562
8/30/2017,16.15999984741211,16.93000030517578,16.15999984741211,16.899999618530273,234800,16.899999618530273
8/29/2017,16.010000228881836,16.280000686645508,15.930000305175781,16.18000030517578,133400,16.18000030517578
8/28/2017,16.079999923706055,16.209999084472656,15.9399995803833,16.149999618530273,85700,16.149999618530273
8/25/2017,16.209999084472656,16.299999237060547,16.059999465942383,16.079999923706055,89700,16.079999923706055
8/24/2017,16.1299991607666,16.389999389648438,16.079999923706055,16.190000534057617,110700,16.190000534057617
8/23/2017,16.149999618530273,16.299999237060547,16.010000228881836,16.020000457763672,99600,16.020000457763672
8/22/2017,16.34000015258789,16.56999969482422,16.209999084472656,16.260000228881836,176000,16.260000228881836
8/21/2017,16.450000762939453,16.540000915527344,16.139999389648438,16.200000762939453,184600,16.200000762939453
8/18/2017,16.6299991607666,16.84000015258789,16.149999618530273,16.510000228881836,246200,16.510000228881836
8/17/2017,16.43000030517578,16.979999542236328,16.23200035095215,16.84000015258789,437900,16.84000015258789
8/16/2017,16.260000228881836,16.600000381469727,15.989999771118164,16.559999465942383,300800,16.559999465942383
8/15/2017,15.859999656677246,16.25,15.585000038146973,16.209999084472656,321300,16.209999084472656
8/14/2017,15.65999984741211,15.829999923706055,15.359999656677246,15.8100004196167,263500,15.8100004196167
8/11/2017,15.069999694824219,15.569999694824219,14.90999984741211,15.550000190734863,237400,15.550000190734863
8/10/2017,15.149999618530273,15.300000190734863,14.979999542236328,15.069999694824219,226900,15.069999694824219
8/9/2017,15.020000457763672,15.3100004196167,14.78600025177002,15.289999961853027,273500,15.289999961853027
8/8/2017,17.34000015258789,17.43000030517578,14.744999885559082,15.069999694824219,880300,15.069999694824219
8/7/2017,15.050000190734863,15.25,14.899999618530273,15.0600004196167,180500,15.0600004196167
8/4/2017,15.229999542236328,15.390000343322754,15,15.0600004196167,324800,15.0600004196167
8/3/2017,15.09000015258789,15.479999542236328,14.970000267028809,15.229999542236328,131100,15.229999542236328
8/2/2017,15.300000190734863,15.989999771118164,14.90999984741211,15.0600004196167,175600,15.0600004196167
8/1/2017,15.199999809265137,15.979999542236328,14.970000267028809,15.289999961853027,188100,15.289999961853027
7/31/2017,15.9399995803833,15.9399995803833,15.130000114440918,15.1899995803833,223400,15.1899995803833
7/28/2017,16.079999923706055,16.25,15.789999961853027,15.850000381469727,140600,15.850000381469727
7/27/2017,16.719999313354492,16.799999237060547,16.040000915527344,16.18000030517578,163400,16.18000030517578
7/26/2017,16.65999984741211,16.770000457763672,16.440000534057617,16.649999618530273,136200,16.649999618530273
7/25/2017,16.389999389648438,16.829999923706055,16.25,16.56999969482422,135300,16.56999969482422
7/24/2017,16.770000457763672,16.770000457763672,16.31999969482422,16.329999923706055,188100,16.329999923706055
7/21/2017,17.25,17.25,16.56999969482422,16.739999771118164,259400,16.739999771118164
7/20/2017,17.209999084472656,17.399999618530273,17.1299991607666,17.170000076293945,102100,17.170000076293945
7/19/2017,17.1299991607666,17.649999618530273,17.1299991607666,17.299999237060547,247300,17.299999237060547
7/18/2017,17,17.19499969482422,16.93000030517578,17.040000915527344,302000,17.040000915527344
7/17/2017,17.049999237060547,17.239999771118164,16.899999618530273,17.100000381469727,122300,17.100000381469727
7/14/2017,17.239999771118164,17.299999237060547,16.979999542236328,17.100000381469727,87800,17.100000381469727
7/13/2017,17.360000610351562,17.489999771118164,17.18000030517578,17.280000686645508,131400,17.280000686645508
7/12/2017,17.399999618530273,17.540000915527344,17.219999313354492,17.329999923706055,152700,17.329999923706055
7/11/2017,17.1200008392334,17.43000030517578,17.100000381469727,17.239999771118164,85900,17.239999771118164
7/10/2017,17.15999984741211,17.34000015258789,16.799999237060547,17.1299991607666,147800,17.1299991607666
7/7/2017,16.68000030517578,17.219999313354492,16.510000228881836,17.18000030517578,95000,17.18000030517578
7/6/2017,16.829999923706055,16.93000030517578,16.559999465942383,16.600000381469727,158400,16.600000381469727
7/5/2017,16.719999313354492,16.940000534057617,16.520000457763672,16.889999389648438,166400,16.889999389648438
7/3/2017,16.90999984741211,16.989999771118164,16.5,16.729999542236328,64200,16.729999542236328
6/30/2017,16.860000610351562,17.34000015258789,16.5,16.829999923706055,183800,16.829999923706055
6/29/2017,17.3700008392334,17.3700008392334,16.6299991607666,16.709999084472656,134500,16.709999084472656
6/28/2017,17.040000915527344,17.43600082397461,16.8700008392334,17.3799991607666,174300,17.3799991607666
6/27/2017,17.190000534057617,17.545000076293945,16.920000076293945,16.969999313354492,114300,16.969999313354492
6/26/2017,17.649999618530273,17.75,17.229999542236328,17.280000686645508,102700,17.280000686645508
6/23/2017,17.309999465942383,17.690000534057617,16.989999771118164,17.56999969482422,335000,17.56999969482422
6/22/2017,17.040000915527344,17.399999618530273,16.969999313354492,17.31999969482422,138600,17.31999969482422
6/21/2017,17.149999618530273,17.350000381469727,17.049999237060547,17.06999969482422,147600,17.06999969482422
6/20/2017,17.440000534057617,17.469999313354492,17.09000015258789,17.1299991607666,100100,17.1299991607666
6/19/2017,17.1299991607666,17.479999542236328,16.989999771118164,17.40999984741211,184900,17.40999984741211
6/16/2017,16.700000762939453,17.190000534057617,16.690000534057617,17.030000686645508,407700,17.030000686645508
6/15/2017,16.81999969482422,16.989999771118164,16.65999984741211,16.920000076293945,151500,16.920000076293945
6/14/2017,17.06999969482422,17.469999313354492,16.780000686645508,16.93000030517578,114600,16.93000030517578
6/13/2017,17.079999923706055,17.290000915527344,16.899999618530273,17.049999237060547,113900,17.049999237060547
6/12/2017,17.010000228881836,17.389999389648438,16.649999618530273,17.049999237060547,325600,17.049999237060547
6/9/2017,17.850000381469727,17.889999389648438,16.844999313354492,17.079999923706055,379800,17.079999923706055
6/8/2017,17.940000534057617,18.139999389648438,17.420000076293945,17.860000610351562,379500,17.860000610351562
6/7/2017,18.860000610351562,18.860000610351562,17.649999618530273,18,753500,18
6/6/2017,18.899999618530273,19.219999313354492,18.700000762939453,19.020000457763672,3086200,19.020000457763672
6/5/2017,19.100000381469727,19.290000915527344,18.450000762939453,19,372800,19
6/2/2017,19.100000381469727,19.229999542236328,18.81999969482422,19.049999237060547,179800,19.049999237060547
6/1/2017,18.360000610351562,19.100000381469727,18.170000076293945,19.030000686645508,447300,19.030000686645508
5/31/2017,18.100000381469727,18.389999389648438,17.75,18.360000610351562,197200,18.360000610351562
5/30/2017,17.989999771118164,18.459999084472656,17.90999984741211,18.010000228881836,679100,18.010000228881836
5/26/2017,17.920000076293945,18,17.59000015258789,17.81999969482422,92200,17.81999969482422
5/25/2017,17.940000534057617,18.3799991607666,17.729999542236328,17.8799991607666,254000,17.8799991607666
5/24/2017,17.75,18.329999923706055,17.65999984741211,17.84000015258789,283400,17.84000015258789
5/23/2017,18.079999923706055,18.450000762939453,17.8700008392334,18.18000030517578,160700,18.18000030517578
5/22/2017,17.889999389648438,18.110000610351562,17.559999465942383,18.040000915527344,157100,18.040000915527344
5/19/2017,18.18000030517578,18.459999084472656,17.81999969482422,17.84000015258789,151500,17.84000015258789
5/18/2017,17.940000534057617,18.235000610351562,17.799999237060547,18.149999618530273,197300,18.149999618530273
5/17/2017,18.350000381469727,18.584999084472656,18.030000686645508,18.059999465942383,212100,18.059999465942383
5/16/2017,18.5,18.8799991607666,17.950000762939453,18.59000015258789,471700,18.59000015258789
5/15/2017,18.350000381469727,19,18.30500030517578,18.59000015258789,703000,18.59000015258789
5/12/2017,18.280000686645508,18.489999771118164,18.010000228881836,18.190000534057617,211800,18.190000534057617
5/11/2017,18.65999984741211,18.760000228881836,18.200000762939453,18.34000015258789,190400,18.34000015258789
5/10/2017,18.540000915527344,19.09000015258789,17.350000381469727,18.739999771118164,495700,18.739999771118164
5/9/2017,17.959999084472656,18.040000915527344,17.795000076293945,17.989999771118164,207200,17.989999771118164
5/8/2017,17.270000457763672,17.899999618530273,17.1299991607666,17.889999389648438,267600,17.889999389648438
5/5/2017,16.709999084472656,17.31399917602539,16.65999984741211,17.239999771118164,295600,17.239999771118164
5/4/2017,16.860000610351562,16.90999984741211,16.579999923706055,16.670000076293945,84000,16.670000076293945
5/3/2017,16.950000762939453,17.010000228881836,16.719999313354492,16.850000381469727,81700,16.850000381469727
5/2/2017,16.899999618530273,17.270000457763672,16.8700008392334,16.93000030517578,94800,16.93000030517578
5/1/2017,17.040000915527344,17.040000915527344,16.799999237060547,16.989999771118164,54900,16.989999771118164
4/28/2017,17.079999923706055,17.079999923706055,16.540000915527344,16.950000762939453,66800,16.950000762939453
4/27/2017,17.06999969482422,17.170000076293945,16.940000534057617,17.020000457763672,96400,17.020000457763672
4/26/2017,16.93000030517578,17.399999618530273,16.549999237060547,17,163000,17
4/25/2017,17.25,17.34000015258789,16.93000030517578,16.959999084472656,163000,16.959999084472656
4/24/2017,17.280000686645508,17.309999465942383,17.030000686645508,17.190000534057617,124300,17.190000534057617
4/21/2017,17.25,17.43000030517578,16.979999542236328,16.979999542236328,104200,16.979999542236328
4/20/2017,17.190000534057617,17.34000015258789,16.850000381469727,17.260000228881836,127700,17.260000228881836
4/19/2017,16.860000610351562,17.25,16.690000534057617,17.139999389648438,194800,17.139999389648438
4/18/2017,16.68000030517578,16.899999618530273,16.070999145507812,16.690000534057617,179800,16.690000534057617
4/17/2017,16.670000076293945,16.799999237060547,16.239999771118164,16.780000686645508,175300,16.780000686645508
4/13/2017,16.219999313354492,16.3700008392334,15.949999809265137,16.299999237060547,159900,16.299999237060547
4/12/2017,16.450000762939453,16.719999313354492,16.1200008392334,16.200000762939453,224700,16.200000762939453
4/11/2017,15.84000015258789,16.719999313354492,15.399999618530273,16.43000030517578,630900,16.43000030517578
4/10/2017,15.079999923706055,15.430000305175781,14.869999885559082,14.979999542236328,118300,14.979999542236328
4/7/2017,14.770000457763672,15,14.739999771118164,15,106200,15
4/6/2017,14.539999961853027,14.880000114440918,14.359999656677246,14.84000015258789,115600,14.84000015258789
4/5/2017,14.989999771118164,15.0600004196167,14.449999809265137,14.539999961853027,93100,14.539999961853027
4/4/2017,14.59000015258789,14.930000305175781,14.510000228881836,14.84000015258789,208400,14.84000015258789
4/3/2017,14.979999542236328,14.979999542236328,14.569999694824219,14.630000114440918,70200,14.630000114440918
3/31/2017,14.890000343322754,15.100000381469727,14.75,14.979999542236328,74800,14.979999542236328
3/30/2017,14.800000190734863,15.170000076293945,14.720000267028809,15.010000228881836,296700,15.010000228881836
3/29/2017,14.5,14.930000305175781,14.289999961853027,14.850000381469727,153700,14.850000381469727
3/28/2017,14.34000015258789,14.5,13.416000366210938,14.5,149100,14.5
3/27/2017,14.300000190734863,14.489999771118164,13.989999771118164,14.380000114440918,54500,14.380000114440918
3/24/2017,14.479999542236328,14.644000053405762,14.329999923706055,14.449999809265137,59700,14.449999809265137
3/23/2017,14,14.449999809265137,13.894000053405762,14.420000076293945,82800,14.420000076293945
3/22/2017,14.220000267028809,14.569999694824219,13.779999732971191,14.109999656677246,165000,14.109999656677246
3/21/2017,15.039999961853027,15.050000190734863,14.229999542236328,14.239999771118164,149900,14.239999771118164
3/20/2017,15,15.204999923706055,14.649999618530273,14.979999542236328,117400,14.979999542236328
3/17/2017,15.180000305175781,15.25,14.880000114440918,14.960000038146973,439700,14.960000038146973
3/16/2017,15,15.260000228881836,15,15.25,131900,15.25
3/15/2017,15,15.09000015258789,14.819999694824219,15.050000190734863,204300,15.050000190734863
3/14/2017,15.100000381469727,15.444999694824219,14.8100004196167,14.9399995803833,111100,14.9399995803833
3/13/2017,14.949999809265137,15.359999656677246,14.9399995803833,15.199999809265137,171300,15.199999809265137
3/10/2017,14.779999732971191,14.989999771118164,14.699999809265137,14.949999809265137,131200,14.949999809265137
3/9/2017,15.100000381469727,15.119999885559082,14.59000015258789,14.640000343322754,204400,14.640000343322754
3/8/2017,15,15.289999961853027,14.9350004196167,15.180000305175781,218900,15.180000305175781
3/7/2017,14.489999771118164,14.989999771118164,14.489999771118164,14.970000267028809,251100,14.970000267028809
3/6/2017,14.399999618530273,14.59000015258789,14.3100004196167,14.489999771118164,687900,14.489999771118164
3/3/2017,14.760000228881836,14.949999809265137,14.454999923706055,14.539999961853027,119900,14.539999961853027
3/2/2017,15.050000190734863,15.050000190734863,14.710000038146973,14.760000228881836,284100,14.760000228881836
3/1/2017,15.289999961853027,15.48900032043457,15.079999923706055,15.119999885559082,190000,15.119999885559082
2/28/2017,15.520000457763672,15.595000267028809,15.119999885559082,15.149999618530273,148600,15.149999618530273
2/27/2017,15.430000305175781,15.760000228881836,15.192999839782715,15.699999809265137,383800,15.699999809265137
2/24/2017,15.350000381469727,15.5,15.210000038146973,15.40999984741211,123900,15.40999984741211
2/23/2017,15.770000457763672,15.960000038146973,15.460000038146973,15.539999961853027,267200,15.539999961853027
2/22/2017,15.600000381469727,15.800000190734863,15.399999618530273,15.770000457763672,190800,15.770000457763672
2/21/2017,15.119999885559082,15.739999771118164,14.977999687194824,15.729999542236328,324500,15.729999542236328
2/17/2017,14.770000457763672,15.180000305175781,14.520000457763672,15.15999984741211,354000,15.15999984741211
2/16/2017,15.050000190734863,15.079999923706055,14.729999542236328,14.760000228881836,136700,14.760000228881836
2/15/2017,15.359999656677246,15.359999656677246,14.989999771118164,15.069999694824219,272300,15.069999694824219
2/14/2017,14.520000457763672,15.369999885559082,14.460000038146973,15.359999656677246,273100,15.359999656677246
2/13/2017,14.1899995803833,15.0600004196167,14.1899995803833,14.520000457763672,548400,14.520000457763672
2/10/2017,13.300000190734863,14.399999618530273,13.300000190734863,14.149999618530273,1130000,14.149999618530273
2/9/2017,12.800000190734863,12.850000381469727,12.489999771118164,12.5600004196167,347600,12.5600004196167
2/8/2017,12.760000228881836,12.869999885559082,12.633000373840332,12.770000457763672,127700,12.770000457763672
2/7/2017,12.869999885559082,13.149999618530273,12.729999542236328,12.800000190734863,147600,12.800000190734863
2/6/2017,12.800000190734863,12.864999771118164,12.6899995803833,12.800000190734863,201600,12.800000190734863
2/3/2017,12.899999618530273,12.949999809265137,12.760000228881836,12.84000015258789,173200,12.84000015258789
2/2/2017,12.59000015258789,12.925000190734863,12.550000190734863,12.739999771118164,164000,12.739999771118164
2/1/2017,12.5,12.680000305175781,12.470000267028809,12.609999656677246,121600,12.609999656677246
1/31/2017,12.319999694824219,12.489999771118164,12.199999809265137,12.470000267028809,128100,12.470000267028809
1/30/2017,12.649999618530273,12.649999618530273,12.25,12.369999885559082,186400,12.369999885559082
1/27/2017,12.649999618530273,12.899999618530273,12.649999618530273,12.6899995803833,63100,12.6899995803833
1/26/2017,12.760000228881836,12.880000114440918,12.640000343322754,12.6899995803833,62100,12.6899995803833
1/25/2017,12.890000343322754,13,12.65999984741211,12.739999771118164,121700,12.739999771118164
1/24/2017,12.859999656677246,13.019000053405762,12.739999771118164,12.789999961853027,164200,12.789999961853027
1/23/2017,12.770000457763672,13.050000190734863,12.640000343322754,12.850000381469727,110900,12.850000381469727
1/20/2017,12.75,12.960000038146973,12.65999984741211,12.789999961853027,167100,12.789999961853027
1/19/2017,12.8100004196167,12.859999656677246,12.550000190734863,12.65999984741211,107600,12.65999984741211
1/18/2017,12.760000228881836,12.829999923706055,12.460000038146973,12.65999984741211,160400,12.65999984741211
1/17/2017,13.029999732971191,13.029999732971191,12.649999618530273,12.739999771118164,129500,12.739999771118164
1/13/2017,12.869999885559082,13.1899995803833,12.850000381469727,13.109999656677246,98000,13.109999656677246
1/12/2017,12.760000228881836,12.850000381469727,12.220000267028809,12.75,161500,12.75
1/11/2017,12.710000038146973,12.949999809265137,12.479999542236328,12.739999771118164,113800,12.739999771118164
1/10/2017,12.710000038146973,12.770000457763672,12.40999984741211,12.760000228881836,86900,12.760000228881836
1/9/2017,12.5,12.729999542236328,12.21500015258789,12.5600004196167,99200,12.5600004196167
1/6/2017,12.649999618530273,12.739999771118164,12.489999771118164,12.539999961853027,92200,12.539999961853027
1/5/2017,12.489999771118164,12.640000343322754,12.350000381469727,12.59000015258789,70300,12.59000015258789
1/4/2017,12.390000343322754,12.59000015258789,12.359999656677246,12.510000228881836,165200,12.510000228881836
1/3/2017,12.380000114440918,12.649999618530273,12.270000457763672,12.350000381469727,130000,12.350000381469727
12/30/2016,12.40999984741211,12.40999984741211,12.100000381469727,12.170000076293945,96300,12.170000076293945
12/29/2016,12.100000381469727,12.3100004196167,12.100000381469727,12.289999961853027,79800,12.289999961853027
12/28/2016,12.350000381469727,12.359999656677246,11.960000038146973,12.100000381469727,143600,12.100000381469727
12/27/2016,12.109999656677246,12.489999771118164,12.109999656677246,12.319999694824219,54100,12.319999694824219
12/23/2016,11.979999542236328,12.210000038146973,11.720000267028809,12.140000343322754,54400,12.140000343322754
12/22/2016,12.210000038146973,12.210000038146973,11.949999809265137,12.010000228881836,113000,12.010000228881836
12/21/2016,12.460000038146973,12.529999732971191,12.123000144958496,12.260000228881836,129300,12.260000228881836
12/20/2016,12.510000228881836,12.779999732971191,12.25,12.510000228881836,180700,12.510000228881836
12/19/2016,12.539999961853027,12.880000114440918,12.399999618530273,12.520000457763672,132000,12.520000457763672
12/16/2016,12.489999771118164,12.59000015258789,12.279999732971191,12.489999771118164,252700,12.489999771118164
12/15/2016,12.430000305175781,12.722999572753906,12.28499984741211,12.4399995803833,204600,12.4399995803833
12/14/2016,12.489999771118164,12.739999771118164,12.1899995803833,12.470000267028809,219600,12.470000267028809
12/13/2016,12.520000457763672,12.84000015258789,12.449999809265137,12.5,255500,12.5
12/12/2016,13.010000228881836,13.010000228881836,12.40999984741211,12.470000267028809,116700,12.470000267028809
12/9/2016,13.399999618530273,13.770000457763672,12.770000457763672,12.989999771118164,199400,12.989999771118164
12/8/2016,13.279999732971191,13.8100004196167,13.020000457763672,13.470000267028809,399200,13.470000267028809
12/7/2016,12.510000228881836,13.260000228881836,12.40999984741211,13.229999542236328,318300,13.229999542236328
12/6/2016,12.350000381469727,12.5600004196167,12.0600004196167,12.5600004196167,263000,12.5600004196167
12/5/2016,11.880000114440918,12.390000343322754,11.800000190734863,12.289999961853027,457300,12.289999961853027
12/2/2016,11.319999694824219,11.904999732971191,11.3100004196167,11.770000457763672,297700,11.770000457763672
12/1/2016,11.710000038146973,12.010000228881836,11.300000190734863,11.5,420100,11.5
11/30/2016,11.899999618530273,12,11.260000228881836,11.600000381469727,258500,11.600000381469727
11/29/2016,11.770000457763672,12.149999618530273,11.359999656677246,11.760000228881836,362700,11.760000228881836
11/28/2016,11.90999984741211,12.09000015258789,11.819999694824219,11.979999542236328,234200,11.979999542236328
11/25/2016,11.920000076293945,12.380000114440918,11.760000228881836,12.020000457763672,214600,12.020000457763672
11/23/2016,11.59000015258789,12.029999732971191,11.520000457763672,11.920000076293945,200000,11.920000076293945
11/22/2016,11.829999923706055,11.850000381469727,11.359999656677246,11.600000381469727,241200,11.600000381469727
11/21/2016,11.600000381469727,11.920000076293945,11.600000381469727,11.850000381469727,166000,11.850000381469727
11/18/2016,11.630000114440918,11.75,11.300000190734863,11.5600004196167,222100,11.5600004196167
11/17/2016,11.880000114440918,12.100000381469727,11.539999961853027,11.550000190734863,440700,11.550000190734863
11/16/2016,11.75,11.970000267028809,11.680000305175781,11.75,173000,11.75
11/15/2016,11.800000190734863,11.970000267028809,11.770000457763672,11.869999885559082,283200,11.869999885559082
11/14/2016,11.739999771118164,12.239999771118164,11.670000076293945,11.859999656677246,358600,11.859999656677246
11/11/2016,11.800000190734863,12.15999984741211,11.329999923706055,11.510000228881836,397400,11.510000228881836
11/10/2016,12.850000381469727,13.479999542236328,10.630000114440918,11.699999809265137,1438600,11.699999809265137
11/9/2016,13.75,14.489999771118164,13.470000267028809,14.229999542236328,205000,14.229999542236328
11/8/2016,13.729999542236328,14.130000114440918,13.649999618530273,14.029999732971191,107100,14.029999732971191
11/7/2016,13.619999885559082,14,13.1899995803833,13.829999923706055,197800,13.829999923706055
11/4/2016,12.760000228881836,13.675000190734863,12.369999885559082,13.369999885559082,170300,13.369999885559082
11/3/2016,13.649999618530273,13.9399995803833,13.649999618530273,13.770000457763672,85000,13.770000457763672
11/2/2016,14.010000228881836,14.0600004196167,13.550000190734863,13.59000015258789,138800,13.59000015258789
11/1/2016,14.390000343322754,14.640000343322754,13.90999984741211,14.069999694824219,152300,14.069999694824219
10/31/2016,14.15999984741211,14.430000305175781,14.15999984741211,14.329999923706055,94800,14.329999923706055
10/28/2016,14.529999732971191,14.765000343322754,14.020000457763672,14.260000228881836,118800,14.260000228881836
10/27/2016,14.800000190734863,15.220000267028809,14.529999732971191,14.5600004196167,73200,14.5600004196167
10/26/2016,14.930000305175781,15.1899995803833,14.640000343322754,14.729999542236328,76700,14.729999542236328
10/25/2016,15.3100004196167,15.470000267028809,15.010000228881836,15.0600004196167,76300,15.0600004196167
10/24/2016,15.579999923706055,15.954999923706055,15.300000190734863,15.369999885559082,101300,15.369999885559082
10/21/2016,14.949999809265137,15.470000267028809,14.920000076293945,15.470000267028809,149200,15.470000267028809
10/20/2016,15,15.199999809265137,14.899999618530273,15.0600004196167,90800,15.0600004196167
10/19/2016,15.149999618530273,15.399999618530273,14.829999923706055,15.109999656677246,91900,15.109999656677246
10/18/2016,15.819999694824219,15.819999694824219,15.109999656677246,15.199999809265137,109100,15.199999809265137
10/17/2016,16,16,14.670000076293945,15,323500,15
10/14/2016,16.010000228881836,16.190000534057617,15.569999694824219,16.110000610351562,176800,16.110000610351562
10/13/2016,15.430000305175781,15.640000343322754,15.1899995803833,15.420000076293945,142400,15.420000076293945
10/12/2016,15.9399995803833,15.9399995803833,15.25,15.619999885559082,172000,15.619999885559082
10/11/2016,16.639999389648438,16.7189998626709,15.923999786376953,16.020000457763672,125000,16.020000457763672
10/10/2016,16.68000030517578,16.917999267578125,16.56999969482422,16.670000076293945,110000,16.670000076293945
10/7/2016,17.09000015258789,17.149999618530273,16.59000015258789,16.6200008392334,99900,16.6200008392334
10/6/2016,17.709999084472656,17.709999084472656,17,17.059999465942383,97600,17.059999465942383
10/5/2016,18.209999084472656,18.299999237060547,17.760000228881836,17.81999969482422,126000,17.81999969482422
10/4/2016,17.68000030517578,18.209999084472656,17.15999984741211,18.1299991607666,175000,18.1299991607666
10/3/2016,17.6299991607666,17.709999084472656,17.440000534057617,17.59000015258789,88300,17.59000015258789
9/30/2016,17.290000915527344,17.700000762939453,17.229999542236328,17.649999618530273,117600,17.649999618530273
9/29/2016,17.510000228881836,17.679000854492188,17.18000030517578,17.200000762939453,97600,17.200000762939453
9/28/2016,17.459999084472656,17.549999237060547,17.18000030517578,17.5,83800,17.5
9/27/2016,16.729999542236328,17.389999389648438,16.729999542236328,17.350000381469727,138500,17.350000381469727
9/26/2016,17.399999618530273,17.540000915527344,16.575000762939453,16.799999237060547,329000,16.799999237060547
9/23/2016,17.5,17.850000381469727,17.479999542236328,17.549999237060547,142800,17.549999237060547
9/22/2016,17.799999237060547,17.899999618530273,17.360000610351562,17.450000762939453,139200,17.450000762939453
9/21/2016,16.65999984741211,17.59000015258789,16.65999984741211,17.559999465942383,237200,17.559999465942383
9/20/2016,16.6299991607666,16.719999313354492,16.260000228881836,16.59000015258789,148600,16.59000015258789
9/19/2016,16.68000030517578,16.75,16.360000610351562,16.549999237060547,174400,16.549999237060547
9/16/2016,16.260000228881836,16.56999969482422,16.100000381469727,16.530000686645508,625700,16.530000686645508
9/15/2016,16.540000915527344,16.670000076293945,16.239999771118164,16.350000381469727,170600,16.350000381469727
9/14/2016,16.450000762939453,16.8799991607666,16.280000686645508,16.579999923706055,272400,16.579999923706055
9/13/2016,16.530000686645508,16.809999465942383,16.15999984741211,16.31999969482422,443700,16.31999969482422
9/12/2016,16.8799991607666,17.010000228881836,16.59000015258789,16.700000762939453,353500,16.700000762939453
9/9/2016,17.850000381469727,17.954999923706055,16.719999313354492,16.920000076293945,301900,16.920000076293945
9/8/2016,18.1299991607666,18.790000915527344,17.809999465942383,18.010000228881836,339900,18.010000228881836
9/7/2016,18.299999237060547,18.649999618530273,18,18.329999923706055,244700,18.329999923706055
9/6/2016,18.040000915527344,18.690000534057617,18.010000228881836,18.34000015258789,249300,18.34000015258789
9/2/2016,17.700000762939453,18.329999923706055,17.700000762939453,17.959999084472656,345400,17.959999084472656
9/1/2016,17.799999237060547,18.15999984741211,17.489999771118164,17.5,384300,17.5
8/31/2016,18.979999542236328,18.979999542236328,17.93000030517578,17.969999313354492,1028400,17.969999313354492
8/30/2016,19.100000381469727,19.290000915527344,19.010000228881836,19.219999313354492,165100,19.219999313354492
8/29/2016,18.860000610351562,19.139999389648438,18.5,19.020000457763672,235200,19.020000457763672
8/26/2016,18.959999084472656,18.959999084472656,18.56999969482422,18.75,249300,18.75
8/25/2016,18.010000228881836,18.6200008392334,17.950000762939453,18.6200008392334,308100,18.6200008392334
8/24/2016,18.68000030517578,19.040000915527344,17.969999313354492,18.049999237060547,371200,18.049999237060547
8/23/2016,18.350000381469727,19.049999237060547,18.139999389648438,18.610000610351562,401200,18.610000610351562
8/22/2016,18.68000030517578,18.68000030517578,17.790000915527344,18.059999465942383,646500,18.059999465942383
8/19/2016,17.059999465942383,18.979999542236328,17,18.479999542236328,1178100,18.479999542236328
8/18/2016,16.309999465942383,17.299999237060547,16.280000686645508,17.1299991607666,331000,17.1299991607666
8/17/2016,16.299999237060547,16.399999618530273,16,16.270000457763672,194800,16.270000457763672
8/16/2016,15.880000114440918,16.469999313354492,15.59000015258789,16.3799991607666,203000,16.3799991607666
8/15/2016,15.5,16.014999389648438,15.5,15.979999542236328,224400,15.979999542236328
8/12/2016,15.470000267028809,15.770000457763672,15.470000267028809,15.65999984741211,119100,15.65999984741211
8/11/2016,15.449999809265137,15.739999771118164,15.270000457763672,15.640000343322754,233000,15.640000343322754
8/10/2016,15.760000228881836,15.760000228881836,15.210000038146973,15.550000190734863,172100,15.550000190734863
8/9/2016,14.59000015258789,16.649999618530273,14.34000015258789,15.649999618530273,694800,15.649999618530273
8/8/2016,14.460000038146973,14.479999542236328,13.930000305175781,13.960000038146973,137700,13.960000038146973
8/5/2016,14.260000228881836,14.5,14.010000228881836,14.390000343322754,207500,14.390000343322754
8/4/2016,14.350000381469727,14.380000114440918,13.961000442504883,14.039999961853027,59900,14.039999961853027
8/3/2016,14.010000228881836,14.260000228881836,13.789999961853027,14.220000267028809,200000,14.220000267028809
8/2/2016,14.029999732971191,14.142000198364258,13.800000190734863,13.949999809265137,73500,13.949999809265137
8/1/2016,14.100000381469727,14.649999618530273,14,14.010000228881836,234900,14.010000228881836
7/29/2016,13.869999885559082,14.3100004196167,13,13.979999542236328,442700,13.979999542236328
7/28/2016,14.1899995803833,14.25,13.899999618530273,13.989999771118164,135100,13.989999771118164
7/27/2016,14,14.25,13.819999694824219,14.1899995803833,136700,14.1899995803833
7/26/2016,13.829999923706055,14.359999656677246,13.829999923706055,13.979999542236328,266900,13.979999542236328
7/25/2016,13.4399995803833,13.949999809265137,13.25,13.880000114440918,110200,13.880000114440918
7/22/2016,13,13.770000457763672,12.8100004196167,13.539999961853027,111700,13.539999961853027
7/21/2016,13.399999618530273,13.670000076293945,12.880000114440918,12.9399995803833,136200,12.9399995803833
7/20/2016,12.890000343322754,13.619999885559082,12.710000038146973,13.369999885559082,93500,13.369999885559082
7/19/2016,12.829999923706055,12.970000267028809,12.65999984741211,12.760000228881836,107900,12.760000228881836
7/18/2016,12.800000190734863,12.930000305175781,12.600000381469727,12.819999694824219,109900,12.819999694824219
7/15/2016,12.760000228881836,12.949999809265137,12.550000190734863,12.859999656677246,188800,12.859999656677246
7/14/2016,12.329999923706055,12.909000396728516,12.329999923706055,12.630000114440918,166800,12.630000114440918
7/13/2016,12.609999656677246,12.989999771118164,12.460000038146973,12.75,153100,12.75
7/12/2016,12.529999732971191,12.779999732971191,12.199999809265137,12.550000190734863,187000,12.550000190734863
7/11/2016,12.550000190734863,12.779999732971191,12.430000305175781,12.449999809265137,126400,12.449999809265137
7/8/2016,12.140000343322754,12.579999923706055,12,12.460000038146973,170900,12.460000038146973
7/7/2016,11.960000038146973,12.1899995803833,11.850000381469727,12.010000228881836,121000,12.010000228881836
7/6/2016,11.899999618530273,11.9399995803833,11.545000076293945,11.920000076293945,134500,11.920000076293945
7/5/2016,12.489999771118164,12.539999961853027,11.710000038146973,11.760000228881836,165200,11.760000228881836
7/1/2016,12.619999885559082,13.069999694824219,12.449999809265137,12.600000381469727,86500,12.600000381469727
6/30/2016,12.350000381469727,12.65999984741211,12.010000228881836,12.579999923706055,160500,12.579999923706055
6/29/2016,12.430000305175781,12.550000190734863,12.020000457763672,12.34000015258789,122700,12.34000015258789
6/28/2016,12.279999732971191,12.479999542236328,12.029999732971191,12.210000038146973,125300,12.210000038146973
6/27/2016,12.75,12.770000457763672,12,12.140000343322754,191300,12.140000343322754
6/24/2016,13.039999961853027,13.5,12.890000343322754,13.010000228881836,1533000,13.010000228881836
6/23/2016,13.420000076293945,13.899999618530273,13.40999984741211,13.649999618530273,182000,13.649999618530273
6/22/2016,13.489999771118164,13.729999542236328,13.199999809265137,13.270000457763672,176500,13.270000457763672
6/21/2016,13.420000076293945,13.880000114440918,13.109999656677246,13.470000267028809,163700,13.470000267028809
6/20/2016,13.319999694824219,13.880000114440918,13.1899995803833,13.430000305175781,242300,13.430000305175781
6/17/2016,13.520000457763672,13.579999923706055,12.520000457763672,12.970000267028809,999100,12.970000267028809
6/16/2016,12.819999694824219,13.539999961853027,12.399999618530273,13.479999542236328,444200,13.479999542236328
6/15/2016,14.079999923706055,14.479999542236328,12.640000343322754,12.729999542236328,444200,12.729999542236328
6/14/2016,14.550000190734863,14.819999694824219,14.020000457763672,14.029999732971191,305800,14.029999732971191
6/13/2016,14.210000038146973,14.539999961853027,13.880000114440918,14.510000228881836,237600,14.510000228881836
6/10/2016,14.380000114440918,14.670000076293945,14.3100004196167,14.489999771118164,161100,14.489999771118164
6/9/2016,14.239999771118164,14.75,14.239999771118164,14.630000114440918,202300,14.630000114440918
6/8/2016,14.100000381469727,14.539999961853027,14.050000190734863,14.390000343322754,120100,14.390000343322754
6/7/2016,13.84000015258789,14.350000381469727,13.710000038146973,14.09000015258789,311000,14.09000015258789
6/6/2016,13.1899995803833,14.020000457763672,13.050000190734863,13.90999984741211,187800,13.90999984741211
6/3/2016,13.739999771118164,13.739999771118164,12.970000267028809,13.140000343322754,300600,13.140000343322754
6/2/2016,13.619999885559082,13.859999656677246,13.5,13.760000228881836,228000,13.760000228881836
6/1/2016,13.100000381469727,13.649999618530273,12.727999687194824,13.59000015258789,227200,13.59000015258789
5/31/2016,12.550000190734863,12.890000343322754,12.4399995803833,12.850000381469727,196300,12.850000381469727
5/27/2016,12.390000343322754,12.600000381469727,12.3100004196167,12.550000190734863,124200,12.550000190734863
5/26/2016,12.210000038146973,12.550000190734863,12.069999694824219,12.520000457763672,85900,12.520000457763672
5/25/2016,12.329999923706055,12.329999923706055,11.989999771118164,12.109999656677246,75100,12.109999656677246
5/24/2016,11.800000190734863,12.489999771118164,11.800000190734863,12.220000267028809,121700,12.220000267028809
5/23/2016,11.460000038146973,11.9399995803833,11.456000328063965,11.880000114440918,146900,11.880000114440918
5/20/2016,11.4399995803833,11.630000114440918,11.199999809265137,11.579999923706055,123500,11.579999923706055
5/19/2016,11.350000381469727,11.739999771118164,10.949999809265137,11.380000114440918,149600,11.380000114440918
5/18/2016,11.140000343322754,11.8100004196167,11.130000114440918,11.489999771118164,202000,11.489999771118164
5/17/2016,11.5600004196167,11.84000015258789,11,11.140000343322754,190300,11.140000343322754
5/16/2016,11.300000190734863,11.6899995803833,11.104000091552734,11.529999732971191,143100,11.529999732971191
5/13/2016,11.289999961853027,11.668999671936035,10.930000305175781,11.300000190734863,157700,11.300000190734863
5/12/2016,12,12.279999732971191,10.819999694824219,11.3100004196167,199700,11.3100004196167
5/11/2016,11.770000457763672,11.795000076293945,11.359999656677246,11.420000076293945,176800,11.420000076293945
5/10/2016,11.989999771118164,11.989999771118164,11.460000038146973,11.84000015258789,98400,11.84000015258789
5/9/2016,11.369999885559082,11.9399995803833,11.369999885559082,11.899999618530273,86000,11.899999618530273
5/6/2016,11.600000381469727,11.720000267028809,11.300000190734863,11.399999618530273,95000,11.399999618530273
5/5/2016,11.84000015258789,11.960000038146973,11.619999885559082,11.670000076293945,66400,11.670000076293945
5/4/2016,12.350000381469727,12.420000076293945,11.609999656677246,11.800000190734863,130400,11.800000190734863
5/3/2016,12.479999542236328,12.539999961853027,12.270000457763672,12.369999885559082,95100,12.369999885559082
5/2/2016,12.510000228881836,12.630000114440918,12.390000343322754,12.579999923706055,154100,12.579999923706055
4/29/2016,12.460000038146973,12.539999961853027,12.329999923706055,12.520000457763672,136300,12.520000457763672
4/28/2016,12.479999542236328,12.789999961853027,12.350000381469727,12.470000267028809,152500,12.470000267028809
4/27/2016,12.329999923706055,12.640000343322754,12.329999923706055,12.510000228881836,135500,12.510000228881836
4/26/2016,12.539999961853027,12.670000076293945,12.324999809265137,12.529999732971191,89100,12.529999732971191
4/25/2016,12.300000190734863,12.489999771118164,12.25,12.4399995803833,65100,12.4399995803833
4/22/2016,11.6899995803833,12.40999984741211,11.6899995803833,12.319999694824219,86200,12.319999694824219
4/21/2016,11.779999732971191,12.0600004196167,11.630000114440918,11.710000038146973,85200,11.710000038146973
4/20/2016,12.5,12.550000190734863,11.680000305175781,11.729999542236328,134600,11.729999542236328
4/19/2016,13.300000190734863,13.359999656677246,12.390000343322754,12.550000190734863,157700,12.550000190734863
4/18/2016,12.930000305175781,13.350000381469727,12.800000190734863,13.210000038146973,178700,13.210000038146973
4/15/2016,12.989999771118164,13.180000305175781,12.710000038146973,12.9399995803833,201100,12.9399995803833
4/14/2016,13.359999656677246,13.359999656677246,12.779999732971191,13.0600004196167,147000,13.0600004196167
4/13/2016,12.819999694824219,13.359999656677246,12.649999618530273,13.350000381469727,155700,13.350000381469727
4/12/2016,12.819999694824219,13.055000305175781,12.649999618530273,12.819999694824219,277000,12.819999694824219
4/11/2016,12.789999961853027,13.010000228881836,12.5600004196167,12.899999618530273,169700,12.899999618530273
4/8/2016,12.869999885559082,12.90999984741211,12.5,12.710000038146973,104900,12.710000038146973
4/7/2016,12.600000381469727,13.010000228881836,12.5,12.670000076293945,135700,12.670000076293945
4/6/2016,12.680000305175781,13.079999923706055,12.680000305175781,12.979999542236328,119700,12.979999542236328
4/5/2016,13.3100004196167,13.720000267028809,12.550000190734863,12.760000228881836,240700,12.760000228881836
4/4/2016,14.010000228881836,14.0600004196167,13.40999984741211,13.460000038146973,113600,13.460000038146973
4/1/2016,12.979999542236328,14.039999961853027,12.979999542236328,13.949999809265137,166500,13.949999809265137
3/31/2016,13.40999984741211,13.4399995803833,12.859999656677246,13.069999694824219,170500,13.069999694824219
3/30/2016,12.90999984741211,13.460000038146973,12.90999984741211,13.359999656677246,130800,13.359999656677246
3/29/2016,12.850000381469727,13.149999618530273,12.399999618530273,12.890000343322754,211300,12.890000343322754
3/28/2016,12.579999923706055,13.260000228881836,12.34000015258789,12.970000267028809,181300,12.970000267028809
3/24/2016,12.600000381469727,12.770000457763672,12.539999961853027,12.59000015258789,123900,12.59000015258789
3/23/2016,13.020000457763672,13.0600004196167,12.539999961853027,12.649999618530273,132400,12.649999618530273
3/22/2016,13.119999885559082,13.390000343322754,12.880000114440918,13.130000114440918,101400,13.130000114440918
3/21/2016,12.680000305175781,13.720000267028809,12.4399995803833,13.260000228881836,132000,13.260000228881836
3/18/2016,12.930000305175781,13.130000114440918,12.640000343322754,12.670000076293945,486400,12.670000076293945
3/17/2016,12.510000228881836,12.979999542236328,12.111000061035156,12.819999694824219,161400,12.819999694824219
3/16/2016,12.800000190734863,13.649999618530273,12.25,12.470000267028809,311500,12.470000267028809
3/15/2016,14,14.329999923706055,12.725000381469727,12.800000190734863,315700,12.800000190734863
3/14/2016,14.449999809265137,14.779999732971191,14.199999809265137,14.489999771118164,133300,14.489999771118164
3/11/2016,13.970000267028809,14.5,13.850000381469727,14.4399995803833,188700,14.4399995803833
3/10/2016,14.359999656677246,14.75,13.579999923706055,13.819999694824219,99500,13.819999694824219
3/9/2016,15.260000228881836,15.539999961853027,14.239999771118164,14.369999885559082,148400,14.369999885559082
3/8/2016,15.489999771118164,15.489999771118164,14.84000015258789,15.140000343322754,114100,15.140000343322754
3/7/2016,14.779999732971191,15.680000305175781,14.65999984741211,15.539999961853027,356900,15.539999961853027
3/4/2016,14.25,14.979999542236328,13.859999656677246,14.779999732971191,274200,14.779999732971191
3/3/2016,14.010000228881836,14.270000457763672,13.90999984741211,14.210000038146973,199500,14.210000038146973
3/2/2016,13.25,14.010000228881836,13.25,13.970000267028809,277200,13.970000267028809
3/1/2016,13.460000038146973,13.670000076293945,13.029999732971191,13.369999885559082,131500,13.369999885559082
2/29/2016,13.760000228881836,13.760000228881836,13.210000038146973,13.289999961853027,183100,13.289999961853027
2/26/2016,13.4399995803833,14,13.369999885559082,13.729999542236328,268200,13.729999542236328
2/25/2016,13.470000267028809,13.520000457763672,12.520999908447266,13.380000114440918,233800,13.380000114440918
2/24/2016,12.050000190734863,13.350000381469727,11.760000228881836,13.220000267028809,240700,13.220000267028809
2/23/2016,12.199999809265137,12.390000343322754,12,12.180000305175781,60500,12.180000305175781
2/22/2016,12.859999656677246,13.0600004196167,12.300000190734863,12.359999656677246,82400,12.359999656677246
2/19/2016,12.09000015258789,13.15999984741211,11.640000343322754,12.699999809265137,265400,12.699999809265137
2/18/2016,11.920000076293945,12.430000305175781,11.779999732971191,12.199999809265137,274100,12.199999809265137
2/17/2016,11.170000076293945,11.970000267028809,11.170000076293945,11.800000190734863,237800,11.800000190734863
2/16/2016,11.170000076293945,11.824999809265137,10.770000457763672,11.170000076293945,327800,11.170000076293945
2/12/2016,11.010000228881836,11.699999809265137,10.6899995803833,11.34000015258789,434900,11.34000015258789
2/11/2016,10.1899995803833,10.930000305175781,9.050000190734863,10.760000228881836,816700,10.760000228881836
2/10/2016,9.619999885559082,10.170000076293945,9.350000381469727,9.979999542236328,468800,9.979999542236328
2/9/2016,10.050000190734863,10.317000389099121,9.34000015258789,9.460000038146973,326200,9.460000038146973
2/8/2016,10.819999694824219,10.989999771118164,9.90999984741211,10.149999618530273,195900,10.149999618530273
2/5/2016,12.84000015258789,12.84000015258789,10.449999809265137,10.989999771118164,266800,10.989999771118164
2/4/2016,12.579999923706055,12.869999885559082,12.369999885559082,12.789999961853027,111200,12.789999961853027
2/3/2016,13,13.21500015258789,12.619999885559082,12.680000305175781,177300,12.680000305175781
2/2/2016,13.279999732971191,13.489999771118164,12.90999984741211,12.979999542236328,119400,12.979999542236328
2/1/2016,12.970000267028809,13.3100004196167,12.8100004196167,13.3100004196167,134600,13.3100004196167
1/29/2016,12.6899995803833,13.180000305175781,12.59000015258789,13.100000381469727,212500,13.100000381469727
1/28/2016,12.15999984741211,12.609999656677246,12.079999923706055,12.569999694824219,269200,12.569999694824219
1/27/2016,12.050000190734863,12.6850004196167,11.979999542236328,12.15999984741211,277100,12.15999984741211
1/26/2016,12.680000305175781,12.829999923706055,12.09000015258789,12.229999542236328,310100,12.229999542236328
1/25/2016,13.819999694824219,13.819999694824219,12.5,12.59000015258789,219400,12.59000015258789
1/22/2016,12.869999885559082,14.699999809265137,12.710000038146973,13.829999923706055,398700,13.829999923706055
1/21/2016,13.0600004196167,13.25,12.420000076293945,12.680000305175781,218000,12.680000305175781
1/20/2016,14,14.039999961853027,12.5,12.920000076293945,480600,12.920000076293945
1/19/2016,15.850000381469727,15.975000381469727,14.220000267028809,14.260000228881836,325700,14.260000228881836
1/15/2016,15.140000343322754,15.859999656677246,14.9399995803833,15.789999961853027,379400,15.789999961853027
1/14/2016,14.75,16.75,14.579999923706055,15.920000076293945,546800,15.920000076293945
1/13/2016,14.25,15.270000457763672,14.25,14.869999885559082,429200,14.869999885559082
1/12/2016,14.029999732971191,14.850000381469727,14,14.640000343322754,327400,14.640000343322754
1/11/2016,14.1899995803833,14.260000228881836,13.239999771118164,14.039999961853027,284300,14.039999961853027
1/8/2016,14.859999656677246,14.970000267028809,14,14.239999771118164,228200,14.239999771118164
1/7/2016,15.239999771118164,15.970000267028809,14.569999694824219,14.880000114440918,297800,14.880000114440918
1/6/2016,14.489999771118164,15.789999961853027,14.133000373840332,15.149999618530273,299000,15.149999618530273
1/5/2016,14.550000190734863,14.779999732971191,14.399999618530273,14.460000038146973,310600,14.460000038146973
1/4/2016,15,15,14.350000381469727,14.529999732971191,401900,14.529999732971191
12/31/2015,14.880000114440918,15.329999923706055,14.850000381469727,15.130000114440918,164000,15.130000114440918
12/30/2015,14.899999618530273,15.300000190734863,14.890000343322754,14.970000267028809,116100,14.970000267028809
12/29/2015,15.520000457763672,15.744999885559082,14.75,14.989999771118164,202500,14.989999771118164
12/28/2015,15.460000038146973,15.670000076293945,15.050000190734863,15.390000343322754,130700,15.390000343322754
12/24/2015,15.390000343322754,15.897000312805176,15,15.4399995803833,86000,15.4399995803833
12/23/2015,15.9399995803833,15.979999542236328,15.34000015258789,15.489999771118164,277100,15.489999771118164
12/22/2015,15.760000228881836,15.890000343322754,15.289999961853027,15.829999923706055,343600,15.829999923706055
12/21/2015,16.290000915527344,17.773000717163086,15.420000076293945,15.670000076293945,335100,15.670000076293945
12/18/2015,17.350000381469727,17.68000030517578,16.200000762939453,16.270000457763672,753300,16.270000457763672
12/17/2015,17,17.93000030517578,17,17.31999969482422,393000,17.31999969482422
12/16/2015,16.18000030517578,17.040000915527344,15.821999549865723,16.90999984741211,275400,16.90999984741211
12/15/2015,15.350000381469727,16.219999313354492,15.239999771118164,15.979999542236328,334400,15.979999542236328
12/14/2015,15.359999656677246,15.760000228881836,15.130000114440918,15.1899995803833,150200,15.1899995803833
12/11/2015,15.25,15.619999885559082,15.149999618530273,15.3100004196167,213400,15.3100004196167
12/10/2015,15.430000305175781,15.829999923706055,15.180000305175781,15.59000015258789,192500,15.59000015258789
12/9/2015,15.59000015258789,16.290000915527344,15.119999885559082,15.270000457763672,339900,15.270000457763672
12/8/2015,16.049999237060547,16.299999237060547,15.829999923706055,15.90999984741211,237900,15.90999984741211
12/7/2015,16.09000015258789,16.444000244140625,15.670000076293945,16.170000076293945,199600,16.170000076293945
12/4/2015,16.600000381469727,16.75,15.880000114440918,16.149999618530273,157000,16.149999618530273
12/3/2015,16.920000076293945,17.030000686645508,16.309999465942383,16.639999389648438,251900,16.639999389648438
12/2/2015,17.149999618530273,17.389999389648438,16.540000915527344,17.010000228881836,236100,17.010000228881836
12/1/2015,17.229999542236328,17.229999542236328,16.15999984741211,16.950000762939453,522600,16.950000762939453
11/30/2015,17.299999237060547,17.760000228881836,17.020000457763672,17.1299991607666,206800,17.1299991607666
11/27/2015,17.350000381469727,17.440000534057617,17,17.1299991607666,59400,17.1299991607666
11/25/2015,17.6200008392334,17.8700008392334,17.200000762939453,17.270000457763672,244200,17.270000457763672
11/24/2015,18.170000076293945,18.459999084472656,17.28499984741211,17.510000228881836,240000,17.510000228881836
11/23/2015,18.559999465942383,18.760000228881836,18.1299991607666,18.170000076293945,168100,18.170000076293945
11/20/2015,19.34000015258789,19.34000015258789,18.3700008392334,18.510000228881836,183500,18.510000228881836
11/19/2015,20.360000610351562,20.389999389648438,19.079999923706055,19.200000762939453,145900,19.200000762939453
11/18/2015,20.8700008392334,20.8700008392334,19.6200008392334,20.309999465942383,241800,20.309999465942383
11/17/2015,20.329999923706055,20.979999542236328,19.825000762939453,20.700000762939453,214000,20.700000762939453
11/16/2015,19.81999969482422,20.329999923706055,19,20.209999084472656,221300,20.209999084472656
11/13/2015,20.559999465942383,21.229999542236328,18.559999465942383,19.969999313354492,511400,19.969999313354492
11/12/2015,20.920000076293945,21.270000457763672,20.530000686645508,20.899999618530273,361700,20.899999618530273
11/11/2015,21.030000686645508,21.43000030517578,20.6200008392334,21.079999923706055,466100,21.079999923706055
11/10/2015,20.700000762939453,21.18000030517578,19.950000762939453,21.049999237060547,415400,21.049999237060547
11/9/2015,21.600000381469727,21.600000381469727,20.700000762939453,21.059999465942383,194000,21.059999465942383
11/6/2015,20.899999618530273,21.520000457763672,20.5,21.479999542236328,188200,21.479999542236328
11/5/2015,21.65999984741211,21.7549991607666,20.350000381469727,20.8700008392334,308300,20.8700008392334
11/4/2015,21.90999984741211,22,21.559999465942383,21.979999542236328,78900,21.979999542236328
11/3/2015,21.06999969482422,22.139999389648438,21.06999969482422,21.75,139400,21.75
11/2/2015,20.579999923706055,21.229999542236328,20.40999984741211,21.149999618530273,86000,21.149999618530273
10/30/2015,20.540000915527344,20.979999542236328,20.18000030517578,20.559999465942383,173000,20.559999465942383
10/29/2015,20.360000610351562,21.149999618530273,19.829999923706055,20.5,188700,20.5
10/28/2015,18.6200008392334,20.440000534057617,18.6200008392334,20.360000610351562,183800,20.360000610351562
10/27/2015,18.770000457763672,18.93600082397461,18.40999984741211,18.690000534057617,202600,18.690000534057617
10/26/2015,18.84000015258789,18.93400001525879,18.299999237060547,18.739999771118164,223700,18.739999771118164
10/23/2015,18.799999237060547,19.445999145507812,18.209999084472656,18.690000534057617,379800,18.690000534057617
10/22/2015,18.5,19.399999618530273,18.25,18.719999313354492,487500,18.719999313354492
10/21/2015,20.84000015258789,21.280000686645508,18.010000228881836,18.260000228881836,546900,18.260000228881836
10/20/2015,20.75,21.399999618530273,20.5,20.729999542236328,319500,20.729999542236328
10/19/2015,20.959999084472656,21.079999923706055,20.649999618530273,20.829999923706055,176800,20.829999923706055
10/16/2015,20.850000381469727,21.030000686645508,20.520000457763672,20.989999771118164,255900,20.989999771118164
10/15/2015,20.84000015258789,21.389999389648438,20.579999923706055,20.75,213300,20.75
10/14/2015,22.84000015258789,22.84000015258789,20.360000610351562,20.579999923706055,374100,20.579999923706055
10/13/2015,23.170000076293945,23.6200008392334,22.899999618530273,23.010000228881836,108000,23.010000228881836
10/12/2015,23.479999542236328,23.559999465942383,22.649999618530273,23.270000457763672,73400,23.270000457763672
10/9/2015,24.149999618530273,24.760000228881836,22.780000686645508,23.579999923706055,273300,23.579999923706055
10/8/2015,22.209999084472656,23.31999969482422,22.083999633789062,23.280000686645508,243700,23.280000686645508
10/7/2015,21.290000915527344,22.260000228881836,21.110000610351562,22.260000228881836,228400,22.260000228881836
10/6/2015,21.270000457763672,21.559999465942383,20.549999237060547,21.06999969482422,171700,21.06999969482422
10/5/2015,22.270000457763672,22.270000457763672,20.56999969482422,21.239999771118164,424500,21.239999771118164
10/2/2015,21.969999313354492,22.290000915527344,21.559999465942383,22.209999084472656,192700,22.209999084472656
10/1/2015,22.850000381469727,23.15999984741211,21.3700008392334,22.260000228881836,270700,22.260000228881836
9/30/2015,23.65999984741211,23.902000427246094,22.420000076293945,22.75,1646500,22.75
9/29/2015,23.5,24,23.049999237060547,23.360000610351562,475800,23.360000610351562
9/28/2015,24.049999237060547,24.399999618530273,22.81999969482422,23.5,260600,23.5
9/25/2015,24.799999237060547,24.899999618530273,23.950000762939453,24.329999923706055,145900,24.329999923706055
9/24/2015,24.329999923706055,24.959999084472656,24.010000228881836,24.649999618530273,252600,24.649999618530273
9/23/2015,24.639999389648438,25.190000534057617,24.360000610351562,24.6299991607666,479000,24.6299991607666
9/22/2015,24.65999984741211,24.709999084472656,24.010000228881836,24.670000076293945,343300,24.670000076293945
9/21/2015,22.540000915527344,25.170000076293945,22.540000915527344,25.010000228881836,631600,25.010000228881836
9/18/2015,21.5,23.420000076293945,21.5,22.510000228881836,1133800,22.510000228881836
9/17/2015,20.559999465942383,22.200000762939453,20.420000076293945,21.729999542236328,1003700,21.729999542236328
9/16/2015,20.639999389648438,20.979999542236328,20.149999618530273,20.670000076293945,142000,20.670000076293945
9/15/2015,20.5,20.780000686645508,19.924999237060547,20.5,157200,20.5
9/14/2015,20.450000762939453,21.40999984741211,20.260000228881836,20.309999465942383,202600,20.309999465942383
9/11/2015,21.020000457763672,21.270000457763672,20.25,20.59000015258789,238700,20.59000015258789
9/10/2015,20.420000076293945,21.3700008392334,20.218000411987305,21.049999237060547,131200,21.049999237060547
9/9/2015,20.81999969482422,20.81999969482422,19.889999389648438,20.280000686645508,132800,20.280000686645508
9/8/2015,20.540000915527344,20.860000610351562,20.350000381469727,20.43000030517578,131500,20.43000030517578
9/4/2015,20.200000762939453,20.395000457763672,19.75,19.959999084472656,101200,19.959999084472656
9/3/2015,20.709999084472656,21.31999969482422,20.06999969482422,20.3799991607666,191800,20.3799991607666
9/2/2015,20.5,20.940000534057617,20,20.81999969482422,134000,20.81999969482422
9/1/2015,20.59000015258789,20.81999969482422,20.010000228881836,20.270000457763672,214400,20.270000457763672
8/31/2015,21.579999923706055,21.579999923706055,20.5,21.09000015258789,134400,21.09000015258789
8/28/2015,21.700000762939453,21.989999771118164,21,21.6299991607666,137300,21.6299991607666
8/27/2015,22.760000228881836,22.8700008392334,21.440000534057617,21.760000228881836,171000,21.760000228881836
8/26/2015,21.469999313354492,22.63800048828125,20.270000457763672,22.360000610351562,243700,22.360000610351562
8/25/2015,22.010000228881836,22.777000427246094,20.75,20.860000610351562,259700,20.860000610351562
8/24/2015,18,23.850000381469727,16.5049991607666,20.489999771118164,518900,20.489999771118164
8/21/2015,23.030000686645508,23.600000381469727,21.040000915527344,21.110000610351562,360300,21.110000610351562
8/20/2015,24.68000030517578,24.889999389648438,22.770000457763672,23.760000228881836,252500,23.760000228881836
8/19/2015,23.649999618530273,25.3799991607666,23.020000457763672,24.719999313354492,847100,24.719999313354492
8/18/2015,22.65999984741211,24.549999237060547,22.510000228881836,24.3799991607666,467800,24.3799991607666
8/17/2015,21.709999084472656,23.100000381469727,21.709999084472656,22.90999984741211,184800,22.90999984741211
8/14/2015,21.56999969482422,21.989999771118164,20.8799991607666,21.959999084472656,78700,21.959999084472656
8/13/2015,20.889999389648438,21.829999923706055,20.700000762939453,21.479999542236328,98800,21.479999542236328
8/12/2015,21.170000076293945,21.719999313354492,20.68000030517578,20.920000076293945,177000,20.920000076293945
8/11/2015,22.06999969482422,22.06999969482422,20.079999923706055,21.600000381469727,232000,21.600000381469727
8/10/2015,21.229999542236328,22.22800064086914,21,22.09000015258789,169100,22.09000015258789
8/7/2015,20,20.950000762939453,19.850000381469727,20.950000762939453,204800,20.950000762939453
8/6/2015,21.479999542236328,21.549999237060547,19.520000457763672,19.899999618530273,186800,19.899999618530273
8/5/2015,20.489999771118164,21.209999084472656,19.5,21.190000534057617,327300,21.190000534057617
8/4/2015,20.530000686645508,21.450000762939453,19.190000534057617,19.799999237060547,454200,19.799999237060547
8/3/2015,22.90999984741211,23.49799919128418,20.219999313354492,20.43000030517578,426900,20.43000030517578
7/31/2015,23.940000534057617,24.134000778198242,22.889999389648438,22.979999542236328,119900,22.979999542236328
7/30/2015,23.100000381469727,24,22.799999237060547,23.850000381469727,111600,23.850000381469727
7/29/2015,25.09000015258789,25.488000869750977,23,23.350000381469727,351200,23.350000381469727
7/28/2015,23.799999237060547,25.030000686645508,23.510000228881836,25.020000457763672,367500,25.020000457763672
7/27/2015,23.299999237060547,24.200000762939453,22.559999465942383,23.700000762939453,259000,23.700000762939453
7/24/2015,24.34000015258789,24.8799991607666,23.76099967956543,24,257900,24
7/23/2015,24.700000762939453,24.850000381469727,23.920000076293945,24.100000381469727,459300,24.100000381469727
7/22/2015,22.670000076293945,24.350000381469727,22.56999969482422,23.950000762939453,810600,23.950000762939453
7/21/2015,22.799999237060547,23.100000381469727,22.09000015258789,22.940000534057617,856200,22.940000534057617
7/20/2015,26,26.190000534057617,22.709999084472656,23.100000381469727,1660900,23.100000381469727
7/17/2015,26.75,27.450000762939453,24.020000457763672,25.280000686645508,10609300,25.280000686645508
