4/22/2019,1.9500000476837158,2.1700000762939453,1.9500000476837158,2.1500000953674316,1899100,2.1500000953674316
4/18/2019,2.0199999809265137,2.059999942779541,1.9299999475479126,1.9500000476837158,1878800,1.9500000476837158
4/17/2019,2.1500000953674316,2.1500000953674316,2.009999990463257,2.0199999809265137,1869600,2.0199999809265137
4/16/2019,2.0799999237060547,2.2200000286102295,2.0799999237060547,2.1500000953674316,1229200,2.1500000953674316
4/15/2019,2.119999885559082,2.140000104904175,2.069999933242798,2.0799999237060547,938000,2.0799999237060547
4/12/2019,2.200000047683716,2.25,2.069999933242798,2.0799999237060547,1202000,2.0799999237060547
4/10/2019,2.0399999618530273,2.069999933242798,2.0199999809265137,2.0299999713897705,1428100,2.0299999713897705
4/9/2019,2.130000114440918,2.180000066757202,2.0399999618530273,2.049999952316284,1892200,2.049999952316284
4/8/2019,2.200000047683716,2.2200000286102295,2.140000104904175,2.1500000953674316,1408100,2.1500000953674316
4/5/2019,2.25,2.2699999809265137,2.200000047683716,2.2200000286102295,1072200,2.2200000286102295
4/4/2019,2.259999990463257,2.299999952316284,2.180000066757202,2.25,1924300,2.25
4/3/2019,2.25,2.309999942779541,2.2300000190734863,2.25,1547800,2.25
4/2/2019,2.3299999237060547,2.380000114440918,2.2200000286102295,2.25,1966900,2.25
4/1/2019,2.4800000190734863,2.4839999675750732,2.2799999713897705,2.309999942779541,2017200,2.309999942779541
3/29/2019,2.4600000381469727,2.5299999713897705,2.359999895095825,2.450000047683716,1660300,2.450000047683716
3/28/2019,2.569999933242798,2.5899999141693115,2.440000057220459,2.450000047683716,1533400,2.450000047683716
3/27/2019,2.5999999046325684,2.630000114440918,2.4700000286102295,2.5799999237060547,1977000,2.5799999237060547
3/26/2019,2.609999895095825,2.6600000858306885,2.509999990463257,2.609999895095825,2121000,2.609999895095825
3/25/2019,2.5399999618530273,2.630000114440918,2.450000047683716,2.609999895095825,1804200,2.609999895095825
3/22/2019,2.640000104904175,2.6700000762939453,2.4200000762939453,2.5199999809265137,2163700,2.5199999809265137
3/21/2019,2.7200000286102295,2.819999933242798,2.619999885559082,2.640000104904175,1803300,2.640000104904175
3/20/2019,2.7200000286102295,2.7799999713897705,2.6600000858306885,2.7200000286102295,1839200,2.7200000286102295
3/19/2019,2.5899999141693115,2.690000057220459,2.5799999237060547,2.6600000858306885,1649700,2.6600000858306885
3/18/2019,2.6600000858306885,2.697999954223633,2.509999990463257,2.5799999237060547,2170200,2.5799999237060547
3/15/2019,2.6500000953674316,2.700000047683716,2.509999990463257,2.5799999237060547,2780700,2.5799999237060547
3/14/2019,2.940000057220459,2.9600000381469727,2.6500000953674316,2.6500000953674316,3565300,2.6500000953674316
3/13/2019,3.069999933242798,3.2100000381469727,2.9100000858306885,2.9700000286102295,2516800,2.9700000286102295
3/12/2019,3.1500000953674316,3.1500000953674316,3.009999990463257,3.069999933242798,1509400,3.069999933242798
3/11/2019,2.940000057220459,3.174999952316284,2.924999952316284,3.119999885559082,2729600,3.119999885559082
3/8/2019,2.9600000381469727,3.0299999713897705,2.890000104904175,2.9100000858306885,1531400,2.9100000858306885
3/7/2019,3.049999952316284,3.0899999141693115,2.9049999713897705,2.940000057220459,1729000,2.940000057220459
3/6/2019,3.2300000190734863,3.25,2.950000047683716,3.009999990463257,2427500,3.009999990463257
3/5/2019,3.140000104904175,3.299999952316284,3.0799999237060547,3.2100000381469727,2210600,3.2100000381469727
3/4/2019,3.3399999141693115,3.369999885559082,2.940000057220459,3.069999933242798,3291500,3.069999933242798
3/1/2019,3.0399999618530273,3.2799999713897705,3.009999990463257,3.2699999809265137,2989300,3.2699999809265137
2/28/2019,2.9100000858306885,3.049999952316284,2.9000000953674316,2.990000009536743,1942000,2.990000009536743
2/27/2019,3.009999990463257,3.069999933242798,2.8499999046325684,2.890000104904175,2018600,2.890000104904175
2/26/2019,3.009999990463257,3.1700000762939453,2.859999895095825,3.0199999809265137,2989600,3.0199999809265137
2/25/2019,2.880000114440918,2.9800000190734863,2.759999990463257,2.9600000381469727,3861400,2.9600000381469727
2/22/2019,2.9200000762939453,2.950000047683716,2.5999999046325684,2.7200000286102295,5950400,2.7200000286102295
2/21/2019,2.3499999046325684,2.7699999809265137,2.309999942779541,2.680000066757202,4999900,2.680000066757202
2/20/2019,2.359999895095825,2.4000000953674316,2.299999952316284,2.380000114440918,1055100,2.380000114440918
2/19/2019,2.4100000858306885,2.450000047683716,2.319999933242798,2.3499999046325684,656900,2.3499999046325684
2/15/2019,2.359999895095825,2.4549999237060547,2.3399999141693115,2.4000000953674316,845500,2.4000000953674316
2/14/2019,2.299999952316284,2.380000114440918,2.240000009536743,2.3299999237060547,1112100,2.3299999237060547
2/13/2019,2.4100000858306885,2.4100000858306885,2.25,2.299999952316284,1900100,2.299999952316284
2/12/2019,2.3399999141693115,2.430000066757202,2.2799999713897705,2.390000104904175,1505000,2.390000104904175
2/11/2019,2.309999942779541,2.359999895095825,2.2799999713897705,2.299999952316284,1441600,2.299999952316284
2/8/2019,2.319999933242798,2.321000099182129,2.200000047683716,2.299999952316284,1087800,2.299999952316284
2/7/2019,2.319999933242798,2.359999895095825,2.259999990463257,2.309999942779541,1111400,2.309999942779541
2/6/2019,2.299999952316284,2.450000047683716,2.25,2.359999895095825,1313500,2.359999895095825
2/5/2019,2.3399999141693115,2.3399999141693115,2.1500000953674316,2.299999952316284,3404200,2.299999952316284
2/4/2019,2.3399999141693115,2.4200000762939453,2.259999990463257,2.359999895095825,3749200,2.359999895095825
2/1/2019,2.5,2.549999952316284,2.359999895095825,2.4100000858306885,1147100,2.4100000858306885
1/31/2019,2.5399999618530273,2.575000047683716,2.4800000190734863,2.509999990463257,1042300,2.509999990463257
1/30/2019,2.4600000381469727,2.5,2.3499999046325684,2.440000057220459,1324200,2.440000057220459
1/29/2019,2.5399999618530273,2.549999952316284,2.430000066757202,2.4600000381469727,1354600,2.4600000381469727
1/28/2019,2.6500000953674316,2.680000066757202,2.5230000019073486,2.549999952316284,856700,2.549999952316284
1/25/2019,2.7200000286102295,2.75,2.6700000762939453,2.700000047683716,852400,2.700000047683716
1/24/2019,2.6500000953674316,2.7200000286102295,2.619999885559082,2.7100000381469727,699800,2.7100000381469727
1/23/2019,2.690000057220459,2.7149999141693115,2.5899999141693115,2.630000114440918,1024100,2.630000114440918
1/22/2019,2.7300000190734863,2.740000009536743,2.609999895095825,2.7100000381469727,1060000,2.7100000381469727
1/18/2019,2.7300000190734863,2.763000011444092,2.680000066757202,2.7300000190734863,851600,2.7300000190734863
1/17/2019,2.569999933242798,2.7200000286102295,2.569999933242798,2.7200000286102295,1046600,2.7200000286102295
1/16/2019,2.619999885559082,2.6700000762939453,2.5399999618530273,2.5799999237060547,539100,2.5799999237060547
1/15/2019,2.4800000190734863,2.619999885559082,2.4600000381469727,2.5899999141693115,737500,2.5899999141693115
1/14/2019,2.640000104904175,2.680000066757202,2.490000009536743,2.490000009536743,1301700,2.490000009536743
1/11/2019,2.6600000858306885,2.734999895095825,2.619999885559082,2.690000057220459,779800,2.690000057220459
1/10/2019,2.680000066757202,2.7100000381469727,2.549999952316284,2.6600000858306885,883800,2.6600000858306885
1/9/2019,2.890000104904175,2.9700000286102295,2.609999895095825,2.6700000762939453,2033200,2.6700000762939453
1/8/2019,2.880000114440918,2.9800000190734863,2.8399999141693115,2.880000114440918,1209200,2.880000114440918
1/7/2019,2.869999885559082,2.930000066757202,2.7799999713897705,2.8399999141693115,1412700,2.8399999141693115
1/4/2019,2.75,2.880000114440918,2.7200000286102295,2.8299999237060547,1683900,2.8299999237060547
1/3/2019,2.690000057220459,2.7300000190734863,2.5950000286102295,2.6700000762939453,780400,2.6700000762939453
1/2/2019,2.549999952316284,2.700000047683716,2.5199999809265137,2.690000057220459,1570200,2.690000057220459
12/31/2018,2.680000066757202,2.7300000190734863,2.559999942779541,2.5899999141693115,954600,2.5899999141693115
12/28/2018,2.5999999046325684,2.7200000286102295,2.559999942779541,2.6700000762939453,1211100,2.6700000762939453
12/27/2018,2.7899999618530273,2.809999942779541,2.4800000190734863,2.5799999237060547,1380100,2.5799999237060547
12/26/2018,2.6700000762939453,2.7200000286102295,2.6029999256134033,2.7100000381469727,1043900,2.7100000381469727
12/24/2018,2.509999990463257,2.6649999618530273,2.4200000762939453,2.640000104904175,1293200,2.640000104904175
12/21/2018,2.4800000190734863,2.619999885559082,2.259999990463257,2.5999999046325684,2443800,2.5999999046325684
12/20/2018,2.7100000381469727,2.740000009536743,2.4100000858306885,2.490000009536743,2088100,2.490000009536743
12/19/2018,2.7300000190734863,2.9000000953674316,2.700000047683716,2.75,1490300,2.75
12/18/2018,2.6700000762939453,2.7799999713897705,2.630000114440918,2.7300000190734863,1540900,2.7300000190734863
12/17/2018,2.7899999618530273,2.8559999465942383,2.619999885559082,2.6500000953674316,1695700,2.6500000953674316
12/14/2018,2.8399999141693115,2.9200000762939453,2.809999942779541,2.8399999141693115,1044800,2.8399999141693115
12/13/2018,3.0399999618530273,3.0999999046325684,2.9100000858306885,2.9200000762939453,891000,2.9200000762939453
12/12/2018,3.059999942779541,3.1600000858306885,2.9800000190734863,3.0299999713897705,1034800,3.0299999713897705
12/10/2018,2.9600000381469727,3.059999942779541,2.940000057220459,2.990000009536743,902900,2.990000009536743
12/6/2018,2.950000047683716,3.0199999809265137,2.930000066757202,2.990000009536743,831600,2.990000009536743
12/4/2018,3.25,3.259999990463257,2.9700000286102295,3.009999990463257,1888400,3.009999990463257
12/3/2018,3.490000009536743,3.5,3.2799999713897705,3.299999952316284,2143000,3.299999952316284
11/30/2018,3.4000000953674316,3.424999952316284,3.25,3.4000000953674316,2297300,3.4000000953674316
11/29/2018,3.240000009536743,3.380000114440918,3.2300000190734863,3.369999885559082,968100,3.369999885559082
11/28/2018,3.25,3.299999952316284,3.059999942779541,3.2300000190734863,3420600,3.2300000190734863
11/27/2018,3.359999895095825,3.5999999046325684,3.2799999713897705,3.4000000953674316,2478100,3.4000000953674316
11/26/2018,2.9700000286102295,3.450000047683716,2.950000047683716,3.4100000858306885,2448400,3.4100000858306885
11/23/2018,2.9800000190734863,3.0850000381469727,2.9000000953674316,2.950000047683716,615500,2.950000047683716
11/20/2018,2.75,2.819999933242798,2.630000114440918,2.7899999618530273,1987100,2.7899999618530273
11/19/2018,3.240000009536743,3.240000009536743,2.809999942779541,2.8299999237060547,2541700,2.8299999237060547
11/16/2018,2.9700000286102295,3.194999933242798,2.809999942779541,3.0999999046325684,3743700,3.0999999046325684
11/15/2018,2.9000000953674316,2.9800000190734863,2.799999952316284,2.9600000381469727,1523400,2.9600000381469727
11/14/2018,3.140000104904175,3.1500000953674316,2.859999895095825,2.9100000858306885,3337400,2.9100000858306885
11/13/2018,3.1700000762939453,3.2300000190734863,3.0299999713897705,3.069999933242798,3539300,3.069999933242798
11/12/2018,3.559999942779541,3.569999933242798,3.109999895095825,3.1600000858306885,2058100,3.1600000858306885
11/9/2018,3.6500000953674316,3.7300000190734863,3.5299999713897705,3.5299999713897705,3325000,3.5299999713897705
11/8/2018,3.9000000953674316,4.045000076293945,3.799999952316284,3.9700000286102295,2174000,3.9700000286102295
11/7/2018,3.759999990463257,3.940000057220459,3.6500000953674316,3.9200000762939453,1815100,3.9200000762939453
11/6/2018,3.619999885559082,3.7300000190734863,3.619999885559082,3.6700000762939453,859100,3.6700000762939453
11/5/2018,3.859999895095825,3.9000000953674316,3.619999885559082,3.630000114440918,1242100,3.630000114440918
11/2/2018,3.880000114440918,3.9590001106262207,3.75,3.8299999237060547,1135600,3.8299999237060547
11/1/2018,3.7300000190734863,3.880000114440918,3.7100000381469727,3.8399999141693115,931300,3.8399999141693115
10/31/2018,3.7300000190734863,3.744999885559082,3.619999885559082,3.7100000381469727,1196400,3.7100000381469727
10/30/2018,3.6700000762939453,3.8299999237060547,3.619999885559082,3.6500000953674316,1203700,3.6500000953674316
10/29/2018,3.7799999713897705,3.869999885559082,3.619999885559082,3.6700000762939453,1354600,3.6700000762939453
10/26/2018,3.7200000286102295,3.799999952316284,3.625,3.75,1333800,3.75
10/25/2018,3.8399999141693115,3.9100000858306885,3.7300000190734863,3.7799999713897705,1464500,3.7799999713897705
10/24/2018,4.079999923706055,4.150000095367432,3.809999942779541,3.8399999141693115,2339700,3.8399999141693115
10/23/2018,3.630000114440918,4.130000114440918,3.630000114440918,4.059999942779541,6040900,4.059999942779541
10/22/2018,3.5999999046325684,3.5999999046325684,3.4000000953674316,3.4600000381469727,2474000,3.4600000381469727
10/19/2018,3.700000047683716,3.799999952316284,3.5999999046325684,3.609999895095825,1393700,3.609999895095825
10/18/2018,3.799999952316284,3.880000114440918,3.630000114440918,3.690000057220459,1156300,3.690000057220459
10/17/2018,3.7899999618530273,3.880000114440918,3.700000047683716,3.8299999237060547,1115700,3.8299999237060547
10/16/2018,3.549999952316284,3.805000066757202,3.4800000190734863,3.7899999618530273,1662700,3.7899999618530273
10/15/2018,3.6500000953674316,3.6500000953674316,3.3499999046325684,3.5,1842900,3.5
10/12/2018,3.509999990463257,3.5999999046325684,3.4600000381469727,3.4800000190734863,1697500,3.4800000190734863
10/11/2018,3.490000009536743,3.630000114440918,3.440000057220459,3.440000057220459,1723900,3.440000057220459
10/10/2018,3.6600000858306885,3.690000057220459,3.430000066757202,3.5,2709600,3.5
10/9/2018,3.6600000858306885,3.805000066757202,3.630000114440918,3.6500000953674316,2151200,3.6500000953674316
10/8/2018,3.869999885559082,3.940000057220459,3.5299999713897705,3.690000057220459,3121600,3.690000057220459
10/5/2018,3.950000047683716,4.019999980926514,3.8499999046325684,3.859999895095825,1356500,3.859999895095825
10/4/2018,4.269999980926514,4.28000020980835,3.75,3.950000047683716,3287100,3.950000047683716
10/3/2018,4.369999885559082,4.400000095367432,4.199999809265137,4.230000019073486,1629600,4.230000019073486
10/2/2018,4.630000114440918,4.650000095367432,4.289999961853027,4.380000114440918,1501900,4.380000114440918
10/1/2018,4.78000020980835,4.840000152587891,4.539999961853027,4.539999961853027,1471700,4.539999961853027
9/28/2018,4.860000133514404,4.889999866485596,4.699999809265137,4.769999980926514,1764600,4.769999980926514
9/27/2018,4.800000190734863,4.869999885559082,4.670000076293945,4.840000152587891,1479000,4.840000152587891
9/26/2018,4.619999885559082,4.809999942779541,4.510000228881836,4.71999979019165,1846800,4.71999979019165
9/25/2018,4.699999809265137,4.849999904632568,4.565000057220459,4.590000152587891,2159900,4.590000152587891
9/24/2018,4.579999923706055,4.699999809265137,4.449999809265137,4.699999809265137,2657100,4.699999809265137
9/21/2018,4.389999866485596,4.440000057220459,4.269999980926514,4.340000152587891,2771100,4.340000152587891
9/20/2018,4.199999809265137,4.420000076293945,4.199999809265137,4.389999866485596,1968800,4.389999866485596
9/19/2018,4.179999828338623,4.289999961853027,4.150000095367432,4.179999828338623,1007000,4.179999828338623
9/18/2018,4.130000114440918,4.230000019073486,4.050000190734863,4.210000038146973,1801400,4.210000038146973
9/17/2018,4.360000133514404,4.420000076293945,4.090000152587891,4.139999866485596,2316200,4.139999866485596
9/14/2018,4.489999771118164,4.494999885559082,4.335000038146973,4.389999866485596,1192100,4.389999866485596
9/13/2018,4.5,4.599999904632568,4.409999847412109,4.5,1407100,4.5
9/12/2018,4.53000020980835,4.545000076293945,4.388000011444092,4.510000228881836,1522600,4.510000228881836
9/11/2018,4.610000133514404,4.659999847412109,4.389999866485596,4.510000228881836,2170800,4.510000228881836
9/10/2018,4.5,4.735000133514404,4.5,4.619999885559082,3204600,4.619999885559082
9/7/2018,4.199999809265137,4.550000190734863,4.150000095367432,4.409999847412109,3086800,4.409999847412109
9/6/2018,4.380000114440918,4.423999786376953,4.170000076293945,4.25,2069100,4.25
9/5/2018,4.320000171661377,4.519999980926514,4.260000228881836,4.349999904632568,4741100,4.349999904632568
9/4/2018,4.309999942779541,4.309999942779541,4.119999885559082,4.28000020980835,3164600,4.28000020980835
8/31/2018,3.869999885559082,4.079999923706055,3.869999885559082,4.079999923706055,1746100,4.079999923706055
8/30/2018,3.9000000953674316,3.930000066757202,3.819999933242798,3.880000114440918,1072000,3.880000114440918
8/29/2018,3.640000104904175,3.880000114440918,3.640000104904175,3.8499999046325684,1591500,3.8499999046325684
8/28/2018,3.5999999046325684,3.690000057220459,3.559999942779541,3.640000104904175,1265300,3.640000104904175
8/27/2018,3.450000047683716,3.5999999046325684,3.440000057220459,3.5799999237060547,2002300,3.5799999237060547
8/24/2018,3.5899999141693115,3.5899999141693115,3.3499999046325684,3.4000000953674316,2621600,3.4000000953674316
8/23/2018,3.690000057220459,3.700000047683716,3.440000057220459,3.440000057220459,2384700,3.440000057220459
8/22/2018,3.700000047683716,3.744999885559082,3.6600000858306885,3.7200000286102295,695800,3.7200000286102295
8/21/2018,3.5999999046325684,3.75,3.5999999046325684,3.700000047683716,1489400,3.700000047683716
8/20/2018,3.75,3.809999942779541,3.609999895095825,3.609999895095825,990800,3.609999895095825
8/17/2018,3.7300000190734863,3.7699999809265137,3.680000066757202,3.759999990463257,1253200,3.759999990463257
8/16/2018,3.740000009536743,3.7799999713897705,3.700000047683716,3.7200000286102295,903300,3.7200000286102295
8/15/2018,3.8499999046325684,3.930000066757202,3.694999933242798,3.700000047683716,1363400,3.700000047683716
8/14/2018,4.079999923706055,4.099999904632568,3.8450000286102295,3.859999895095825,2365100,3.859999895095825
8/13/2018,4.070000171661377,4.130000114440918,4.019999980926514,4.059999942779541,1752400,4.059999942779541
8/10/2018,4.099999904632568,4.179999828338623,4.019999980926514,4.079999923706055,1062300,4.079999923706055
8/9/2018,4.050000190734863,4.170000076293945,3.880000114440918,4.139999866485596,1973400,4.139999866485596
8/8/2018,4.300000190734863,4.309999942779541,4.019999980926514,4.150000095367432,1643100,4.150000095367432
8/7/2018,4.019999980926514,4.275000095367432,4.019999980926514,4.210000038146973,1838500,4.210000038146973
8/6/2018,3.950000047683716,4.03000020980835,3.874000072479248,4.019999980926514,712800,4.019999980926514
8/3/2018,4.070000171661377,4.070000171661377,3.869999885559082,3.9200000762939453,998900,3.9200000762939453
8/2/2018,3.859999895095825,4.057000160217285,3.859999895095825,3.990000009536743,1982200,3.990000009536743
8/1/2018,3.680000066757202,3.859999895095825,3.6500000953674316,3.859999895095825,1344600,3.859999895095825
7/31/2018,3.5199999809265137,3.7100000381469727,3.502000093460083,3.680000066757202,1322000,3.680000066757202
7/30/2018,3.549999952316284,3.619999885559082,3.4600000381469727,3.5299999713897705,1414600,3.5299999713897705
7/27/2018,3.740000009536743,3.759999990463257,3.5199999809265137,3.5299999713897705,1860500,3.5299999713897705
7/26/2018,3.7899999618530273,3.8299999237060547,3.630000114440918,3.700000047683716,5162600,3.700000047683716
7/25/2018,3.8499999046325684,3.9000000953674316,3.75,3.799999952316284,1422000,3.799999952316284
7/24/2018,4.019999980926514,4.070000171661377,3.8499999046325684,3.869999885559082,1770300,3.869999885559082
7/23/2018,4.03000020980835,4.090000152587891,3.930000066757202,4.019999980926514,1440000,4.019999980926514
7/20/2018,3.9000000953674316,4.03000020980835,3.880000114440918,4.019999980926514,1337800,4.019999980926514
7/18/2018,3.990000009536743,4.039999961853027,3.930000066757202,3.950000047683716,1594300,3.950000047683716
7/13/2018,4.179999828338623,4.21999979019165,4.099999904632568,4.119999885559082,1089900,4.119999885559082
7/12/2018,4.21999979019165,4.300000190734863,4.130000114440918,4.170000076293945,2102700,4.170000076293945
7/11/2018,4.190000057220459,4.260000228881836,4.070000171661377,4.260000228881836,2580400,4.260000228881836
7/10/2018,4.349999904632568,4.400000095367432,4.150000095367432,4.170000076293945,2378100,4.170000076293945
7/9/2018,4.190000057220459,4.389999866485596,4.139999866485596,4.340000152587891,3289700,4.340000152587891
7/6/2018,4.46999979019165,4.599999904632568,4.119999885559082,4.119999885559082,5907800,4.119999885559082
7/5/2018,4.699999809265137,4.75,4.46999979019165,4.480000019073486,1990000,4.480000019073486
7/3/2018,4.5,4.730000019073486,4.414999961853027,4.679999828338623,2994200,4.679999828338623
7/2/2018,4.059999942779541,4.449999809265137,4.059999942779541,4.429999828338623,3636600,4.429999828338623
6/29/2018,4.230000019073486,4.264999866485596,4.050000190734863,4.110000133514404,3491700,4.110000133514404
6/28/2018,4.239999771118164,4.304999828338623,4.139999866485596,4.210000038146973,2951300,4.210000038146973
6/27/2018,4.349999904632568,4.460000038146973,4.199999809265137,4.230000019073486,4473000,4.230000019073486
6/26/2018,4.300000190734863,4.489999771118164,4.21999979019165,4.309999942779541,9988900,4.309999942779541
6/25/2018,4.900000095367432,4.900000095367432,4.559999942779541,4.659999847412109,2885300,4.659999847412109
6/22/2018,5.190000057220459,5.289999961853027,4.520999908447266,4.909999847412109,14625800,4.909999847412109
6/21/2018,4.900000095367432,5.25,4.809999942779541,4.980000019073486,6744700,4.980000019073486
6/20/2018,4.800000190734863,4.909999847412109,4.710000038146973,4.869999885559082,4013800,4.869999885559082
6/19/2018,4.599999904632568,4.789999961853027,4.329999923706055,4.710000038146973,3914100,4.710000038146973
6/18/2018,4.230000019073486,4.489999771118164,4.150000095367432,4.489999771118164,3058300,4.489999771118164
6/15/2018,4.079999923706055,4.239999771118164,4.010000228881836,4.239999771118164,3043800,4.239999771118164
6/14/2018,3.990000009536743,4.090000152587891,3.9000000953674316,4.059999942779541,1488600,4.059999942779541
6/12/2018,3.880000114440918,4.019999980926514,3.809999942779541,3.990000009536743,2214700,3.990000009536743
6/8/2018,3.4800000190734863,3.7179999351501465,3.4100000858306885,3.640000104904175,1157600,3.640000104904175
6/7/2018,3.7100000381469727,3.740000009536743,3.450000047683716,3.4800000190734863,1754000,3.4800000190734863
6/6/2018,3.5,3.505000114440918,3.4200000762939453,3.4800000190734863,868000,3.4800000190734863
6/5/2018,3.5,3.5399999618530273,3.440999984741211,3.5,1524800,3.5
6/4/2018,3.5,3.549999952316284,3.299999952316284,3.5,986300,3.5
6/1/2018,3.319999933242798,3.450000047683716,3.2300000190734863,3.440000057220459,674000,3.440000057220459
5/31/2018,3.2799999713897705,3.390000104904175,3.2300000190734863,3.319999933242798,678700,3.319999933242798
5/30/2018,3.240000009536743,3.2899999618530273,3.190000057220459,3.2699999809265137,453000,3.2699999809265137
5/29/2018,3.25,3.299999952316284,3.1700000762939453,3.2300000190734863,508000,3.2300000190734863
5/25/2018,3.2300000190734863,3.299999952316284,3.200000047683716,3.25,555200,3.25
5/24/2018,3.2899999618530273,3.3399999141693115,3.2100000381469727,3.259999990463257,959600,3.259999990463257
5/23/2018,3.240000009536743,3.3499999046325684,3.2300000190734863,3.2899999618530273,442500,3.2899999618530273
5/22/2018,3.440000057220459,3.440000057220459,3.2049999237060547,3.299999952316284,661800,3.299999952316284
5/21/2018,3.4700000286102295,3.4800000190734863,3.240000009536743,3.3399999141693115,724500,3.3399999141693115
5/18/2018,3.140000104904175,3.2850000858306885,3.119999885559082,3.259999990463257,662400,3.259999990463257
5/17/2018,3.190000057220459,3.2290000915527344,3.1549999713897705,3.180000066757202,459400,3.180000066757202
5/16/2018,3.299999952316284,3.430000066757202,3.1700000762939453,3.190000057220459,828500,3.190000057220459
5/15/2018,3.180000066757202,3.4600000381469727,3.140000104904175,3.2699999809265137,1222400,3.2699999809265137
5/14/2018,3.0799999237060547,3.2100000381469727,3.0199999809265137,3.1700000762939453,500600,3.1700000762939453
5/11/2018,3.200000047683716,3.200000047683716,3.009999990463257,3.0299999713897705,739200,3.0299999713897705
5/10/2018,3.130000114440918,3.2200000286102295,3.0299999713897705,3.2100000381469727,412000,3.2100000381469727
5/9/2018,3.140000104904175,3.2300000190734863,3.009999990463257,3.069999933242798,440900,3.069999933242798
5/8/2018,3.2200000286102295,3.2200000286102295,3.130000114440918,3.1600000858306885,440100,3.1600000858306885
5/7/2018,3.2300000190734863,3.319999933242798,3.1500000953674316,3.180000066757202,461100,3.180000066757202
5/4/2018,3.190000057220459,3.2300000190734863,3.1500000953674316,3.200000047683716,325400,3.200000047683716
5/3/2018,3.180000066757202,3.2100000381469727,3.119999885559082,3.180000066757202,310200,3.180000066757202
5/2/2018,3.069999933242798,3.2269999980926514,3.069999933242798,3.140000104904175,415000,3.140000104904175
5/1/2018,3.0999999046325684,3.1050000190734863,3.0199999809265137,3.069999933242798,407700,3.069999933242798
4/30/2018,3.1500000953674316,3.240000009536743,3.069999933242798,3.0899999141693115,414500,3.0899999141693115
4/27/2018,3.180000066757202,3.299999952316284,3.125,3.1500000953674316,473600,3.1500000953674316
4/26/2018,3.130000114440918,3.200000047683716,3.0999999046325684,3.1700000762939453,329500,3.1700000762939453
4/25/2018,3.140000104904175,3.2100000381469727,3.0999999046325684,3.0999999046325684,494100,3.0999999046325684
4/24/2018,3.240000009536743,3.25,3.0899999141693115,3.1600000858306885,693400,3.1600000858306885
4/23/2018,3.319999933242798,3.3499999046325684,3.240000009536743,3.25,858700,3.25
4/20/2018,3.5899999141693115,3.5899999141693115,3.309999942779541,3.369999885559082,846500,3.369999885559082
4/19/2018,3.6600000858306885,3.700000047683716,3.5199999809265137,3.569999933242798,720800,3.569999933242798
4/18/2018,3.690000057220459,3.7300000190734863,3.5999999046325684,3.6700000762939453,487800,3.6700000762939453
4/17/2018,3.700000047683716,3.740000009536743,3.5999999046325684,3.680000066757202,939300,3.680000066757202
4/16/2018,3.7899999618530273,3.8499999046325684,3.680000066757202,3.700000047683716,650400,3.700000047683716
4/13/2018,3.75,3.7799999713897705,3.6600000858306885,3.740000009536743,939700,3.740000009536743
4/12/2018,3.640000104904175,3.7699999809265137,3.615999937057495,3.740000009536743,1157100,3.740000009536743
4/11/2018,3.75,3.7699999809265137,3.5999999046325684,3.6500000953674316,1176200,3.6500000953674316
4/10/2018,3.799999952316284,3.878999948501587,3.6500000953674316,3.740000009536743,1150700,3.740000009536743
4/6/2018,3.4600000381469727,3.75,3.450000047683716,3.7200000286102295,2702600,3.7200000286102295
4/5/2018,3.4000000953674316,3.5399999618530273,3.2899999618530273,3.5199999809265137,2648200,3.5199999809265137
4/4/2018,3.0899999141693115,3.380000114440918,3.0299999713897705,3.2899999618530273,3081400,3.2899999618530273
4/3/2018,3.1600000858306885,3.1700000762939453,2.9700000286102295,3.049999952316284,1491900,3.049999952316284
3/28/2018,2.8499999046325684,2.869999885559082,2.7799999713897705,2.7899999618530273,616600,2.7899999618530273
3/27/2018,3.0199999809265137,3.0399999618530273,2.640000104904175,2.799999952316284,1295800,2.799999952316284
3/26/2018,2.990000009536743,3.055000066757202,2.75,3.0199999809265137,872500,3.0199999809265137
3/23/2018,3.049999952316284,3.049999952316284,2.75,2.940000057220459,1154400,2.940000057220459
3/22/2018,3.049999952316284,3.0799999237060547,2.990000009536743,3.0299999713897705,581500,3.0299999713897705
3/21/2018,3.009999990463257,3.119999885559082,2.990999937057495,3.059999942779541,388000,3.059999942779541
3/20/2018,2.990000009536743,3.0799999237060547,2.9600000381469727,2.990000009536743,928800,2.990000009536743
3/19/2018,3.119999885559082,3.180000066757202,2.950000047683716,2.950000047683716,694900,2.950000047683716
3/16/2018,2.9800000190734863,3.130000114440918,2.9200000762939453,3.109999895095825,693900,3.109999895095825
3/15/2018,3.240000009536743,3.240000009536743,2.9100000858306885,2.940000057220459,1229600,2.940000057220459
3/14/2018,3.0299999713897705,3.299999952316284,3.0199999809265137,3.180000066757202,1636000,3.180000066757202
3/13/2018,3.1600000858306885,3.2300000190734863,3.059999942779541,3.069999933242798,430200,3.069999933242798
3/12/2018,3.2200000286102295,3.240000009536743,3.109999895095825,3.1600000858306885,299400,3.1600000858306885
3/9/2018,3.190000057220459,3.244999885559082,3.180000066757202,3.2100000381469727,581500,3.2100000381469727
3/8/2018,3.0799999237060547,3.200000047683716,3.0799999237060547,3.180000066757202,392700,3.180000066757202
3/7/2018,3.0999999046325684,3.200000047683716,3.0799999237060547,3.109999895095825,403600,3.109999895095825
3/6/2018,3.140000104904175,3.200000047683716,3.0199999809265137,3.0999999046325684,560000,3.0999999046325684
3/5/2018,3.0999999046325684,3.184999942779541,3.049999952316284,3.119999885559082,640500,3.119999885559082
3/2/2018,3.069999933242798,3.2300000190734863,2.9700000286102295,3.180000066757202,894800,3.180000066757202
3/1/2018,2.9700000286102295,3.0999999046325684,2.869999885559082,3.069999933242798,984000,3.069999933242798
2/27/2018,2.859999895095825,2.950000047683716,2.799999952316284,2.8499999046325684,260200,2.8499999046325684
2/23/2018,2.700000047683716,2.950000047683716,2.680000066757202,2.940000057220459,540800,2.940000057220459
2/22/2018,2.640000104904175,2.7699999809265137,2.640000104904175,2.680000066757202,516600,2.680000066757202
2/21/2018,2.6500000953674316,2.680000066757202,2.549999952316284,2.640000104904175,249200,2.640000104904175
2/20/2018,2.6600000858306885,2.674999952316284,2.569999933242798,2.609999895095825,214100,2.609999895095825
2/16/2018,2.630000114440918,2.6600000858306885,2.5199999809265137,2.630000114440918,320200,2.630000114440918
2/15/2018,2.569999933242798,2.6600000858306885,2.490000009536743,2.630000114440918,288500,2.630000114440918
2/14/2018,2.5,2.630000114440918,2.4700000286102295,2.559999942779541,323100,2.559999942779541
2/13/2018,2.5299999713897705,2.615000009536743,2.5,2.509999990463257,248100,2.509999990463257
2/12/2018,2.569999933242798,2.6449999809265137,2.5,2.5399999618530273,301900,2.5399999618530273
2/9/2018,2.5199999809265137,2.5889999866485596,2.4100000858306885,2.549999952316284,501500,2.549999952316284
2/8/2018,2.619999885559082,2.619999885559082,2.4200000762939453,2.5199999809265137,327300,2.5199999809265137
2/7/2018,2.609999895095825,2.6500000953674316,2.5950000286102295,2.609999895095825,351000,2.609999895095825
2/6/2018,2.440000057220459,2.6500000953674316,2.4100000858306885,2.619999885559082,582700,2.619999885559082
2/5/2018,2.5899999141693115,2.640000104904175,2.4600000381469727,2.4800000190734863,480500,2.4800000190734863
2/2/2018,2.7699999809265137,2.7799999713897705,2.5899999141693115,2.619999885559082,466700,2.619999885559082
2/1/2018,2.6500000953674316,2.811000108718872,2.559999942779541,2.7699999809265137,714600,2.7699999809265137
1/31/2018,2.619999885559082,2.690000057220459,2.5299999713897705,2.680000066757202,615400,2.680000066757202
1/30/2018,2.809999942779541,2.809999942779541,2.569999933242798,2.619999885559082,978200,2.619999885559082
1/29/2018,2.8399999141693115,2.9100000858306885,2.75,2.799999952316284,1044100,2.799999952316284
1/26/2018,3.069999933242798,3.069999933242798,2.809999942779541,2.8399999141693115,2361000,2.8399999141693115
1/25/2018,2.9100000858306885,3.259999990463257,2.9100000858306885,3.200000047683716,928400,3.200000047683716
1/24/2018,2.9200000762939453,2.9800000190734863,2.8499999046325684,2.869999885559082,432600,2.869999885559082
1/23/2018,2.9800000190734863,2.997999906539917,2.859999895095825,2.9000000953674316,371500,2.9000000953674316
1/19/2018,2.950000047683716,3.009999990463257,2.9000000953674316,2.9600000381469727,213500,2.9600000381469727
1/16/2018,3.0999999046325684,3.0999999046325684,2.859999895095825,2.9700000286102295,442300,2.9700000286102295
1/12/2018,3.180000066757202,3.2200000286102295,3.0480000972747803,3.0999999046325684,482100,3.0999999046325684
1/11/2018,3.1500000953674316,3.200000047683716,3.049999952316284,3.1600000858306885,409700,3.1600000858306885
1/10/2018,2.990000009536743,3.200000047683716,2.9200000762939453,3.130000114440918,739200,3.130000114440918
1/8/2018,2.940000057220459,2.9800000190734863,2.819999933242798,2.9200000762939453,341900,2.9200000762939453
1/5/2018,2.819999933242798,2.940000057220459,2.7899999618530273,2.880000114440918,340800,2.880000114440918
1/4/2018,2.8299999237060547,2.8399999141693115,2.7100000381469727,2.7899999618530273,167100,2.7899999618530273
1/3/2018,2.7100000381469727,2.8399999141693115,2.7100000381469727,2.819999933242798,368100,2.819999933242798
1/2/2018,2.680000066757202,2.8499999046325684,2.6500000953674316,2.700000047683716,419000,2.700000047683716
12/29/2017,2.6700000762939453,2.700000047683716,2.5999999046325684,2.6600000858306885,183800,2.6600000858306885
12/28/2017,2.7699999809265137,2.819999933242798,2.6500000953674316,2.680000066757202,223500,2.680000066757202
12/27/2017,2.5999999046325684,2.809999942779541,2.5769999027252197,2.75,511300,2.75
12/26/2017,2.6700000762939453,2.680000066757202,2.549999952316284,2.5999999046325684,200900,2.5999999046325684
12/22/2017,2.6500000953674316,2.700000047683716,2.5999999046325684,2.690000057220459,222500,2.690000057220459
12/21/2017,2.819999933242798,2.819999933242798,2.619999885559082,2.6500000953674316,311300,2.6500000953674316
12/20/2017,2.6500000953674316,2.8299999237060547,2.5999999046325684,2.7799999713897705,524100,2.7799999713897705
12/19/2017,2.690000057220459,2.7100000381469727,2.5799999237060547,2.5999999046325684,260100,2.5999999046325684
12/18/2017,2.609999895095825,2.75,2.559999942779541,2.6600000858306885,333900,2.6600000858306885
12/15/2017,2.640000104904175,2.6700000762939453,2.509999990463257,2.5999999046325684,534300,2.5999999046325684
12/14/2017,2.640000104904175,2.6700000762939453,2.5899999141693115,2.6500000953674316,225200,2.6500000953674316
12/13/2017,2.619999885559082,2.6500000953674316,2.5799999237060547,2.630000114440918,157100,2.630000114440918
12/12/2017,2.619999885559082,2.690000057220459,2.5299999713897705,2.609999895095825,195600,2.609999895095825
12/11/2017,2.619999885559082,2.6500000953674316,2.549999952316284,2.5799999237060547,356600,2.5799999237060547
12/8/2017,2.5899999141693115,2.6700000762939453,2.569999933242798,2.5999999046325684,143100,2.5999999046325684
12/7/2017,2.6500000953674316,2.740000009536743,2.5799999237060547,2.5799999237060547,195800,2.5799999237060547
12/6/2017,2.7300000190734863,2.749000072479248,2.569999933242798,2.640000104904175,263300,2.640000104904175
12/5/2017,2.6700000762939453,2.7899999618530273,2.561000108718872,2.7200000286102295,395500,2.7200000286102295
12/4/2017,2.8499999046325684,2.8499999046325684,2.5999999046325684,2.6600000858306885,489200,2.6600000858306885
12/1/2017,2.890000104904175,2.9100000858306885,2.5399999618530273,2.8499999046325684,1126200,2.8499999046325684
11/30/2017,2.9600000381469727,2.9800000190734863,2.9000000953674316,2.940000057220459,180700,2.940000057220459
11/29/2017,2.940000057220459,2.9800000190734863,2.9100000858306885,2.950000047683716,139400,2.950000047683716
11/24/2017,2.75,3.109999895095825,2.7100000381469727,3.0399999618530273,719300,3.0399999618530273
11/22/2017,2.7200000286102295,2.759999990463257,2.630000114440918,2.7200000286102295,219300,2.7200000286102295
11/21/2017,2.7699999809265137,2.809999942779541,2.680000066757202,2.7100000381469727,306000,2.7100000381469727
11/20/2017,2.6700000762939453,2.7799999713897705,2.5999999046325684,2.759999990463257,293200,2.759999990463257
11/17/2017,2.759999990463257,2.799999952316284,2.680000066757202,2.680000066757202,162200,2.680000066757202
11/16/2017,2.619999885559082,2.799999952316284,2.5999999046325684,2.740000009536743,165900,2.740000009536743
11/15/2017,2.5999999046325684,2.640000104904175,2.509999990463257,2.619999885559082,175400,2.619999885559082
11/14/2017,2.609999895095825,2.6600000858306885,2.5399999618530273,2.609999895095825,161400,2.609999895095825
11/13/2017,2.6500000953674316,2.759999990463257,2.575000047683716,2.6500000953674316,152000,2.6500000953674316
11/10/2017,2.630000114440918,2.680000066757202,2.5999999046325684,2.6500000953674316,112800,2.6500000953674316
11/9/2017,2.5999999046325684,2.7200000286102295,2.5399999618530273,2.630000114440918,298100,2.630000114440918
11/8/2017,2.700000047683716,2.700000047683716,2.559999942779541,2.619999885559082,278000,2.619999885559082
11/7/2017,2.819999933242798,2.819999933242798,2.640000104904175,2.6700000762939453,269300,2.6700000762939453
11/6/2017,2.7799999713897705,2.7799999713897705,2.700000047683716,2.759999990463257,215200,2.759999990463257
11/3/2017,2.6500000953674316,2.8499999046325684,2.630000114440918,2.740000009536743,239500,2.740000009536743
11/2/2017,2.5899999141693115,2.75,2.561000108718872,2.690000057220459,523100,2.690000057220459
11/1/2017,2.9200000762939453,2.9200000762939453,2.5,2.569999933242798,1032100,2.569999933242798
10/31/2017,2.8299999237060547,2.950000047683716,2.750999927520752,2.9200000762939453,416300,2.9200000762939453
10/30/2017,2.6500000953674316,2.875,2.6500000953674316,2.819999933242798,343000,2.819999933242798
10/27/2017,2.6500000953674316,2.890000104904175,2.6500000953674316,2.819999933242798,707100,2.819999933242798
10/26/2017,2.630000114440918,2.7290000915527344,2.559999942779541,2.640000104904175,358600,2.640000104904175
10/25/2017,2.799999952316284,2.8299999237060547,2.5999999046325684,2.6600000858306885,523800,2.6600000858306885
10/24/2017,2.430000066757202,2.7699999809265137,2.4100000858306885,2.759999990463257,775500,2.759999990463257
10/23/2017,2.4800000190734863,2.5,2.359999895095825,2.430000066757202,443200,2.430000066757202
10/20/2017,2.609999895095825,2.609999895095825,2.4200000762939453,2.490000009536743,826000,2.490000009536743
10/19/2017,2.5799999237060547,2.630000114440918,2.5199999809265137,2.559999942779541,537400,2.559999942779541
10/18/2017,2.619999885559082,2.7230000495910645,2.559999942779541,2.569999933242798,715200,2.569999933242798
10/17/2017,2.740000009536743,2.7899999618530273,2.559999942779541,2.6700000762939453,803400,2.6700000762939453
10/16/2017,2.950000047683716,2.990000009536743,2.6500000953674316,2.700000047683716,1097300,2.700000047683716
10/11/2017,3.1700000762939453,3.1700000762939453,3.0199999809265137,3.0899999141693115,659900,3.0899999141693115
10/10/2017,3.2699999809265137,3.2709999084472656,3.0999999046325684,3.140000104904175,678500,3.140000104904175
10/9/2017,3.390000104904175,3.430000066757202,3.2049999237060547,3.259999990463257,786700,3.259999990463257
10/6/2017,3.1700000762939453,3.4800000190734863,3.1500000953674316,3.3399999141693115,1001900,3.3399999141693115
10/5/2017,3.309999942779541,3.319999933242798,3.1500000953674316,3.180000066757202,405100,3.180000066757202
10/4/2017,3.2799999713897705,3.321000099182129,3.25,3.2899999618530273,400200,3.2899999618530273
10/3/2017,3.5899999141693115,3.6700000762939453,3.2300000190734863,3.2699999809265137,989400,3.2699999809265137
10/2/2017,3.2300000190734863,3.5899999141693115,3.200000047683716,3.5399999618530273,1867500,3.5399999618530273
9/29/2017,3.0999999046325684,3.2149999141693115,3.069999933242798,3.190000057220459,784700,3.190000057220459
9/27/2017,2.990000009536743,3.0999999046325684,2.930000066757202,2.9700000286102295,880600,2.9700000286102295
9/26/2017,3.0299999713897705,3.0399999618530273,2.8499999046325684,2.990000009536743,842000,2.990000009536743
9/25/2017,3.0199999809265137,3.069999933242798,2.990000009536743,3.049999952316284,670200,3.049999952316284
9/21/2017,3.0199999809265137,3.059999942779541,2.990000009536743,3.009999990463257,582600,3.009999990463257
9/20/2017,3.009999990463257,3.0799999237060547,2.990000009536743,3.049999952316284,949800,3.049999952316284
9/18/2017,3.190000057220459,3.2200000286102295,3.0799999237060547,3.200000047683716,1118400,3.200000047683716
9/15/2017,3.0799999237060547,3.190000057220459,3.059999942779541,3.190000057220459,658000,3.190000057220459
9/14/2017,3.1500000953674316,3.2200000286102295,3.056999921798706,3.109999895095825,787300,3.109999895095825
9/13/2017,3.0999999046325684,3.2200000286102295,2.9700000286102295,3.140000104904175,1465500,3.140000104904175
9/11/2017,3.25,3.2679998874664307,2.950000047683716,2.990000009536743,1182200,2.990000009536743
9/8/2017,3.0999999046325684,3.2200000286102295,3.0299999713897705,3.180000066757202,557600,3.180000066757202
9/7/2017,3.140000104904175,3.1700000762939453,3.0299999713897705,3.0799999237060547,881100,3.0799999237060547
9/5/2017,3.1700000762939453,3.25,3.0799999237060547,3.0899999141693115,1012500,3.0899999141693115
8/31/2017,2.8499999046325684,3.1500000953674316,2.8399999141693115,3.069999933242798,1252000,3.069999933242798
8/29/2017,2.8399999141693115,3.190000057220459,2.759999990463257,2.940000057220459,1584300,2.940000057220459
8/28/2017,2.740000009536743,2.890000104904175,2.700000047683716,2.8299999237060547,1341500,2.8299999237060547
8/25/2017,2.759999990463257,2.759999990463257,2.6500000953674316,2.700000047683716,699100,2.700000047683716
8/24/2017,2.690000057220459,2.759999990463257,2.5799999237060547,2.7300000190734863,1016600,2.7300000190734863
8/23/2017,2.7100000381469727,2.869999885559082,2.559999942779541,2.630000114440918,1471800,2.630000114440918
8/22/2017,2.7699999809265137,2.8499999046325684,2.638000011444092,2.759999990463257,1006400,2.759999990463257
8/21/2017,2.8499999046325684,2.950000047683716,2.619999885559082,2.7799999713897705,1645500,2.7799999713897705
8/18/2017,2.380000114440918,2.880000114440918,2.3499999046325684,2.7799999713897705,4095600,2.7799999713897705
8/17/2017,2.440000057220459,2.5199999809265137,2.3499999046325684,2.440000057220459,571500,2.440000057220459
8/16/2017,2.309999942779541,2.5299999713897705,2.299999952316284,2.4200000762939453,396800,2.4200000762939453
8/15/2017,2.299999952316284,2.359999895095825,2.2100000381469727,2.240000009536743,326900,2.240000009536743
8/14/2017,2.509999990463257,2.509999990463257,2.2899999618530273,2.3399999141693115,381700,2.3399999141693115
8/11/2017,2.380000114440918,2.549999952316284,2.359999895095825,2.490000009536743,643400,2.490000009536743
8/10/2017,2.200000047683716,2.450000047683716,2.200000047683716,2.390000104904175,602500,2.390000104904175
8/9/2017,2.200000047683716,2.3399999141693115,2.1500000953674316,2.319999933242798,509800,2.319999933242798
8/8/2017,2.299999952316284,2.299999952316284,2.180000066757202,2.2200000286102295,256300,2.2200000286102295
8/7/2017,2.440000057220459,2.450000047683716,2.25,2.2699999809265137,494300,2.2699999809265137
8/4/2017,2.390000104904175,2.4700000286102295,2.380000114440918,2.4100000858306885,286300,2.4100000858306885
8/3/2017,2.549999952316284,2.549999952316284,2.319999933242798,2.390000104904175,379800,2.390000104904175
8/2/2017,2.4100000858306885,2.490000009536743,2.259999990463257,2.380000114440918,361200,2.380000114440918
8/1/2017,2.5199999809265137,2.5199999809265137,2.3299999237060547,2.4100000858306885,397900,2.4100000858306885
7/31/2017,2.5,2.549999952316284,2.4000000953674316,2.4800000190734863,352300,2.4800000190734863
7/28/2017,2.549999952316284,2.5999999046325684,2.4700000286102295,2.5299999713897705,398700,2.5299999713897705
7/27/2017,2.5999999046325684,2.6500000953674316,2.4600000381469727,2.5999999046325684,554500,2.5999999046325684
7/26/2017,2.549999952316284,2.5799999237060547,2.390000104904175,2.549999952316284,1067300,2.549999952316284
7/25/2017,2.5,2.5899999141693115,2.3369998931884766,2.509999990463257,846800,2.509999990463257
7/24/2017,2.430000066757202,2.430000066757202,2.25,2.259999990463257,495200,2.259999990463257
7/21/2017,2.430000066757202,2.549999952316284,2.25,2.359999895095825,1570500,2.359999895095825
7/20/2017,2.2799999713897705,2.4100000858306885,2.2300000190734863,2.4100000858306885,844000,2.4100000858306885
7/19/2017,2.0999999046325684,2.380000114440918,2.0899999141693115,2.2799999713897705,750100,2.2799999713897705
7/18/2017,2.190000057220459,2.200000047683716,2.0799999237060547,2.109999895095825,268000,2.109999895095825
7/17/2017,2.2799999713897705,2.2799999713897705,2.130000114440918,2.180000066757202,385200,2.180000066757202
7/14/2017,2.1700000762939453,2.25,2.0899999141693115,2.2200000286102295,1120300,2.2200000286102295
7/12/2017,1.8799999952316284,2.1600000858306885,1.809999942779541,2.1500000953674316,1200400,2.1500000953674316
7/11/2017,1.8300000429153442,1.8600000143051147,1.7699999809265137,1.850000023841858,226300,1.850000023841858
7/10/2017,1.909999966621399,1.909999966621399,1.7999999523162842,1.8300000429153442,182500,1.8300000429153442
7/7/2017,1.8799999952316284,1.9800000190734863,1.850000023841858,1.899999976158142,356900,1.899999976158142
7/6/2017,1.7899999618530273,1.8899999856948853,1.7699999809265137,1.8700000047683716,217700,1.8700000047683716
7/5/2017,1.7999999523162842,1.8300000429153442,1.6799999475479126,1.7899999618530273,523100,1.7899999618530273
7/3/2017,1.8300000429153442,1.850000023841858,1.75,1.7999999523162842,170700,1.7999999523162842
6/30/2017,1.8300000429153442,1.850000023841858,1.7799999713897705,1.7999999523162842,265300,1.7999999523162842
6/29/2017,1.840000033378601,1.850000023841858,1.75,1.809999942779541,478800,1.809999942779541
6/28/2017,1.809999942779541,1.9199999570846558,1.75,1.840000033378601,1068600,1.840000033378601
6/27/2017,1.8200000524520874,1.899999976158142,1.7799999713897705,1.7799999713897705,361100,1.7799999713897705
6/26/2017,1.940000057220459,2.0899999141693115,1.7699999809265137,1.8300000429153442,818200,1.8300000429153442
6/23/2017,2.009999990463257,2.069999933242798,1.899999976158142,1.909999966621399,2770600,1.909999966621399
6/22/2017,1.7999999523162842,2.069999933242798,1.7200000286102295,2.009999990463257,1135800,2.009999990463257
6/21/2017,1.559999942779541,1.809999942779541,1.5,1.7899999618530273,982700,1.7899999618530273
6/20/2017,1.5,1.6200000047683716,1.4500000476837158,1.5700000524520874,524100,1.5700000524520874
6/19/2017,1.4500000476837158,1.5499999523162842,1.3600000143051147,1.5199999809265137,1760300,1.5199999809265137
6/16/2017,1.350000023841858,1.4900000095367432,1.3200000524520874,1.4500000476837158,980000,1.4500000476837158
6/15/2017,1.409999966621399,1.5,1.350000023841858,1.3700000047683716,988500,1.3700000047683716
6/14/2017,1.4500000476837158,1.4579999446868896,1.409999966621399,1.409999966621399,363000,1.409999966621399
6/13/2017,1.4900000095367432,1.5,1.440000057220459,1.4500000476837158,352900,1.4500000476837158
6/12/2017,1.559999942779541,1.649999976158142,1.4800000190734863,1.4800000190734863,526200,1.4800000190734863
6/9/2017,1.4299999475479126,1.590000033378601,1.399999976158142,1.5499999523162842,901000,1.5499999523162842
6/8/2017,1.399999976158142,1.5199999809265137,1.3700000047683716,1.399999976158142,441000,1.399999976158142
6/7/2017,1.5,1.5299999713897705,1.350000023841858,1.3899999856948853,719500,1.3899999856948853
6/6/2017,1.4700000286102295,1.559999942779541,1.409999966621399,1.4900000095367432,340200,1.4900000095367432
6/5/2017,1.5199999809265137,1.5700000524520874,1.4199999570846558,1.4299999475479126,262900,1.4299999475479126
6/2/2017,1.4299999475479126,1.5199999809265137,1.3799999952316284,1.5,366100,1.5
6/1/2017,1.4199999570846558,1.4600000381469727,1.3700000047683716,1.409999966621399,354900,1.409999966621399
5/31/2017,1.5,1.5,1.350000023841858,1.399999976158142,607700,1.399999976158142
5/30/2017,1.6699999570846558,1.7100000381469727,1.5,1.5,661500,1.5
5/26/2017,1.440000057220459,1.7699999809265137,1.440000057220459,1.659999966621399,1263300,1.659999966621399
5/25/2017,1.350000023841858,1.409999966621399,1.340000033378601,1.409999966621399,481000,1.409999966621399
5/24/2017,1.3700000047683716,1.3700000047683716,1.340000033378601,1.350000023841858,315100,1.350000023841858
5/23/2017,1.409999966621399,1.409999966621399,1.2599999904632568,1.3600000143051147,599600,1.3600000143051147
5/22/2017,1.399999976158142,1.409999966621399,1.3899999856948853,1.409999966621399,169100,1.409999966621399
5/19/2017,1.440000057220459,1.4500000476837158,1.3899999856948853,1.399999976158142,223500,1.399999976158142
5/18/2017,1.3799999952316284,1.399999976158142,1.3799999952316284,1.3899999856948853,325000,1.3899999856948853
5/17/2017,1.3799999952316284,1.5299999713897705,1.3700000047683716,1.3899999856948853,451800,1.3899999856948853
5/16/2017,1.440000057220459,1.5,1.3899999856948853,1.3899999856948853,628700,1.3899999856948853
5/15/2017,1.4700000286102295,1.4900000095367432,1.399999976158142,1.4299999475479126,1086400,1.4299999475479126
5/12/2017,1.5199999809265137,1.5199999809265137,1.4500000476837158,1.4600000381469727,212400,1.4600000381469727
5/11/2017,1.4900000095367432,1.5399999618530273,1.4500000476837158,1.5,163800,1.5
5/10/2017,1.5299999713897705,1.5499999523162842,1.4600000381469727,1.4900000095367432,93400,1.4900000095367432
5/9/2017,1.5099999904632568,1.5180000066757202,1.4500000476837158,1.4900000095367432,120000,1.4900000095367432
5/8/2017,1.559999942779541,1.6200000047683716,1.440000057220459,1.5,169100,1.5
5/5/2017,1.75,1.75,1.5700000524520874,1.5800000429153442,220900,1.5800000429153442
5/4/2017,1.6399999856948853,1.6549999713897705,1.600000023841858,1.6200000047683716,95300,1.6200000047683716
5/3/2017,1.659999966621399,1.690000057220459,1.6399999856948853,1.6399999856948853,67800,1.6399999856948853
5/2/2017,1.659999966621399,1.6799999475479126,1.649999976158142,1.659999966621399,99900,1.659999966621399
5/1/2017,1.6799999475479126,1.7050000429153442,1.6699999570846558,1.6699999570846558,63800,1.6699999570846558
4/28/2017,1.6799999475479126,1.690000057220459,1.649999976158142,1.690000057220459,103500,1.690000057220459
4/27/2017,1.7100000381469727,1.715000033378601,1.6799999475479126,1.6799999475479126,74400,1.6799999475479126
4/26/2017,1.7000000476837158,1.7200000286102295,1.690000057220459,1.690000057220459,73500,1.690000057220459
4/25/2017,1.7100000381469727,1.7400000095367432,1.7000000476837158,1.7000000476837158,93200,1.7000000476837158
4/24/2017,1.7100000381469727,1.7309999465942383,1.659999966621399,1.7000000476837158,103700,1.7000000476837158
4/21/2017,1.7100000381469727,1.7599999904632568,1.6200000047683716,1.659999966621399,187700,1.659999966621399
4/20/2017,1.7200000286102295,1.7200000286102295,1.6799999475479126,1.7000000476837158,68300,1.7000000476837158
4/19/2017,1.6699999570846558,1.7200000286102295,1.6699999570846558,1.6799999475479126,67100,1.6799999475479126
4/18/2017,1.6399999856948853,1.7000000476837158,1.6399999856948853,1.6699999570846558,60400,1.6699999570846558
4/17/2017,1.6799999475479126,1.7000000476837158,1.6299999952316284,1.6699999570846558,81900,1.6699999570846558
4/13/2017,1.6299999952316284,1.6799999475479126,1.6200000047683716,1.659999966621399,135300,1.659999966621399
4/12/2017,1.6799999475479126,1.7389999628067017,1.6100000143051147,1.6399999856948853,126900,1.6399999856948853
4/11/2017,1.690000057220459,1.7699999809265137,1.659999966621399,1.690000057220459,140900,1.690000057220459
4/10/2017,1.6799999475479126,1.7100000381469727,1.659999966621399,1.690000057220459,95500,1.690000057220459
4/7/2017,1.7899999618530273,1.8200000524520874,1.690000057220459,1.690000057220459,289000,1.690000057220459
4/6/2017,1.5800000429153442,1.7300000190734863,1.559999942779541,1.7000000476837158,416500,1.7000000476837158
4/5/2017,1.6299999952316284,1.7200000286102295,1.559999942779541,1.5700000524520874,311600,1.5700000524520874
4/4/2017,1.75,1.75,1.5800000429153442,1.6299999952316284,453600,1.6299999952316284
4/3/2017,1.7899999618530273,1.840000033378601,1.7200000286102295,1.7200000286102295,94200,1.7200000286102295
3/31/2017,1.7799999713897705,1.8300000429153442,1.7300000190734863,1.7899999618530273,157900,1.7899999618530273
3/30/2017,1.840000033378601,1.8600000143051147,1.690999984741211,1.7799999713897705,526500,1.7799999713897705
3/29/2017,1.840000033378601,1.909999966621399,1.7899999618530273,1.840000033378601,335100,1.840000033378601
3/27/2017,1.8899999856948853,1.909999966621399,1.850000023841858,1.8899999856948853,171200,1.8899999856948853
3/24/2017,1.8300000429153442,1.8799999952316284,1.8300000429153442,1.8700000047683716,69300,1.8700000047683716
3/23/2017,1.899999976158142,1.899999976158142,1.8300000429153442,1.850000023841858,178400,1.850000023841858
3/22/2017,1.809999942779541,1.850000023841858,1.7799999713897705,1.8300000429153442,189300,1.8300000429153442
3/21/2017,1.9299999475479126,1.9299999475479126,1.8200000524520874,1.8200000524520874,184200,1.8200000524520874
3/20/2017,1.940000057220459,1.9600000381469727,1.909999966621399,1.909999966621399,99800,1.909999966621399
3/16/2017,2.0999999046325684,2.109999895095825,1.9700000286102295,2.009999990463257,360000,2.009999990463257
3/15/2017,1.9700000286102295,2.109999895095825,1.9700000286102295,2.0999999046325684,432100,2.0999999046325684
3/14/2017,1.9900000095367432,1.9900000095367432,1.899999976158142,1.9700000286102295,212500,1.9700000286102295
3/9/2017,2.0199999809265137,2.0399999618530273,1.9700000286102295,2.009999990463257,104500,2.009999990463257
3/8/2017,2.069999933242798,2.109999895095825,1.9900000095367432,2.0299999713897705,311400,2.0299999713897705
3/7/2017,2.309999942779541,2.319999933242798,2.0299999713897705,2.049999952316284,178500,2.049999952316284
3/6/2017,2.309999942779541,2.3399999141693115,2.2300000190734863,2.2899999618530273,52900,2.2899999618530273
3/3/2017,2.2300000190734863,2.319999933242798,2.1500000953674316,2.309999942779541,340900,2.309999942779541
3/2/2017,2.3299999237060547,2.3299999237060547,2.190000057220459,2.240000009536743,287200,2.240000009536743
3/1/2017,2.4100000858306885,2.4100000858306885,2.25,2.309999942779541,175200,2.309999942779541
2/28/2017,2.430000066757202,2.4800000190734863,2.3299999237060547,2.3499999046325684,135300,2.3499999046325684
2/27/2017,2.259999990463257,2.450000047683716,2.25,2.450000047683716,226600,2.450000047683716
2/24/2017,2.299999952316284,2.549999952316284,2.299999952316284,2.319999933242798,154000,2.319999933242798
2/23/2017,2.2799999713897705,2.3499999046325684,2.200000047683716,2.319999933242798,358000,2.319999933242798
2/22/2017,2.440000057220459,2.440000057220459,2.2799999713897705,2.319999933242798,121100,2.319999933242798
2/21/2017,2.5999999046325684,2.5999999046325684,2.299999952316284,2.4100000858306885,110400,2.4100000858306885
2/17/2017,2.700000047683716,2.700000047683716,2.319999933242798,2.509999990463257,236500,2.509999990463257
2/16/2017,2.759999990463257,2.7799999713897705,2.549999952316284,2.6500000953674316,84300,2.6500000953674316
2/15/2017,2.7799999713897705,2.819999933242798,2.75,2.7699999809265137,29500,2.7699999809265137
2/14/2017,2.799999952316284,2.8399999141693115,2.7899999618530273,2.799999952316284,45000,2.799999952316284
2/13/2017,2.809999942779541,2.819999933242798,2.7799999713897705,2.799999952316284,36000,2.799999952316284
2/10/2017,2.7799999713897705,2.819999933242798,2.759999990463257,2.7899999618530273,32900,2.7899999618530273
2/9/2017,2.759999990463257,2.8399999141693115,2.75,2.809999942779541,30600,2.809999942779541
2/8/2017,2.7699999809265137,2.799999952316284,2.75,2.759999990463257,35400,2.759999990463257
2/7/2017,2.799999952316284,2.8399999141693115,2.7799999713897705,2.7899999618530273,33900,2.7899999618530273
2/6/2017,2.75,2.809999942779541,2.75,2.7699999809265137,43800,2.7699999809265137
2/3/2017,2.8399999141693115,2.880000114440918,2.759999990463257,2.7699999809265137,43400,2.7699999809265137
2/2/2017,2.809999942779541,2.8499999046325684,2.7899999618530273,2.809999942779541,73000,2.809999942779541
2/1/2017,2.809999942779541,2.809999942779541,2.7899999618530273,2.7899999618530273,49700,2.7899999618530273
1/31/2017,2.690000057220459,2.799999952316284,2.680000066757202,2.7799999713897705,73900,2.7799999713897705
1/30/2017,2.700000047683716,2.7100000381469727,2.6600000858306885,2.700000047683716,44700,2.700000047683716
1/27/2017,2.700000047683716,2.7100000381469727,2.6700000762939453,2.6700000762939453,25300,2.6700000762939453
1/26/2017,2.75,2.75,2.6600000858306885,2.680000066757202,27100,2.680000066757202
1/25/2017,2.7300000190734863,2.75,2.690000057220459,2.700000047683716,34600,2.700000047683716
1/24/2017,2.6700000762939453,2.7699999809265137,2.630000114440918,2.7100000381469727,44700,2.7100000381469727
1/23/2017,2.7200000286102295,2.7699999809265137,2.6500000953674316,2.6500000953674316,23500,2.6500000953674316
1/20/2017,2.7100000381469727,2.759999990463257,2.7100000381469727,2.7300000190734863,44100,2.7300000190734863
1/19/2017,2.7300000190734863,2.7899999618530273,2.7200000286102295,2.759999990463257,30200,2.759999990463257
1/18/2017,2.75,2.75,2.7100000381469727,2.75,31000,2.75
1/17/2017,2.700000047683716,2.7799999713897705,2.680000066757202,2.740000009536743,89400,2.740000009536743
1/13/2017,2.549999952316284,2.7799999713897705,2.5299999713897705,2.7300000190734863,179200,2.7300000190734863
1/12/2017,2.559999942779541,2.5820000171661377,2.4600000381469727,2.5199999809265137,116300,2.5199999809265137
1/11/2017,2.5999999046325684,2.6500000953674316,2.509999990463257,2.569999933242798,128900,2.569999933242798
1/10/2017,2.740000009536743,2.7699999809265137,2.5999999046325684,2.619999885559082,128100,2.619999885559082
1/9/2017,2.819999933242798,2.8350000381469727,2.680000066757202,2.700000047683716,205600,2.700000047683716
1/6/2017,2.8299999237060547,2.9200000762939453,2.740000009536743,2.8399999141693115,159100,2.8399999141693115
1/5/2017,2.7200000286102295,2.7300000190734863,2.609999895095825,2.680000066757202,257900,2.680000066757202
1/4/2017,2.759999990463257,2.7799999713897705,2.700000047683716,2.7100000381469727,72700,2.7100000381469727
1/3/2017,2.700000047683716,2.9000000953674316,2.6600000858306885,2.7300000190734863,437400,2.7300000190734863
12/30/2016,2.6600000858306885,2.6700000762939453,2.5999999046325684,2.6700000762939453,50400,2.6700000762939453
12/29/2016,2.6500000953674316,2.690000057220459,2.630000114440918,2.6500000953674316,21700,2.6500000953674316
12/28/2016,2.7200000286102295,2.7200000286102295,2.640000104904175,2.640000104904175,30800,2.640000104904175
12/27/2016,2.819999933242798,2.8299999237060547,2.7100000381469727,2.7200000286102295,48800,2.7200000286102295
12/23/2016,2.809999942779541,2.8489999771118164,2.7799999713897705,2.8299999237060547,53200,2.8299999237060547
12/22/2016,2.950000047683716,2.950000047683716,2.809999942779541,2.8299999237060547,60300,2.8299999237060547
12/21/2016,2.75,2.880000114440918,2.75,2.869999885559082,81000,2.869999885559082
12/20/2016,2.759999990463257,2.8499999046325684,2.75,2.8499999046325684,62100,2.8499999046325684
12/19/2016,2.75,2.8499999046325684,2.700000047683716,2.75,39100,2.75
12/16/2016,2.819999933242798,2.8399999141693115,2.640000104904175,2.7100000381469727,246800,2.7100000381469727
12/15/2016,2.9200000762939453,2.940000057220459,2.7699999809265137,2.799999952316284,90600,2.799999952316284
12/14/2016,2.930000066757202,2.9800000190734863,2.869999885559082,2.9100000858306885,96700,2.9100000858306885
12/13/2016,3.0799999237060547,3.1500000953674316,2.940000057220459,2.9600000381469727,84600,2.9600000381469727
12/12/2016,3.240000009536743,3.3340001106262207,3.0899999141693115,3.0899999141693115,110100,3.0899999141693115
12/9/2016,3.240000009536743,3.3289999961853027,3.1649999618530273,3.2699999809265137,109300,3.2699999809265137
12/8/2016,3.2300000190734863,3.2300000190734863,3.1700000762939453,3.2100000381469727,109200,3.2100000381469727
12/7/2016,3.200000047683716,3.259999990463257,3.140000104904175,3.2100000381469727,86200,3.2100000381469727
12/6/2016,3.2200000286102295,3.2699999809265137,3.130000114440918,3.200000047683716,154500,3.200000047683716
12/5/2016,2.930000066757202,3.140000104904175,2.930000066757202,3.140000104904175,92700,3.140000104904175
12/2/2016,2.9200000762939453,2.940000057220459,2.8499999046325684,2.930000066757202,54200,2.930000066757202
12/1/2016,2.869999885559082,2.9100000858306885,2.819999933242798,2.819999933242798,37300,2.819999933242798
11/30/2016,2.890000104904175,2.9100000858306885,2.8499999046325684,2.859999895095825,85000,2.859999895095825
11/29/2016,2.9000000953674316,2.9200000762939453,2.8450000286102295,2.859999895095825,63100,2.859999895095825
11/28/2016,2.9700000286102295,2.9700000286102295,2.8299999237060547,2.859999895095825,58800,2.859999895095825
11/25/2016,2.9170000553131104,2.9200000762939453,2.809999942779541,2.9100000858306885,66100,2.9100000858306885
11/23/2016,2.8399999141693115,2.940000057220459,2.759999990463257,2.9000000953674316,131700,2.9000000953674316
11/22/2016,2.680000066757202,2.8399999141693115,2.640000104904175,2.819999933242798,163900,2.819999933242798
11/21/2016,2.450000047683716,2.6500000953674316,2.440000057220459,2.6500000953674316,130400,2.6500000953674316
11/18/2016,2.4600000381469727,2.5299999713897705,2.4000000953674316,2.450000047683716,102000,2.450000047683716
11/17/2016,2.4600000381469727,2.5490000247955322,2.4000000953674316,2.440000057220459,82800,2.440000057220459
11/16/2016,2.25,2.5,2.2200000286102295,2.440000057220459,117700,2.440000057220459
11/15/2016,2.180000066757202,2.25,2.180000066757202,2.2300000190734863,68600,2.2300000190734863
11/14/2016,2.299999952316284,2.299999952316284,2.1700000762939453,2.190000057220459,154500,2.190000057220459
11/11/2016,2.369999885559082,2.369999885559082,2.1700000762939453,2.2200000286102295,503400,2.2200000286102295
11/10/2016,2.4200000762939453,2.4600000381469727,2.319999933242798,2.3299999237060547,129800,2.3299999237060547
11/9/2016,2.369999885559082,2.4700000286102295,2.369999885559082,2.4700000286102295,101200,2.4700000286102295
11/8/2016,2.4000000953674316,2.4100000858306885,2.369999885559082,2.4000000953674316,112500,2.4000000953674316
11/7/2016,2.5,2.509999990463257,2.4000000953674316,2.4200000762939453,162900,2.4200000762939453
11/4/2016,2.4600000381469727,2.4800000190734863,2.4000000953674316,2.4000000953674316,92600,2.4000000953674316
11/3/2016,2.4200000762939453,2.5199999809265137,2.4000000953674316,2.490000009536743,94700,2.490000009536743
11/2/2016,2.4600000381469727,2.4800000190734863,2.359999895095825,2.4200000762939453,121700,2.4200000762939453
11/1/2016,2.3399999141693115,2.450000047683716,2.3399999141693115,2.4100000858306885,215600,2.4100000858306885
10/31/2016,2.4000000953674316,2.4549999237060547,2.2899999618530273,2.3399999141693115,121700,2.3399999141693115
10/28/2016,2.450000047683716,2.5199999809265137,2.3299999237060547,2.380000114440918,191400,2.380000114440918
10/27/2016,2.619999885559082,2.619999885559082,2.2249999046325684,2.359999895095825,2905600,2.359999895095825
10/26/2016,2.759999990463257,2.8499999046325684,2.5999999046325684,2.5999999046325684,147200,2.5999999046325684
10/25/2016,2.8399999141693115,2.8499999046325684,2.700000047683716,2.759999990463257,56500,2.759999990463257
10/24/2016,3.0399999618530273,3.1700000762939453,2.690000057220459,2.7699999809265137,283200,2.7699999809265137
10/21/2016,3.049999952316284,3.2100000381469727,2.990000009536743,3.009999990463257,34100,3.009999990463257
10/20/2016,3.191999912261963,3.25,3.049999952316284,3.069999933242798,39500,3.069999933242798
10/19/2016,3.25,3.3299999237060547,3.130000114440918,3.1500000953674316,38800,3.1500000953674316
10/18/2016,3.3980000019073486,3.4200000762939453,3.200000047683716,3.2300000190734863,40900,3.2300000190734863
10/17/2016,3.430000066757202,3.440000057220459,3.3499999046325684,3.3499999046325684,7300,3.3499999046325684
10/14/2016,3.390000104904175,3.6600000858306885,3.359999895095825,3.390000104904175,24600,3.390000104904175
10/13/2016,3.299999952316284,3.4700000286102295,3.2100000381469727,3.3499999046325684,44200,3.3499999046325684
10/12/2016,3.259999990463257,3.3499999046325684,3.2100000381469727,3.2100000381469727,10200,3.2100000381469727
10/11/2016,3.319999933242798,3.380000114440918,3.259999990463257,3.2699999809265137,21300,3.2699999809265137
10/10/2016,3.430000066757202,3.4700000286102295,3.259999990463257,3.359999895095825,50100,3.359999895095825
10/7/2016,3.5,3.5490000247955322,3.369999885559082,3.390000104904175,38900,3.390000104904175
10/6/2016,3.7200000286102295,3.759999990463257,3.5299999713897705,3.549999952316284,30100,3.549999952316284
10/5/2016,3.753000020980835,3.8499999046325684,3.7300000190734863,3.759999990463257,24500,3.759999990463257
10/4/2016,3.799999952316284,3.799999952316284,3.700000047683716,3.7300000190734863,18800,3.7300000190734863
10/3/2016,3.880000114440918,3.9000000953674316,3.7699999809265137,3.809999942779541,27000,3.809999942779541
9/30/2016,3.9100000858306885,3.943000078201294,3.799999952316284,3.9000000953674316,32200,3.9000000953674316
9/29/2016,3.799999952316284,3.950000047683716,3.75,3.890000104904175,48700,3.890000104904175
9/28/2016,3.9800000190734863,3.990000009536743,3.759999990463257,3.7899999618530273,93400,3.7899999618530273
9/27/2016,3.9600000381469727,4.050000190734863,3.930000066757202,3.9600000381469727,113200,3.9600000381469727
9/21/2016,3.9600000381469727,4.019999980926514,3.9200000762939453,3.9600000381469727,91100,3.9600000381469727
9/16/2016,4.010000228881836,4.03000020980835,3.9200000762939453,3.9800000190734863,390700,3.9800000190734863
9/14/2016,3.9600000381469727,3.990000009536743,3.940000057220459,3.9600000381469727,35200,3.9600000381469727
9/13/2016,4.010000228881836,4.050000190734863,3.950000047683716,3.9600000381469727,64400,3.9600000381469727
9/9/2016,3.9200000762939453,3.9800000190734863,3.859999895095825,3.859999895095825,64100,3.859999895095825
9/8/2016,4.099999904632568,4.099999904632568,3.890000104904175,3.9000000953674316,582000,3.9000000953674316
9/7/2016,4.039999961853027,4.050000190734863,4.015999794006348,4.039999961853027,88700,4.039999961853027
9/6/2016,3.950000047683716,4.050000190734863,3.940000057220459,4.050000190734863,121800,4.050000190734863
9/2/2016,3.9600000381469727,3.9700000286102295,3.859999895095825,3.9000000953674316,15100,3.9000000953674316
9/1/2016,4.03000020980835,4.039999961853027,3.7899999618530273,3.9200000762939453,65900,3.9200000762939453
8/29/2016,4.019999980926514,4.050000190734863,3.9600000381469727,4.039999961853027,53800,4.039999961853027
8/26/2016,4.03000020980835,4.050000190734863,3.950000047683716,3.9800000190734863,12900,3.9800000190734863
8/25/2016,4.019999980926514,4.039999961853027,3.930000066757202,3.9800000190734863,17900,3.9800000190734863
8/23/2016,4.059999942779541,4.070000171661377,4.019999980926514,4.070000171661377,35400,4.070000171661377
8/22/2016,3.990000009536743,4.059999942779541,3.990000009536743,4.059999942779541,38100,4.059999942779541
8/19/2016,4.019999980926514,4.050000190734863,3.9200000762939453,3.9700000286102295,49100,3.9700000286102295
8/18/2016,4.099999904632568,4.099999904632568,3.99399995803833,4.03000020980835,15500,4.03000020980835
8/17/2016,3.990000009536743,4.059999942779541,3.9000000953674316,4.03000020980835,43000,4.03000020980835
8/16/2016,3.950000047683716,4.039999961853027,3.8589999675750732,3.9600000381469727,33800,3.9600000381469727
8/12/2016,4.099999904632568,4.099999904632568,3.9800000190734863,4.039999961853027,85200,4.039999961853027
8/11/2016,4.119999885559082,4.119999885559082,3.9630000591278076,4.070000171661377,499700,4.070000171661377
8/10/2016,3.299999952316284,4.239999771118164,3.299999952316284,4.059999942779541,691800,4.059999942779541
8/8/2016,3.1700000762939453,3.2699999809265137,3.0999999046325684,3.0999999046325684,125400,3.0999999046325684
8/5/2016,3.180000066757202,3.359999895095825,3.1500000953674316,3.190000057220459,105700,3.190000057220459
8/4/2016,3.180000066757202,3.2200000286102295,3.1500000953674316,3.1500000953674316,31800,3.1500000953674316
8/1/2016,3.319999933242798,3.319999933242798,3.0999999046325684,3.119999885559082,113600,3.119999885559082
7/29/2016,3.4000000953674316,3.444999933242798,3.2699999809265137,3.319999933242798,34600,3.319999933242798
7/28/2016,3.309999942779541,3.4600000381469727,3.309999942779541,3.4200000762939453,33200,3.4200000762939453
7/27/2016,3.2200000286102295,3.369999885559082,3.2200000286102295,3.359999895095825,80300,3.359999895095825
7/26/2016,3.2899999618530273,3.299999952316284,3.200000047683716,3.259999990463257,49000,3.259999990463257
7/25/2016,3.4700000286102295,3.619999885559082,3.2899999618530273,3.309999942779541,101800,3.309999942779541
7/22/2016,3.5999999046325684,3.5999999046325684,3.509999990463257,3.5399999618530273,36100,3.5399999618530273
7/21/2016,3.619999885559082,3.640000104904175,3.549999952316284,3.559999942779541,32400,3.559999942779541
7/20/2016,3.619999885559082,3.640000104904175,3.5950000286102295,3.619999885559082,57600,3.619999885559082
7/19/2016,3.5999999046325684,3.700000047683716,3.509999990463257,3.630000114440918,59600,3.630000114440918
7/18/2016,3.759999990463257,3.7899999618530273,3.619999885559082,3.640000104904175,60900,3.640000104904175
7/15/2016,3.799999952316284,3.8299999237060547,3.75,3.7799999713897705,32200,3.7799999713897705
7/14/2016,3.8499999046325684,3.890000104904175,3.759999990463257,3.799999952316284,87200,3.799999952316284
7/13/2016,3.890000104904175,3.890000104904175,3.75,3.809999942779541,52900,3.809999942779541
7/12/2016,3.7799999713897705,3.890000104904175,3.7799999713897705,3.859999895095825,86500,3.859999895095825
7/11/2016,3.6700000762939453,3.9000000953674316,3.6700000762939453,3.7799999713897705,57100,3.7799999713897705
7/8/2016,3.880000114440918,3.9000000953674316,3.5,3.6700000762939453,804700,3.6700000762939453
7/7/2016,3.950000047683716,3.950000047683716,3.859999895095825,3.880000114440918,72800,3.880000114440918
7/6/2016,3.950000047683716,3.950000047683716,3.9100000858306885,3.950000047683716,64800,3.950000047683716
7/5/2016,3.9800000190734863,3.9800000190734863,3.869999885559082,3.950000047683716,62100,3.950000047683716
7/1/2016,3.869999885559082,3.940000057220459,3.8399999141693115,3.940000057220459,83100,3.940000057220459
6/30/2016,3.9200000762939453,3.930000066757202,3.859999895095825,3.930000066757202,76000,3.930000066757202
6/29/2016,3.9000000953674316,3.9200000762939453,3.875,3.9200000762939453,67700,3.9200000762939453
6/28/2016,3.819999933242798,3.940000057220459,3.7300000190734863,3.9200000762939453,166200,3.9200000762939453
6/27/2016,3.799999952316284,3.8299999237060547,3.619999885559082,3.819999933242798,90800,3.819999933242798
6/24/2016,3.6500000953674316,3.859999895095825,3.619999885559082,3.7799999713897705,2366500,3.7799999713897705
6/23/2016,3.859999895095825,3.880000114440918,3.809999942779541,3.859999895095825,182100,3.859999895095825
6/22/2016,3.8499999046325684,3.865000009536743,3.8299999237060547,3.859999895095825,124300,3.859999895095825
6/21/2016,3.8499999046325684,3.880000114440918,3.799999952316284,3.859999895095825,86300,3.859999895095825
6/20/2016,3.799999952316284,3.880000114440918,3.7699999809265137,3.880000114440918,65500,3.880000114440918
6/17/2016,3.890000104904175,3.890000104904175,3.680000066757202,3.819999933242798,615300,3.819999933242798
6/16/2016,3.809999942779541,3.880000114440918,3.809999942779541,3.880000114440918,115900,3.880000114440918
6/15/2016,3.890000104904175,3.890000104904175,3.8450000286102295,3.869999885559082,109000,3.869999885559082
6/14/2016,3.740000009536743,3.859999895095825,3.740000009536743,3.859999895095825,93200,3.859999895095825
6/13/2016,3.740000009536743,3.859999895095825,3.7300000190734863,3.8399999141693115,201100,3.8399999141693115
6/10/2016,3.930000066757202,3.930000066757202,3.740000009536743,3.7899999618530273,41300,3.7899999618530273
6/9/2016,4.050000190734863,4.050000190734863,3.799999952316284,3.8399999141693115,28200,3.8399999141693115
6/8/2016,3.7699999809265137,3.880000114440918,3.7699999809265137,3.880000114440918,16600,3.880000114440918
6/7/2016,3.869999885559082,3.9000000953674316,3.700000047683716,3.799999952316284,461700,3.799999952316284
6/6/2016,3.8399999141693115,3.9000000953674316,3.8399999141693115,3.9000000953674316,56200,3.9000000953674316
6/3/2016,3.809999942779541,3.859999895095825,3.809999942779541,3.8399999141693115,32200,3.8399999141693115
6/2/2016,3.859999895095825,3.9600000381469727,3.8299999237060547,3.9600000381469727,30200,3.9600000381469727
6/1/2016,3.759999990463257,3.880000114440918,3.759999990463257,3.880000114440918,38900,3.880000114440918
5/31/2016,3.8499999046325684,3.8499999046325684,3.7300000190734863,3.819999933242798,45600,3.819999933242798
5/27/2016,3.819999933242798,3.819999933242798,3.700000047683716,3.809999942779541,62100,3.809999942779541
5/26/2016,3.690000057220459,3.75,3.6700000762939453,3.75,84000,3.75
5/25/2016,3.5199999809265137,3.75,3.490000009536743,3.700000047683716,211300,3.700000047683716
5/24/2016,3.299999952316284,3.5,3.299999952316284,3.430000066757202,51100,3.430000066757202
5/23/2016,3.3299999237060547,3.5,3.319999933242798,3.319999933242798,176800,3.319999933242798
5/20/2016,3.390000104904175,3.5,3.3499999046325684,3.4200000762939453,187700,3.4200000762939453
5/19/2016,3.119999885559082,3.440000057220459,3.119999885559082,3.390000104904175,96900,3.390000104904175
5/18/2016,3.130000114440918,3.3299999237060547,3.0199999809265137,3.2799999713897705,186100,3.2799999713897705
5/17/2016,3.299999952316284,3.3299999237060547,3.0199999809265137,3.119999885559082,142800,3.119999885559082
5/16/2016,3.200000047683716,3.369999885559082,3.069999933242798,3.359999895095825,37700,3.359999895095825
5/12/2016,3.4000000953674316,3.4000000953674316,3.0799999237060547,3.299999952316284,80300,3.299999952316284
5/11/2016,3.4200000762939453,3.430000066757202,3.0799999237060547,3.200000047683716,180200,3.200000047683716
5/10/2016,3.2300000190734863,3.299999952316284,3.0199999809265137,3.2200000286102295,133400,3.2200000286102295
5/9/2016,3.450000047683716,3.450000047683716,3.0199999809265137,3.1500000953674316,46200,3.1500000953674316
5/5/2016,3.1700000762939453,3.3299999237060547,3.0299999713897705,3.0899999141693115,75200,3.0899999141693115
5/4/2016,3.25,3.390000104904175,3.109999895095825,3.140000104904175,63000,3.140000104904175
5/3/2016,3.450000047683716,3.450000047683716,3.130000114440918,3.240000009536743,43800,3.240000009536743
5/2/2016,3.450000047683716,3.5,3.3499999046325684,3.4100000858306885,42500,3.4100000858306885
4/29/2016,3.2899999618530273,3.450000047683716,3.259999990463257,3.440000057220459,25900,3.440000057220459
4/28/2016,3.375999927520752,3.450000047683716,3.1600000858306885,3.2790000438690186,49600,3.2790000438690186
4/27/2016,3.3499999046325684,3.4649999141693115,3.305000066757202,3.4000000953674316,34300,3.4000000953674316
4/26/2016,3.299999952316284,3.450000047683716,3.0999999046325684,3.450000047683716,53700,3.450000047683716
4/25/2016,3.450000047683716,3.5,3.4000000953674316,3.5,44700,3.5
4/22/2016,3.680000066757202,3.680000066757202,3.3550000190734863,3.5,69500,3.5
4/21/2016,3.4000000953674316,3.4200000762939453,3.325000047683716,3.4100000858306885,43900,3.4100000858306885
4/20/2016,3.25,3.4000000953674316,3.25,3.4000000953674316,27900,3.4000000953674316
4/19/2016,3.359999895095825,3.4000000953674316,3.359999895095825,3.390000104904175,28400,3.390000104904175
4/18/2016,3.390000104904175,3.4000000953674316,3.259999990463257,3.2699999809265137,63800,3.2699999809265137
4/15/2016,3.390000104904175,3.4000000953674316,3.3499999046325684,3.369999885559082,64400,3.369999885559082
4/14/2016,3.3299999237060547,3.3299999237060547,3.244999885559082,3.3299999237060547,45200,3.3299999237060547
4/13/2016,3.1500000953674316,3.319999933242798,3.049999952316284,3.2899999618530273,97400,3.2899999618530273
4/12/2016,3.0799999237060547,3.140000104904175,2.8010001182556152,2.9700000286102295,98800,2.9700000286102295
4/11/2016,3.190000057220459,3.190000057220459,2.8399999141693115,2.9700000286102295,49800,2.9700000286102295
4/7/2016,3.2799999713897705,3.4000000953674316,3.2799999713897705,3.369999885559082,140200,3.369999885559082
4/6/2016,3.25,3.2799999713897705,3.130000114440918,3.259999990463257,84000,3.259999990463257
4/5/2016,3.0199999809265137,3.25,3.013000011444092,3.240000009536743,108600,3.240000009536743
4/4/2016,2.9200000762939453,3.0399999618530273,2.8499999046325684,3.0199999809265137,73100,3.0199999809265137
4/1/2016,2.950000047683716,2.9600000381469727,2.8499999046325684,2.9200000762939453,29900,2.9200000762939453
3/31/2016,2.930000066757202,2.950000047683716,2.8299999237060547,2.859999895095825,412300,2.859999895095825
3/30/2016,2.9000000953674316,2.9600000381469727,2.803999900817871,2.8499999046325684,297200,2.8499999046325684
3/29/2016,2.799999952316284,2.819999933242798,2.609999895095825,2.75,23100,2.75
3/28/2016,2.880000114440918,2.928999900817871,2.630000114440918,2.75,111000,2.75
3/24/2016,2.859999895095825,2.936000108718872,2.5999999046325684,2.7100000381469727,95800,2.7100000381469727
3/23/2016,2.950000047683716,3.1500000953674316,2.8499999046325684,2.869999885559082,115500,2.869999885559082
3/22/2016,2.8499999046325684,2.9600000381469727,2.809999942779541,2.8299999237060547,106100,2.8299999237060547
3/21/2016,2.930000066757202,2.9700000286102295,2.809999942779541,2.8499999046325684,169200,2.8499999046325684
3/18/2016,2.75,3.0999999046325684,2.5299999713897705,2.8499999046325684,1158800,2.8499999046325684
3/17/2016,3.3299999237060547,3.450000047683716,3.3299999237060547,3.450000047683716,2000,3.450000047683716
3/15/2016,3.450000047683716,3.450000047683716,3.25,3.25,9300,3.25
3/14/2016,3.450000047683716,3.450000047683716,3.450000047683716,3.450000047683716,5500,3.450000047683716
3/11/2016,3.450000047683716,3.450000047683716,3.450000047683716,3.450000047683716,500,3.450000047683716
3/10/2016,3.450000047683716,3.450000047683716,3.450000047683716,3.450000047683716,500,3.450000047683716
3/9/2016,3.450000047683716,3.450000047683716,3.450000047683716,3.450000047683716,500,3.450000047683716
3/8/2016,3.450000047683716,3.450000047683716,3.450000047683716,3.450000047683716,300,3.450000047683716
2/11/2016,3.299999952316284,3.299999952316284,3.299999952316284,3.299999952316284,100,3.299999952316284
2/3/2016,3.299999952316284,3.299999952316284,3.299999952316284,3.299999952316284,34200,3.299999952316284
2/2/2016,3.299999952316284,3.299999952316284,3.299999952316284,3.299999952316284,32000,3.299999952316284
2/1/2016,3.299999952316284,3.299999952316284,3.299999952316284,3.299999952316284,10100,3.299999952316284
1/29/2016,3.299999952316284,3.299999952316284,3.299999952316284,3.299999952316284,15000,3.299999952316284
1/25/2016,3.299999952316284,3.299999952316284,3.299999952316284,3.299999952316284,100,3.299999952316284
1/11/2016,3.25,3.25,3.25,3.25,1000,3.25
1/8/2016,3.299999952316284,3.299999952316284,3.299999952316284,3.299999952316284,300,3.299999952316284
12/30/2015,3.25,3.25,3.25,3.25,2000,3.25
12/24/2015,3.299999952316284,3.299999952316284,3.299999952316284,3.299999952316284,2500,3.299999952316284
12/23/2015,3.5,3.5,3.25,3.3499999046325684,3300,3.3499999046325684
12/22/2015,3.25,3.25,3.25,3.25,2000,3.25
