4/22/2019,24.209999084472656,25.209999084472656,24.209999084472656,24.860000610351562,1449500,24.860000610351562
4/18/2019,25.239999771118164,25.520000457763672,24.350000381469727,24.399999618530273,1803900,24.399999618530273
4/17/2019,26.489999771118164,26.670000076293945,25.170000076293945,25.18000030517578,1735800,25.18000030517578
4/16/2019,26.15999984741211,26.68000030517578,25.610000610351562,26.34000015258789,1059900,26.34000015258789
4/15/2019,26.559999465942383,26.969999313354492,25.799999237060547,26.329999923706055,1966800,26.329999923706055
4/12/2019,26.93000030517578,27.299999237060547,26.40999984741211,27.170000076293945,1371400,27.170000076293945
4/11/2019,26.649999618530273,26.979999542236328,26.239999771118164,26.540000915527344,1038500,26.540000915527344
4/10/2019,26.469999313354492,26.770000457763672,26.209999084472656,26.729999542236328,972400,26.729999542236328
4/9/2019,26.729999542236328,27.05500030517578,26.209999084472656,26.299999237060547,1459100,26.299999237060547
4/8/2019,27.299999237060547,27.649999618530273,26.719999313354492,26.93000030517578,1389400,26.93000030517578
4/5/2019,28.209999084472656,28.489999771118164,27.350000381469727,27.469999313354492,1632200,27.469999313354492
4/4/2019,29,29.09000015258789,27.57699966430664,28.049999237060547,1268900,28.049999237060547
4/3/2019,29.010000228881836,29.594999313354492,28.5,28.700000762939453,2090900,28.700000762939453
4/2/2019,28,29,27.690000534057617,28.75,1478500,28.75
4/1/2019,28.479999542236328,28.729999542236328,27.719999313354492,28.09000015258789,1072800,28.09000015258789
3/29/2019,28.049999237060547,28.5,27.719999313354492,28.229999542236328,1118000,28.229999542236328
3/28/2019,27.65999984741211,28.18000030517578,27.40999984741211,27.8799991607666,967000,27.8799991607666
3/27/2019,27.530000686645508,28.190000534057617,26.825000762939453,27.5,1528800,27.5
3/26/2019,28.25,28.670000076293945,27.479999542236328,27.579999923706055,2126400,27.579999923706055
3/25/2019,27.329999923706055,28.485000610351562,27.135000228881836,27.889999389648438,1661600,27.889999389648438
3/22/2019,28.739999771118164,28.743000030517578,27.329999923706055,27.459999084472656,2156500,27.459999084472656
3/21/2019,29,29.75,28.700000762939453,28.90999984741211,1817800,28.90999984741211
3/20/2019,30.020000457763672,30.3799991607666,28.829999923706055,29.299999237060547,2301500,29.299999237060547
3/19/2019,31.1299991607666,31.457000732421875,30.110000610351562,30.309999465942383,1919400,30.309999465942383
3/18/2019,31.84000015258789,32.4900016784668,30.110000610351562,31.040000915527344,3302300,31.040000915527344
3/15/2019,31.6299991607666,32.099998474121094,31.340999603271484,32,2599200,32
3/14/2019,31.219999313354492,32.04999923706055,30.76099967956543,31.6299991607666,3755100,31.6299991607666
3/13/2019,33.40999984741211,33.5,31.309999465942383,31.489999771118164,8101200,31.489999771118164
3/12/2019,34.11000061035156,37.720001220703125,33.16999816894531,33.779998779296875,31277000,33.779998779296875
3/11/2019,25.8799991607666,27.299999237060547,24.81999969482422,26.979999542236328,8479900,26.979999542236328
3/8/2019,25.75,26.030000686645508,24.350000381469727,25.700000762939453,4008600,25.700000762939453
3/7/2019,28.3700008392334,28.3700008392334,26.5,26.549999237060547,1829600,26.549999237060547
3/6/2019,28.34000015258789,28.457000732421875,27.700000762939453,28.360000610351562,721000,28.360000610351562
3/5/2019,27.450000762939453,28.618000030517578,27.34000015258789,28.280000686645508,1048400,28.280000686645508
3/4/2019,29.350000381469727,29.73699951171875,26.350000381469727,27.31999969482422,2418900,27.31999969482422
3/1/2019,28.079999923706055,29.440000534057617,28.049999237060547,29,2413100,29
2/28/2019,27.530000686645508,28.100000381469727,27.420000076293945,27.81999969482422,1028600,27.81999969482422
2/27/2019,26.850000381469727,27.709999084472656,26.649999618530273,27.530000686645508,1222000,27.530000686645508
2/26/2019,27.280000686645508,27.325000762939453,26.270000457763672,26.989999771118164,1053600,26.989999771118164
2/25/2019,27.06999969482422,27.40999984741211,26.709999084472656,27.270000457763672,1059000,27.270000457763672
2/22/2019,26.469999313354492,26.850000381469727,25.41200065612793,26.670000076293945,1261400,26.670000076293945
2/21/2019,27,27,26.1200008392334,26.309999465942383,1591900,26.309999465942383
2/20/2019,26.149999618530273,26.969999313354492,25.899999618530273,26.959999084472656,1208800,26.959999084472656
2/19/2019,25.290000915527344,26.15999984741211,24.760000228881836,26.149999618530273,1268600,26.149999618530273
2/15/2019,24.399999618530273,25.489999771118164,24.3700008392334,25.200000762939453,1570900,25.200000762939453
2/14/2019,23.389999389648438,24.329999923706055,23.079999923706055,24.200000762939453,715000,24.200000762939453
2/13/2019,23.959999084472656,24.399999618530273,23.420000076293945,23.700000762939453,1036400,23.700000762939453
2/12/2019,22.790000915527344,23.950000762939453,22.736000061035156,23.799999237060547,1043600,23.799999237060547
2/11/2019,22.6200008392334,23.06999969482422,22.149999618530273,22.68000030517578,653500,22.68000030517578
2/8/2019,21.959999084472656,22.540000915527344,21.6200008392334,22.469999313354492,736100,22.469999313354492
2/7/2019,21.75,21.959999084472656,21.299999237060547,21.790000915527344,728000,21.790000915527344
2/6/2019,22.309999465942383,22.56999969482422,21.549999237060547,21.950000762939453,699800,21.950000762939453
2/5/2019,22.229999542236328,23.149999618530273,22.15999984741211,22.290000915527344,951500,22.290000915527344
2/4/2019,22.3799991607666,22.510000228881836,21.850000381469727,22.110000610351562,579100,22.110000610351562
2/1/2019,22.389999389648438,22.908000946044922,22.1200008392334,22.3799991607666,814700,22.3799991607666
1/31/2019,23.299999237060547,23.479999542236328,22.110000610351562,22.450000762939453,1353900,22.450000762939453
1/30/2019,23.469999313354492,23.8799991607666,22.809999465942383,23.229999542236328,914900,23.229999542236328
1/29/2019,23.360000610351562,23.43199920654297,22.700000762939453,23.25,804500,23.25
1/28/2019,22.950000762939453,23.420000076293945,22.079999923706055,23.270000457763672,1119300,23.270000457763672
1/25/2019,22.290000915527344,23.200000762939453,22.18000030517578,23.079999923706055,941300,23.079999923706055
1/24/2019,21.81999969482422,22.200000762939453,21.520000457763672,22.18000030517578,612100,22.18000030517578
1/23/2019,21.579999923706055,21.90999984741211,21.049999237060547,21.809999465942383,1037900,21.809999465942383
1/22/2019,22.65999984741211,22.65999984741211,21.149999618530273,21.360000610351562,1448300,21.360000610351562
1/18/2019,21.540000915527344,23.049999237060547,21.3700008392334,22.920000076293945,2061900,22.920000076293945
1/17/2019,20.690000534057617,21.520000457763672,20.520000457763672,21.360000610351562,901600,21.360000610351562
1/16/2019,20.649999618530273,21.219999313354492,20.575000762939453,20.809999465942383,828000,20.809999465942383
1/15/2019,20.489999771118164,21.600000381469727,20.309999465942383,20.649999618530273,1674000,20.649999618530273
1/14/2019,20.579999923706055,20.579999923706055,20.049999237060547,20.399999618530273,773900,20.399999618530273
1/11/2019,20.389999389648438,20.8799991607666,20.18000030517578,20.59000015258789,1058000,20.59000015258789
1/10/2019,19.979999542236328,20.510000228881836,19.450000762939453,20.389999389648438,997700,20.389999389648438
1/9/2019,19.719999313354492,20.34000015258789,19.43000030517578,20.15999984741211,903900,20.15999984741211
1/8/2019,20,20.09000015258789,18.719999313354492,19.43000030517578,1291000,19.43000030517578
1/7/2019,18.239999771118164,19.729999542236328,18.149999618530273,19.59000015258789,2171600,19.59000015258789
1/4/2019,17.299999237060547,18.40999984741211,17.299999237060547,17.979999542236328,1304200,17.979999542236328
1/3/2019,17.170000076293945,17.899999618530273,17.049999237060547,17.100000381469727,1349600,17.100000381469727
1/2/2019,16.610000610351562,17.959999084472656,16.549999237060547,17.40999984741211,1300000,17.40999984741211
12/31/2018,17.459999084472656,17.670000076293945,16.760000228881836,17.09000015258789,1656800,17.09000015258789
12/28/2018,17.81999969482422,17.989999771118164,17.079999923706055,17.329999923706055,1314500,17.329999923706055
12/27/2018,17.530000686645508,17.8700008392334,16.850000381469727,17.68000030517578,1361200,17.68000030517578
12/26/2018,16.799999237060547,17.93000030517578,16.100000381469727,17.8799991607666,2077300,17.8799991607666
12/24/2018,16.25,17.219999313354492,16.049999237060547,16.719999313354492,1542500,16.719999313354492
12/21/2018,18.43000030517578,18.850000381469727,16.450000762939453,16.8700008392334,2987100,16.8700008392334
12/20/2018,18.479999542236328,19.108999252319336,17.579999923706055,18.350000381469727,2139500,18.350000381469727
12/19/2018,19.760000228881836,20,18.34000015258789,18.510000228881836,2641100,18.510000228881836
12/18/2018,18.530000686645508,19.790000915527344,18.530000686645508,19.639999389648438,2792000,19.639999389648438
12/17/2018,20,20,18.15999984741211,18.219999313354492,3574600,18.219999313354492
12/14/2018,20.34000015258789,20.610000610351562,19.780000686645508,20.350000381469727,2590300,20.350000381469727
12/13/2018,22.260000228881836,22.530000686645508,20.459999084472656,20.469999313354492,3532400,20.469999313354492
12/12/2018,20.260000228881836,22.989999771118164,20.149999618530273,22.31999969482422,9531400,22.31999969482422
12/11/2018,20.93000030517578,20.940000534057617,18.399999618530273,20.540000915527344,25985800,20.540000915527344
12/10/2018,26.459999084472656,28.139999389648438,25.75,25.969999313354492,6298400,25.969999313354492
12/7/2018,28.639999389648438,28.899999618530273,25.700000762939453,26.360000610351562,2745300,26.360000610351562
12/6/2018,25.229999542236328,28.729999542236328,25.229999542236328,28.639999389648438,2355900,28.639999389648438
12/4/2018,27.1299991607666,27.940000534057617,25.959999084472656,26.690000534057617,1300300,26.690000534057617
12/3/2018,28.010000228881836,28.299999237060547,26.219999313354492,27.360000610351562,1482200,27.360000610351562
11/30/2018,26.75,27.329999923706055,26.75,27.329999923706055,857300,27.329999923706055
11/29/2018,26.1200008392334,26.979999542236328,26.079999923706055,26.649999618530273,659100,26.649999618530273
11/28/2018,25.829999923706055,26.516000747680664,25.132999420166016,26.3700008392334,991500,26.3700008392334
11/27/2018,25.06999969482422,25.65999984741211,24.670000076293945,25.510000228881836,537500,25.510000228881836
11/26/2018,25.75,26.299999237060547,25.139999389648438,25.389999389648438,738000,25.389999389648438
11/23/2018,25.270000457763672,25.84000015258789,25.200000762939453,25.329999923706055,334000,25.329999923706055
11/21/2018,24.860000610351562,25.700000762939453,24.600000381469727,25.290000915527344,714000,25.290000915527344
11/20/2018,22.979999542236328,24.799999237060547,22.510000228881836,24.399999618530273,1763500,24.399999618530273
11/19/2018,26.639999389648438,26.84000015258789,24.68000030517578,24.799999237060547,1554600,24.799999237060547
11/16/2018,26.56999969482422,27.3799991607666,26.275999069213867,26.790000915527344,1044400,26.790000915527344
11/15/2018,26.489999771118164,27.209999084472656,26.229999542236328,26.8799991607666,1042400,26.8799991607666
11/14/2018,26.260000228881836,26.844999313354492,25.809999465942383,26.450000762939453,1157100,26.450000762939453
11/13/2018,25.5,26.479999542236328,25.450000762939453,25.950000762939453,842300,25.950000762939453
11/12/2018,26.34000015258789,26.639999389648438,24.5,25.40999984741211,1145100,25.40999984741211
11/9/2018,26.670000076293945,26.94499969482422,25.510000228881836,26.260000228881836,1431800,26.260000228881836
11/8/2018,28.15999984741211,28.297000885009766,26.399999618530273,27.010000228881836,1356800,27.010000228881836
11/7/2018,27.860000610351562,28.760000228881836,27.639999389648438,28.170000076293945,1417000,28.170000076293945
11/6/2018,27.790000915527344,28.540000915527344,26.920000076293945,27.450000762939453,1481900,27.450000762939453
11/5/2018,27.25,27.829999923706055,26.770000457763672,27.760000228881836,978700,27.760000228881836
11/2/2018,28.3700008392334,28.3700008392334,26.719999313354492,27.56999969482422,1531400,27.56999969482422
11/1/2018,26.170000076293945,28.1200008392334,26.149999618530273,27.81999969482422,2012600,27.81999969482422
10/31/2018,26.309999465942383,26.969999313354492,25.770000457763672,26.360000610351562,1378300,26.360000610351562
10/30/2018,23.809999465942383,26.049999237060547,23.600000381469727,25.969999313354492,1712400,25.969999313354492
10/29/2018,23.760000228881836,24.75,23.68000030517578,24.149999618530273,1195600,24.149999618530273
10/26/2018,23.8799991607666,24.25,22.825000762939453,23.670000076293945,1801900,23.670000076293945
10/25/2018,24,24.8700008392334,23.6299991607666,24.799999237060547,1572500,24.799999237060547
10/24/2018,24.40999984741211,25,23.989999771118164,24,1386500,24
10/23/2018,23.399999618530273,24.440000534057617,23.200000762939453,24.31999969482422,1630000,24.31999969482422
10/22/2018,24.34000015258789,24.93000030517578,24.110000610351562,24.520000457763672,1553700,24.520000457763672
10/19/2018,25.799999237060547,25.969999313354492,24.049999237060547,24.15999984741211,2340100,24.15999984741211
10/18/2018,25.100000381469727,25.940000534057617,25.010000228881836,25.65999984741211,1644900,25.65999984741211
10/17/2018,26.75,26.899999618530273,24.799999237060547,25.329999923706055,2001600,25.329999923706055
10/16/2018,25.799999237060547,26.889999389648438,25.709999084472656,26.739999771118164,1749300,26.739999771118164
10/15/2018,25.709999084472656,26.200000762939453,24.9060001373291,25.860000610351562,1858700,25.860000610351562
10/12/2018,25.450000762939453,26.190000534057617,24.8799991607666,26.079999923706055,3515500,26.079999923706055
10/11/2018,23.350000381469727,24.75,22.34000015258789,24.600000381469727,5879100,24.600000381469727
10/10/2018,25.100000381469727,25.549999237060547,23.520000457763672,23.709999084472656,4370500,23.709999084472656
10/9/2018,25.799999237060547,26.579999923706055,25.1299991607666,25.190000534057617,4329800,25.190000534057617
10/8/2018,26.1299991607666,26.81999969482422,25.68000030517578,25.899999618530273,5222300,25.899999618530273
10/5/2018,28.5,28.790000915527344,25.799999237060547,26.299999237060547,9982900,26.299999237060547
10/4/2018,27.649999618530273,28.989999771118164,27.417999267578125,28.68000030517578,7851000,28.68000030517578
10/3/2018,29.479999542236328,29.75,27.15999984741211,27.90999984741211,15138200,27.90999984741211
10/2/2018,34.779998779296875,35,28.549999237060547,28.940000534057617,39929900,28.940000534057617
10/1/2018,45,46.66999816894531,43.84000015258789,44.630001068115234,9357400,44.630001068115234
9/28/2018,42.16999816894531,44.18000030517578,41.86000061035156,43.77000045776367,2399200,43.77000045776367
9/27/2018,42.11000061035156,42.939998626708984,41.75,42.209999084472656,1432200,42.209999084472656
9/26/2018,42.29999923706055,42.79999923706055,41.29999923706055,42.09000015258789,1266400,42.09000015258789
9/25/2018,41.83000183105469,42.22999954223633,40.59000015258789,42.150001525878906,1846600,42.150001525878906
9/24/2018,39.75,42.279998779296875,38.68000030517578,41.33000183105469,3148500,41.33000183105469
9/21/2018,42.15999984741211,43.356998443603516,40.13999938964844,40.439998626708984,4338400,40.439998626708984
9/20/2018,44.400001525878906,44.599998474121094,40.25,41.65999984741211,9507900,41.65999984741211
9/19/2018,50.099998474121094,50.5,43.79999923706055,47.11000061035156,5619900,47.11000061035156
9/18/2018,51.52000045776367,52.44499969482422,49.53099822998047,50.5,2702700,50.5
9/17/2018,49.47999954223633,51.77000045776367,47.66999816894531,51.189998626708984,3028100,51.189998626708984
9/14/2018,49.38999938964844,49.849998474121094,47.750999450683594,49.33000183105469,3787900,49.33000183105469
9/13/2018,45.5,49.20500183105469,45.060001373291016,48.84000015258789,4084200,48.84000015258789
9/12/2018,45.959999084472656,46.68000030517578,43.04199981689453,44.45000076293945,2977500,44.45000076293945
9/11/2018,46.2599983215332,46.599998474121094,45.15999984741211,45.959999084472656,1582700,45.959999084472656
9/10/2018,45,46.709999084472656,44.20000076293945,45.9900016784668,1963400,45.9900016784668
9/7/2018,45.06999969482422,45.29999923706055,43.5099983215332,44.7400016784668,2874300,44.7400016784668
9/6/2018,44.630001068115234,45.95000076293945,43.15999984741211,45.189998626708984,3558700,45.189998626708984
9/5/2018,43.02000045776367,45.41999816894531,40.79999923706055,44.540000915527344,3485500,44.540000915527344
9/4/2018,40.58000183105469,44.17599868774414,40.119998931884766,43.27000045776367,3775000,43.27000045776367
8/31/2018,38.5,41.58000183105469,38.5,40.58000183105469,2790400,40.58000183105469
8/30/2018,37.61000061035156,39.35499954223633,37.5,38.58000183105469,1476500,38.58000183105469
8/29/2018,37.75,38.439998626708984,36.79999923706055,37.72999954223633,1083900,37.72999954223633
8/28/2018,37.04999923706055,37.77000045776367,36.31999969482422,37.52000045776367,1456600,37.52000045776367
8/27/2018,38.5,38.599998474121094,36.150001525878906,37.0099983215332,2297400,37.0099983215332
8/24/2018,37.0099983215332,38.38999938964844,37,37.97999954223633,2458800,37.97999954223633
8/23/2018,35.380001068115234,37.74100112915039,35.380001068115234,36.56999969482422,3419000,36.56999969482422
8/22/2018,34.97999954223633,37.32500076293945,34.81999969482422,35.380001068115234,4395700,35.380001068115234
8/21/2018,33,35,32.529998779296875,34.709999084472656,2093800,34.709999084472656
8/20/2018,33.11000061035156,33.40999984741211,32.279998779296875,32.86000061035156,1045400,32.86000061035156
8/17/2018,34,34.689998626708984,32.79999923706055,32.91999816894531,1720800,32.91999816894531
8/16/2018,33.34000015258789,34.540000915527344,33.069000244140625,34.15999984741211,1829700,34.15999984741211
8/15/2018,33.119998931884766,33.81999969482422,31.889999389648438,32.83000183105469,1497000,32.83000183105469
8/14/2018,33.15999984741211,34.45000076293945,32.90999984741211,33.75,1540200,33.75
8/13/2018,33.75,33.970001220703125,32.150001525878906,33.09000015258789,2392000,33.09000015258789
8/10/2018,32.290000915527344,33.72999954223633,31.799999237060547,33.310001373291016,2733300,33.310001373291016
8/9/2018,30,31.889999389648438,29.996999740600586,31.75,1897200,31.75
8/8/2018,30.790000915527344,30.979999542236328,29.649999618530273,29.93000030517578,1057100,29.93000030517578
8/7/2018,30,31.350000381469727,29.799999237060547,30.65999984741211,1883900,30.65999984741211
8/6/2018,29.010000228881836,29.850000381469727,28.81999969482422,29.780000686645508,1040100,29.780000686645508
8/3/2018,29.110000610351562,29.950000762939453,28.799999237060547,28.90999984741211,1156700,28.90999984741211
8/2/2018,28.360000610351562,29.610000610351562,28.299999237060547,29.149999618530273,1660400,29.149999618530273
8/1/2018,28.290000915527344,30.59000015258789,28.149999618530273,28.8700008392334,1978600,28.8700008392334
7/31/2018,28.719999313354492,29.479999542236328,27.726999282836914,28.65999984741211,1774700,28.65999984741211
7/30/2018,29.65999984741211,30.149999618530273,28.149999618530273,28.6299991607666,1811400,28.6299991607666
7/27/2018,31.34000015258789,32.099998474121094,28.549999237060547,29.510000228881836,2737300,29.510000228881836
7/26/2018,31.450000762939453,31.739999771118164,30.510000228881836,31.149999618530273,1520700,31.149999618530273
7/25/2018,31.299999237060547,32.06999969482422,30.149999618530273,31.489999771118164,2276300,31.489999771118164
7/24/2018,34.06999969482422,34.25,31.15999984741211,31.229999542236328,3570200,31.229999542236328
7/23/2018,34.58000183105469,34.66999816894531,33.18199920654297,33.91999816894531,1422800,33.91999816894531
7/20/2018,34.5,35.400001525878906,34.16999816894531,34.380001068115234,1600500,34.380001068115234
7/19/2018,33.7599983215332,35.349998474121094,33.611000061035156,34.25,2048000,34.25
7/18/2018,34.43000030517578,35.45000076293945,33.16400146484375,34.2400016784668,2498800,34.2400016784668
7/17/2018,32.5099983215332,34.599998474121094,32.02000045776367,34.43000030517578,2828100,34.43000030517578
7/16/2018,33.22999954223633,34.130001068115234,31.8799991607666,33.029998779296875,3206500,33.029998779296875
7/13/2018,32.15999984741211,33.650001525878906,31.75,32.9900016784668,2747400,32.9900016784668
7/12/2018,33.529998779296875,33.61000061035156,31.610000610351562,31.989999771118164,4488700,31.989999771118164
7/11/2018,32.79999923706055,34.11000061035156,32.459999084472656,33.869998931884766,3583300,33.869998931884766
7/10/2018,32.560001373291016,34.709999084472656,32.400001525878906,32.9900016784668,6919800,32.9900016784668
7/9/2018,33.47999954223633,33.65999984741211,30.65999984741211,31.1200008392334,4496200,31.1200008392334
7/6/2018,29.110000610351562,32.41999816894531,28.18000030517578,32.40999984741211,6120100,32.40999984741211
7/5/2018,26.549999237060547,29.1299991607666,26.5310001373291,28.829999923706055,4390900,28.829999923706055
7/3/2018,27.600000381469727,27.975000381469727,26.329999923706055,26.43000030517578,1085000,26.43000030517578
7/2/2018,26.56999969482422,28.149999618530273,26.5,27.700000762939453,1495100,27.700000762939453
6/29/2018,28.260000228881836,29.360000610351562,27.31999969482422,27.440000534057617,1903600,27.440000534057617
6/28/2018,27.469999313354492,29,27.072999954223633,28.459999084472656,2026700,28.459999084472656
6/27/2018,28.1299991607666,29.489999771118164,27.049999237060547,27.6200008392334,1745700,27.6200008392334
6/26/2018,27.010000228881836,28.719999313354492,26.5,28.479999542236328,2309100,28.479999542236328
6/25/2018,29.469999313354492,30.079999923706055,26.030000686645508,26.84000015258789,3857100,26.84000015258789
6/22/2018,29.540000915527344,30.81999969482422,28.25,30.149999618530273,5307400,30.149999618530273
6/21/2018,27.459999084472656,29.62299919128418,27.360000610351562,28.8700008392334,4285000,28.8700008392334
6/20/2018,26.15999984741211,29.93000030517578,25.020000457763672,27.079999923706055,8409700,27.079999923706055
6/19/2018,26.5,26.663000106811523,25.15999984741211,26.270000457763672,3028700,26.270000457763672
6/18/2018,25.649999618530273,28.184999465942383,24.799999237060547,27.5,3776100,27.5
6/15/2018,26.190000534057617,26.889999389648438,25.239999771118164,25.850000381469727,2496100,25.850000381469727
6/14/2018,25.690000534057617,27.950000762939453,25.520000457763672,27.1200008392334,4207000,27.1200008392334
6/13/2018,24.270000457763672,25.540000915527344,24.25,25.459999084472656,3085900,25.459999084472656
6/12/2018,24,25,23.610000610351562,24.079999923706055,3461100,24.079999923706055
6/11/2018,24.739999771118164,25.75,23.709999084472656,23.850000381469727,4707600,23.850000381469727
6/8/2018,21.3799991607666,25.3799991607666,20.15999984741211,24.8799991607666,12628800,24.8799991607666
6/7/2018,20.799999237060547,20.799999237060547,19.559999465942383,19.670000076293945,2186100,19.670000076293945
6/6/2018,19.360000610351562,20.790000915527344,19.059999465942383,20.6299991607666,1303700,20.6299991607666
6/5/2018,18.219999313354492,19.31999969482422,18.15999984741211,19.260000228881836,898200,19.260000228881836
6/4/2018,19.200000762939453,19.200000762939453,18.020000457763672,18.350000381469727,1709100,18.350000381469727
6/1/2018,18.889999389648438,19.43000030517578,18.639999389648438,18.979999542236328,754000,18.979999542236328
5/31/2018,19.280000686645508,19.3700008392334,18.600000381469727,18.979999542236328,881100,18.979999542236328
5/30/2018,19.600000381469727,19.940000534057617,19.010000228881836,19.280000686645508,1310200,19.280000686645508
5/29/2018,20,20.469999313354492,19.649999618530273,19.979999542236328,481500,19.979999542236328
5/25/2018,20,20.079999923706055,19,20.010000228881836,830000,20.010000228881836
5/24/2018,20.1200008392334,20.25,19.940000534057617,20.010000228881836,477700,20.010000228881836
5/23/2018,20.31999969482422,20.450000762939453,19.989999771118164,20.170000076293945,714100,20.170000076293945
5/22/2018,20.520000457763672,20.979000091552734,20.149999618530273,20.469999313354492,1159300,20.469999313354492
5/21/2018,21.06999969482422,21.350000381469727,20.110000610351562,21.239999771118164,545900,21.239999771118164
5/18/2018,20.989999771118164,21.280000686645508,20.25,21.139999389648438,692200,21.139999389648438
5/17/2018,20.90999984741211,21.239999771118164,20.40999984741211,20.969999313354492,414200,20.969999313354492
5/16/2018,20.510000228881836,21,19.959999084472656,20.920000076293945,1655200,20.920000076293945
5/15/2018,21.989999771118164,22.399999618530273,21.18000030517578,21.190000534057617,446000,21.190000534057617
5/14/2018,23.15999984741211,23.420000076293945,20.839000701904297,22.030000686645508,745700,22.030000686645508
5/11/2018,23.559999465942383,23.871000289916992,22.40999984741211,23.110000610351562,407100,23.110000610351562
5/10/2018,23.559999465942383,24.790000915527344,23.200000762939453,23.799999237060547,523300,23.799999237060547
5/9/2018,22.719999313354492,24.170000076293945,22.469999313354492,24.040000915527344,911500,24.040000915527344
5/8/2018,22.84000015258789,22.969999313354492,22,22.559999465942383,138400,22.559999465942383
5/7/2018,23,23.100000381469727,21.780000686645508,22.200000762939453,413800,22.200000762939453
5/4/2018,22.5,23.479999542236328,22.5,22.950000762939453,237200,22.950000762939453
5/3/2018,21.969999313354492,22.93000030517578,21.71500015258789,22.40999984741211,295700,22.40999984741211
5/2/2018,22.260000228881836,22.260000228881836,20.979999542236328,21.68000030517578,523300,21.68000030517578
5/1/2018,22.75,22.889999389648438,22,22.1200008392334,242500,22.1200008392334
4/30/2018,22,23.43000030517578,21.860000610351562,22.950000762939453,646500,22.950000762939453
4/27/2018,20.75,21.959999084472656,20.551000595092773,21.81999969482422,991400,21.81999969482422
4/26/2018,21,21,20.3799991607666,20.729999542236328,406800,20.729999542236328
4/25/2018,20.399999618530273,21.010000228881836,20.200000762939453,20.989999771118164,449600,20.989999771118164
4/24/2018,20.149999618530273,20.56999969482422,19.940000534057617,20.329999923706055,313200,20.329999923706055
4/23/2018,20.360000610351562,20.809999465942383,20.059999465942383,20.100000381469727,273300,20.100000381469727
4/20/2018,20.510000228881836,21,20.110000610351562,20.219999313354492,197200,20.219999313354492
4/19/2018,21.100000381469727,22.100000381469727,20.04199981689453,20.5,518100,20.5
4/18/2018,21.5,22.079999923706055,21.030000686645508,21.170000076293945,326800,21.170000076293945
4/17/2018,21.850000381469727,22.459999084472656,21.010000228881836,21.530000686645508,456200,21.530000686645508
4/16/2018,23.239999771118164,23.31999969482422,20.860000610351562,21.75,726500,21.75
4/13/2018,23.989999771118164,23.989999771118164,22.8799991607666,23.200000762939453,349900,23.200000762939453
4/12/2018,23.209999084472656,23.989999771118164,22.920000076293945,23.860000610351562,573900,23.860000610351562
4/11/2018,22.1200008392334,23.200000762939453,22.1200008392334,23.18000030517578,595400,23.18000030517578
4/10/2018,21.739999771118164,22.459999084472656,21.481000900268555,22.420000076293945,264500,22.420000076293945
4/9/2018,22,22.850000381469727,21.170000076293945,21.559999465942383,529000,21.559999465942383
4/6/2018,21.139999389648438,21.920000076293945,21.040000915527344,21.90999984741211,347300,21.90999984741211
4/5/2018,21.3799991607666,21.979999542236328,21.110000610351562,21.31999969482422,254500,21.31999969482422
4/4/2018,20.34000015258789,21.200000762939453,20.09000015258789,21.149999618530273,312500,21.149999618530273
4/3/2018,20.040000915527344,21.200000762939453,19.899999618530273,20.68000030517578,471500,20.68000030517578
4/2/2018,19.90999984741211,20.6299991607666,19.90999984741211,20.09000015258789,366900,20.09000015258789
3/29/2018,19.90999984741211,20.825000762939453,19.69099998474121,20.280000686645508,479700,20.280000686645508
3/28/2018,20.809999465942383,21.020000457763672,20.260000228881836,20.780000686645508,604000,20.780000686645508
3/27/2018,21.34000015258789,21.48699951171875,20.611000061035156,20.989999771118164,432400,20.989999771118164
3/26/2018,22.219999313354492,22.34600067138672,21.049999237060547,21.280000686645508,769900,21.280000686645508
3/23/2018,20.739999771118164,22.450000762939453,20.540000915527344,22.219999313354492,1748600,22.219999313354492
3/22/2018,20.190000534057617,20.90999984741211,20.149999618530273,20.799999237060547,805800,20.799999237060547
3/21/2018,20.149999618530273,20.649999618530273,19.791000366210938,20.360000610351562,722100,20.360000610351562
3/20/2018,19.889999389648438,20.3799991607666,19.538999557495117,20.260000228881836,676700,20.260000228881836
3/19/2018,20.489999771118164,20.489999771118164,18.760000228881836,19.93000030517578,945200,19.93000030517578
3/16/2018,20.5,20.889999389648438,19.850000381469727,20.399999618530273,1209600,20.399999618530273
3/15/2018,21.75,22.260000228881836,20.6299991607666,20.889999389648438,928700,20.889999389648438
3/14/2018,22.149999618530273,23.219999313354492,21.5,21.75,1827600,21.75
3/13/2018,22.75,24.799999237060547,22.520000457763672,23.25,1498900,23.25
3/12/2018,22.860000610351562,24.90999984741211,22.610000610351562,24.1200008392334,1420500,24.1200008392334
3/9/2018,23.239999771118164,23.332000732421875,21.780000686645508,22.56999969482422,424200,22.56999969482422
3/8/2018,23.200000762939453,24.049999237060547,22.632999420166016,23.030000686645508,391000,23.030000686645508
3/7/2018,25.1299991607666,25.75,22.530000686645508,23.200000762939453,658300,23.200000762939453
3/6/2018,24.5,26,24.5,25.559999465942383,656800,25.559999465942383
3/5/2018,22,25.219999313354492,21.540000915527344,24.700000762939453,1510200,24.700000762939453
3/2/2018,20,21.889999389648438,20,21.760000228881836,624300,21.760000228881836
3/1/2018,20.540000915527344,21.200000762939453,19.799999237060547,20.25,372600,20.25
2/28/2018,20,20.799999237060547,19.908000946044922,20.700000762939453,290000,20.700000762939453
2/27/2018,19.59000015258789,20.049999237060547,19.510000228881836,20,138300,20
2/26/2018,19.600000381469727,20.3700008392334,19.5,19.649999618530273,163200,19.649999618530273
2/23/2018,19.479999542236328,19.690000534057617,19.18000030517578,19.489999771118164,160900,19.489999771118164
2/22/2018,19.260000228881836,19.610000610351562,18.6200008392334,19.239999771118164,272500,19.239999771118164
2/21/2018,20.020000457763672,20.117000579833984,19.110000610351562,19.18000030517578,139700,19.18000030517578
2/20/2018,20.299999237060547,20.42300033569336,19.549999237060547,19.93000030517578,228900,19.93000030517578
2/16/2018,20.6299991607666,20.75,20.200000762939453,20.299999237060547,112500,20.299999237060547
2/15/2018,21.420000076293945,21.979999542236328,20.75,20.81999969482422,274900,20.81999969482422
2/14/2018,19.940000534057617,21.496999740600586,19.864999771118164,21.049999237060547,259400,21.049999237060547
2/13/2018,20.049999237060547,20.312999725341797,19.700000762939453,20,138900,20
2/12/2018,19.860000610351562,20.179000854492188,19.56999969482422,20.1299991607666,119000,20.1299991607666
2/9/2018,20.270000457763672,20.950000762939453,19.003999710083008,19.559999465942383,203300,19.559999465942383
2/8/2018,21.18000030517578,21.5,19.950000762939453,20.049999237060547,159100,20.049999237060547
2/7/2018,20.520000457763672,21.3799991607666,20.110000610351562,20.940000534057617,322900,20.940000534057617
2/6/2018,19.030000686645508,20.600000381469727,18,20.440000534057617,304900,20.440000534057617
2/5/2018,19.829999923706055,19.93899917602539,19,19.3799991607666,280600,19.3799991607666
2/2/2018,20.209999084472656,20.527999877929688,19.731000900268555,20.06999969482422,282800,20.06999969482422
2/1/2018,20.450000762939453,20.969999313354492,20,20.209999084472656,343500,20.209999084472656
1/31/2018,20.1299991607666,21.200000762939453,20,20.670000076293945,456200,20.670000076293945
1/30/2018,20.950000762939453,21,19.280000686645508,19.989999771118164,736800,19.989999771118164
1/29/2018,22.209999084472656,22.209999084472656,20.8700008392334,21.010000228881836,312400,21.010000228881836
1/26/2018,21.06999969482422,21.790000915527344,20.81999969482422,21.700000762939453,307200,21.700000762939453
1/25/2018,20.950000762939453,21.270000457763672,20.809999465942383,21,177200,21
1/24/2018,21.09000015258789,21.48900032043457,20.639999389648438,20.860000610351562,275300,20.860000610351562
1/23/2018,21.25,22.19499969482422,20.60099983215332,21.149999618530273,546800,21.149999618530273
1/22/2018,20.799999237060547,22,20.209999084472656,21.260000228881836,681500,21.260000228881836
1/19/2018,21.059999465942383,21.25,20.100000381469727,20.700000762939453,537400,20.700000762939453
1/18/2018,21.540000915527344,21.600000381469727,20.510000228881836,20.700000762939453,748200,20.700000762939453
1/17/2018,22.969999313354492,23.204999923706055,21.440000534057617,21.5,954600,21.5
1/16/2018,25.3700008392334,25.3700008392334,22.520000457763672,22.799999237060547,834600,22.799999237060547
1/12/2018,24.989999771118164,25.440000534057617,24.983999252319336,25.139999389648438,203100,25.139999389648438
1/11/2018,25.309999465942383,26.459999084472656,24.90999984741211,25.149999618530273,469800,25.149999618530273
1/10/2018,25.209999084472656,25.520000457763672,24.315000534057617,25.389999389648438,360600,25.389999389648438
1/9/2018,26.540000915527344,26.729999542236328,25.010000228881836,25.209999084472656,520600,25.209999084472656
1/8/2018,25.790000915527344,26.881999969482422,25.770000457763672,26.469999313354492,374200,26.469999313354492
1/5/2018,25.479999542236328,25.948999404907227,24.82200050354004,25.770000457763672,305900,25.770000457763672
1/4/2018,24.450000762939453,26.15399932861328,24,25.360000610351562,730700,25.360000610351562
1/3/2018,24.68000030517578,24.93000030517578,23.639999389648438,24.6299991607666,551400,24.6299991607666
1/2/2018,25.850000381469727,25.950000762939453,23.75,24.770000457763672,1203800,24.770000457763672
12/29/2017,26.799999237060547,27.350000381469727,25.260000228881836,25.829999923706055,563800,25.829999923706055
12/28/2017,28.75,29.700000762939453,26.239999771118164,26.93000030517578,1346700,26.93000030517578
12/27/2017,28.899999618530273,30.06999969482422,28.052000045776367,28.700000762939453,1295800,28.700000762939453
12/26/2017,24.290000915527344,30,24.04800033569336,29.139999389648438,2630800,29.139999389648438
12/22/2017,23.399999618530273,24.700000762939453,23.209999084472656,24.6200008392334,1038000,24.6200008392334
12/21/2017,22.600000381469727,23.899999618530273,22.59000015258789,23.190000534057617,1185200,23.190000534057617
12/20/2017,21.5,23.25,20.5,22.34000015258789,3098600,22.34000015258789
12/19/2017,24,25.979999542236328,22.510000228881836,24.760000228881836,1726500,24.760000228881836
12/18/2017,23.200000762939453,25.299999237060547,23.170000076293945,23.850000381469727,712000,23.850000381469727
12/15/2017,23.979999542236328,24,23.027000427246094,23.34000015258789,482500,23.34000015258789
12/14/2017,23.8799991607666,24.18899917602539,23.530000686645508,23.93000030517578,335300,23.93000030517578
12/13/2017,23.520000457763672,24.229000091552734,23.520000457763672,23.920000076293945,425800,23.920000076293945
12/12/2017,23.690000534057617,24.729999542236328,23.5,23.540000915527344,615000,23.540000915527344
12/11/2017,23.350000381469727,24.389999389648438,23.1200008392334,23.979999542236328,601200,23.979999542236328
12/8/2017,24.239999771118164,24.739999771118164,23.299999237060547,23.600000381469727,442100,23.600000381469727
12/7/2017,23.780000686645508,25.37700080871582,22.950000762939453,24.34000015258789,902100,24.34000015258789
12/6/2017,22.889999389648438,24.049999237060547,22.06999969482422,24.040000915527344,677900,24.040000915527344
12/5/2017,23.899999618530273,23.979999542236328,22.700000762939453,22.969999313354492,839300,22.969999313354492
12/4/2017,22.75,24.74799919128418,21.18000030517578,24.040000915527344,1864900,24.040000915527344
12/1/2017,20,24.010000228881836,19.069000244140625,23.600000381469727,3515300,23.600000381469727
11/30/2017,22.049999237060547,22.25,20.010000228881836,20.040000915527344,2171700,20.040000915527344
11/29/2017,22.549999237060547,22.899999618530273,20.59000015258789,22.260000228881836,2044200,22.260000228881836
11/28/2017,24.829999923706055,24.889999389648438,19.969999313354492,23.049999237060547,3565600,23.049999237060547
11/27/2017,19.25,23.90999984741211,19.010000228881836,23.079999923706055,2900600,23.079999923706055
11/24/2017,18.260000228881836,19.489999771118164,17.760000228881836,18.6200008392334,1828800,18.6200008392334
11/22/2017,16.489999771118164,17.75,15.800000190734863,17.350000381469727,2618000,17.350000381469727
11/21/2017,14.84000015258789,16.100000381469727,14.5,15.800000190734863,1978900,15.800000190734863
11/20/2017,15.550000190734863,15.649999618530273,14.479999542236328,14.850000381469727,2251700,14.850000381469727
11/17/2017,16.950000762939453,18.530000686645508,14.800000190734863,15.149999618530273,10327700,15.149999618530273
10/26/2017,16.760000228881836,17.5,15.899999618530273,15.899999618530273,25800,15.899999618530273
