4/22/2019,19.010000228881836,19.049999237060547,18.229999542236328,18.489999771118164,2866100,18.489999771118164
4/18/2019,19,19.350000381469727,19,19.010000228881836,1575900,19.010000228881836
4/17/2019,18.950000762939453,19.229999542236328,18.8799991607666,18.979999542236328,2305800,18.979999542236328
4/16/2019,19.899999618530273,19.90999984741211,18.850000381469727,18.90999984741211,3650000,18.90999984741211
4/15/2019,20.25,20.299999237060547,19.850000381469727,19.8799991607666,1298800,19.8799991607666
4/12/2019,20.209999084472656,20.239999771118164,20.059999465942383,20.170000076293945,1272700,20.170000076293945
4/11/2019,20.149999618530273,20.239999771118164,20.079999923706055,20.200000762939453,1561400,20.200000762939453
4/10/2019,20.139999389648438,20.25,20.1200008392334,20.1200008392334,1408000,20.1200008392334
4/9/2019,20.329999923706055,20.329999923706055,20,20.049999237060547,1125400,20.049999237060547
4/8/2019,20.579999923706055,20.65999984741211,20.290000915527344,20.309999465942383,1287100,20.309999465942383
4/5/2019,20.270000457763672,20.579999923706055,20.25,20.520000457763672,1770500,20.520000457763672
4/4/2019,20.260000228881836,20.450000762939453,20.1200008392334,20.270000457763672,1981700,20.270000457763672
4/3/2019,20.139999389648438,20.25,19.959999084472656,20.219999313354492,2317900,20.219999313354492
4/2/2019,20.299999237060547,20.43000030517578,19.860000610351562,20.110000610351562,2836900,20.110000610351562
4/1/2019,20.68000030517578,20.809999465942383,20.260000228881836,20.350000381469727,2196100,20.350000381469727
3/29/2019,21.25,21.280000686645508,20.920000076293945,20.979999542236328,1075100,20.979999542236328
3/28/2019,21.100000381469727,21.270000457763672,20.959999084472656,21.190000534057617,877600,21.190000534057617
3/27/2019,20.989999771118164,21.1299991607666,20.770000457763672,21.030000686645508,1196100,21.030000686645508
3/26/2019,20.600000381469727,21.040000915527344,20.559999465942383,20.93000030517578,1496000,20.93000030517578
3/25/2019,20.549999237060547,20.649999618530273,20.309999465942383,20.530000686645508,1058000,20.530000686645508
3/22/2019,20.56999969482422,20.739999771118164,20.3799991607666,20.420000076293945,1211700,20.420000076293945
3/21/2019,20,20.59000015258789,20,20.559999465942383,1883800,20.559999465942383
3/20/2019,19.979999542236328,20.25,19.75,20.010000228881836,1406200,20.010000228881836
3/19/2019,20,20.209999084472656,19.90999984741211,19.989999771118164,824200,19.989999771118164
3/18/2019,20.149999618530273,20.229999542236328,19.84000015258789,19.950000762939453,1161800,19.950000762939453
3/15/2019,20.809999465942383,20.8700008392334,20.049999237060547,20.170000076293945,3523500,20.170000076293945
3/14/2019,21,21.079999923706055,20.780000686645508,20.799999237060547,921600,20.799999237060547
3/13/2019,20.90999984741211,21.110000610351562,20.889999389648438,20.93000030517578,724100,20.93000030517578
3/12/2019,20.75,21.059999465942383,20.719999313354492,20.8700008392334,775900,20.8700008392334
3/11/2019,20.559999465942383,20.709999084472656,20.309999465942383,20.709999084472656,870500,20.709999084472656
3/8/2019,20.700000762939453,20.81999969482422,20.290000915527344,20.469999313354492,883100,20.469999313354492
3/7/2019,20.8700008392334,21.040000915527344,20.65999984741211,20.729999542236328,1032900,20.729999542236328
3/6/2019,20.989999771118164,21.059999465942383,20.799999237060547,20.81999969482422,1071700,20.81999969482422
3/5/2019,20.68000030517578,21.020000457763672,20.65999984741211,20.959999084472656,849900,20.959999084472656
3/4/2019,20.8700008392334,21.040000915527344,20.579999923706055,20.690000534057617,1405300,20.690000534057617
3/1/2019,21.610000610351562,21.690000534057617,20.790000915527344,20.809999465942383,1663900,20.809999465942383
2/28/2019,21.829999923706055,22,21.59000015258789,21.59000015258789,1013800,21.59000015258789
2/27/2019,21.389999389648438,21.829999923706055,21.350000381469727,21.790000915527344,1342500,21.790000915527344
2/26/2019,21.649999618530273,21.75,21.229999542236328,21.530000686645508,987000,21.530000686645508
2/25/2019,21.670000076293945,21.799999237060547,21.540000915527344,21.549999237060547,639500,21.549999237060547
2/22/2019,21.469999313354492,21.8700008392334,21.420000076293945,21.700000762939453,1040500,21.700000762939453
2/21/2019,21.489999771118164,21.530000686645508,21.299999237060547,21.440000534057617,877900,21.440000534057617
2/20/2019,21.530000686645508,21.649999618530273,21.299999237060547,21.540000915527344,1199500,21.540000915527344
2/19/2019,21.610000610351562,21.8700008392334,21.5,21.540000915527344,1482300,21.540000915527344
2/15/2019,22.079999923706055,22.079999923706055,21.56999969482422,21.729999542236328,1400900,21.729999542236328
2/14/2019,21.420000076293945,22.010000228881836,21.31999969482422,21.799999237060547,2388500,21.799999237060547
2/13/2019,22.329999923706055,22.559999465942383,22.170000076293945,22.219999313354492,1607400,22.219999313354492
2/12/2019,22.43000030517578,22.540000915527344,22.290000915527344,22.329999923706055,726500,22.329999923706055
2/11/2019,22.360000610351562,22.559999465942383,22.229999542236328,22.43000030517578,765600,22.43000030517578
2/8/2019,22.389999389648438,22.559999465942383,22.239999771118164,22.3700008392334,603200,22.3700008392334
2/7/2019,22.299999237060547,22.520000457763672,22.049999237060547,22.450000762939453,911300,22.450000762939453
2/6/2019,22.68000030517578,22.739999771118164,22.290000915527344,22.40999984741211,721000,22.40999984741211
2/5/2019,22.209999084472656,22.799999237060547,22.06999969482422,22.729999542236328,1442900,22.729999542236328
2/4/2019,22.010000228881836,22.270000457763672,21.8700008392334,22.200000762939453,1028100,22.200000762939453
2/1/2019,22.799999237060547,22.959999084472656,21.799999237060547,22.010000228881836,1673700,22.010000228881836
1/31/2019,22.829999923706055,23.079999923706055,22.59000015258789,22.75,3400100,22.75
1/30/2019,22.770000457763672,23.139999389648438,22.649999618530273,22.8700008392334,904300,22.8700008392334
1/29/2019,22.8799991607666,23.079999923706055,22.799999237060547,23.059999465942383,858200,22.709999084472656
1/28/2019,22.729999542236328,23.020000457763672,22.600000381469727,22.920000076293945,946300,22.572124481201172
1/25/2019,22.520000457763672,22.780000686645508,22.43000030517578,22.739999771118164,909600,22.39485740661621
1/24/2019,22.299999237060547,22.559999465942383,22.190000534057617,22.520000457763672,559100,22.17819595336914
1/23/2019,22.170000076293945,22.350000381469727,21.969999313354492,22.31999969482422,1005100,21.981231689453125
1/22/2019,22.329999923706055,22.459999084472656,21.940000534057617,22.1299991607666,1104100,21.79411506652832
1/18/2019,22.239999771118164,22.440000534057617,22.219999313354492,22.329999923706055,726800,21.991079330444336
1/17/2019,22.260000228881836,22.450000762939453,22.09000015258789,22.290000915527344,940900,21.951688766479492
1/16/2019,22.09000015258789,22.3799991607666,22.020000457763672,22.25,488400,21.912294387817383
1/15/2019,21.860000610351562,22.229999542236328,21.829999923706055,22.040000915527344,763000,21.705482482910156
1/14/2019,22.010000228881836,22.110000610351562,21.670000076293945,21.809999465942383,893800,21.478971481323242
1/11/2019,22.139999389648438,22.25,21.899999618530273,22.010000228881836,722600,21.67593765258789
1/10/2019,21.850000381469727,22.170000076293945,21.729999542236328,22.079999923706055,1099400,21.744874954223633
1/9/2019,22.030000686645508,22.149999618530273,21.75,22.139999389648438,559100,21.80396270751953
1/8/2019,21.290000915527344,22.040000915527344,21.290000915527344,21.950000762939453,1257400,21.61684799194336
1/7/2019,21,21.440000534057617,20.8799991607666,21.219999313354492,1273100,20.897926330566406
1/4/2019,20.56999969482422,21.18000030517578,20.56999969482422,20.950000762939453,729100,20.63202667236328
1/3/2019,20.459999084472656,21.020000457763672,20.34000015258789,20.440000534057617,1233300,20.1297664642334
1/2/2019,19.969999313354492,20.450000762939453,19.760000228881836,20.40999984741211,1948500,20.100221633911133
12/31/2018,20.700000762939453,20.780000686645508,19.860000610351562,20.219999313354492,1478500,19.913105010986328
12/28/2018,21.020000457763672,21.270000457763672,20.360000610351562,20.700000762939453,1341700,20.385820388793945
12/27/2018,20.959999084472656,20.959999084472656,20.209999084472656,20.93000030517578,1264700,20.612329483032227
12/26/2018,19.90999984741211,21.18000030517578,19.850000381469727,21.1200008392334,1600200,20.79944610595703
12/24/2018,20.329999923706055,20.450000762939453,19.84000015258789,19.850000381469727,911200,19.548721313476562
12/21/2018,20.489999771118164,21.079999923706055,20.290000915527344,20.479999542236328,2675200,20.169158935546875
12/20/2018,20.93000030517578,21,20.280000686645508,20.479999542236328,1969000,20.169158935546875
12/19/2018,21.93000030517578,21.950000762939453,20.920000076293945,20.93000030517578,2373200,20.612329483032227
12/18/2018,22.260000228881836,22.469999313354492,22.15999984741211,22.25,893000,21.912294387817383
12/17/2018,23.639999389648438,23.68000030517578,22.079999923706055,22.18000030517578,1526900,21.84335708618164
12/14/2018,23.459999084472656,23.600000381469727,23.3700008392334,23.559999465942383,1068100,23.202411651611328
12/13/2018,23.280000686645508,23.850000381469727,23.280000686645508,23.459999084472656,848500,23.103927612304688
12/12/2018,24,24.100000381469727,23.299999237060547,23.309999465942383,869000,22.956205368041992
12/11/2018,23.479999542236328,24.170000076293945,23.420000076293945,23.90999984741211,1204100,23.54709815979004
12/10/2018,24.3799991607666,24.389999389648438,23.31999969482422,23.3799991607666,1170700,23.025142669677734
12/7/2018,24.260000228881836,24.649999618530273,24.100000381469727,24.360000610351562,1583300,23.990270614624023
12/6/2018,23.299999237060547,24.200000762939453,23.110000610351562,24.190000534057617,1806700,23.82284927368164
12/4/2018,23.940000534057617,24.020000457763672,23.309999465942383,23.3700008392334,603200,23.015295028686523
12/3/2018,23.649999618530273,23.940000534057617,23.479999542236328,23.889999389648438,909400,23.527402877807617
11/30/2018,23.510000228881836,23.889999389648438,23.479999542236328,23.649999618530273,1981400,23.291044235229492
11/29/2018,23.290000915527344,23.489999771118164,23.149999618530273,23.440000534057617,766300,23.084232330322266
11/28/2018,23.309999465942383,23.40999984741211,22.889999389648438,23.34000015258789,1134900,22.985750198364258
11/27/2018,23.399999618530273,23.799999237060547,23.34000015258789,23.360000610351562,1789200,23.005447387695312
11/26/2018,23.280000686645508,23.40999984741211,23.100000381469727,23.389999389648438,1350000,23.034990310668945
11/23/2018,23.200000762939453,23.420000076293945,22.979999542236328,23.229999542236328,290700,22.87742042541504
11/21/2018,23.219999313354492,23.479999542236328,23.079999923706055,23.25,919000,22.89711570739746
11/20/2018,23.540000915527344,23.729999542236328,23.25,23.270000457763672,1033300,22.916812896728516
11/19/2018,23.520000457763672,23.75,23.389999389648438,23.6200008392334,680300,23.26150131225586
11/16/2018,23.280000686645508,23.670000076293945,23.06999969482422,23.56999969482422,853300,23.21225929260254
11/15/2018,23.559999465942383,23.559999465942383,23.059999465942383,23.420000076293945,934800,23.064537048339844
11/14/2018,24.100000381469727,24.149999618530273,23.6299991607666,23.649999618530273,736000,23.291044235229492
11/13/2018,23.8700008392334,24.110000610351562,23.600000381469727,24.030000686645508,930600,23.665279388427734
11/12/2018,23.760000228881836,24.040000915527344,23.690000534057617,23.829999923706055,919500,23.468313217163086
11/9/2018,23.690000534057617,23.979999542236328,23.5,23.6299991607666,1014800,23.27134895324707
11/8/2018,23.549999237060547,23.700000762939453,23.270000457763672,23.690000534057617,577300,23.3304386138916
11/7/2018,23.100000381469727,23.600000381469727,23.100000381469727,23.56999969482422,1239000,23.21225929260254
11/6/2018,23.049999237060547,23.110000610351562,22.81999969482422,23.030000686645508,737800,22.680456161499023
11/5/2018,23.139999389648438,23.25,22.809999465942383,23.010000228881836,1402400,22.66075897216797
11/2/2018,22.84000015258789,23.149999618530273,22.3700008392334,23.149999618530273,2077500,22.798633575439453
11/1/2018,22.459999084472656,22.579999923706055,22.200000762939453,22.459999084472656,1354900,22.11910629272461
10/31/2018,22.959999084472656,22.959999084472656,22.239999771118164,22.260000228881836,6985100,21.922142028808594
10/30/2018,22.239999771118164,23,22.100000381469727,22.959999084472656,1987900,22.61151695251465
10/29/2018,21.959999084472656,22.639999389648438,21.959999084472656,22.520000457763672,1699200,21.833507537841797
10/26/2018,22.170000076293945,22.170000076293945,21.639999389648438,21.799999237060547,1300400,21.135456085205078
10/25/2018,21.469999313354492,22.329999923706055,21.190000534057617,22.149999618530273,1475300,21.474788665771484
10/24/2018,21.649999618530273,21.700000762939453,21.420000076293945,21.5,1080000,20.844602584838867
10/23/2018,21.520000457763672,21.75,21.329999923706055,21.6299991607666,1043800,20.970638275146484
10/22/2018,22,22.270000457763672,21.540000915527344,21.59000015258789,933300,20.93185806274414
10/19/2018,21.75,22.09000015258789,21.6299991607666,22,599200,21.32935905456543
10/18/2018,21.65999984741211,21.920000076293945,21.639999389648438,21.68000030517578,562600,21.019115447998047
10/17/2018,21.760000228881836,21.889999389648438,21.520000457763672,21.68000030517578,864800,21.019115447998047
10/16/2018,21.489999771118164,21.969999313354492,21.329999923706055,21.809999465942383,873100,21.145151138305664
10/15/2018,21.3700008392334,21.690000534057617,21.31999969482422,21.520000457763672,842000,20.86399269104004
10/12/2018,21.940000534057617,21.940000534057617,21.350000381469727,21.399999618530273,1603600,20.747650146484375
10/11/2018,21.729999542236328,22.139999389648438,21.579999923706055,21.75,2583500,21.08698081970215
10/10/2018,21.719999313354492,22.059999465942383,21.579999923706055,21.729999542236328,1836600,21.067590713500977
10/9/2018,21.989999771118164,22.110000610351562,21.700000762939453,21.829999923706055,833200,21.164541244506836
10/8/2018,21.6200008392334,22.139999389648438,21.579999923706055,22.010000228881836,1165600,21.33905601501465
10/5/2018,21.280000686645508,21.829999923706055,21.209999084472656,21.579999923706055,1248000,20.922163009643555
10/4/2018,21.770000457763672,21.829999923706055,21.190000534057617,21.25,2276100,20.602222442626953
10/3/2018,22.06999969482422,22.200000762939453,21.700000762939453,21.8700008392334,2084200,21.203323364257812
10/2/2018,22.239999771118164,22.31999969482422,21.950000762939453,22.06999969482422,1446000,21.397226333618164
10/1/2018,22.8799991607666,22.8799991607666,22.229999542236328,22.25,2073600,21.571739196777344
9/28/2018,22.510000228881836,22.899999618530273,22.450000762939453,22.8799991607666,1224500,22.18253517150879
9/27/2018,22.649999618530273,22.719999313354492,22.40999984741211,22.5,939500,21.814119338989258
9/26/2018,22.75,22.969999313354492,22.6200008392334,22.639999389648438,1393200,21.949848175048828
9/25/2018,22.43000030517578,22.799999237060547,22.389999389648438,22.739999771118164,1295100,22.046802520751953
9/24/2018,23,23.100000381469727,22.110000610351562,22.389999389648438,2702000,21.70747184753418
9/21/2018,22.84000015258789,23.1299991607666,22.790000915527344,23.06999969482422,2080600,22.366743087768555
9/20/2018,22.420000076293945,22.940000534057617,22.219999313354492,22.860000610351562,1487100,22.163145065307617
9/19/2018,23.010000228881836,23.049999237060547,22.34000015258789,22.420000076293945,1510800,21.736557006835938
9/18/2018,23.110000610351562,23.200000762939453,22.81999969482422,23.040000915527344,2008800,22.337657928466797
9/17/2018,22.84000015258789,23.209999084472656,22.790000915527344,23.09000015258789,1799400,22.386133193969727
9/14/2018,22.790000915527344,22.81999969482422,22.31999969482422,22.780000686645508,2247600,22.085582733154297
9/13/2018,22.75,22.8799991607666,22.559999465942383,22.790000915527344,1274000,22.095279693603516
9/12/2018,23,23.06999969482422,22.600000381469727,22.709999084472656,1458200,22.017715454101562
9/11/2018,23.09000015258789,23.239999771118164,22.899999618530273,22.989999771118164,1210100,22.289180755615234
9/10/2018,23.260000228881836,23.360000610351562,23.09000015258789,23.170000076293945,816000,22.463693618774414
9/7/2018,23.530000686645508,23.579999923706055,23.110000610351562,23.190000534057617,701800,22.48308563232422
9/6/2018,23.600000381469727,23.8799991607666,23.56999969482422,23.6299991607666,625700,22.909671783447266
9/5/2018,23.440000534057617,23.809999465942383,23.270000457763672,23.530000686645508,766800,22.812721252441406
9/4/2018,24,24.049999237060547,23.389999389648438,23.440000534057617,1077700,22.7254638671875
8/31/2018,24.049999237060547,24.200000762939453,23.860000610351562,24.059999465942383,722200,23.326562881469727
8/30/2018,24.229999542236328,24.260000228881836,23.959999084472656,24.049999237060547,459000,23.31686782836914
8/29/2018,24.299999237060547,24.31999969482422,24.15999984741211,24.190000534057617,451500,23.452600479125977
8/28/2018,24,24.299999237060547,23.969999313354492,24.299999237060547,806400,23.559247970581055
8/27/2018,24.229999542236328,24.25,23.90999984741211,24,855600,23.26839256286621
8/24/2018,24.260000228881836,24.290000915527344,24.059999465942383,24.229999542236328,690100,23.49138069152832
8/23/2018,24.3799991607666,24.3799991607666,24.209999084472656,24.309999465942383,566300,23.568941116333008
8/22/2018,24.690000534057617,24.729999542236328,24.290000915527344,24.350000381469727,882900,23.607723236083984
8/21/2018,24.610000610351562,24.739999771118164,24.530000686645508,24.670000076293945,974900,23.91796875
8/20/2018,24.399999618530273,24.90999984741211,24.3799991607666,24.6200008392334,1121200,23.869495391845703
8/17/2018,24.06999969482422,24.399999618530273,24.020000457763672,24.3799991607666,794600,23.636808395385742
8/16/2018,23.850000381469727,24.079999923706055,23.81999969482422,24.079999923706055,810100,23.34595489501953
8/15/2018,24.030000686645508,24.06999969482422,23.610000610351562,23.850000381469727,838100,23.122966766357422
8/14/2018,23.6299991607666,24.010000228881836,23.59000015258789,23.989999771118164,814400,23.258697509765625
8/13/2018,23.649999618530273,23.75,23.420000076293945,23.56999969482422,605000,22.85150146484375
8/10/2018,23.729999542236328,23.940000534057617,23.6299991607666,23.639999389648438,576700,22.91936683654785
8/9/2018,23.829999923706055,23.93000030517578,23.700000762939453,23.809999465942383,773100,23.084184646606445
8/8/2018,23.729999542236328,23.90999984741211,23.510000228881836,23.790000915527344,760200,23.064794540405273
8/7/2018,24.079999923706055,24.100000381469727,23.709999084472656,23.780000686645508,1202900,23.055099487304688
8/6/2018,24.299999237060547,24.459999084472656,24.1200008392334,24.170000076293945,957900,23.433210372924805
8/3/2018,24.010000228881836,24.280000686645508,23.940000534057617,24.280000686645508,914000,23.539857864379883
8/2/2018,24.18000030517578,24.34000015258789,23.920000076293945,23.959999084472656,1058200,23.229612350463867
8/1/2018,23.56999969482422,24.34000015258789,23.239999771118164,24.200000762939453,2100400,23.462297439575195
7/31/2018,23.75,24.389999389648438,23.649999618530273,23.850000381469727,6757300,23.122966766357422
7/30/2018,23.520000457763672,23.81999969482422,23.290000915527344,23.6200008392334,1174100,22.89997673034668
7/27/2018,24.190000534057617,24.209999084472656,23.5,23.639999389648438,1535100,22.580034255981445
7/26/2018,24.040000915527344,24.459999084472656,24.020000457763672,24.1200008392334,1529000,23.038515090942383
7/25/2018,23.90999984741211,24.059999465942383,23.530000686645508,24,1167600,22.923892974853516
7/24/2018,23.889999389648438,23.940000534057617,23.579999923706055,23.75,787800,22.685104370117188
7/23/2018,23.510000228881836,23.920000076293945,23.450000762939453,23.889999389648438,1319800,22.81882667541504
7/20/2018,23.649999618530273,23.739999771118164,23.350000381469727,23.65999984741211,995700,22.599138259887695
7/19/2018,23.25,23.899999618530273,23.110000610351562,23.729999542236328,1155300,22.666000366210938
7/18/2018,23.31999969482422,23.469999313354492,23.100000381469727,23.280000686645508,938300,22.23617935180664
7/17/2018,23.299999237060547,23.639999389648438,23.270000457763672,23.329999923706055,952900,22.283935546875
7/16/2018,23.469999313354492,23.489999771118164,23.149999618530273,23.260000228881836,1165600,22.21707534790039
7/13/2018,23.780000686645508,23.809999465942383,23.450000762939453,23.469999313354492,722200,22.41765785217285
7/12/2018,23.829999923706055,23.8700008392334,23.489999771118164,23.709999084472656,750000,22.646896362304688
7/11/2018,23.950000762939453,24.1299991607666,23.760000228881836,23.799999237060547,761600,22.73286247253418
7/10/2018,24,24.18000030517578,23.860000610351562,24.040000915527344,1055100,22.962100982666016
7/9/2018,24.200000762939453,24.25,23.860000610351562,23.959999084472656,868400,22.88568878173828
7/6/2018,24.200000762939453,24.350000381469727,24.1299991607666,24.219999313354492,926100,23.134029388427734
7/5/2018,23.799999237060547,24.1299991607666,23.510000228881836,24.1200008392334,740100,23.038515090942383
7/3/2018,23.450000762939453,23.84000015258789,23.170000076293945,23.719999313354492,439200,22.656448364257812
7/2/2018,23.459999084472656,23.75,23.1299991607666,23.43000030517578,867900,22.379451751708984
6/29/2018,24.030000686645508,24.049999237060547,23.440000534057617,23.489999771118164,1208000,22.4367618560791
6/28/2018,23.8700008392334,24.1200008392334,23.809999465942383,24.030000686645508,1227300,22.952550888061523
6/27/2018,23.719999313354492,24.06999969482422,23.6299991607666,23.899999618530273,1140200,22.828378677368164
6/26/2018,24.020000457763672,24.110000610351562,23.690000534057617,23.700000762939453,1272400,22.637346267700195
6/25/2018,23.920000076293945,24.170000076293945,23.719999313354492,24.09000015258789,2458200,23.009859085083008
6/22/2018,23.399999618530273,23.969999313354492,23.389999389648438,23.920000076293945,7866300,22.847482681274414
6/21/2018,23.079999923706055,23.360000610351562,22.969999313354492,23.260000228881836,960000,22.21707534790039
6/20/2018,22.5,23.1200008392334,22.459999084472656,23.040000915527344,1318100,22.006938934326172
6/19/2018,22.459999084472656,22.690000534057617,22.360000610351562,22.469999313354492,1170600,21.462493896484375
6/18/2018,22.389999389648438,22.719999313354492,22.260000228881836,22.549999237060547,896100,21.538909912109375
6/15/2018,22.350000381469727,22.639999389648438,22.34000015258789,22.43000030517578,1484600,21.424291610717773
6/14/2018,22.459999084472656,22.610000610351562,22.149999618530273,22.309999465942383,1303400,21.309667587280273
6/13/2018,22.969999313354492,22.979999542236328,22.34000015258789,22.34000015258789,1258600,21.33832550048828
6/12/2018,22.690000534057617,23.09000015258789,22.559999465942383,22.920000076293945,903400,21.892318725585938
6/11/2018,22.399999618530273,22.809999465942383,22.389999389648438,22.700000762939453,839900,21.68218421936035
6/8/2018,22.31999969482422,22.459999084472656,22.25,22.40999984741211,1300700,21.405187606811523
6/7/2018,22.190000534057617,22.489999771118164,22.079999923706055,22.290000915527344,735400,21.29056739807129
6/6/2018,22.110000610351562,22.270000457763672,21.969999313354492,22.200000762939453,893600,21.20460319519043
6/5/2018,21.940000534057617,22.25,21.8799991607666,22.139999389648438,1242100,21.14729118347168
6/4/2018,21.739999771118164,22,21.639999389648438,21.84000015258789,1248100,20.86074447631836
6/1/2018,21.5,21.860000610351562,21.309999465942383,21.610000610351562,1596100,20.641056060791016
5/31/2018,21.690000534057617,21.809999465942383,21.43000030517578,21.489999771118164,1445800,20.526437759399414
5/30/2018,21.149999618530273,21.8700008392334,21,21.729999542236328,1349500,20.75567626953125
5/29/2018,21.040000915527344,21.350000381469727,20.799999237060547,21.209999084472656,991900,20.258991241455078
5/25/2018,20.899999618530273,21.18000030517578,20.81999969482422,21.049999237060547,740300,20.106164932250977
5/24/2018,21.030000686645508,21.100000381469727,20.770000457763672,20.899999618530273,744700,19.962890625
5/23/2018,20.799999237060547,21.020000457763672,20.729999542236328,20.93000030517578,620500,19.991546630859375
5/22/2018,20.760000228881836,20.8700008392334,20.530000686645508,20.760000228881836,969200,19.82916831970215
5/21/2018,20.399999618530273,20.969999313354492,20.010000228881836,20.809999465942383,1349500,19.87692642211914
5/18/2018,20.239999771118164,20.40999984741211,20.15999984741211,20.280000686645508,1379800,19.370691299438477
5/17/2018,20.200000762939453,20.3799991607666,20.110000610351562,20.15999984741211,791200,19.256071090698242
5/16/2018,20.049999237060547,20.420000076293945,20.030000686645508,20.1299991607666,1221000,19.227415084838867
5/15/2018,20.25,20.420000076293945,19.950000762939453,20.040000915527344,1838200,19.14145278930664
5/14/2018,20.719999313354492,20.770000457763672,20.34000015258789,20.420000076293945,1342700,19.504411697387695
5/11/2018,21.049999237060547,21.18000030517578,20.649999618530273,20.729999542236328,916500,19.800514221191406
5/10/2018,21.260000228881836,21.350000381469727,21.079999923706055,21.18000030517578,1194600,20.230337142944336
5/9/2018,20.84000015258789,21.360000610351562,20.809999465942383,21.18000030517578,1436600,20.230337142944336
5/8/2018,21.110000610351562,21.15999984741211,20.65999984741211,20.84000015258789,1231200,19.905582427978516
5/7/2018,20.969999313354492,21.280000686645508,20.809999465942383,21.110000610351562,1721300,20.163476943969727
5/4/2018,20.25,20.950000762939453,20.25,20.770000457763672,1767900,19.838720321655273
5/3/2018,20.239999771118164,20.34000015258789,20.049999237060547,20.25,2164800,19.3420352935791
5/2/2018,19.920000076293945,20.639999389648438,19.860000610351562,20.360000610351562,7683300,19.447105407714844
5/1/2018,21.950000762939453,22.350000381469727,21.860000610351562,22.31999969482422,1794500,21.31922149658203
4/30/2018,22.190000534057617,22.299999237060547,21.84000015258789,21.950000762939453,4584300,20.965810775756836
4/27/2018,21.610000610351562,22.280000686645508,21.600000381469727,22.149999618530273,1562300,21.156843185424805
4/26/2018,21.600000381469727,22.100000381469727,21.479999542236328,21.899999618530273,1207800,20.58374786376953
4/25/2018,21.420000076293945,21.540000915527344,21.229999542236328,21.3799991607666,1311000,20.095001220703125
4/24/2018,21.389999389648438,21.75,21.15999984741211,21.450000762939453,2421100,20.16079330444336
4/23/2018,21.549999237060547,21.75,21.34000015258789,21.389999389648438,1098200,20.104398727416992
4/20/2018,22.149999618530273,22.450000762939453,21.510000228881836,21.520000457763672,1119100,20.226585388183594
4/19/2018,22.739999771118164,22.889999389648438,21.959999084472656,22.09000015258789,1340600,20.762327194213867
4/18/2018,22.850000381469727,22.959999084472656,22.719999313354492,22.770000457763672,762600,21.401458740234375
4/17/2018,22.709999084472656,22.989999771118164,22.56999969482422,22.809999465942383,1131600,21.43905258178711
4/16/2018,22.780000686645508,22.979999542236328,22.6200008392334,22.670000076293945,857500,21.307466506958008
4/13/2018,22.639999389648438,22.700000762939453,22.440000534057617,22.68000030517578,1107000,21.316865921020508
4/12/2018,22.889999389648438,22.959999084472656,22.600000381469727,22.639999389648438,1297500,21.27927017211914
4/11/2018,23.010000228881836,23.299999237060547,22.899999618530273,22.920000076293945,587400,21.542442321777344
4/10/2018,22.760000228881836,23.010000228881836,22.549999237060547,23,752300,21.617633819580078
4/9/2018,22.799999237060547,22.8700008392334,22.469999313354492,22.6200008392334,841400,21.260473251342773
4/6/2018,23.229999542236328,23.309999465942383,22.739999771118164,22.780000686645508,746300,21.41085433959961
4/5/2018,23.020000457763672,23.200000762939453,22.84000015258789,23.18000030517578,622300,21.786815643310547
4/4/2018,22.43000030517578,23.200000762939453,22.3799991607666,23.030000686645508,2444400,21.645830154418945
4/3/2018,22.190000534057617,22.860000610351562,22.15999984741211,22.540000915527344,1630700,21.18528175354004
4/2/2018,22.030000686645508,22.729999542236328,21.950000762939453,22.15999984741211,2069500,20.8281192779541
3/29/2018,22.75,22.799999237060547,21.809999465942383,22,2272700,20.677736282348633
3/28/2018,22.329999923706055,23,22.260000228881836,22.75,1776800,21.382659912109375
3/27/2018,22.06999969482422,22.40999984741211,21.489999771118164,22.200000762939453,2587500,20.8657169342041
3/26/2018,21.93000030517578,22.260000228881836,21.790000915527344,22.15999984741211,3351900,20.8281192779541
3/23/2018,21.81999969482422,22.059999465942383,21.690000534057617,21.690000534057617,1319100,20.386369705200195
3/22/2018,21.649999618530273,22.110000610351562,21.6200008392334,21.770000457763672,1183400,20.461559295654297
3/21/2018,21.5,21.90999984741211,21.299999237060547,21.6299991607666,1019300,20.329975128173828
3/20/2018,21.489999771118164,21.68000030517578,21.31999969482422,21.5,1080100,20.207786560058594
3/19/2018,21.780000686645508,21.84000015258789,21.350000381469727,21.489999771118164,903100,20.198389053344727
3/16/2018,21.600000381469727,21.899999618530273,21.549999237060547,21.760000228881836,3022000,20.452159881591797
3/15/2018,22.040000915527344,22.190000534057617,21.5,21.600000381469727,1306300,20.301776885986328
3/14/2018,22.06999969482422,22.350000381469727,21.969999313354492,22.06999969482422,1642400,20.743528366088867
3/13/2018,21.799999237060547,22.1200008392334,21.65999984741211,21.940000534057617,1491200,20.6213436126709
3/12/2018,21.469999313354492,21.780000686645508,21.440000534057617,21.760000228881836,1423700,20.452159881591797
3/9/2018,22.18000030517578,22.200000762939453,21.15999984741211,21.469999313354492,2885500,20.179590225219727
3/8/2018,22.989999771118164,23.030000686645508,22.1200008392334,22.200000762939453,1671600,20.8657169342041
3/7/2018,22.8799991607666,23.1299991607666,22.770000457763672,22.93000030517578,753800,21.551843643188477
3/6/2018,22.8799991607666,23.010000228881836,22.579999923706055,22.959999084472656,857300,21.580034255981445
3/5/2018,22.610000610351562,23.110000610351562,22.610000610351562,22.920000076293945,978300,21.542442321777344
3/2/2018,22.350000381469727,22.719999313354492,21.989999771118164,22.700000762939453,1040900,21.335664749145508
3/1/2018,22.25,23.040000915527344,22.170000076293945,22.489999771118164,2148900,21.13828468322754
2/28/2018,22.350000381469727,22.729999542236328,22.309999465942383,22.31999969482422,1337400,20.978504180908203
2/27/2018,23.209999084472656,23.440000534057617,22.200000762939453,22.200000762939453,1275000,20.8657169342041
2/26/2018,22.670000076293945,23.110000610351562,22.520000457763672,23.110000610351562,1456700,21.721023559570312
2/23/2018,22.479999542236328,22.799999237060547,22.3799991607666,22.56999969482422,1109100,21.21347999572754
2/22/2018,22.020000457763672,22.719999313354492,22.020000457763672,22.389999389648438,1377100,21.044296264648438
2/21/2018,22.459999084472656,22.59000015258789,21.8799991607666,21.93000030517578,1607600,20.611942291259766
2/20/2018,22.549999237060547,23.049999237060547,22.5,22.520000457763672,2045000,21.16648292541504
2/16/2018,21.989999771118164,22.709999084472656,21.989999771118164,22.549999237060547,2104200,21.19468116760254
2/15/2018,21.649999618530273,22.290000915527344,21.559999465942383,21.940000534057617,3395000,20.6213436126709
2/14/2018,23.1200008392334,23.329999923706055,21.139999389648438,21.809999465942383,7920800,20.499155044555664
2/13/2018,23.299999237060547,23.56999969482422,22.940000534057617,23.469999313354492,1375900,22.059385299682617
2/12/2018,22.969999313354492,23.34000015258789,22.200000762939453,23.280000686645508,2081200,21.88080596923828
2/9/2018,22.93000030517578,23.030000686645508,22.260000228881836,22.81999969482422,1960800,21.44845199584961
2/8/2018,23.459999084472656,23.639999389648438,22.719999313354492,22.739999771118164,1465900,21.373260498046875
2/7/2018,23.56999969482422,24.280000686645508,23.540000915527344,23.540000915527344,1457600,22.125179290771484
2/6/2018,23.170000076293945,23.700000762939453,22.850000381469727,23.549999237060547,2879900,22.13457489013672
2/5/2018,23.65999984741211,24.34000015258789,23.440000534057617,23.600000381469727,2061700,22.18157196044922
2/2/2018,24.010000228881836,24.040000915527344,23.549999237060547,23.790000915527344,1314900,22.360153198242188
2/1/2018,25.06999969482422,25.200000762939453,24.049999237060547,24.06999969482422,1896200,22.623323440551758
1/31/2018,24.979999542236328,25.34000015258789,24.690000534057617,25.18000030517578,4611100,23.666608810424805
1/30/2018,24.920000076293945,25.1299991607666,24.59000015258789,24.770000457763672,928000,23.281251907348633
1/29/2018,25.549999237060547,25.68000030517578,25.100000381469727,25.399999618530273,1104800,23.551471710205078
1/26/2018,25.450000762939453,25.68000030517578,25.219999313354492,25.649999618530273,954400,23.78327751159668
1/25/2018,25.059999465942383,25.479999542236328,24.84000015258789,25.459999084472656,1632000,23.60710334777832
1/24/2018,25.530000686645508,25.68000030517578,24.93000030517578,25.049999237060547,1498800,23.22694206237793
1/23/2018,26,26.15999984741211,25.489999771118164,25.639999389648438,1730300,23.774005889892578
1/22/2018,25.15999984741211,25.889999389648438,25.110000610351562,25.84000015258789,1669200,23.959449768066406
1/19/2018,24.829999923706055,25.06999969482422,24.479999542236328,25.040000915527344,915600,23.21767234802246
1/18/2018,24.969999313354492,25.100000381469727,24.760000228881836,24.889999389648438,995500,23.07858657836914
1/17/2018,24.809999465942383,25.34000015258789,24.690000534057617,25.139999389648438,1117600,23.310394287109375
1/16/2018,25.25,25.3799991607666,24.719999313354492,24.729999542236328,1142200,22.930233001708984
11/6/2017,22.459999084472656,22.579999923706055,21.989999771118164,22.190000534057617,2342700,20.57508659362793
11/3/2017,23.34000015258789,23.40999984741211,21.809999465942383,22.459999084472656,4547700,20.825435638427734
11/2/2017,23.15999984741211,23.690000534057617,23.079999923706055,23.65999984741211,1324500,21.93810272216797
11/1/2017,22.81999969482422,23.25,22.65999984741211,23.1200008392334,1420800,21.437402725219727
