4/22/2019,11.550000190734863,11.699999809265137,11.229999542236328,11.529999732971191,20695700,11.529999732971191
4/18/2019,11.180000305175781,11.710000038146973,11.180000305175781,11.670000076293945,24285200,11.670000076293945
4/17/2019,11.760000228881836,11.829999923706055,11.520000457763672,11.75,14681600,11.75
4/16/2019,11.800000190734863,11.850000381469727,11.479999542236328,11.6899995803833,19741100,11.6899995803833
4/15/2019,11.899999618530273,12.020000457763672,11.789999961853027,11.850000381469727,10578900,11.850000381469727
4/12/2019,11.979999542236328,12.029999732971191,11.699999809265137,11.970000267028809,15400500,11.970000267028809
4/11/2019,12.100000381469727,12.369999885559082,11.789999961853027,11.899999618530273,20186000,11.899999618530273
4/10/2019,11.84000015258789,12.199999809265137,11.5649995803833,12.020000457763672,45526000,12.020000457763672
4/9/2019,12.15999984741211,12.470000267028809,12.0600004196167,12.350000381469727,26261300,12.350000381469727
4/8/2019,12.3100004196167,12.630000114440918,12.1899995803833,12.270000457763672,42413400,12.270000457763672
4/5/2019,11.640000343322754,12.050000190734863,11.449999809265137,11.84000015258789,58510700,11.84000015258789
4/4/2019,11.229999542236328,11.539999961853027,10.979999542236328,11.279999732971191,28867700,11.279999732971191
4/3/2019,11.289999961853027,11.510000228881836,11.109999656677246,11.15999984741211,16793400,11.15999984741211
4/2/2019,11.010000228881836,11.300000190734863,10.930000305175781,11.220000267028809,20786500,11.220000267028809
4/1/2019,11.140000343322754,11.529999732971191,10.920000076293945,11.359999656677246,22120000,11.359999656677246
3/29/2019,10.859999656677246,11.0600004196167,10.770000457763672,11.020000457763672,13317000,11.020000457763672
3/28/2019,10.609999656677246,10.920000076293945,10.579999923706055,10.789999961853027,10308200,10.789999961853027
3/27/2019,10.75,10.84000015258789,10.430000305175781,10.640000343322754,11232500,10.640000343322754
3/26/2019,10.829999923706055,10.9350004196167,10.699999809265137,10.760000228881836,10066400,10.760000228881836
3/25/2019,10.680000305175781,10.850000381469727,10.460000038146973,10.720000267028809,13166300,10.720000267028809
3/22/2019,11,11.46500015258789,10.680000305175781,10.729999542236328,26372700,10.729999542236328
3/21/2019,10.859999656677246,11.020000457763672,10.760000228881836,11.010000228881836,14582400,11.010000228881836
3/20/2019,10.520000457763672,11.039999961853027,10.449999809265137,10.9399995803833,19052100,10.9399995803833
3/19/2019,10.890000343322754,11.039999961853027,10.569999694824219,10.630000114440918,23380900,10.630000114440918
3/18/2019,11.039999961853027,11.255000114440918,10.710000038146973,10.9399995803833,25751100,10.9399995803833
3/15/2019,11.5600004196167,11.670000076293945,10.930000305175781,11.15999984741211,51649500,11.15999984741211
3/14/2019,10.600000381469727,11.380000114440918,10.550000190734863,11.279999732971191,80897300,11.279999732971191
3/13/2019,9.880000114440918,10.0600004196167,9.765000343322754,10.050000190734863,14361000,10.050000190734863
3/12/2019,10.039999961853027,10.039999961853027,9.680000305175781,9.880000114440918,16308400,9.880000114440918
3/11/2019,9.600000381469727,10.0649995803833,9.430000305175781,9.960000038146973,21696300,9.960000038146973
3/8/2019,9.21500015258789,9.5600004196167,9.180000305175781,9.479999542236328,15665000,9.479999542236328
3/7/2019,9.850000381469727,9.854999542236328,9.15999984741211,9.489999771118164,28649400,9.489999771118164
3/6/2019,10,10.0600004196167,9.770000457763672,9.869999885559082,18320300,9.869999885559082
3/5/2019,9.90999984741211,10.109999656677246,9.824999809265137,10.079999923706055,19276400,10.079999923706055
3/4/2019,9.899999618530273,10.050000190734863,9.640000343322754,9.920000076293945,21506900,9.920000076293945
3/1/2019,9.859999656677246,10.15999984741211,9.755000114440918,9.800000190734863,21821800,9.800000190734863
2/28/2019,9.850000381469727,9.925000190734863,9.630000114440918,9.800000190734863,16476300,9.800000190734863
2/27/2019,10.079999923706055,10.100000381469727,9.680000305175781,9.8100004196167,21923300,9.8100004196167
2/26/2019,10.119999885559082,10.420000076293945,9.824999809265137,10.079999923706055,30998800,10.079999923706055
2/25/2019,9.899999618530273,10.289999961853027,9.850000381469727,10.119999885559082,44870300,10.119999885559082
2/22/2019,9.390000343322754,9.800000190734863,9.319999694824219,9.710000038146973,30180700,9.710000038146973
2/21/2019,9.140000343322754,9.399999618530273,9.130000114440918,9.390000343322754,20051600,9.390000343322754
2/20/2019,9.25,9.329999923706055,9.140000343322754,9.239999771118164,21677200,9.239999771118164
2/19/2019,9.050000190734863,9.34000015258789,9.050000190734863,9.279999732971191,22961300,9.279999732971191
2/15/2019,9.199999809265137,9.229999542236328,9.039999961853027,9.119999885559082,19959800,9.119999885559082
2/14/2019,9.050000190734863,9.319999694824219,9.010000228881836,9.1899995803833,32451000,9.1899995803833
2/13/2019,8.75,9.229999542236328,8.670000076293945,9.069999694824219,37645700,9.069999694824219
2/12/2019,9.020000457763672,9.170000076293945,8.770000457763672,8.800000190734863,39187100,8.800000190734863
2/11/2019,9.029999732971191,9.194999694824219,8.850000381469727,8.989999771118164,38495700,8.989999771118164
2/8/2019,8.369999885559082,9.1899995803833,8.300000190734863,9.100000381469727,55131800,9.100000381469727
2/7/2019,8.359999656677246,8.6899995803833,8.039999961853027,8.569999694824219,53561900,8.569999694824219
2/6/2019,8.609999656677246,9.09000015258789,8.350000381469727,8.59000015258789,148568000,8.59000015258789
2/5/2019,7.019999980926514,7.050000190734863,6.800000190734863,7.039999961853027,58791000,7.039999961853027
2/4/2019,6.925000190734863,6.980000019073486,6.699999809265137,6.929999828338623,37550700,6.929999828338623
2/1/2019,6.78000020980835,7.150000095367432,6.730000019073486,6.909999847412109,22653000,6.909999847412109
1/31/2019,6.679999828338623,6.809999942779541,6.650000095367432,6.679999828338623,19115200,6.679999828338623
1/30/2019,6.46999979019165,6.599999904632568,6.309999942779541,6.570000171661377,16419300,6.570000171661377
1/29/2019,6.420000076293945,6.5,6.289999961853027,6.429999828338623,14387100,6.429999828338623
1/28/2019,6.269999980926514,6.394999980926514,6.199999809265137,6.340000152587891,12143100,6.340000152587891
1/25/2019,6.239999771118164,6.440000057220459,6.199999809265137,6.400000095367432,19928600,6.400000095367432
1/24/2019,5.940000057220459,6.199999809265137,5.909999847412109,6.170000076293945,15691800,6.170000076293945
1/23/2019,6.010000228881836,6.099999904632568,5.869999885559082,5.989999771118164,13145100,5.989999771118164
1/22/2019,6.070000171661377,6.239999771118164,5.880000114440918,5.929999828338623,20962400,5.929999828338623
1/18/2019,5.829999923706055,6.190000057220459,5.739999771118164,6.179999828338623,37967000,6.179999828338623
1/17/2019,5.71999979019165,5.840000152587891,5.650000095367432,5.739999771118164,27651600,5.739999771118164
1/16/2019,5.730000019073486,5.940000057220459,5.630000114440918,5.639999866485596,65799500,5.639999866485596
1/15/2019,6.46999979019165,6.570000171661377,6.375999927520752,6.539999961853027,15133300,6.539999961853027
1/14/2019,6.460000038146973,6.5,6.239999771118164,6.309999942779541,10735600,6.309999942779541
1/11/2019,6.210000038146973,6.414999961853027,6.199999809265137,6.28000020980835,11728600,6.28000020980835
1/10/2019,6.369999885559082,6.400000095367432,6.110000133514404,6.21999979019165,15413400,6.21999979019165
1/9/2019,6.199999809265137,6.309999942779541,5.840000152587891,6.28000020980835,30170300,6.28000020980835
1/8/2019,6.300000190734863,6.449999809265137,6.210000038146973,6.400000095367432,16035400,6.400000095367432
1/4/2019,5.670000076293945,5.989999771118164,5.630000114440918,5.949999809265137,18200400,5.949999809265137
1/3/2019,5.670000076293945,5.869999885559082,5.630000114440918,5.679999828338623,16429200,5.679999828338623
1/2/2019,5.380000114440918,5.869999885559082,5.349999904632568,5.789999961853027,15253400,5.789999961853027
12/31/2018,5.760000228881836,5.860000133514404,5.420000076293945,5.510000228881836,15324800,5.510000228881836
12/28/2018,5.349999904632568,5.760000228881836,5.349999904632568,5.710000038146973,19169700,5.710000038146973
12/27/2018,5.300000190734863,5.409999847412109,5.079999923706055,5.349999904632568,13089000,5.349999904632568
12/26/2018,5.119999885559082,5.429999828338623,5.019999980926514,5.420000076293945,16763800,5.420000076293945
12/24/2018,4.960000038146973,5.349999904632568,4.960000038146973,5.179999828338623,15131300,5.179999828338623
12/21/2018,5.119999885559082,5.139999866485596,4.820000171661377,4.989999771118164,31629900,4.989999771118164
12/20/2018,5.349999904632568,5.449999809265137,4.960000038146973,5.070000171661377,25179300,5.070000171661377
12/19/2018,5.650000095367432,5.739999771118164,5.349999904632568,5.409999847412109,12965400,5.409999847412109
12/18/2018,5.610000133514404,5.840000152587891,5.610000133514404,5.650000095367432,13823000,5.650000095367432
12/17/2018,5.920000076293945,5.956999778747559,5.510000228881836,5.579999923706055,20843100,5.579999923706055
12/14/2018,5.78000020980835,6.010000228881836,5.760000228881836,5.920000076293945,13901000,5.920000076293945
12/13/2018,5.960000038146973,5.989999771118164,5.710000038146973,5.860000133514404,13728100,5.860000133514404
12/12/2018,5.800000190734863,6.130000114440918,5.78000020980835,5.909999847412109,14847800,5.909999847412109
12/11/2018,5.760000228881836,5.900000095367432,5.730000019073486,5.75,12305900,5.75
12/10/2018,5.769999980926514,5.908999919891357,5.570000171661377,5.670000076293945,16389600,5.670000076293945
12/7/2018,5.980000019073486,6.130000114440918,5.75,5.800000190734863,15265200,5.800000190734863
12/6/2018,6.070000171661377,6.159999847412109,5.804999828338623,5.96999979019165,16932300,5.96999979019165
12/4/2018,6.300000190734863,6.449999809265137,6.210000038146973,6.210000038146973,16864000,6.210000038146973
12/3/2018,6.610000133514404,6.670000076293945,6.28000020980835,6.360000133514404,22938700,6.360000133514404
11/30/2018,6.400000095367432,6.539999961853027,6.309999942779541,6.510000228881836,10397800,6.510000228881836
11/29/2018,6.46999979019165,6.539999961853027,6.329999923706055,6.400000095367432,9346700,6.400000095367432
11/28/2018,6.489999771118164,6.539999961853027,6.269999980926514,6.510000228881836,10049300,6.510000228881836
11/27/2018,6.46999979019165,6.53000020980835,6.309999942779541,6.400000095367432,12720100,6.400000095367432
11/26/2018,6.269999980926514,6.519999980926514,6.239999771118164,6.5,10384500,6.5
11/23/2018,6.28000020980835,6.429999828338623,6.175000190734863,6.199999809265137,5271200,6.199999809265137
11/21/2018,6.210000038146973,6.480000019073486,6.170000076293945,6.349999904632568,15437400,6.349999904632568
11/20/2018,5.860000133514404,6.22599983215332,5.800000190734863,6.090000152587891,18838900,6.090000152587891
11/19/2018,6.409999847412109,6.440000057220459,6.019999980926514,6.050000190734863,20800600,6.050000190734863
11/16/2018,6.769999980926514,6.800000190734863,6.28000020980835,6.489999771118164,19479300,6.489999771118164
11/15/2018,6.420000076293945,6.869999885559082,6.420000076293945,6.820000171661377,12623700,6.820000171661377
11/14/2018,6.449999809265137,6.690000057220459,6.389999866485596,6.480000019073486,15690500,6.480000019073486
11/13/2018,6.730000019073486,6.755000114440918,6.449999809265137,6.710000038146973,10896300,6.710000038146973
11/12/2018,6.75,6.869999885559082,6.4670000076293945,6.650000095367432,15064800,6.650000095367432
11/9/2018,6.900000095367432,6.960000038146973,6.659999847412109,6.789999961853027,14369900,6.789999961853027
11/8/2018,7.150000095367432,7.224999904632568,6.989999771118164,7.019999980926514,10764700,7.019999980926514
11/7/2018,7.090000152587891,7.289999961853027,7.079999923706055,7.199999809265137,14356500,7.199999809265137
11/6/2018,6.860000133514404,7.199999809265137,6.849999904632568,7.090000152587891,15681600,7.090000152587891
11/5/2018,6.900000095367432,6.940000057220459,6.699999809265137,6.900000095367432,14674800,6.900000095367432
11/2/2018,7.099999904632568,7.179999828338623,6.659999847412109,6.820000171661377,26902700,6.820000171661377
11/1/2018,6.599999904632568,7.289999961853027,6.460000038146973,7.199999809265137,31642800,7.199999809265137
10/31/2018,6.570000171661377,6.650000095367432,6.449999809265137,6.610000133514404,27680900,6.610000133514404
10/30/2018,5.929999828338623,6.539000034332275,5.909999847412109,6.429999828338623,35878700,6.429999828338623
10/29/2018,6.349999904632568,6.590000152587891,5.889999866485596,5.989999771118164,32096500,5.989999771118164
10/26/2018,6.130000114440918,6.28000020980835,5.769999980926514,6.28000020980835,79790800,6.28000020980835
10/25/2018,6.710000038146973,7.085000038146973,6.690000057220459,6.989999771118164,44154400,6.989999771118164
10/24/2018,6.840000152587891,6.989999771118164,6.590000152587891,6.590000152587891,22133500,6.590000152587891
10/23/2018,6.840000152587891,6.929999828338623,6.679999828338623,6.820000171661377,24667400,6.820000171661377
10/22/2018,6.849999904632568,6.980000019073486,6.71999979019165,6.840000152587891,12651400,6.840000152587891
10/19/2018,6.889999866485596,6.96999979019165,6.670000076293945,6.809999942779541,19113700,6.809999942779541
10/18/2018,6.960000038146973,7.019999980926514,6.760000228881836,6.809999942779541,16946000,6.809999942779541
10/17/2018,7.190000057220459,7.320000171661377,6.929999828338623,7.059999942779541,20946000,7.059999942779541
10/16/2018,7.409999847412109,7.465000152587891,7.050000190734863,7.25,28702700,7.25
10/15/2018,7.190000057220459,7.460000038146973,7.119999885559082,7.400000095367432,22050800,7.400000095367432
10/12/2018,7.179999828338623,7.389999866485596,7.050000190734863,7.179999828338623,36249500,7.179999828338623
10/8/2018,7.699999809265137,7.699999809265137,7.264999866485596,7.480000019073486,27870400,7.480000019073486
10/5/2018,7.989999771118164,8.039999961853027,7.599999904632568,7.769999980926514,31032300,7.769999980926514
10/4/2018,7.949999809265137,7.985000133514404,7.559999942779541,7.800000190734863,36960000,7.800000190734863
10/3/2018,8.170000076293945,8.329999923706055,8.130000114440918,8.229999542236328,14961100,8.229999542236328
10/2/2018,8.319999694824219,8.359999656677246,8.010000228881836,8.180000305175781,25429300,8.180000305175781
10/1/2018,8.5,8.569999694824219,8.225000381469727,8.359999656677246,23025500,8.359999656677246
9/28/2018,8.75,8.779999732971191,8.399999618530273,8.479999542236328,31800400,8.479999542236328
9/27/2018,9.020000457763672,9.0600004196167,8.770000457763672,8.800000190734863,18060400,8.800000190734863
9/26/2018,9.09000015258789,9.109999656677246,8.875,8.989999771118164,21160800,8.989999771118164
9/25/2018,9.1899995803833,9.420000076293945,9.029999732971191,9.050000190734863,37268900,9.050000190734863
9/24/2018,9.050000190734863,9.40999984741211,8.859999656677246,8.949999809265137,34747400,8.949999809265137
9/21/2018,9.180000305175781,9.3100004196167,9.010000228881836,9.140000343322754,51966600,9.140000343322754
9/20/2018,9.029999732971191,9.239999771118164,8.670000076293945,9.210000038146973,26530200,9.210000038146973
9/19/2018,9.079999923706055,9.210000038146973,9.020000457763672,9.15999984741211,33333100,9.15999984741211
9/18/2018,9.149999618530273,9.380000114440918,9.079999923706055,9.130000114440918,18052000,9.130000114440918
9/17/2018,9.279999732971191,9.369999885559082,9.09000015258789,9.180000305175781,22146400,9.180000305175781
9/14/2018,9.449999809265137,9.835000038146973,9.260000228881836,9.289999961853027,30549900,9.289999961853027
9/13/2018,9.170000076293945,9.420000076293945,9.100000381469727,9.350000381469727,24790700,9.350000381469727
9/12/2018,9.289999961853027,9.430000305175781,8.899999618530273,9.199999809265137,52102700,9.199999809265137
9/11/2018,9.850000381469727,10.149999618530273,9.850000381469727,9.890000343322754,31632600,9.890000343322754
9/10/2018,9.779999732971191,9.899999618530273,9.550000190734863,9.739999771118164,29031900,9.739999771118164
9/7/2018,9.75,10.1899995803833,9.630000114440918,9.930000305175781,26510900,9.930000305175781
9/6/2018,10.109999656677246,10.180000305175781,9.619999885559082,9.800000190734863,33118900,9.800000190734863
9/5/2018,10.5,10.510000228881836,10.0600004196167,10.109999656677246,24701500,10.109999656677246
9/4/2018,10.920000076293945,10.960000038146973,10.430000305175781,10.59000015258789,26081300,10.59000015258789
8/31/2018,10.979999542236328,11.09000015258789,10.880000114440918,10.899999618530273,14124100,10.899999618530273
8/30/2018,11.149999618530273,11.25,10.875,11.079999923706055,19603300,11.079999923706055
8/29/2018,11.239999771118164,11.380000114440918,11.149999618530273,11.170000076293945,13059100,11.170000076293945
8/28/2018,11.760000228881836,11.800000190734863,11.1899995803833,11.289999961853027,24457300,11.289999961853027
8/27/2018,11.649999618530273,11.835000038146973,11.640000343322754,11.8100004196167,11306400,11.8100004196167
8/24/2018,11.470000267028809,11.699999809265137,11.40999984741211,11.630000114440918,10543200,11.630000114440918
8/23/2018,11.5,11.640000343322754,11.395000457763672,11.399999618530273,11070300,11.399999618530273
8/22/2018,11.40999984741211,11.619999885559082,11.40999984741211,11.4399995803833,12082700,11.4399995803833
8/21/2018,11.75,11.82699966430664,11.335000038146973,11.4399995803833,22078100,11.4399995803833
8/20/2018,11.800000190734863,11.859999656677246,11.569999694824219,11.729999542236328,13977800,11.729999542236328
8/17/2018,12.15999984741211,12.170000076293945,11.630000114440918,11.890000343322754,22444600,11.890000343322754
8/16/2018,12.300000190734863,12.579999923706055,12.100000381469727,12.170000076293945,14652900,12.170000076293945
8/15/2018,12.270000457763672,12.300000190734863,12.109999656677246,12.180000305175781,13643600,12.180000305175781
8/14/2018,12.649999618530273,12.729999542236328,12.3100004196167,12.34000015258789,13042700,12.34000015258789
8/13/2018,12.239999771118164,12.765000343322754,12.239999771118164,12.569999694824219,15724400,12.569999694824219
8/10/2018,12.140000343322754,12.5,12.09000015258789,12.3100004196167,15883900,12.3100004196167
8/9/2018,12.149999618530273,12.670000076293945,12.069999694824219,12.3100004196167,24290700,12.3100004196167
8/8/2018,12.829999923706055,12.84000015258789,12.039999961853027,12.229999542236328,61183600,12.229999542236328
8/7/2018,13.010000228881836,13.369999885559082,12.779999732971191,13.119999885559082,50202000,13.119999885559082
8/6/2018,12.729999542236328,13.130000114440918,12.710000038146973,13.050000190734863,17656600,13.050000190734863
8/3/2018,12.710000038146973,13.010000228881836,12.65999984741211,12.729999542236328,11512900,12.729999542236328
8/2/2018,12.3100004196167,12.75,12.180000305175781,12.699999809265137,11731900,12.699999809265137
8/1/2018,12.550000190734863,12.609000205993652,12.204999923706055,12.380000114440918,11228000,12.380000114440918
7/31/2018,12.260000228881836,12.574999809265137,12.149999618530273,12.5,14874500,12.5
7/30/2018,12.739999771118164,12.75,12,12.270000457763672,27156900,12.270000457763672
7/27/2018,13.140000343322754,13.180000305175781,12.520000457763672,12.829999923706055,28282700,12.829999923706055
7/26/2018,13.069999694824219,13.399999618530273,12.770000457763672,13.369999885559082,20037300,13.369999885559082
7/25/2018,13.319999694824219,13.4399995803833,13.15999984741211,13.390000343322754,16509100,13.390000343322754
7/24/2018,13.449999809265137,13.449999809265137,12.960000038146973,13.140000343322754,15870300,13.140000343322754
7/23/2018,13.199999809265137,13.40999984741211,13.109999656677246,13.390000343322754,8894500,13.390000343322754
7/20/2018,13.449999809265137,13.460000038146973,13.210000038146973,13.270000457763672,8760900,13.270000457763672
7/19/2018,13.300000190734863,13.609999656677246,13.289999961853027,13.430000305175781,13457800,13.430000305175781
7/18/2018,13.399999618530273,13.5,13.170000076293945,13.350000381469727,10726500,13.350000381469727
7/17/2018,12.949999809265137,13.539999961853027,12.90999984741211,13.420000076293945,16781300,13.420000076293945
7/16/2018,13.25,13.479999542236328,12.899999618530273,13.069999694824219,18175900,13.069999694824219
7/13/2018,13.600000381469727,13.6899995803833,13.300000190734863,13.359999656677246,12215800,13.359999656677246
7/12/2018,13.430000305175781,13.65999984741211,13.40999984741211,13.649999618530273,11784000,13.649999618530273
7/11/2018,13.100000381469727,13.420000076293945,13.050000190734863,13.399999618530273,10444600,13.399999618530273
7/10/2018,13.729999542236328,13.760000228881836,13.25,13.3100004196167,14821200,13.3100004196167
7/9/2018,13.65999984741211,14.135000228881836,13.239999771118164,13.649999618530273,28755400,13.649999618530273
7/6/2018,13.170000076293945,13.670000076293945,13.104999542236328,13.529999732971191,14925100,13.529999732971191
7/5/2018,13.130000114440918,13.21500015258789,12.850000381469727,13.210000038146973,14734700,13.210000038146973
7/3/2018,13.149999618530273,13.229999542236328,12.914999961853027,13.149999618530273,8219500,13.149999618530273
7/2/2018,13.050000190734863,13.229999542236328,13,13.149999618530273,10283800,13.149999618530273
6/29/2018,13.40999984741211,13.569999694824219,13.09000015258789,13.09000015258789,13972300,13.09000015258789
6/28/2018,12.800000190734863,13.40999984741211,12.800000190734863,13.399999618530273,18033100,13.399999618530273
6/27/2018,13.039999961853027,13.539999961853027,12.8100004196167,12.819999694824219,21567100,12.819999694824219
6/26/2018,13.109999656677246,13.220000267028809,12.930000305175781,13,12985400,13
6/25/2018,13.010000228881836,13.199999809265137,12.899999618530273,13.100000381469727,12363100,13.100000381469727
6/22/2018,13.25,13.300000190734863,12.9399995803833,13.199999809265137,13551700,13.199999809265137
6/21/2018,12.75,13.420000076293945,12.710000038146973,13.239999771118164,25279400,13.239999771118164
6/20/2018,12.850000381469727,13.09000015258789,12.6899995803833,12.800000190734863,32770600,12.800000190734863
6/19/2018,13.609999656677246,13.609999656677246,12.65999984741211,13.3100004196167,59696100,13.3100004196167
6/18/2018,14.039999961853027,14.470000267028809,13.680000305175781,14.050000190734863,34045600,14.050000190734863
6/15/2018,13.720000267028809,14.170000076293945,13.720000267028809,14.020000457763672,27423200,14.020000457763672
6/14/2018,13.710000038146973,13.989999771118164,13.630000114440918,13.869999885559082,30680700,13.869999885559082
6/13/2018,13.5600004196167,14.055000305175781,13.529999732971191,13.619999885559082,34414400,13.619999885559082
6/12/2018,13.210000038146973,13.949999809265137,13.140000343322754,13.420000076293945,38903700,13.420000076293945
6/11/2018,13.109999656677246,13.239999771118164,12.920000076293945,13.170000076293945,19680200,13.170000076293945
6/8/2018,12.5600004196167,13.350000381469727,12.420000076293945,13.079999923706055,34598300,13.079999923706055
6/7/2018,13.029999732971191,13.050000190734863,12.369999885559082,12.729999542236328,38066400,12.729999542236328
6/6/2018,13.329999923706055,13.649999618530273,12.899999618530273,13.130000114440918,49269000,13.130000114440918
6/5/2018,12.40999984741211,12.979999542236328,12.300000190734863,12.930000305175781,47019000,12.930000305175781
6/4/2018,11.8100004196167,12.399999618530273,11.699999809265137,12.319999694824219,50689600,12.319999694824219
6/1/2018,11.710000038146973,11.960000038146973,11.210000038146973,11.630000114440918,46870900,11.630000114440918
5/31/2018,11.170000076293945,11.789999961853027,11.109999656677246,11.390000343322754,62892100,11.390000343322754
5/30/2018,10.569999694824219,11.145000457763672,10.550000190734863,10.970000267028809,28700100,10.970000267028809
5/29/2018,10.680000305175781,10.699999809265137,10.520000457763672,10.550000190734863,11533800,10.550000190734863
5/25/2018,10.65999984741211,10.720000267028809,10.609999656677246,10.710000038146973,10501700,10.710000038146973
5/24/2018,10.630000114440918,10.680000305175781,10.510000228881836,10.600000381469727,13841000,10.600000381469727
5/23/2018,10.680000305175781,10.729999542236328,10.5600004196167,10.649999618530273,17000000,10.649999618530273
5/22/2018,10.789999961853027,10.829999923706055,10.699999809265137,10.739999771118164,13562200,10.739999771118164
5/21/2018,10.75,11.020000457763672,10.710000038146973,10.710000038146973,20462300,10.710000038146973
5/18/2018,10.5600004196167,10.859999656677246,10.520000457763672,10.579999923706055,18448400,10.579999923706055
5/17/2018,10.649999618530273,10.869999885559082,10.5,10.569999694824219,26982900,10.569999694824219
5/16/2018,10.600000381469727,10.75,10.550000190734863,10.579999923706055,19836000,10.579999923706055
5/15/2018,10.949999809265137,10.960000038146973,10.510000228881836,10.649999618530273,29277900,10.649999618530273
5/14/2018,11,11.050000190734863,10.850000381469727,10.979999542236328,19105800,10.979999542236328
5/11/2018,11,11.050000190734863,10.850000381469727,11.039999961853027,16929900,11.039999961853027
5/10/2018,11.010000228881836,11.180000305175781,10.930000305175781,11.010000228881836,19069100,11.010000228881836
5/9/2018,10.979999542236328,11.180000305175781,10.90999984741211,11.010000228881836,19856500,11.010000228881836
5/8/2018,10.949999809265137,11.430000305175781,10.75,10.970000267028809,35536400,10.970000267028809
5/7/2018,10.760000228881836,10.899999618530273,10.609999656677246,10.739999771118164,24743800,10.739999771118164
5/4/2018,10.859999656677246,10.930000305175781,10.569999694824219,10.789999961853027,39865000,10.789999961853027
5/3/2018,11.114999771118164,11.300000190734863,10.510000228881836,10.970000267028809,67507000,10.970000267028809
5/2/2018,11.300000190734863,11.699999809265137,10.960000038146973,11.029999732971191,159209400,11.029999732971191
5/1/2018,14.34000015258789,14.550000190734863,13.75,14.130000114440918,50003900,14.130000114440918
4/30/2018,14.359999656677246,14.4399995803833,14.09000015258789,14.329999923706055,21573800,14.329999923706055
4/27/2018,14.75,14.819999694824219,14.15999984741211,14.229999542236328,21763100,14.229999542236328
4/26/2018,14.880000114440918,15.140000343322754,14.479999542236328,14.699999809265137,22736800,14.699999809265137
4/25/2018,15.619999885559082,15.670000076293945,14.15999984741211,14.539999961853027,46584500,14.539999961853027
4/24/2018,15.510000228881836,15.956999778747559,15.399999618530273,15.630000114440918,19801800,15.630000114440918
4/23/2018,15.350000381469727,15.600000381469727,15.199999809265137,15.539999961853027,19132800,15.539999961853027
4/20/2018,15,15.420000076293945,14.9399995803833,15.199999809265137,20481300,15.199999809265137
4/19/2018,14.649999618530273,15.039999961853027,14.579999923706055,14.84000015258789,12387300,14.84000015258789
4/18/2018,14.850000381469727,14.880000114440918,14.539999961853027,14.649999618530273,9877800,14.649999618530273
4/17/2018,14.630000114440918,14.979999542236328,14.569999694824219,14.880000114440918,14023200,14.880000114440918
4/16/2018,14.859999656677246,14.890000343322754,14.460000038146973,14.579999923706055,11767600,14.579999923706055
4/13/2018,14.949999809265137,15.119999885559082,14.359999656677246,14.880000114440918,18063600,14.880000114440918
4/12/2018,15.239999771118164,15.5,14.770000457763672,14.920000076293945,21276200,14.920000076293945
4/11/2018,14.4399995803833,14.979999542236328,14.420000076293945,14.800000190734863,17711200,14.800000190734863
4/10/2018,14.289999961853027,14.579999923706055,14.180000305175781,14.479999542236328,16189200,14.479999542236328
4/9/2018,14.279999732971191,14.470000267028809,14.039999961853027,14.149999618530273,12383900,14.149999618530273
4/6/2018,14.350000381469727,14.569999694824219,13.979999542236328,14.25,13533900,14.25
4/5/2018,14.699999809265137,14.960000038146973,14.194999694824219,14.390000343322754,17015400,14.390000343322754
4/4/2018,13.6899995803833,14.779999732971191,13.619999885559082,14.59000015258789,20131800,14.59000015258789
4/3/2018,15.670000076293945,15.670000076293945,13.800000190734863,14.079999923706055,33231800,14.079999923706055
4/2/2018,15.670000076293945,15.729999542236328,14.449999809265137,14.460000038146973,30892600,14.460000038146973
3/29/2018,15.9399995803833,16.1200008392334,15.649999618530273,15.869999885559082,15434500,15.869999885559082
3/28/2018,16.030000686645508,16.079999923706055,15.550000190734863,15.949999809265137,20652700,15.949999809265137
3/27/2018,16.260000228881836,16.75,16.059999465942383,16.200000762939453,24737600,16.200000762939453
3/26/2018,16.450000762939453,16.549999237060547,15.899999618530273,16.25,13650300,16.25
3/23/2018,16.670000076293945,16.719999313354492,16.1299991607666,16.360000610351562,16428000,16.360000610351562
3/22/2018,16.31999969482422,16.850000381469727,16.139999389648438,16.56999969482422,20098600,16.56999969482422
3/21/2018,16.170000076293945,16.864999771118164,16.1200008392334,16.56999969482422,22924100,16.56999969482422
3/20/2018,16.399999618530273,16.479999542236328,15.619999885559082,16,27101500,16
3/19/2018,17.010000228881836,17.100000381469727,16.110000610351562,16.420000076293945,24708700,16.420000076293945
3/16/2018,17.200000762939453,17.238000869750977,16.790000915527344,17.010000228881836,22292200,17.010000228881836
3/15/2018,17.860000610351562,17.8799991607666,16.90999984741211,17.200000762939453,21688200,17.200000762939453
3/14/2018,17.520000457763672,17.969999313354492,17.489999771118164,17.850000381469727,14665400,17.850000381469727
3/13/2018,18.100000381469727,18.229999542236328,17.219999313354492,17.510000228881836,17667500,17.510000228881836
3/12/2018,17.829999923706055,18.350000381469727,17.780000686645508,18.110000610351562,17055800,18.110000610351562
3/9/2018,17.979999542236328,18.1200008392334,17.559999465942383,17.8799991607666,18176000,17.8799991607666
3/8/2018,18.079999923706055,18.260000228881836,17.530000686645508,17.649999618530273,19249500,17.649999618530273
3/7/2018,17.850000381469727,18.510000228881836,17.809999465942383,18.020000457763672,27119100,18.020000457763672
3/6/2018,18.290000915527344,18.399999618530273,17.940000534057617,18.010000228881836,18427300,18.010000228881836
3/5/2018,17.81999969482422,18.420000076293945,17.579999923706055,18.25,22898500,18.25
3/2/2018,16.829999923706055,18.079999923706055,16.729999542236328,18.010000228881836,31631400,18.010000228881836
3/1/2018,17.5,17.6299991607666,16.655000686645508,17.209999084472656,25979100,17.209999084472656
2/28/2018,16.770000457763672,17.649999618530273,16.700000762939453,17.31999969482422,34520700,17.31999969482422
2/27/2018,17.059999465942383,17.450000762939453,16.309999465942383,16.31999969482422,30022400,16.31999969482422
2/26/2018,17.450000762939453,17.59000015258789,17,17.09000015258789,26423200,17.09000015258789
2/23/2018,17.600000381469727,17.940000534057617,17.329999923706055,17.450000762939453,24231400,17.450000762939453
2/22/2018,18.479999542236328,18.530000686645508,17.049999237060547,17.510000228881836,51776400,17.510000228881836
2/21/2018,18.899999618530273,19.190000534057617,18.3799991607666,18.639999389648438,31691300,18.639999389648438
2/20/2018,19.309999465942383,19.799999237060547,18.56999969482422,18.93000030517578,42723100,18.93000030517578
2/16/2018,19.84000015258789,20.75,19.75,20.420000076293945,33917700,20.420000076293945
2/15/2018,19.65999984741211,20.56999969482422,19.579999923706055,19.75,40746100,19.75
2/14/2018,18.350000381469727,19.850000381469727,18.209999084472656,19.559999465942383,38743300,19.559999465942383
2/13/2018,18.389999389648438,19.110000610351562,18.325000762939453,18.579999923706055,28873300,18.579999923706055
2/12/2018,18.84000015258789,19.3799991607666,18.520000457763672,18.6299991607666,30537300,18.6299991607666
2/9/2018,19.06999969482422,19.648000717163086,18.1200008392334,18.799999237060547,50072800,18.799999237060547
2/8/2018,20.739999771118164,20.899999618530273,18.690000534057617,19.389999389648438,119751700,19.389999389648438
2/7/2018,17.149999618530273,21.219999313354492,16.959999084472656,20.75,232325100,20.75
2/6/2018,13.5,14.199999809265137,13.470000267028809,14.0600004196167,45110200,14.0600004196167
2/5/2018,13.350000381469727,14.029999732971191,13.319999694824219,13.850000381469727,20637700,13.850000381469727
2/2/2018,13.59000015258789,13.890000343322754,13.510000228881836,13.710000038146973,18123300,13.710000038146973
2/1/2018,13.430000305175781,14,13.399999618530273,13.920000076293945,13306000,13.920000076293945
1/31/2018,13.3100004196167,13.619999885559082,13.260000228881836,13.520000457763672,13587000,13.520000457763672
1/30/2018,13.300000190734863,13.399999618530273,13.149999618530273,13.260000228881836,12413600,13.260000228881836
1/29/2018,13.539999961853027,13.670000076293945,13.371000289916992,13.470000267028809,13584200,13.470000267028809
1/26/2018,13.75,13.789999961853027,13.430000305175781,13.5600004196167,17366200,13.5600004196167
1/25/2018,14.279999732971191,14.300000190734863,13.699999809265137,13.710000038146973,23551600,13.710000038146973
1/24/2018,14.3100004196167,14.770000457763672,14.279999732971191,14.4399995803833,11979600,14.4399995803833
1/23/2018,14.1899995803833,14.670000076293945,14.130000114440918,14.25,13418800,14.25
1/22/2018,13.920000076293945,14.199999809265137,13.670000076293945,14.170000076293945,12479700,14.170000076293945
1/19/2018,14.010000228881836,14.239999771118164,13.819999694824219,14.039999961853027,16123900,14.039999961853027
1/18/2018,13.65999984741211,14.020000457763672,13.619999885559082,14.010000228881836,16316900,14.010000228881836
1/17/2018,13.609999656677246,13.819999694824219,13.350000381469727,13.520000457763672,14570600,13.520000457763672
1/16/2018,14.109999656677246,14.109999656677246,13.399999618530273,13.5,26654400,13.5
1/12/2018,14.170000076293945,14.319999694824219,13.920000076293945,14.109999656677246,21011300,14.109999656677246
1/11/2018,14.579999923706055,14.930000305175781,14.479999542236328,14.600000381469727,12497500,14.600000381469727
1/10/2018,14.069999694824219,14.670000076293945,13.920999526977539,14.649999618530273,14725800,14.649999618530273
1/9/2018,14.149999618530273,14.279999732971191,14.010000228881836,14.100000381469727,14929100,14.100000381469727
1/8/2018,14.210000038146973,14.279999732971191,13.579999923706055,14.0600004196167,27033600,14.0600004196167
1/5/2018,14.510000228881836,14.75,14.380000114440918,14.5,18828000,14.5
1/4/2018,14.760000228881836,15,14.27400016784668,14.59000015258789,27232000,14.59000015258789
1/3/2018,15,15.380000114440918,14.720000267028809,15.3100004196167,15921400,15.3100004196167
1/2/2018,14.6899995803833,15.010000228881836,14.609999656677246,14.949999809265137,9971000,14.949999809265137
12/29/2017,14.84000015258789,14.890000343322754,14.550000190734863,14.609999656677246,9518400,14.609999656677246
12/28/2017,14.819999694824219,15.0649995803833,14.770000457763672,14.850000381469727,8072900,14.850000381469727
12/27/2017,14.829999923706055,15.050000190734863,14.829999923706055,14.84000015258789,6726200,14.84000015258789
12/26/2017,15.020000457763672,15.130000114440918,14.84000015258789,15.010000228881836,6755300,15.010000228881836
12/22/2017,15.050000190734863,15.380000114440918,14.920000076293945,15.149999618530273,12087100,15.149999618530273
12/21/2017,15.329999923706055,15.680000305175781,15.199999809265137,15.369999885559082,12107100,15.369999885559082
12/20/2017,15.6899995803833,15.890000343322754,15.470000267028809,15.5,10167300,15.5
12/19/2017,15.90999984741211,16.040000915527344,15.649999618530273,15.770000457763672,12419200,15.770000457763672
12/18/2017,15.949999809265137,16.3700008392334,15.934000015258789,16.100000381469727,20227800,16.100000381469727
12/15/2017,16,16.040000915527344,15.630000114440918,15.75,19450400,15.75
12/14/2017,15.920000076293945,16.450000762939453,15.760000228881836,16.040000915527344,24942500,16.040000915527344
12/13/2017,15.800000190734863,16.18000030517578,15.789999961853027,15.960000038146973,14183700,15.960000038146973
12/12/2017,16,16.1200008392334,15.529999732971191,15.930000305175781,22254300,15.930000305175781
12/11/2017,15.4350004196167,16.30500030517578,15.069999694824219,16.219999313354492,34900100,16.219999313354492
12/8/2017,14.640000343322754,15.140000343322754,14.59000015258789,15.069999694824219,20226100,15.069999694824219
12/7/2017,14.649999618530273,14.770000457763672,14.279999732971191,14.699999809265137,16367100,14.699999809265137
12/6/2017,14.579999923706055,15.050000190734863,14.359999656677246,14.600000381469727,25883100,14.600000381469727
12/5/2017,14.89900016784668,15.100000381469727,14.020000457763672,14.9399995803833,51515800,14.9399995803833
12/4/2017,13.949999809265137,14,13.085000038146973,13.569999694824219,28799200,13.569999694824219
12/1/2017,13.670000076293945,13.899999618530273,13.40999984741211,13.869999885559082,19266900,13.869999885559082
11/30/2017,13.40999984741211,14,13.359999656677246,13.779999732971191,26855000,13.779999732971191
11/29/2017,13.539999961853027,13.989999771118164,13.25100040435791,13.699999809265137,30098500,13.699999809265137
11/28/2017,13.369999885559082,13.739999771118164,13.020000457763672,13.609999656677246,23774100,13.609999656677246
11/27/2017,12.869999885559082,13.380000114440918,12.859999656677246,13.0600004196167,19341800,13.0600004196167
11/24/2017,12.670000076293945,13.020000457763672,12.670000076293945,12.970000267028809,12772800,12.970000267028809
11/22/2017,12.350000381469727,12.640000343322754,12.350000381469727,12.619999885559082,14022100,12.619999885559082
11/21/2017,12.520000457763672,12.59000015258789,12.319999694824219,12.34000015258789,19010300,12.34000015258789
11/20/2017,13.100000381469727,13.109999656677246,12.289999961853027,12.40999984741211,30676100,12.40999984741211
11/17/2017,12.600000381469727,13.010000228881836,12.510000228881836,12.989999771118164,17563800,12.989999771118164
11/16/2017,12.5,12.680000305175781,12.380000114440918,12.5600004196167,15701700,12.5600004196167
11/15/2017,12.319999694824219,12.75,12.170000076293945,12.460000038146973,14410400,12.460000038146973
11/14/2017,12.40999984741211,12.699999809265137,12.25,12.569999694824219,13962600,12.569999694824219
11/13/2017,12.829999923706055,12.949999809265137,12.350000381469727,12.399999618530273,18950200,12.399999618530273
11/10/2017,12.5,12.84000015258789,12.3100004196167,12.760000228881836,32141000,12.760000228881836
11/9/2017,12.640000343322754,12.739999771118164,12.229999542236328,12.380000114440918,51695800,12.380000114440918
11/8/2017,13.470000267028809,14.09000015258789,12.100000381469727,12.90999984741211,162744700,12.90999984741211
11/7/2017,14.869999885559082,15.529999732971191,14.729999542236328,15.119999885559082,40978300,15.119999885559082
11/6/2017,15.1899995803833,15.289999961853027,14.800000190734863,14.829999923706055,17610900,14.829999923706055
11/3/2017,14.640000343322754,15.279999732971191,14.600000381469727,15.270000457763672,12784400,15.270000457763672
11/2/2017,14.449999809265137,14.869999885559082,14.399999618530273,14.550000190734863,11810500,14.550000190734863
11/1/2017,15.449999809265137,15.520000457763672,14.390000343322754,14.510000228881836,20443800,14.510000228881836
10/31/2017,15.649999618530273,15.729999542236328,15.170000076293945,15.34000015258789,13008900,15.34000015258789
10/30/2017,15.130000114440918,16.270000457763672,15.050000190734863,15.680000305175781,23657800,15.680000305175781
10/27/2017,14.270000457763672,15.479999542236328,14.220000267028809,15.4399995803833,23767600,15.4399995803833
10/26/2017,14.350000381469727,14.760000228881836,14.109999656677246,14.390000343322754,17071200,14.390000343322754
10/25/2017,14.699999809265137,14.930000305175781,13.960000038146973,14.15999984741211,22943900,14.15999984741211
10/24/2017,14.869999885559082,15.079999923706055,14.579999923706055,14.59000015258789,15448300,14.59000015258789
10/23/2017,15.579999923706055,15.6899995803833,14.890000343322754,14.970000267028809,19585400,14.970000267028809
10/20/2017,15.390000343322754,15.569999694824219,15.210000038146973,15.5600004196167,12877000,15.5600004196167
10/19/2017,15.470000267028809,15.59000015258789,15.180000305175781,15.25,19244600,15.25
10/18/2017,16.299999237060547,16.349000930786133,15.6899995803833,15.75,18282200,15.75
10/17/2017,16.290000915527344,16.610000610351562,16.049999237060547,16.09000015258789,15091000,16.09000015258789
10/16/2017,16.68000030517578,16.729999542236328,15.90999984741211,16.06999969482422,20894900,16.06999969482422
10/13/2017,16.479999542236328,16.8799991607666,16.219999313354492,16.5,24513400,16.5
10/12/2017,16.06999969482422,16.860000610351562,15.819999694824219,16.549999237060547,63193100,16.549999237060547
10/11/2017,14.640000343322754,15.979999542236328,14.46500015258789,15.979999542236328,40908100,15.979999542236328
10/10/2017,14.710000038146973,14.869999885559082,14.319999694824219,14.34000015258789,13775100,14.34000015258789
10/9/2017,14.8100004196167,14.920000076293945,14.670000076293945,14.710000038146973,9183300,14.710000038146973
10/6/2017,14.380000114440918,14.84000015258789,14.319999694824219,14.789999961853027,11941100,14.789999961853027
10/5/2017,14.300000190734863,14.5600004196167,14.100000381469727,14.479999542236328,13162700,14.479999542236328
10/4/2017,14.84000015258789,14.899999618530273,14.350000381469727,14.529999732971191,15687500,14.529999732971191
10/3/2017,14.869999885559082,15.100000381469727,14.59000015258789,14.640000343322754,16753800,14.640000343322754
10/2/2017,14.600000381469727,15.039999961853027,14.404999732971191,14.880000114440918,21212100,14.880000114440918
9/29/2017,14.430000305175781,14.699999809265137,14.300000190734863,14.539999961853027,20577700,14.539999961853027
9/28/2017,14.199999809265137,14.59000015258789,13.970000267028809,14.449999809265137,17561100,14.449999809265137
9/27/2017,14,14.25,13.824999809265137,14.119999885559082,16667600,14.119999885559082
9/26/2017,13.329999923706055,13.979999542236328,13.300000190734863,13.90999984741211,20062300,13.90999984741211
9/25/2017,13.5,13.510000228881836,13.069999694824219,13.220000267028809,18483900,13.220000267028809
9/22/2017,13.720000267028809,13.920000076293945,13.619999885559082,13.699999809265137,12309800,13.699999809265137
9/21/2017,13.989999771118164,14.109999656677246,13.510000228881836,13.770000457763672,25231700,13.770000457763672
9/20/2017,14.680000305175781,14.699999809265137,14.050000190734863,14.15999984741211,24856600,14.15999984741211
9/19/2017,14.899999618530273,14.899999618530273,14.460000038146973,14.720000267028809,23447100,14.720000267028809
9/18/2017,15.319999694824219,15.329999923706055,14.8100004196167,14.920000076293945,20935100,14.920000076293945
9/15/2017,14.989999771118164,15.3100004196167,14.930000305175781,15.25,34145900,15.25
9/14/2017,14.949999809265137,15.180000305175781,14.819999694824219,14.90999984741211,16333700,14.90999984741211
9/13/2017,15.199999809265137,15.329999923706055,14.854999542236328,15.029999732971191,24125700,15.029999732971191
9/12/2017,15.25,15.75,15.010000228881836,15.130000114440918,48940500,15.130000114440918
9/11/2017,15.25,15.569999694824219,14.888999938964844,15.270000457763672,32998900,15.270000457763672
9/8/2017,15.170000076293945,15.800000190734863,15.100000381469727,15.34000015258789,36588500,15.34000015258789
9/7/2017,14.430000305175781,15.579999923706055,14.399999618530273,15.149999618530273,45555400,15.149999618530273
9/6/2017,14.420000076293945,14.539999961853027,14.170000076293945,14.5,23117200,14.5
9/5/2017,14.279999732971191,14.569999694824219,14.079999923706055,14.489999771118164,21338900,14.489999771118164
9/1/2017,14.5,14.5,14.010000228881836,14.270000457763672,26055700,14.270000457763672
8/31/2017,14.979999542236328,15.050000190734863,14.510000228881836,14.510000228881836,23084700,14.510000228881836
8/30/2017,14.920000076293945,15.109999656677246,14.760000228881836,14.960000038146973,22479200,14.960000038146973
8/29/2017,15.050000190734863,15.3100004196167,14.880000114440918,14.989999771118164,20725600,14.989999771118164
8/28/2017,14.800000190734863,15.260000228881836,14.770000457763672,15.1899995803833,28019000,15.1899995803833
8/25/2017,14.619999885559082,14.850000381469727,14.449999809265137,14.779999732971191,23066800,14.779999732971191
8/24/2017,15.239999771118164,15.34000015258789,14.430000305175781,14.529999732971191,30674600,14.529999732971191
8/23/2017,14.550000190734863,15.130000114440918,14.380000114440918,15.09000015258789,65743100,15.09000015258789
8/22/2017,13.850000381469727,14.5600004196167,13.8100004196167,14.529999732971191,38183000,14.529999732971191
8/21/2017,14.270000457763672,14.59000015258789,13.350000381469727,13.579999923706055,44263500,13.579999923706055
8/18/2017,13.300000190734863,14.25,13.260000228881836,14.010000228881836,46204700,14.010000228881836
8/17/2017,12.949999809265137,13.5,12.949999809265137,13.350000381469727,36194300,13.350000381469727
8/16/2017,12.5,13.25,12.479999542236328,13.119999885559082,33264900,13.119999885559082
8/15/2017,13.050000190734863,13.300000190734863,12.65999984741211,12.739999771118164,43528300,12.739999771118164
8/14/2017,11.489999771118164,13.140000343322754,11.279999732971191,12.600000381469727,84794900,12.600000381469727
8/11/2017,12,12.34000015258789,11.770000457763672,11.829999923706055,83853200,11.829999923706055
8/10/2017,13.579999923706055,13.961999893188477,13.260000228881836,13.770000457763672,57716500,13.770000457763672
8/9/2017,12.960000038146973,13.649999618530273,12.779999732971191,13.5600004196167,26831900,13.5600004196167
8/8/2017,13.279999732971191,13.289999961853027,12.819999694824219,13.020000457763672,30037600,13.020000457763672
8/7/2017,13.859999656677246,14.0600004196167,13.239999771118164,13.390000343322754,34037700,13.390000343322754
8/4/2017,13.170000076293945,13.699999809265137,12.829999923706055,13.520000457763672,53080700,13.520000457763672
8/3/2017,12.649999618530273,13.149999618530273,11.904999732971191,12.930000305175781,61533500,12.930000305175781
8/2/2017,13.220000267028809,13.25,12.520000457763672,12.649999618530273,25294700,12.649999618530273
8/1/2017,13.770000457763672,13.774999618530273,13.069999694824219,13.100000381469727,27629900,13.100000381469727
7/31/2017,13.420000076293945,13.979999542236328,13.100000381469727,13.670000076293945,48964600,13.670000076293945
7/28/2017,13.899999618530273,14.029999732971191,13.5,13.8100004196167,16735500,13.8100004196167
7/27/2017,13.149999618530273,14.100000381469727,13.140000343322754,14,27167900,14
7/26/2017,13.739999771118164,13.819999694824219,13.399999618530273,13.399999618530273,21614400,13.399999618530273
7/25/2017,14.0600004196167,14.109999656677246,13.649999618530273,13.890000343322754,15148900,13.890000343322754
7/24/2017,14.449999809265137,14.479999542236328,14.020000457763672,14.079999923706055,14763800,14.079999923706055
7/21/2017,14.800000190734863,14.84000015258789,14.34000015258789,14.479999542236328,14252700,14.479999542236328
7/20/2017,15.050000190734863,15.140000343322754,14.720000267028809,14.890000343322754,11870200,14.890000343322754
7/19/2017,14.859999656677246,15.239999771118164,14.800000190734863,14.970000267028809,14394600,14.970000267028809
7/18/2017,15.170000076293945,15.25,14.630000114440918,14.729999542236328,19934000,14.729999542236328
7/17/2017,15.300000190734863,15.430000305175781,15.119999885559082,15.130000114440918,13289600,15.130000114440918
7/14/2017,15.4399995803833,15.59000015258789,15.265000343322754,15.270000457763672,14645600,15.270000457763672
7/13/2017,15.779999732971191,15.970000267028809,15.5600004196167,15.6899995803833,21598400,15.6899995803833
7/12/2017,15.539999961853027,15.75,15.210000038146973,15.239999771118164,19528400,15.239999771118164
7/11/2017,16.329999923706055,16.360000610351562,15.4399995803833,15.470000267028809,41936300,15.470000267028809
7/10/2017,17.15999984741211,17.209999084472656,16.950000762939453,16.989999771118164,8566600,16.989999771118164
7/7/2017,17.329999923706055,17.3799991607666,17.149999618530273,17.18000030517578,4546700,17.18000030517578
7/6/2017,17.25,17.3799991607666,17.235000610351562,17.309999465942383,6191800,17.309999465942383
7/5/2017,17.56999969482422,17.59000015258789,17.219999313354492,17.31999969482422,6042600,17.31999969482422
7/3/2017,17.90999984741211,17.920000076293945,17.450000762939453,17.59000015258789,3285700,17.59000015258789
6/30/2017,18.030000686645508,18.079999923706055,17.6200008392334,17.770000457763672,5993800,17.770000457763672
6/29/2017,17.690000534057617,18.1299991607666,17.670000076293945,17.889999389648438,12193900,17.889999389648438
6/28/2017,17.34000015258789,17.780000686645508,17.329999923706055,17.760000228881836,10457000,17.760000228881836
6/27/2017,17.209999084472656,17.479999542236328,17.200000762939453,17.34000015258789,7718600,17.34000015258789
6/26/2017,17.700000762939453,17.729999542236328,17.229999542236328,17.290000915527344,9873300,17.290000915527344
6/23/2017,17.81999969482422,17.81999969482422,17.469999313354492,17.540000915527344,7083600,17.540000915527344
6/22/2017,17.450000762939453,17.799999237060547,17.209999084472656,17.639999389648438,9873500,17.639999389648438
6/21/2017,17.270000457763672,17.43000030517578,17.1299991607666,17.270000457763672,8711500,17.270000457763672
6/20/2017,17.81999969482422,17.889999389648438,17.229999542236328,17.309999465942383,13961000,17.309999465942383
6/19/2017,17.850000381469727,18.34000015258789,17.030000686645508,17.8799991607666,28862700,17.8799991607666
6/16/2017,17.139999389648438,17.8799991607666,17,17.540000915527344,18955700,17.540000915527344
6/15/2017,17.719999313354492,17.75,17,17,22971200,17
6/14/2017,18.25,18.290000915527344,17.760000228881836,17.8799991607666,9455200,17.8799991607666
6/13/2017,18.3799991607666,18.579999923706055,18.079999923706055,18.100000381469727,11899200,18.100000381469727
6/12/2017,18.049999237060547,18.200000762939453,17.559999465942383,18.200000762939453,16172900,18.200000762939453
6/9/2017,18.40999984741211,18.459999084472656,17.8799991607666,18.079999923706055,31118900,18.079999923706055
6/8/2017,19.399999618530273,19.399999618530273,18.18000030517578,18.850000381469727,32281200,18.850000381469727
6/7/2017,20.3700008392334,20.48900032043457,19.450000762939453,19.559999465942383,16977000,19.559999465942383
6/6/2017,20.219999313354492,20.440000534057617,20.1299991607666,20.360000610351562,6666400,20.360000610351562
6/5/2017,20.520000457763672,20.889999389648438,20.139999389648438,20.209999084472656,15225100,20.209999084472656
6/2/2017,21.34000015258789,21.450000762939453,21,21.09000015258789,9595400,21.09000015258789
6/1/2017,21.31999969482422,21.450000762939453,21.190000534057617,21.34000015258789,7146500,21.34000015258789
5/31/2017,21.5,21.75,21.0939998626709,21.209999084472656,9507200,21.209999084472656
5/30/2017,21.299999237060547,21.579999923706055,21.010000228881836,21.450000762939453,9509400,21.450000762939453
5/26/2017,21.65999984741211,21.700000762939453,21.06999969482422,21.219999313354492,13374000,21.219999313354492
5/25/2017,20.15999984741211,21.940000534057617,20.110000610351562,21.93000030517578,24326000,21.93000030517578
5/24/2017,20.200000762939453,20.6200008392334,20,20.530000686645508,13659900,20.530000686645508
5/23/2017,20.139999389648438,20.299999237060547,19.899999618530273,20.030000686645508,8239200,20.030000686645508
5/22/2017,20.139999389648438,20.34000015258789,20.010000228881836,20.079999923706055,9151900,20.079999923706055
5/19/2017,20.420000076293945,20.639999389648438,19.93000030517578,20,18960700,20
5/18/2017,19.860000610351562,20.579999923706055,19.860000610351562,20.270000457763672,16005000,20.270000457763672
5/17/2017,20.559999465942383,20.59000015258789,19.690000534057617,19.899999618530273,29254500,19.899999618530273
5/16/2017,20.540000915527344,20.8799991607666,20.149999618530273,20.780000686645508,41017400,20.780000686645508
5/15/2017,19.56999969482422,20.950000762939453,19.489999771118164,20.739999771118164,69830000,20.739999771118164
5/12/2017,18.440000534057617,19.479999542236328,18.15999984741211,19.139999389648438,68971000,19.139999389648438
5/11/2017,17.959999084472656,18.899999618530273,17.59000015258789,18.049999237060547,131859500,18.049999237060547
5/10/2017,23.110000610351562,23.31999969482422,22.8700008392334,22.979999542236328,47513200,22.979999542236328
5/9/2017,22.700000762939453,23.440000534057617,22.674999237060547,23.31999969482422,17935000,23.31999969482422
5/8/2017,23.170000076293945,23.56999969482422,22.225000381469727,22.459999084472656,18088000,22.459999084472656
5/5/2017,23.079999923706055,23.25,22.510000228881836,23.190000534057617,12833900,23.190000534057617
5/4/2017,22.18000030517578,23.219999313354492,21.899999618530273,22.59000015258789,19005400,22.59000015258789
5/3/2017,21.799999237060547,22.209999084472656,21.632999420166016,21.81999969482422,7074300,21.81999969482422
5/2/2017,22.3700008392334,22.3700008392334,21.75,21.989999771118164,8135900,21.989999771118164
5/1/2017,22.65999984741211,22.84000015258789,22.110000610351562,22.209999084472656,7959300,22.209999084472656
4/28/2017,22.049999237060547,22.59000015258789,22.010000228881836,22.549999237060547,8994000,22.549999237060547
4/27/2017,21.579999923706055,22.1200008392334,21.579999923706055,22.010000228881836,10764400,22.010000228881836
4/26/2017,21.25,21.649999618530273,21.079999923706055,21.579999923706055,10141300,21.579999923706055
4/25/2017,21.079999923706055,21.399999618530273,20.559999465942383,21.34000015258789,9588000,21.34000015258789
4/24/2017,21.200000762939453,21.299999237060547,21.010000228881836,21.200000762939453,5928200,21.200000762939453
4/21/2017,21.3700008392334,21.489999771118164,20.709999084472656,20.93000030517578,7724300,20.93000030517578
4/20/2017,20.6299991607666,21.260000228881836,20.6200008392334,21.149999618530273,10025600,21.149999618530273
4/19/2017,20.5,20.90999984741211,20.40999984741211,20.6200008392334,8737800,20.6200008392334
4/18/2017,19.829999923706055,20.889999389648438,19.729999542236328,20.549999237060547,15974700,20.549999237060547
4/17/2017,20.09000015258789,20.209999084472656,19.799999237060547,19.940000534057617,11714700,19.940000534057617
4/13/2017,20.200000762939453,20.3700008392334,19.809999465942383,20.190000534057617,13600400,20.190000534057617
4/12/2017,20.700000762939453,20.829999923706055,20.18000030517578,20.219999313354492,9362600,20.219999313354492
4/11/2017,21.010000228881836,21.200000762939453,20.34000015258789,20.700000762939453,13310700,20.700000762939453
4/10/2017,21.09000015258789,21.270000457763672,20.700000762939453,20.969999313354492,8629800,20.969999313354492
4/7/2017,20.68000030517578,21.079999923706055,20.600000381469727,20.81999969482422,10580900,20.81999969482422
4/6/2017,20.760000228881836,20.760000228881836,20.030000686645508,20.56999969482422,21933900,20.56999969482422
4/5/2017,22.149999618530273,22.219999313354492,20.670000076293945,20.700000762939453,26099300,20.700000762939453
4/4/2017,22.209999084472656,22.670000076293945,21.8799991607666,22.139999389648438,16313500,22.139999389648438
4/3/2017,22.700000762939453,22.899999618530273,22.110000610351562,22.350000381469727,12521300,22.350000381469727
3/31/2017,22.049999237060547,22.6200008392334,22,22.530000686645508,15087100,22.530000686645508
3/30/2017,22.549999237060547,22.850000381469727,22,22.229999542236328,17094300,22.229999542236328
3/29/2017,21.770000457763672,22.709999084472656,21.329999923706055,22.549999237060547,31475600,22.549999237060547
3/28/2017,23.309999465942383,23.360000610351562,22.170000076293945,22.209999084472656,49889900,22.209999084472656
3/27/2017,23.09000015258789,24.399999618530273,22.600000381469727,23.829999923706055,48398200,23.829999923706055
3/24/2017,23.049999237060547,23.100000381469727,22.34000015258789,22.739999771118164,17263200,22.739999771118164
3/23/2017,22.690000534057617,23.299999237060547,22.219999313354492,23.1299991607666,40645400,23.1299991607666
3/22/2017,20.649999618530273,22.25,20.520000457763672,21.81999969482422,47599300,21.81999969482422
3/21/2017,20.040000915527344,20.540000915527344,19.549999237060547,20.3799991607666,19801500,20.3799991607666
3/20/2017,19.940000534057617,20.43000030517578,19.719999313354492,19.93000030517578,21016000,19.93000030517578
3/17/2017,19.799999237060547,19.850000381469727,18.899999618530273,19.540000915527344,34252000,19.540000915527344
3/16/2017,20.649999618530273,20.690000534057617,19.75,19.889999389648438,25630200,19.889999389648438
3/15/2017,20.079999923706055,21.399999618530273,20.049999237060547,20.770000457763672,24985900,20.770000457763672
3/14/2017,20.899999618530273,20.979999542236328,20.149999618530273,20.579999923706055,20033200,20.579999923706055
3/13/2017,22.049999237060547,22.149999618530273,20.959999084472656,21.09000015258789,20605900,21.09000015258789
3/10/2017,23.360000610351562,23.399999618530273,22,22.06999969482422,18337600,22.06999969482422
3/9/2017,23.170000076293945,23.68000030517578,22.510000228881836,22.709999084472656,25803200,22.709999084472656
3/8/2017,22.030000686645508,23.43000030517578,21.309999465942383,22.809999465942383,49819100,22.809999465942383
3/7/2017,22.209999084472656,22.5,20.639999389648438,21.440000534057617,71857800,21.440000534057617
3/6/2017,28.170000076293945,28.25,23.770000457763672,23.770000457763672,72903000,23.770000457763672
3/3/2017,26.389999389648438,29.440000534057617,26.059999465942383,27.09000015258789,148166400,27.09000015258789
3/2/2017,24,26.049999237060547,23.5,24.479999542236328,217048900,24.479999542236328
