4/22/2019,21.6200008392334,21.84000015258789,21.530000686645508,21.649999618530273,431100,21.649999618530273
4/18/2019,21.43000030517578,21.799999237060547,21.350000381469727,21.6200008392334,475100,21.6200008392334
4/17/2019,21.520000457763672,21.700000762939453,21.25,21.350000381469727,450300,21.350000381469727
4/16/2019,20.43000030517578,21.350000381469727,20.34000015258789,21.31999969482422,653900,21.31999969482422
4/15/2019,21.229999542236328,21.469999313354492,20.760000228881836,20.829999923706055,361600,20.829999923706055
4/12/2019,21.440000534057617,21.670000076293945,21.25,21.290000915527344,429400,21.290000915527344
4/11/2019,21.079999923706055,21.385000228881836,21.030000686645508,21.290000915527344,928600,21.290000915527344
4/10/2019,21.350000381469727,21.459999084472656,20.989999771118164,21.040000915527344,454100,21.040000915527344
4/9/2019,21.329999923706055,21.459999084472656,21.239999771118164,21.34000015258789,400800,21.34000015258789
4/8/2019,21.299999237060547,21.559999465942383,21.239999771118164,21.469999313354492,544200,21.469999313354492
4/5/2019,21.34000015258789,21.639999389648438,21.34000015258789,21.440000534057617,603200,21.440000534057617
4/4/2019,21.1299991607666,21.53700065612793,21.1299991607666,21.360000610351562,416000,21.360000610351562
4/3/2019,21.190000534057617,21.540000915527344,21.020000457763672,21.110000610351562,398400,21.110000610351562
4/2/2019,21.280000686645508,21.450000762939453,21.06999969482422,21.100000381469727,527600,21.100000381469727
4/1/2019,21.299999237060547,21.489999771118164,21.229999542236328,21.34000015258789,493000,21.34000015258789
3/29/2019,21.40999984741211,21.469999313354492,20.969999313354492,21.049999237060547,519800,21.049999237060547
3/28/2019,20.920000076293945,21.31999969482422,20.920000076293945,21.219999313354492,339700,21.219999313354492
3/27/2019,20.81999969482422,21.139999389648438,20.68000030517578,20.940000534057617,781700,20.940000534057617
3/26/2019,20.40999984741211,20.94499969482422,20.399999618530273,20.809999465942383,974900,20.809999465942383
3/25/2019,20.299999237060547,20.530000686645508,20.020000457763672,20.219999313354492,1089800,20.219999313354492
3/22/2019,21.020000457763672,21.1200008392334,20.43000030517578,20.43000030517578,899100,20.43000030517578
3/21/2019,20.65999984741211,21.100000381469727,20.549999237060547,21.049999237060547,626000,21.049999237060547
3/20/2019,20.860000610351562,21.030000686645508,20.420000076293945,20.65999984741211,801800,20.65999984741211
3/19/2019,21.829999923706055,21.829999923706055,20.790000915527344,20.860000610351562,1041500,20.860000610351562
3/18/2019,21.709999084472656,21.93000030517578,21.690000534057617,21.90999984741211,878600,21.90999984741211
3/15/2019,21.809999465942383,22,21.635000228881836,21.690000534057617,653200,21.690000534057617
3/14/2019,21.8700008392334,22.049999237060547,21.6299991607666,21.760000228881836,363400,21.760000228881836
3/13/2019,21.84000015258789,22.3700008392334,21.719999313354492,22.200000762939453,631300,22.14000129699707
3/12/2019,21.790000915527344,21.8700008392334,21.450000762939453,21.729999542236328,325100,21.6712703704834
3/11/2019,21.06999969482422,21.8799991607666,21.06999969482422,21.760000228881836,536200,21.701189041137695
3/8/2019,20.81999969482422,21.114999771118164,20.600000381469727,21.059999465942383,1094000,21.003080368041992
3/7/2019,21.170000076293945,21.360000610351562,20.950000762939453,21,505700,20.9432430267334
3/6/2019,21.350000381469727,21.530000686645508,21.149999618530273,21.280000686645508,620000,21.22248649597168
3/5/2019,21.790000915527344,21.790000915527344,21.290000915527344,21.290000915527344,697800,21.232460021972656
3/4/2019,22.049999237060547,22.309999465942383,21.65999984741211,21.829999923706055,854600,21.770999908447266
3/1/2019,22,22.09000015258789,21.799999237060547,21.950000762939453,465600,21.890676498413086
2/28/2019,22.280000686645508,22.360000610351562,21.81999969482422,21.889999389648438,629600,21.83083724975586
2/27/2019,22.639999389648438,22.709999084472656,22.329999923706055,22.40999984741211,532300,22.34943199157715
2/26/2019,22.950000762939453,23.030000686645508,22.6200008392334,22.719999313354492,1151400,22.658594131469727
2/25/2019,23.040000915527344,23.43000030517578,22.950000762939453,23.049999237060547,522300,22.987701416015625
2/22/2019,23.260000228881836,23.450000762939453,22.690000534057617,22.979999542236328,591500,22.917890548706055
2/21/2019,23.65999984741211,23.8700008392334,23.299999237060547,23.309999465942383,564600,23.246999740600586
2/20/2019,23.739999771118164,23.760000228881836,23.489999771118164,23.6299991607666,362900,23.566133499145508
2/19/2019,22.829999923706055,23.8700008392334,22.829999923706055,23.600000381469727,635100,23.536216735839844
2/15/2019,23.40999984741211,23.43000030517578,22.674999237060547,22.959999084472656,483600,22.897945404052734
2/14/2019,22.729999542236328,23.399999618530273,22.639999389648438,23.260000228881836,692300,23.19713592529297
2/13/2019,22.530000686645508,22.924999237060547,22.350000381469727,22.84000015258789,349900,22.778270721435547
2/12/2019,22.43000030517578,22.709999084472656,22.299999237060547,22.5,390600,22.439189910888672
2/11/2019,21.8799991607666,22.239999771118164,21.75,22.219999313354492,522500,22.159944534301758
2/8/2019,21.920000076293945,22.149999618530273,21.450000762939453,21.739999771118164,367600,21.681241989135742
2/7/2019,22.149999618530273,22.367000579833984,21.760000228881836,22.110000610351562,548400,22.050243377685547
2/6/2019,22.639999389648438,22.75,22.15999984741211,22.229999542236328,460100,22.169918060302734
2/5/2019,22.290000915527344,22.75,22.200000762939453,22.65999984741211,963200,22.598756790161133
2/4/2019,22.520000457763672,22.520000457763672,21.84000015258789,22.290000915527344,537000,22.22975730895996
2/1/2019,21.479999542236328,22.030000686645508,21.010000228881836,21.790000915527344,674200,21.731109619140625
1/31/2019,22.06999969482422,22.06999969482422,20.25,21.239999771118164,1391700,21.182594299316406
1/30/2019,21.719999313354492,21.75,21.18000030517578,21.709999084472656,437600,21.651323318481445
1/29/2019,21.040000915527344,21.530000686645508,21.010000228881836,21.510000228881836,635200,21.45186424255371
1/28/2019,20.920000076293945,21.209999084472656,20.809999465942383,21.09000015258789,278200,21.03299903869629
1/25/2019,20.84000015258789,21.190000534057617,20.719999313354492,21.059999465942383,251100,21.003080368041992
1/24/2019,20.649999618530273,20.940000534057617,20.530000686645508,20.600000381469727,383500,20.54432487487793
1/23/2019,20.940000534057617,21.170000076293945,20.364999771118164,20.579999923706055,363800,20.524377822875977
1/22/2019,21.239999771118164,21.30299949645996,20.780000686645508,20.829999923706055,673900,20.77370262145996
1/18/2019,20.969999313354492,21.510000228881836,20.93199920654297,21.399999618530273,519800,21.342161178588867
1/17/2019,20.200000762939453,20.895000457763672,20.18000030517578,20.770000457763672,501500,20.713865280151367
1/16/2019,19.8799991607666,20.299999237060547,19.8799991607666,20,707600,19.945945739746094
1/15/2019,20.329999923706055,20.489999771118164,19.770000457763672,19.850000381469727,746500,19.79635238647461
1/14/2019,20.209999084472656,20.6200008392334,20.200000762939453,20.329999923706055,821000,20.275053024291992
1/11/2019,20.40999984741211,20.649999618530273,20.1200008392334,20.280000686645508,559800,20.225189208984375
1/10/2019,20.479999542236328,20.479999542236328,20.1299991607666,20.31999969482422,535600,20.26508140563965
1/9/2019,20.299999237060547,20.790000915527344,20.1200008392334,20.600000381469727,814500,20.54432487487793
1/8/2019,19.739999771118164,20.31999969482422,19.655000686645508,20.209999084472656,661000,20.155376434326172
1/7/2019,19.09000015258789,19.6299991607666,18.90999984741211,19.440000534057617,1206200,19.387460708618164
1/4/2019,19.229999542236328,19.260000228881836,18.84000015258789,19.09000015258789,874500,19.03840446472168
1/3/2019,18.860000610351562,19.01300048828125,18.559999465942383,18.559999465942383,345500,18.509836196899414
1/2/2019,18.360000610351562,19.200000762939453,18.239999771118164,18.989999771118164,920700,18.938674926757812
12/31/2018,18.459999084472656,18.729999542236328,18.350000381469727,18.670000076293945,593600,18.61954116821289
12/28/2018,18.559999465942383,18.90999984741211,18.3799991607666,18.440000534057617,448300,18.39016342163086
12/27/2018,17.969999313354492,18.59000015258789,17.969999313354492,18.579999923706055,550500,18.529783248901367
12/26/2018,18.010000228881836,18.459999084472656,17.940000534057617,18.25,1065800,18.20067596435547
12/24/2018,17.719999313354492,18.149999618530273,17.56100082397461,17.950000762939453,267800,17.901487350463867
12/21/2018,18.389999389648438,18.579999923706055,17.850000381469727,17.950000762939453,1693500,17.901487350463867
12/20/2018,18.479999542236328,18.93000030517578,18.219999313354492,18.329999923706055,621800,18.280458450317383
12/19/2018,18.860000610351562,19.360000610351562,18.559999465942383,18.6200008392334,1213600,18.56967544555664
12/18/2018,18.989999771118164,19.3799991607666,18.760000228881836,18.989999771118164,989500,18.938674926757812
12/17/2018,19.049999237060547,19.239999771118164,18.780000686645508,19.110000610351562,1075200,19.058351516723633
12/14/2018,19.510000228881836,19.780000686645508,19.05299949645996,19.1200008392334,1445800,19.06832504272461
12/13/2018,20.270000457763672,20.41900062561035,19.6200008392334,19.850000381469727,913300,19.79635238647461
12/12/2018,20.56999969482422,20.59000015258789,20.209999084472656,20.239999771118164,568100,20.125459671020508
12/11/2018,20.309999465942383,20.56999969482422,19.96500015258789,20.219999313354492,723800,20.105571746826172
12/10/2018,19.770000457763672,20.010000228881836,19.40999984741211,19.979999542236328,807000,19.86693000793457
12/7/2018,20.440000534057617,20.523000717163086,19.84000015258789,19.889999389648438,630600,19.77743911743164
12/6/2018,19.770000457763672,20.40999984741211,19.68000030517578,20.389999389648438,662400,20.274608612060547
12/4/2018,22.15999984741211,22.239999771118164,20.010000228881836,20.15999984741211,848900,20.04591178894043
12/3/2018,22.719999313354492,22.81999969482422,22.260000228881836,22.270000457763672,495500,22.143970489501953
11/30/2018,21.899999618530273,22.6299991607666,21.899999618530273,22.329999923706055,461800,22.203630447387695
11/29/2018,22.290000915527344,22.395000457763672,21.940000534057617,21.959999084472656,395100,21.835725784301758
11/28/2018,21.579999923706055,22.329999923706055,21.399999618530273,22.329999923706055,806900,22.203630447387695
11/27/2018,22.059999465942383,22.174999237060547,21.40999984741211,21.469999313354492,526100,21.34849739074707
11/26/2018,22.1299991607666,22.440000534057617,22,22.18000030517578,473000,22.054481506347656
11/23/2018,21.6200008392334,22.079999923706055,21.6200008392334,21.979999542236328,169500,21.85561180114746
11/21/2018,21.610000610351562,22.079999923706055,21.520000457763672,21.84000015258789,366000,21.716405868530273
11/20/2018,22.020000457763672,22.110000610351562,21.360000610351562,21.469999313354492,495200,21.34849739074707
11/19/2018,22.34000015258789,22.559999465942383,22.219999313354492,22.34000015258789,785600,22.21357536315918
11/16/2018,22.350000381469727,22.850000381469727,22.219999313354492,22.489999771118164,581100,22.36272621154785
11/15/2018,22.190000534057617,22.6200008392334,21.950000762939453,22.540000915527344,477800,22.412445068359375
11/14/2018,22.440000534057617,22.709999084472656,22.1200008392334,22.3799991607666,736100,22.25334930419922
11/13/2018,22.530000686645508,22.81999969482422,22.170000076293945,22.299999237060547,676500,22.17380142211914
11/12/2018,22.989999771118164,23.079999923706055,22.469999313354492,22.489999771118164,597500,22.36272621154785
11/9/2018,23,23.065000534057617,22.700000762939453,22.989999771118164,1113100,22.859895706176758
11/8/2018,23.239999771118164,23.399999618530273,22.940000534057617,23.1299991607666,1047300,22.999103546142578
11/7/2018,22.889999389648438,23.299999237060547,22.549999237060547,23.280000686645508,982100,23.148256301879883
11/6/2018,22.479999542236328,22.649999618530273,21.889999389648438,22.510000228881836,1187500,22.382612228393555
11/5/2018,21.90999984741211,22.6299991607666,21.489999771118164,22.520000457763672,1357600,22.39255714416504
11/2/2018,22.780000686645508,23.1299991607666,21.649999618530273,21.8799991607666,1002000,21.75617790222168
11/1/2018,22.079999923706055,23.040000915527344,21.690000534057617,22.860000610351562,1614100,22.730632781982422
10/31/2018,21.649999618530273,22.15999984741211,21.389999389648438,21.8700008392334,1708000,21.746234893798828
10/30/2018,20.920000076293945,21.709999084472656,20.920000076293945,21.459999084472656,1379900,21.33855438232422
10/29/2018,21.190000534057617,21.469999313354492,20.520000457763672,20.780000686645508,584400,20.662405014038086
10/26/2018,20.209999084472656,21.059999465942383,20.139999389648438,20.81999969482422,833300,20.702177047729492
10/25/2018,20.709999084472656,21.059999465942383,20.290000915527344,20.75,1646300,20.632572174072266
10/24/2018,21.200000762939453,21.579999923706055,20.40999984741211,20.450000762939453,1837000,20.334270477294922
10/23/2018,21.170000076293945,21.350000381469727,20.850000381469727,21.059999465942383,900900,20.940818786621094
10/22/2018,21.219999313354492,21.649999618530273,21.09000015258789,21.520000457763672,1640200,21.398216247558594
10/19/2018,21.450000762939453,21.709999084472656,21,21.350000381469727,1377500,21.229177474975586
10/18/2018,22.06999969482422,22.06999969482422,21.219999313354492,21.290000915527344,779900,21.169517517089844
10/17/2018,22.40999984741211,22.469999313354492,21.920000076293945,22.110000610351562,1354500,21.98487663269043
10/16/2018,22.34000015258789,22.350000381469727,21.954999923706055,22.31999969482422,898400,22.193689346313477
10/15/2018,21.610000610351562,22.31999969482422,21.610000610351562,21.979999542236328,937800,21.85561180114746
10/12/2018,22.399999618530273,22.415000915527344,21.541000366210938,21.610000610351562,1563100,21.487707138061523
10/11/2018,22.81999969482422,23.177000045776367,21.979999542236328,22,1149100,21.875499725341797
10/10/2018,23.799999237060547,23.84000015258789,22.8799991607666,22.8799991607666,517900,22.750518798828125
10/9/2018,23.579999923706055,24.040000915527344,23.44499969482422,23.889999389648438,842100,23.754802703857422
10/8/2018,23.65999984741211,23.969999313354492,23.270000457763672,23.549999237060547,645100,23.41672706604004
10/5/2018,23.90999984741211,24.059999465942383,23.280000686645508,23.649999618530273,1007900,23.51616096496582
10/4/2018,24.8799991607666,25.030000686645508,24.489999771118164,24.59000015258789,561200,24.450841903686523
10/3/2018,24.760000228881836,25.045000076293945,24.670000076293945,24.8700008392334,1083900,24.729257583618164
10/2/2018,25.209999084472656,25.290000915527344,24.59000015258789,24.700000762939453,500100,24.56022071838379
10/1/2018,25.18000030517578,25.399999618530273,25.09000015258789,25.219999313354492,511600,25.0772762298584
9/28/2018,24.860000610351562,25.15999984741211,24.739999771118164,24.979999542236328,561300,24.838634490966797
9/27/2018,25.780000686645508,25.829999923706055,24.920000076293945,24.969999313354492,532800,24.828691482543945
9/26/2018,25.56999969482422,26.100000381469727,25.420000076293945,25.700000762939453,441800,25.554561614990234
9/25/2018,25.700000762939453,25.809999465942383,25.360000610351562,25.530000686645508,333300,25.385522842407227
9/24/2018,25.520000457763672,25.709999084472656,25.209999084472656,25.68000030517578,527700,25.5346736907959
9/21/2018,26.280000686645508,26.34000015258789,25.520000457763672,25.559999465942383,615000,25.41535186767578
9/20/2018,26.149999618530273,26.540000915527344,26.1299991607666,26.25,508500,26.10144805908203
9/19/2018,26.3700008392334,26.549999237060547,25.889999389648438,26.06999969482422,584800,25.922466278076172
9/18/2018,26.170000076293945,26.350000381469727,25.760000228881836,26.280000686645508,765600,26.13127899169922
9/17/2018,26.84000015258789,26.8799991607666,25.950000762939453,26.1200008392334,970800,25.972185134887695
9/14/2018,26.90999984741211,27.219999313354492,26.6200008392334,26.81999969482422,372300,26.668222427368164
9/13/2018,27.3799991607666,27.3799991607666,26.84000015258789,26.920000076293945,187300,26.767656326293945
9/12/2018,27.149999618530273,27.350000381469727,26.90999984741211,27.299999237060547,523400,27.085845947265625
9/11/2018,27.610000610351562,27.760000228881836,27.100000381469727,27.1299991607666,415300,26.917177200317383
9/10/2018,26.559999465942383,27.895000457763672,26.559999465942383,27.700000762939453,1022300,27.482707977294922
9/7/2018,26.610000610351562,26.90999984741211,26.469999313354492,26.59000015258789,543700,26.38141632080078
9/6/2018,27.030000686645508,27.110000610351562,26.6299991607666,26.649999618530273,601100,26.44094467163086
9/5/2018,26.610000610351562,27.139999389648438,26.479999542236328,26.950000762939453,299400,26.73859214782715
9/4/2018,27.020000457763672,27.149999618530273,26.520000457763672,26.65999984741211,463500,26.450864791870117
8/31/2018,26.84000015258789,27.09000015258789,26.790000915527344,27.049999237060547,247500,26.837804794311523
8/30/2018,27.18000030517578,27.229999542236328,26.854999542236328,26.93000030517578,403500,26.718748092651367
8/29/2018,26.93000030517578,27.389999389648438,26.649999618530273,27.25,354800,27.036237716674805
8/28/2018,27.100000381469727,27.159000396728516,26.770000457763672,26.790000915527344,440900,26.579845428466797
8/27/2018,26.56999969482422,27.09000015258789,26.56999969482422,26.93000030517578,430800,26.718748092651367
8/24/2018,26.489999771118164,26.739999771118164,26.40999984741211,26.489999771118164,339300,26.282197952270508
8/23/2018,26.709999084472656,26.864999771118164,26.309999465942383,26.389999389648438,291700,26.1829833984375
8/22/2018,26.8799991607666,27.030000686645508,26.690000534057617,26.780000686645508,281000,26.56992530822754
8/21/2018,26.93000030517578,27.280000686645508,26.81999969482422,26.940000534057617,421200,26.728670120239258
8/20/2018,26.729999542236328,27.100000381469727,26.700000762939453,26.899999618530273,364100,26.688982009887695
8/17/2018,26.610000610351562,27.200000762939453,26.360000610351562,26.729999542236328,429300,26.52031707763672
8/16/2018,26.59000015258789,26.8700008392334,26.34000015258789,26.610000610351562,602300,26.40125846862793
8/15/2018,26.6200008392334,26.670000076293945,26.020000457763672,26.309999465942383,554200,26.10361099243164
8/14/2018,26.639999389648438,26.8700008392334,26.43000030517578,26.75,473500,26.540159225463867
8/13/2018,26.969999313354492,26.969999313354492,26.43000030517578,26.520000457763672,777700,26.311965942382812
8/10/2018,26.799999237060547,26.93000030517578,26.5049991607666,26.739999771118164,485200,26.53023910522461
8/9/2018,26,27.239999771118164,25.665000915527344,26.90999984741211,548300,26.698904037475586
8/8/2018,27.209999084472656,27.40999984741211,27.1200008392334,27.329999923706055,256900,27.115610122680664
8/7/2018,27.40999984741211,27.520000457763672,27.139999389648438,27.399999618530273,350000,27.185060501098633
8/6/2018,27.219999313354492,27.5,26.700000762939453,27.34000015258789,635400,27.125532150268555
8/3/2018,28.459999084472656,28.459999084472656,27.15999984741211,27.25,985900,27.036237716674805
8/2/2018,26.579999923706055,28.299999237060547,26.31999969482422,28.100000381469727,1610200,27.87957000732422
8/1/2018,26.020000457763672,26.43000030517578,25.510000228881836,26.110000610351562,1448900,25.905179977416992
7/31/2018,25.8799991607666,26.360000610351562,25.809999465942383,26.139999389648438,785800,25.93494415283203
7/30/2018,26.020000457763672,26.3700008392334,25.780000686645508,25.850000381469727,532700,25.647220611572266
7/27/2018,26.239999771118164,26.530000686645508,25.75,26.020000457763672,599100,25.815887451171875
7/26/2018,26,26.59000015258789,25.75,26.260000228881836,913000,26.05400276184082
7/25/2018,26.09000015258789,26.530000686645508,25.700000762939453,26.530000686645508,604600,26.32188606262207
7/24/2018,27.579999923706055,27.739999771118164,25.93000030517578,26.09000015258789,1249100,25.885337829589844
7/23/2018,27.170000076293945,27.579999923706055,27.030000686645508,27.3700008392334,535200,27.155296325683594
7/20/2018,27.18000030517578,27.43000030517578,27.06999969482422,27.190000534057617,800000,26.976707458496094
7/19/2018,26.739999771118164,27.229999542236328,26.43000030517578,27.15999984741211,394100,26.946943283081055
7/18/2018,26.479999542236328,27.020000457763672,26.200000762939453,26.8700008392334,729200,26.65921974182129
7/17/2018,26.049999237060547,26.5,25.8700008392334,26.34000015258789,1126600,26.13337516784668
7/16/2018,27.780000686645508,27.850000381469727,25.920000076293945,26.1299991607666,1018400,25.92502212524414
7/13/2018,27.600000381469727,27.8799991607666,27.40999984741211,27.489999771118164,474200,27.274354934692383
7/12/2018,27.639999389648438,27.770000457763672,27.200000762939453,27.56999969482422,635000,27.353727340698242
7/11/2018,27.969999313354492,28.030000686645508,27.25,27.440000534057617,652200,27.224746704101562
7/10/2018,28.290000915527344,28.469999313354492,27.885000228881836,28.1299991607666,447600,27.909332275390625
7/9/2018,27.75,28.290000915527344,27.6200008392334,28.270000457763672,593800,28.048234939575195
7/6/2018,27.579999923706055,27.899999618530273,27.360000610351562,27.649999618530273,470900,27.43309783935547
7/5/2018,27.229999542236328,27.549999237060547,27.09000015258789,27.440000534057617,3373900,27.224746704101562
7/3/2018,27.760000228881836,27.760000228881836,26.90999984741211,27.079999923706055,559200,26.867570877075195
7/2/2018,27.239999771118164,27.6200008392334,27.079999923706055,27.510000228881836,693500,27.294198989868164
6/29/2018,27.850000381469727,28.100000381469727,27.280000686645508,27.510000228881836,1166400,27.294198989868164
6/28/2018,26.799999237060547,27.149999618530273,26.299999237060547,27.1200008392334,1031600,26.907257080078125
6/27/2018,27.68000030517578,27.940000534057617,26.8700008392334,26.940000534057617,1473700,26.728670120239258
6/26/2018,27.75,27.940000534057617,27.389999389648438,27.729999542236328,838800,27.512470245361328
6/25/2018,28.479999542236328,28.479999542236328,27.44700050354004,27.739999771118164,1245300,27.52239418029785
6/22/2018,29.100000381469727,29.530000686645508,28.3799991607666,28.520000457763672,3559900,28.296276092529297
6/21/2018,29.15999984741211,29.15999984741211,28.600000381469727,28.8799991607666,781100,28.65345001220703
6/20/2018,29.020000457763672,29.31999969482422,28.520000457763672,29.209999084472656,679600,28.980859756469727
6/19/2018,28.93000030517578,28.93000030517578,27.985000610351562,28.739999771118164,707700,28.51454734802246
6/18/2018,28.649999618530273,29.239999771118164,28.260000228881836,29.149999618530273,636200,28.92133140563965
6/15/2018,28.65999984741211,29.200000762939453,28.354999542236328,28.809999465942383,970000,28.583999633789062
6/14/2018,29.56999969482422,29.649999618530273,28.549999237060547,28.690000534057617,1062600,28.464942932128906
6/13/2018,29.8700008392334,30.309999465942383,29.6200008392334,29.649999618530273,1097800,29.357879638671875
6/12/2018,29.639999389648438,29.940000534057617,29.15999984741211,29.799999237060547,504800,29.50640106201172
6/11/2018,29.18000030517578,29.8700008392334,29.149999618530273,29.690000534057617,655800,29.39748764038086
6/8/2018,28.5,29.25,28.399999618530273,29.209999084472656,767200,28.92221450805664
6/7/2018,28.34000015258789,28.549999237060547,27.81999969482422,28.489999771118164,498200,28.209308624267578
6/6/2018,29.020000457763672,29.420000076293945,27.860000610351562,28.34000015258789,784600,28.0607852935791
6/5/2018,29.299999237060547,29.8700008392334,28.559999465942383,28.81999969482422,645600,28.53605842590332
6/4/2018,29.969999313354492,30.520000457763672,29.0049991607666,29.270000457763672,701200,28.981624603271484
6/1/2018,29.739999771118164,30.049999237060547,29.649999618530273,29.799999237060547,425100,29.50640106201172
5/31/2018,30.299999237060547,30.299999237060547,29.219999313354492,29.479999542236328,598000,29.189556121826172
5/30/2018,29.40999984741211,30.350000381469727,29.350000381469727,30.239999771118164,774200,29.942066192626953
5/29/2018,29.1299991607666,29.489999771118164,28.989999771118164,29.270000457763672,503300,28.981624603271484
5/25/2018,29.18000030517578,29.610000610351562,29.020000457763672,29.329999923706055,346000,29.041034698486328
5/24/2018,28.600000381469727,29.31999969482422,28.420000076293945,29.209999084472656,710200,28.92221450805664
5/23/2018,28.799999237060547,29.040000915527344,28.200000762939453,28.549999237060547,957500,28.268718719482422
5/22/2018,29.670000076293945,30.110000610351562,28.989999771118164,29.010000228881836,835000,28.724185943603516
5/21/2018,29.729999542236328,30.31999969482422,29.5,29.649999618530273,1233400,29.357879638671875
5/18/2018,28.600000381469727,29.579999923706055,28.420000076293945,29.399999618530273,1232200,29.11034393310547
5/17/2018,28.1299991607666,29.540000915527344,28.049999237060547,28.520000457763672,1219200,28.239013671875
5/16/2018,27.549999237060547,28.295000076293945,27.549999237060547,28.049999237060547,706700,27.773643493652344
5/15/2018,27.959999084472656,28.200000762939453,27.469999313354492,27.540000915527344,632700,27.2686710357666
5/14/2018,28.709999084472656,28.84000015258789,27.850000381469727,28.229999542236328,607100,27.95186996459961
5/11/2018,28.420000076293945,28.934999465942383,28.329999923706055,28.649999618530273,443700,28.36773109436035
5/10/2018,28.329999923706055,28.461000442504883,28.06999969482422,28.299999237060547,684400,28.02117919921875
5/9/2018,27.989999771118164,28.729999542236328,27.8700008392334,28.209999084472656,952700,27.932065963745117
5/8/2018,27.170000076293945,27.93000030517578,27.075000762939453,27.8700008392334,576100,27.59541893005371
5/7/2018,27,27.500999450683594,26.93000030517578,27.260000228881836,546300,26.99142837524414
5/4/2018,26.6299991607666,27.170000076293945,26.350000381469727,26.940000534057617,410200,26.67458152770996
5/3/2018,26.81999969482422,26.854999542236328,26.200000762939453,26.65999984741211,607400,26.3973388671875
5/2/2018,26.549999237060547,27.18000030517578,26.350000381469727,26.81999969482422,660500,26.555763244628906
5/1/2018,26.729999542236328,26.84000015258789,26.020000457763672,26.530000686645508,729800,26.268619537353516
4/30/2018,26.760000228881836,27.790000915527344,26.510000228881836,26.68000030517578,978200,26.417142868041992
4/27/2018,26.399999618530273,26.7450008392334,25.940000534057617,26.3700008392334,1027400,26.11019515991211
4/26/2018,26.75,27.420000076293945,25.549999237060547,26.110000610351562,1639800,25.852758407592773
4/25/2018,26.139999389648438,26.649999618530273,25.795000076293945,26.600000381469727,1193300,26.337928771972656
4/24/2018,26.90999984741211,27.43000030517578,26.010000228881836,26.18000030517578,549200,25.922067642211914
4/23/2018,27.100000381469727,27.440000534057617,26.579999923706055,26.889999389648438,782700,26.625072479248047
4/20/2018,27.469999313354492,27.834999084472656,27,27.110000610351562,823900,26.842906951904297
4/19/2018,27.610000610351562,27.90999984741211,27.3799991607666,27.56999969482422,453000,27.298372268676758
4/18/2018,27.3700008392334,27.8799991607666,27.149999618530273,27.799999237060547,627000,27.526105880737305
4/17/2018,27.25,27.469999313354492,26.790000915527344,27.239999771118164,523400,26.97162628173828
4/16/2018,26.190000534057617,27.229999542236328,25.8799991607666,27.059999465942383,888500,26.79339599609375
4/13/2018,25.780000686645508,26.09000015258789,25.725000381469727,25.850000381469727,558900,25.595319747924805
4/12/2018,25.75,26,25.530000686645508,25.739999771118164,265100,25.48640251159668
4/11/2018,25.450000762939453,25.898000717163086,25.420000076293945,25.579999923706055,336200,25.327980041503906
4/10/2018,25.5,25.8799991607666,25.25,25.700000762939453,697300,25.44679832458496
4/9/2018,25.049999237060547,25.459999084472656,24.69499969482422,25.100000381469727,797800,24.85270881652832
4/6/2018,25.829999923706055,25.829999923706055,24.65999984741211,24.899999618530273,1120600,24.65467643737793
4/5/2018,25.860000610351562,26,25.18000030517578,25.84000015258789,603300,25.585416793823242
4/4/2018,25.649999618530273,25.889999389648438,25.360000610351562,25.809999465942383,417100,25.555713653564453
4/3/2018,25.799999237060547,26.350000381469727,25.674999237060547,26.040000915527344,843800,25.783449172973633
4/2/2018,26.190000534057617,26.530000686645508,25.020000457763672,25.3700008392334,1015200,25.12005043029785
3/29/2018,25.989999771118164,26.50200080871582,25.459999084472656,26.059999465942383,920000,25.80324935913086
3/28/2018,25.399999618530273,25.969999313354492,24.8799991607666,25.809999465942383,815400,25.555713653564453
3/27/2018,26.170000076293945,26.170000076293945,25.020000457763672,25.389999389648438,571800,25.139850616455078
3/26/2018,27,27,25.56999969482422,26.010000228881836,710100,25.753742218017578
3/23/2018,26.950000762939453,27.1200008392334,26.540000915527344,26.600000381469727,617800,26.337928771972656
3/22/2018,27.06999969482422,27.399999618530273,26.6299991607666,26.959999084472656,512000,26.694381713867188
3/21/2018,27.270000457763672,27.81999969482422,27.059999465942383,27.360000610351562,514900,27.090442657470703
3/20/2018,27.239999771118164,27.420000076293945,27.1200008392334,27.3799991607666,495300,27.110244750976562
3/19/2018,27.3799991607666,27.610000610351562,27.079999923706055,27.270000457763672,332100,27.001327514648438
3/16/2018,27.139999389648438,27.59000015258789,26.996999740600586,27.420000076293945,565500,27.149850845336914
3/15/2018,27.040000915527344,27.260000228881836,26.690000534057617,27.09000015258789,458500,26.823102951049805
3/14/2018,27.18000030517578,27.5,26.764999389648438,26.809999465942383,340800,26.545860290527344
3/13/2018,27.260000228881836,27.75,27.110000610351562,27.18000030517578,339500,26.852806091308594
3/12/2018,27.489999771118164,27.93000030517578,26.989999771118164,27.030000686645508,317300,26.704612731933594
3/9/2018,27.239999771118164,27.8799991607666,27.1299991607666,27.479999542236328,474400,27.149192810058594
3/8/2018,26.940000534057617,27.290000915527344,26.670000076293945,26.979999542236328,721800,26.655214309692383
3/7/2018,26.020000457763672,26.920000076293945,25.799999237060547,26.84000015258789,794200,26.51689910888672
3/6/2018,25.700000762939453,26.290000915527344,25.6200008392334,26.219999313354492,573100,25.90436363220215
3/5/2018,25.690000534057617,25.790000915527344,25.219999313354492,25.610000610351562,818600,25.301706314086914
3/2/2018,25.760000228881836,26.110000610351562,25.530000686645508,25.829999923706055,625600,25.519058227539062
3/1/2018,25.969999313354492,26.5,25.389999389648438,25.959999084472656,565700,25.64749526977539
2/28/2018,26.610000610351562,26.649999618530273,25.829999923706055,25.860000610351562,631300,25.54869842529297
2/27/2018,27.450000762939453,27.614999771118164,26.59000015258789,26.600000381469727,398900,26.279788970947266
2/26/2018,27.170000076293945,27.40999984741211,26.84000015258789,27.329999923706055,316100,27.001001358032227
2/23/2018,27.200000762939453,27.399999618530273,26.780000686645508,26.959999084472656,277100,26.635454177856445
2/22/2018,26.829999923706055,27.190000534057617,26.829999923706055,26.979999542236328,295700,26.655214309692383
2/21/2018,26.440000534057617,27.059999465942383,26.229999542236328,26.639999389648438,353800,26.319305419921875
2/20/2018,26.530000686645508,26.700000762939453,26.270000457763672,26.420000076293945,408400,26.10195541381836
2/16/2018,26.65999984741211,27.280000686645508,26.650999069213867,26.809999465942383,388200,26.487260818481445
2/15/2018,27.190000534057617,27.190000534057617,26.020000457763672,26.809999465942383,594600,26.487260818481445
2/14/2018,27.06999969482422,27.350000381469727,26.739999771118164,26.8799991607666,490600,26.55641746520996
2/13/2018,26.3799991607666,27.479999542236328,26.079999923706055,27.399999618530273,775600,27.070158004760742
2/12/2018,26.8799991607666,27.000999450683594,26.040000915527344,26.440000534057617,605500,26.121713638305664
2/9/2018,26.979999542236328,27.010000228881836,25.690000534057617,26.65999984741211,942100,26.339065551757812
2/8/2018,27.920000076293945,28.110000610351562,26.770000457763672,26.780000686645508,1098700,26.457622528076172
2/7/2018,27.059999465942383,28.40999984741211,27.059999465942383,27.959999084472656,1557300,27.623416900634766
2/6/2018,26.719999313354492,27.565000534057617,26.549999237060547,27.139999389648438,940700,26.81328582763672
2/5/2018,28.649999618530273,28.722000122070312,26.959999084472656,27.149999618530273,3857100,26.82316780090332
2/2/2018,29,29.719999313354492,28.260000228881836,29.079999923706055,1180600,28.729936599731445
2/1/2018,29.059999465942383,30,28.88800048828125,29.989999771118164,1124500,29.628976821899414
1/31/2018,28.790000915527344,29.350000381469727,28.610000610351562,29.280000686645508,621400,28.927528381347656
1/30/2018,28.920000076293945,29.065000534057617,28.18000030517578,28.389999389648438,392900,28.04823875427246
1/29/2018,29.06999969482422,29.559999465942383,29.06999969482422,29.280000686645508,345900,28.927528381347656
1/26/2018,28.969999313354492,29.358999252319336,28.860000610351562,29.239999771118164,294300,28.88800621032715
1/25/2018,29.09000015258789,29.25,28.639999389648438,28.899999618530273,201900,28.552101135253906
1/24/2018,29.520000457763672,29.670000076293945,29,29.100000381469727,451000,28.74969482421875
1/23/2018,29.829999923706055,29.920000076293945,29.489999771118164,29.520000457763672,290800,29.164636611938477
1/22/2018,29.200000762939453,29.770000457763672,29.139999389648438,29.760000228881836,396200,29.401748657226562
1/19/2018,28.540000915527344,29.219999313354492,28.420000076293945,29.209999084472656,601500,28.858367919921875
1/18/2018,28.110000610351562,28.614999771118164,28.049999237060547,28.420000076293945,449300,28.077877044677734
1/17/2018,28.139999389648438,28.329999923706055,27.700000762939453,28.049999237060547,528800,27.71233367919922
1/16/2018,29.18000030517578,29.18000030517578,27.690000534057617,27.969999313354492,743700,27.6332950592041
1/12/2018,29.079999923706055,29.100000381469727,28.670000076293945,28.979999542236328,476700,28.63113784790039
1/11/2018,28.559999465942383,29.274999618530273,28.479999542236328,29.079999923706055,760200,28.729936599731445
1/10/2018,28.290000915527344,28.850000381469727,28.209999084472656,28.3700008392334,556500,28.02848243713379
1/9/2018,28.3799991607666,28.5,28.059999465942383,28.31999969482422,793500,27.979080200195312
1/8/2018,27.719999313354492,28.34000015258789,27.649999618530273,28.270000457763672,1383600,27.929685592651367
1/5/2018,28.06999969482422,28.459999084472656,27.3700008392334,27.700000762939453,903700,27.366548538208008
1/4/2018,27.8700008392334,28.559999465942383,27.299999237060547,27.84000015258789,1353100,27.504859924316406
1/3/2018,28.690000534057617,28.690000534057617,27.989999771118164,28.309999465942383,656300,27.969202041625977
1/2/2018,28.799999237060547,28.975000381469727,28.059999465942383,28.75,773800,28.403905868530273
12/29/2017,28.75,28.93000030517578,28.420000076293945,28.559999465942383,525200,28.2161922454834
12/28/2017,28.850000381469727,28.850000381469727,28.350000381469727,28.540000915527344,430500,28.196435928344727
12/27/2017,28.579999923706055,29.360000610351562,28.40999984741211,28.959999084472656,916100,28.61137580871582
12/26/2017,28.469999313354492,28.81999969482422,28.059999465942383,28.5,1942300,28.15691566467285
12/22/2017,28.040000915527344,28.780000686645508,27.719999313354492,28.440000534057617,1135600,28.097637176513672
12/21/2017,28.40999984741211,28.530000686645508,27.40999984741211,27.889999389648438,1607700,27.554258346557617
12/20/2017,28,28.8700008392334,27.93000030517578,28.219999313354492,2050900,27.880285263061523
12/19/2017,27.68000030517578,27.8700008392334,27.5,27.860000610351562,422100,27.524621963500977
12/18/2017,27.56999969482422,28.040000915527344,27.235000610351562,27.549999237060547,533100,27.218351364135742
12/15/2017,26.959999084472656,27.5,26.89699935913086,27.420000076293945,1477000,27.08991813659668
12/14/2017,27.5,27.59000015258789,26.719999313354492,26.850000381469727,414500,26.526779174804688
12/13/2017,26.790000915527344,27.579999923706055,26.790000915527344,27.40999984741211,501300,27.0306396484375
12/12/2017,26.600000381469727,27.030000686645508,26.559999465942383,26.670000076293945,364100,26.30088233947754
12/11/2017,27.020000457763672,27.139999389648438,26.56999969482422,26.610000610351562,296600,26.241710662841797
12/8/2017,27.360000610351562,27.360000610351562,26.770000457763672,27.020000457763672,322100,26.646039962768555
12/7/2017,26.579999923706055,27.459999084472656,26.579999923706055,27.170000076293945,631300,26.793962478637695
12/6/2017,26.350000381469727,26.850000381469727,26.350000381469727,26.639999389648438,371900,26.27129554748535
12/5/2017,26.719999313354492,27,26.40999984741211,26.43000030517578,597700,26.064205169677734
12/4/2017,27.020000457763672,27.829999923706055,26.670000076293945,26.760000228881836,808200,26.389636993408203
12/1/2017,26.309999465942383,26.65999984741211,25.65999984741211,26.549999237060547,473300,26.18254280090332
11/30/2017,26.049999237060547,26.489999771118164,25.799999237060547,26.229999542236328,705200,25.866971969604492
11/29/2017,25.6200008392334,26.110000610351562,25.25,25.8799991607666,555600,25.52181625366211
11/28/2017,25.020000457763672,25.700000762939453,25.020000457763672,25.540000915527344,554900,25.186521530151367
11/27/2017,24.809999465942383,25.170000076293945,24.709999084472656,24.940000534057617,406400,24.59482765197754
11/24/2017,24.969999313354492,26.06999969482422,24.799999237060547,24.8799991607666,366700,24.535655975341797
11/22/2017,24.719999313354492,24.989999771118164,24.719999313354492,24.8700008392334,200600,24.525793075561523
11/21/2017,24.559999465942383,24.93000030517578,24.3799991607666,24.690000534057617,361200,24.348285675048828
11/20/2017,24.06999969482422,24.469999313354492,23.979999542236328,24.40999984741211,283600,24.07215690612793
11/17/2017,24.389999389648438,24.389999389648438,23.860000610351562,23.989999771118164,435500,23.65797233581543
11/16/2017,24.239999771118164,24.709999084472656,24.14699935913086,24.530000686645508,663900,24.190500259399414
11/15/2017,24.5,24.690000534057617,23.950000762939453,24.010000228881836,351900,23.67769432067871
11/14/2017,24.440000534057617,24.739999771118164,24.309999465942383,24.6200008392334,410100,24.279253005981445
11/13/2017,24.6200008392334,24.65999984741211,23.959999084472656,24.56999969482422,640700,24.229944229125977
11/10/2017,25.1299991607666,25.399999618530273,24.770000457763672,24.81999969482422,497600,24.476486206054688
11/9/2017,24.649999618530273,25.350000381469727,23.790000915527344,25.06999969482422,2810900,24.7230281829834
11/8/2017,25.84000015258789,25.84000015258789,24.5,25.010000228881836,973500,24.663856506347656
11/7/2017,25,25.25,23.31999969482422,24.799999237060547,1440200,24.456762313842773
11/6/2017,25.440000534057617,25.950000762939453,25.229999542236328,25.5,1222600,25.14707374572754
11/3/2017,25.780000686645508,25.920000076293945,25.459999084472656,25.489999771118164,428700,25.13721466064453
11/2/2017,25.969999313354492,26.34000015258789,25.709999084472656,25.780000686645508,527600,25.423200607299805
11/1/2017,26.3799991607666,26.5,25.739999771118164,25.969999313354492,205800,25.61056900024414
10/31/2017,26.06999969482422,26.375,25.959999084472656,26.190000534057617,262900,25.827524185180664
10/30/2017,26.770000457763672,26.770000457763672,25.790000915527344,26,414500,25.640151977539062
10/27/2017,27.280000686645508,27.889999389648438,26.479999542236328,26.829999923706055,462100,26.458667755126953
10/26/2017,26.59000015258789,27.84000015258789,26.38800048828125,27.219999313354492,982700,26.84326934814453
10/25/2017,26.489999771118164,26.719999313354492,26.145000457763672,26.3700008392334,854000,26.005033493041992
10/24/2017,27.600000381469727,28.31999969482422,25.719999313354492,26.40999984741211,1356900,26.04448127746582
10/23/2017,25.899999618530273,25.899999618530273,25.549999237060547,25.700000762939453,189300,25.34430503845215
10/20/2017,25.200000762939453,25.729999542236328,25.200000762939453,25.719999313354492,520900,25.364028930664062
10/19/2017,24.639999389648438,24.899999618530273,24.3799991607666,24.8700008392334,370200,24.525793075561523
10/18/2017,24.719999313354492,24.920000076293945,24.440000534057617,24.690000534057617,613200,24.348285675048828
10/17/2017,24.09000015258789,24.809999465942383,23.84000015258789,24.530000686645508,1063000,24.190500259399414
10/16/2017,24.399999618530273,24.459999084472656,23.309999465942383,23.770000457763672,716200,23.441017150878906
10/13/2017,24.940000534057617,24.950000762939453,24.079999923706055,24.299999237060547,458500,23.963680267333984
10/12/2017,24.3700008392334,24.959999084472656,24.34000015258789,24.81999969482422,725800,24.476486206054688
10/11/2017,24.34000015258789,24.559999465942383,24.31999969482422,24.399999618530273,280400,24.062299728393555
10/10/2017,24.6299991607666,24.770000457763672,24.15999984741211,24.399999618530273,418400,24.062299728393555
10/9/2017,24.799999237060547,25.06999969482422,24.299999237060547,24.489999771118164,376700,24.151050567626953
10/6/2017,24.850000381469727,25.049999237060547,24.700000762939453,24.770000457763672,232900,24.42717933654785
10/5/2017,24.84000015258789,24.940000534057617,24.579999923706055,24.799999237060547,309100,24.456762313842773
10/4/2017,25.1200008392334,25.1200008392334,24.75,24.790000915527344,466100,24.446903228759766
10/3/2017,25.15999984741211,25.34000015258789,24.8700008392334,25.110000610351562,612000,24.762470245361328
10/2/2017,25.25,25.290000915527344,24.719999313354492,24.940000534057617,396800,24.59482765197754
9/29/2017,24.799999237060547,25.649999618530273,24.719999313354492,25.299999237060547,767600,24.949840545654297
9/28/2017,24.84000015258789,24.959999084472656,24.579999923706055,24.59000015258789,227600,24.249671936035156
9/27/2017,24.59000015258789,24.979999542236328,24.520000457763672,24.780000686645508,229900,24.43703842163086
9/26/2017,24.010000228881836,24.739999771118164,23.773000717163086,24.469999313354492,437000,24.131328582763672
9/25/2017,24.360000610351562,24.399999618530273,23.959999084472656,23.969999313354492,186200,23.63825035095215
9/22/2017,24.790000915527344,26.850000381469727,24.34000015258789,24.3799991607666,369600,24.042573928833008
9/21/2017,24.350000381469727,24.81999969482422,24.100000381469727,24.790000915527344,383100,24.446903228759766
9/20/2017,23.579999923706055,24.59000015258789,23.559999465942383,24.350000381469727,325300,24.01299285888672
9/19/2017,24.010000228881836,24.139999389648438,23.610000610351562,23.6200008392334,465000,23.2930965423584
9/18/2017,23.520000457763672,24.1200008392334,23.3700008392334,23.959999084472656,314500,23.57908058166504
9/15/2017,23.170000076293945,23.520000457763672,23,23.43000030517578,660400,23.05750846862793
9/14/2017,23.010000228881836,23.229999542236328,22.75,23.110000610351562,416400,22.742595672607422
9/13/2017,23.389999389648438,23.389999389648438,22.790000915527344,22.850000381469727,261500,22.48672866821289
9/12/2017,23.200000762939453,23.8799991607666,23.030000686645508,23.3799991607666,250400,23.00830078125
9/11/2017,23.290000915527344,23.610000610351562,23.110000610351562,23.190000534057617,218500,22.821321487426758
9/8/2017,22.700000762939453,23.270000457763672,22.520000457763672,23.209999084472656,197600,22.84100341796875
9/7/2017,22.809999465942383,22.809999465942383,22.510000228881836,22.739999771118164,123000,22.378477096557617
9/6/2017,23,23.059999465942383,22.670000076293945,22.709999084472656,174900,22.348953247070312
9/5/2017,22.889999389648438,23.09000015258789,22.719999313354492,22.799999237060547,163200,22.43752098083496
9/1/2017,22.450000762939453,23.1200008392334,22.329999923706055,22.8799991607666,313400,22.51624870300293
8/31/2017,22.75,22.75,22.239999771118164,22.25,401000,21.896265029907227
8/30/2017,23.030000686645508,23.304000854492188,22.610000610351562,22.6200008392334,346300,22.260385513305664
8/29/2017,22.399999618530273,23.100000381469727,22.149999618530273,23,510700,22.634342193603516
8/28/2017,21.8799991607666,22.729999542236328,21.8700008392334,22.469999313354492,862200,22.11277198791504
8/25/2017,21.450000762939453,21.84000015258789,21.399999618530273,21.639999389648438,186400,21.29596519470215
8/24/2017,21.75,21.809999465942383,21.170000076293945,21.43000030517578,290900,21.08930015563965
8/23/2017,21.760000228881836,21.940000534057617,21.469999313354492,21.68000030517578,307200,21.335329055786133
8/22/2017,21.170000076293945,22.100000381469727,21.170000076293945,21.989999771118164,588300,21.640398025512695
8/21/2017,21.389999389648438,21.489999771118164,21.15999984741211,21.209999084472656,259900,20.872800827026367
8/18/2017,21.030000686645508,21.420000076293945,20.90999984741211,21.360000610351562,418400,21.020414352416992
8/17/2017,21.219999313354492,21.420000076293945,20.889999389648438,21.15999984741211,474000,20.82359504699707
8/16/2017,21.559999465942383,21.950000762939453,21.190000534057617,21.299999237060547,415100,20.961368560791016
8/15/2017,21.459999084472656,21.709999084472656,21.43000030517578,21.5,386300,21.158187866210938
8/14/2017,21.1299991607666,21.5,21.1299991607666,21.3799991607666,287700,21.040096282958984
8/11/2017,20.34000015258789,21.06999969482422,20.18000030517578,20.920000076293945,374300,20.587411880493164
8/10/2017,20.979999542236328,21.18000030517578,20.579999923706055,20.6200008392334,322200,20.29218292236328
8/9/2017,21.100000381469727,21.239999771118164,20.829999923706055,21.09000015258789,336900,20.754709243774414
8/8/2017,21.510000228881836,21.68000030517578,21.139999389648438,21.200000762939453,294400,20.862960815429688
8/7/2017,21.350000381469727,21.540000915527344,21.079999923706055,21.399999618530273,312400,21.059778213500977
8/4/2017,21.75,21.8700008392334,21.309999465942383,21.34000015258789,250000,21.000732421875
8/3/2017,21.290000915527344,21.799999237060547,21.059999465942383,21.760000228881836,642400,21.4140567779541
8/2/2017,21.020000457763672,21.420000076293945,20.790000915527344,21.31999969482422,1016700,20.981050491333008
8/1/2017,21.34000015258789,21.413000106811523,20.469999313354492,21.200000762939453,1108900,20.862960815429688
7/31/2017,21.639999389648438,21.825000762939453,21.309999465942383,21.6200008392334,346600,21.27628517150879
7/28/2017,21.020000457763672,21.780000686645508,21.010000228881836,21.649999618530273,273300,21.30580711364746
7/27/2017,22,22.059999465942383,21.059999465942383,21.139999389648438,324000,20.803913116455078
7/26/2017,21.93000030517578,22.040000915527344,21.549999237060547,21.93000030517578,666300,21.58135223388672
7/25/2017,21.510000228881836,22.149999618530273,21.43000030517578,21.889999389648438,510700,21.541988372802734
7/24/2017,20.90999984741211,21.329999923706055,20.700000762939453,21.25,457400,20.91216468811035
7/21/2017,20.579999923706055,21.18000030517578,20.34000015258789,20.950000762939453,415700,20.61693572998047
7/20/2017,20.540000915527344,20.600000381469727,20.200000762939453,20.459999084472656,322200,20.134721755981445
7/19/2017,20.700000762939453,21.030000686645508,20.399999618530273,20.520000457763672,491600,20.193771362304688
7/18/2017,20.81999969482422,21.239999771118164,20.59000015258789,20.6200008392334,442500,20.29218292236328
7/17/2017,21.420000076293945,21.860000610351562,20.719999313354492,20.920000076293945,767000,20.587411880493164
7/14/2017,21.25,21.729999542236328,21.25,21.420000076293945,469300,21.0794620513916
7/13/2017,21.459999084472656,21.639999389648438,21.110000610351562,21.190000534057617,579400,20.853118896484375
7/12/2017,21.299999237060547,21.709999084472656,21.299999237060547,21.549999237060547,499200,21.207393646240234
7/11/2017,21.65999984741211,21.920000076293945,21.079999923706055,21.239999771118164,594600,20.902320861816406
7/10/2017,22.31999969482422,22.31999969482422,21.5,21.559999465942383,774200,21.217233657836914
7/7/2017,22.049999237060547,22.469999313354492,22,22.239999771118164,273500,21.886425018310547
7/6/2017,22.450000762939453,22.479999542236328,22,22.040000915527344,388500,21.689603805541992
7/5/2017,22.989999771118164,23.079999923706055,22.40999984741211,22.579999923706055,675000,22.221017837524414
7/3/2017,22.3700008392334,23.1200008392334,22.06999969482422,23.040000915527344,473800,22.673704147338867
6/30/2017,22.190000534057617,22.549999237060547,21.959999084472656,22.3700008392334,439400,22.014360427856445
6/29/2017,21.639999389648438,22.149999618530273,21.459999084472656,22.1200008392334,547200,21.768335342407227
6/28/2017,21.209999084472656,21.850000381469727,21.094999313354492,21.65999984741211,518500,21.31564712524414
6/27/2017,21.020000457763672,21.360000610351562,20.920000076293945,21.110000610351562,477100,20.725183486938477
6/26/2017,21.040000915527344,21.3799991607666,20.899999618530273,20.959999084472656,434400,20.57791519165039
6/23/2017,20.84000015258789,21.219999313354492,20.520000457763672,21,3572200,20.617189407348633
6/22/2017,20.959999084472656,21.309999465942383,20.760000228881836,20.860000610351562,758200,20.479740142822266
6/21/2017,21.260000228881836,21.34000015258789,20.760000228881836,20.959999084472656,469100,20.57791519165039
6/20/2017,21.299999237060547,21.3700008392334,20.75,21.1299991607666,740300,20.74481773376465
6/19/2017,21.15999984741211,21.56999969482422,20.959999084472656,21.360000610351562,723800,20.970624923706055
6/16/2017,21.229999542236328,21.479999542236328,20.899999618530273,21.170000076293945,2184800,20.784088134765625
6/15/2017,21.469999313354492,21.538000106811523,21.110000610351562,21.229999542236328,492900,20.842998504638672
6/14/2017,21.84000015258789,22,21.190000534057617,21.510000228881836,527100,21.117895126342773
6/13/2017,21.829999923706055,21.957000732421875,21.520000457763672,21.81999969482422,632500,21.422239303588867
6/12/2017,21.229999542236328,21.790000915527344,21.110000610351562,21.68000030517578,786700,21.284791946411133
6/9/2017,21,21.3700008392334,20.915000915527344,21.3700008392334,1355700,20.980445861816406
6/8/2017,20.5,21.049999237060547,20.209999084472656,21.030000686645508,687400,20.646642684936523
6/7/2017,20.040000915527344,20.43000030517578,19.920000076293945,20.43000030517578,608600,20.057580947875977
6/6/2017,19.93000030517578,20.299999237060547,19.889999389648438,19.920000076293945,480400,19.55687713623047
6/5/2017,20.079999923706055,20.1200008392334,19.575000762939453,20.059999465942383,575300,19.694324493408203
6/2/2017,20.09000015258789,20.329999923706055,19.934999465942383,19.959999084472656,451600,19.596147537231445
6/1/2017,19.920000076293945,20.010000228881836,19.530000686645508,20.010000228881836,696600,19.64523696899414
5/31/2017,19.780000686645508,19.969999313354492,19.31999969482422,19.860000610351562,528500,19.49797248840332
5/30/2017,19.530000686645508,20.024999618530273,19.360000610351562,19.850000381469727,794000,19.48815155029297
5/26/2017,20.06999969482422,20.149999618530273,19.489999771118164,19.610000610351562,724000,19.252527236938477
5/25/2017,19.559999465942383,20.219999313354492,19.559999465942383,20.1200008392334,1116800,19.753232955932617
5/24/2017,18.979999542236328,19.729999542236328,18.709999084472656,19.6299991607666,939500,19.27216339111328
5/23/2017,18.709999084472656,19.079999923706055,18.600000381469727,19.079999923706055,1008000,18.73219108581543
5/22/2017,18.559999465942383,18.700000762939453,18.350000381469727,18.549999237060547,531300,18.211849212646484
5/19/2017,18.860000610351562,19.059999465942383,18.520000457763672,18.6200008392334,559300,18.280576705932617
5/18/2017,18.579999923706055,19.06999969482422,18.200000762939453,18.829999923706055,483800,18.48674774169922
5/17/2017,18.700000762939453,18.700000762939453,17.690000534057617,18.540000915527344,1288300,18.20203399658203
5/16/2017,18.709999084472656,18.90999984741211,18.5,18.780000686645508,623900,18.437658309936523
5/15/2017,18.6200008392334,19.399999618530273,18.520000457763672,18.6200008392334,947200,18.280576705932617
5/12/2017,19.09000015258789,19.09000015258789,18.395000457763672,18.59000015258789,522800,18.25111961364746
5/11/2017,19,19.09000015258789,18.559999465942383,19.030000686645508,1446400,18.683101654052734
5/10/2017,18.510000228881836,18.780000686645508,18.239999771118164,18.399999618530273,839400,18.06458282470703
5/9/2017,18.93000030517578,18.93000030517578,18.299999237060547,18.56999969482422,597800,18.231487274169922
5/8/2017,19.010000228881836,19.049999237060547,18.760000228881836,18.81999969482422,522100,18.476924896240234
5/5/2017,19.059999465942383,19.235000610351562,19,19,2018300,18.65364646911621
5/4/2017,19.110000610351562,19.149999618530273,18.989999771118164,18.989999771118164,494400,18.643827438354492
5/3/2017,19.389999389648438,19.520000457763672,18.790000915527344,19.010000228881836,478800,18.663463592529297
5/2/2017,19.59000015258789,19.600000381469727,19.149999618530273,19.170000076293945,1389100,18.8205509185791
5/1/2017,19.389999389648438,20.100000381469727,19.030000686645508,19.09000015258789,2204500,18.74201011657715
4/28/2017,18.93000030517578,19.049999237060547,18.8799991607666,18.979999542236328,398000,18.634014129638672
4/27/2017,18.989999771118164,19.1299991607666,18.670000076293945,19.030000686645508,473600,18.683101654052734
4/26/2017,19.270000457763672,19.34000015258789,18.8700008392334,19.040000915527344,567600,18.692920684814453
4/25/2017,19.389999389648438,19.489999771118164,19.111000061035156,19.18000030517578,622000,18.830366134643555
4/24/2017,18.799999237060547,19.5,18.649999618530273,19.290000915527344,1844800,18.9383602142334
4/21/2017,18.530000686645508,18.8700008392334,18.459999084472656,18.799999237060547,1415600,18.457290649414062
4/20/2017,18.670000076293945,18.940000534057617,18.6200008392334,18.65999984741211,1187600,18.319843292236328
4/19/2017,19,19.03499984741211,18.829999923706055,18.850000381469727,1059000,18.506383895874023
4/18/2017,18.989999771118164,19.010000228881836,18.469999313354492,18.8700008392334,953200,18.526016235351562
4/17/2017,18.940000534057617,19.23900032043457,18.799999237060547,19,592200,18.65364646911621
4/13/2017,18.8799991607666,19,18.6200008392334,18.979999542236328,942600,18.634014129638672
4/12/2017,18.59000015258789,19.020000457763672,18.579999923706055,18.959999084472656,3616200,18.614377975463867
4/11/2017,19.360000610351562,19.3799991607666,18.40999984741211,18.690000534057617,1709800,18.34929847717285
4/10/2017,19.190000534057617,19.489999771118164,19.149999618530273,19.309999465942383,4783200,18.957996368408203
4/7/2017,18.950000762939453,19.049999237060547,18.597000122070312,19,2285400,18.65364646911621
4/6/2017,19.5,19.739999771118164,18.56999969482422,19,16878900,18.65364646911621
