4/22/2019,5.329999923706055,5.429999828338623,5.300000190734863,5.409999847412109,536400,5.409999847412109
4/18/2019,5.369999885559082,5.488999843597412,5.21999979019165,5.420000076293945,718600,5.420000076293945
4/17/2019,5.349999904632568,5.433000087738037,5.329999923706055,5.329999923706055,633600,5.329999923706055
4/16/2019,5.579999923706055,5.579999923706055,5.224999904632568,5.309999942779541,1657900,5.309999942779541
4/15/2019,5.710000038146973,5.752999782562256,5.5,5.510000228881836,780700,5.510000228881836
4/12/2019,5.860000133514404,5.889999866485596,5.679999828338623,5.739999771118164,684800,5.739999771118164
4/11/2019,5.849999904632568,5.929999828338623,5.735000133514404,5.760000228881836,614700,5.760000228881836
4/10/2019,6.050000190734863,6.060999870300293,5.809999942779541,5.920000076293945,674000,5.920000076293945
4/9/2019,6.099999904632568,6.150000095367432,6.054999828338623,6.059999942779541,729200,6.059999942779541
4/8/2019,6.050000190734863,6.159999847412109,6.019999980926514,6.090000152587891,679500,6.090000152587891
4/5/2019,5.949999809265137,6.099999904632568,5.920000076293945,6.050000190734863,445100,6.050000190734863
4/4/2019,5.96999979019165,5.986999988555908,5.849999904632568,5.940000057220459,524600,5.940000057220459
4/3/2019,5.96999979019165,6.019999980926514,5.900000095367432,5.960000038146973,902500,5.960000038146973
4/2/2019,5.96999979019165,6.039999961853027,5.869999885559082,5.880000114440918,463700,5.880000114440918
3/29/2019,5.909999847412109,6.010000228881836,5.820000171661377,5.940000057220459,730700,5.940000057220459
3/28/2019,5.75,5.809999942779541,5.638999938964844,5.78000020980835,530400,5.78000020980835
3/27/2019,5.730000019073486,5.829999923706055,5.699999809265137,5.75,463000,5.75
3/26/2019,5.739999771118164,5.793000221252441,5.710000038146973,5.739999771118164,447100,5.739999771118164
3/25/2019,5.519999980926514,5.78000020980835,5.510000228881836,5.71999979019165,804800,5.71999979019165
3/22/2019,5.809999942779541,5.809999942779541,5.510000228881836,5.539999961853027,1693600,5.539999961853027
3/21/2019,5.900000095367432,5.989999771118164,5.800000190734863,5.820000171661377,1026500,5.820000171661377
3/20/2019,6.059999942779541,6.099999904632568,5.900000095367432,5.960000038146973,1109600,5.960000038146973
3/19/2019,6.28000020980835,6.304999828338623,6.070000171661377,6.110000133514404,1125900,6.110000133514404
3/18/2019,6.320000171661377,6.400000095367432,6.179999828338623,6.239999771118164,535100,6.239999771118164
3/15/2019,6.210000038146973,6.380000114440918,6.210000038146973,6.260000228881836,577700,6.260000228881836
3/14/2019,6.179999828338623,6.230000019073486,6.070000171661377,6.190000057220459,570800,6.190000057220459
3/13/2019,6.269999980926514,6.309999942779541,6.190000057220459,6.25,410600,6.25
3/12/2019,6.420000076293945,6.440000057220459,6.099999904632568,6.300000190734863,916600,6.300000190734863
3/11/2019,6.260000228881836,6.5,6.21999979019165,6.340000152587891,685300,6.340000152587891
3/8/2019,6.079999923706055,6.179999828338623,6.039999961853027,6.170000076293945,1056900,6.170000076293945
3/7/2019,6.610000133514404,6.629000186920166,6.179999828338623,6.199999809265137,2090500,6.199999809265137
3/6/2019,6.849999904632568,7.123000144958496,6.659999847412109,6.71999979019165,2252600,6.71999979019165
3/5/2019,6.230000019073486,7.010000228881836,6.159999847412109,6.980000019073486,3582800,6.980000019073486
3/4/2019,6.25,6.329999923706055,6.034999847412109,6.159999847412109,1529000,6.159999847412109
3/1/2019,6.320000171661377,6.360000133514404,6.170000076293945,6.210000038146973,877700,6.210000038146973
2/28/2019,6.369999885559082,6.449999809265137,6.159999847412109,6.230000019073486,956600,6.230000019073486
2/27/2019,6.400000095367432,6.53000020980835,6.21999979019165,6.349999904632568,1167000,6.349999904632568
2/26/2019,6.5,6.53000020980835,6.300000190734863,6.400000095367432,1105000,6.400000095367432
2/25/2019,6.75,6.920000076293945,6.5,6.579999923706055,1313600,6.579999923706055
2/22/2019,6.059999942779541,6.5,6.050000190734863,6.480000019073486,1772200,6.480000019073486
2/21/2019,6.130000114440918,6.179999828338623,5.940000057220459,5.980000019073486,750600,5.980000019073486
2/20/2019,6.139999866485596,6.320000171661377,6.090000152587891,6.119999885559082,819900,6.119999885559082
2/19/2019,5.949999809265137,6.230000019073486,5.949999809265137,6.130000114440918,625800,6.130000114440918
2/15/2019,6.039999961853027,6.090000152587891,5.96999979019165,5.96999979019165,486700,5.96999979019165
2/14/2019,6.059999942779541,6.079999923706055,5.949999809265137,6.059999942779541,411700,6.059999942779541
2/13/2019,5.980000019073486,6.150000095367432,5.96999979019165,6.079999923706055,794800,6.079999923706055
2/12/2019,5.880000114440918,6.050000190734863,5.880000114440918,5.929999828338623,710100,5.929999828338623
2/11/2019,6.03000020980835,6.050000190734863,5.820000171661377,5.920000076293945,858900,5.920000076293945
2/8/2019,5.940000057220459,6.090000152587891,5.920000076293945,6.070000171661377,578400,6.070000171661377
2/6/2019,6.179999828338623,6.300000190734863,5.989999771118164,6.139999866485596,1918000,6.139999866485596
2/5/2019,6.199999809265137,6.309999942779541,6.159999847412109,6.21999979019165,619300,6.21999979019165
2/4/2019,6.139999866485596,6.239999771118164,6.019999980926514,6.170000076293945,688800,6.170000076293945
2/1/2019,6.46999979019165,6.599999904632568,5.96999979019165,6.099999904632568,2632200,6.099999904632568
1/31/2019,6.300000190734863,6.579999923706055,6.289999961853027,6.400000095367432,1375800,6.400000095367432
1/30/2019,6.25,6.309999942779541,6.110000133514404,6.269999980926514,814900,6.269999980926514
1/29/2019,6.400000095367432,6.413000106811523,6.210000038146973,6.25,848500,6.25
1/28/2019,6.46999979019165,6.53000020980835,6.289999961853027,6.420000076293945,1060500,6.420000076293945
1/25/2019,6.199999809265137,6.650000095367432,6.150000095367432,6.590000152587891,1447400,6.590000152587891
1/24/2019,5.96999979019165,6.170000076293945,5.960000038146973,6.119999885559082,435800,6.119999885559082
1/23/2019,6.059999942779541,6.25,5.929999828338623,5.949999809265137,643400,5.949999809265137
1/18/2019,5.949999809265137,6.2769999504089355,5.920000076293945,6.110000133514404,938400,6.110000133514404
1/17/2019,5.880000114440918,5.940000057220459,5.784999847412109,5.889999866485596,448200,5.889999866485596
1/15/2019,5.829999923706055,6.025000095367432,5.800000190734863,5.820000171661377,588500,5.820000171661377
1/14/2019,5.75,5.869999885559082,5.579999923706055,5.75,601500,5.75
1/11/2019,6.090000152587891,6.119999885559082,5.75,5.869999885559082,1302900,5.869999885559082
1/10/2019,5.960000038146973,6.119999885559082,5.900000095367432,6.099999904632568,520500,6.099999904632568
1/9/2019,5.889999866485596,6.116000175476074,5.840000152587891,6.019999980926514,847500,6.019999980926514
1/8/2019,5.78000020980835,5.880000114440918,5.590000152587891,5.880000114440918,587100,5.880000114440918
1/7/2019,5.550000190734863,5.800000190734863,5.550000190734863,5.739999771118164,557300,5.739999771118164
1/4/2019,5.389999866485596,5.635000228881836,5.269999980926514,5.570000171661377,1157700,5.570000171661377
1/3/2019,5.5,5.535999774932861,5.079999923706055,5.190000057220459,2341200,5.190000057220459
1/2/2019,5.110000133514404,5.550000190734863,5.039999961853027,5.53000020980835,1072600,5.53000020980835
12/31/2018,5.5,5.690000057220459,5.15500020980835,5.25,1165000,5.25
12/28/2018,5.53000020980835,5.53000020980835,5.349999904632568,5.489999771118164,957200,5.489999771118164
12/27/2018,5.460000038146973,5.579999923706055,5.329999923706055,5.570000171661377,1134400,5.570000171661377
12/26/2018,5.190000057220459,5.670000076293945,5.139999866485596,5.619999885559082,1994100,5.619999885559082
12/24/2018,5.329999923706055,5.380000114440918,4.800000190734863,5.230000019073486,1526800,5.230000019073486
12/21/2018,5.420000076293945,5.429999828338623,5.190000057220459,5.260000228881836,1522900,5.260000228881836
12/20/2018,5.389999866485596,5.53000020980835,5.300000190734863,5.340000152587891,913500,5.340000152587891
12/19/2018,5.539999961853027,5.710000038146973,5.309999942779541,5.449999809265137,1807200,5.449999809265137
12/18/2018,5.460000038146973,5.909999847412109,5.460000038146973,5.489999771118164,1237800,5.489999771118164
12/13/2018,6.199999809265137,6.260000228881836,6.059999942779541,6.110000133514404,889600,6.110000133514404
12/12/2018,6.03000020980835,6.190000057220459,5.760000228881836,6.079999923706055,1213300,6.079999923706055
12/11/2018,6.03000020980835,6.090000152587891,5.860000133514404,5.949999809265137,787900,5.949999809265137
12/10/2018,5.900000095367432,6.050000190734863,5.78000020980835,5.940000057220459,895500,5.940000057220459
12/7/2018,6.070000171661377,6.198999881744385,5.949999809265137,5.960000038146973,351800,5.960000038146973
12/6/2018,5.989999771118164,6.130000114440918,5.880000114440918,6.099999904632568,661300,6.099999904632568
12/4/2018,6.349999904632568,6.400000095367432,6.150000095367432,6.170000076293945,696100,6.170000076293945
12/3/2018,6.510000228881836,6.510000228881836,6.260000228881836,6.329999923706055,1051200,6.329999923706055
11/30/2018,6.159999847412109,6.260000228881836,6.090000152587891,6.210000038146973,896900,6.210000038146973
11/29/2018,6.179999828338623,6.269999980926514,6.039999961853027,6.159999847412109,569100,6.159999847412109
11/28/2018,6.079999923706055,6.289999961853027,6.019999980926514,6.25,934300,6.25
11/27/2018,5.940000057220459,6.059999942779541,5.864999771118164,6.03000020980835,631500,6.03000020980835
11/26/2018,6.070000171661377,6.079999923706055,5.869999885559082,5.989999771118164,938900,5.989999771118164
11/21/2018,6.190000057220459,6.320000171661377,6.050000190734863,6.150000095367432,888400,6.150000095367432
11/20/2018,6.039999961853027,6.150000095367432,5.928999900817871,6.019999980926514,858900,6.019999980926514
11/19/2018,6.25,6.489999771118164,6.159999847412109,6.230000019073486,1459000,6.230000019073486
11/16/2018,6.349999904632568,6.349999904632568,5.960999965667725,6.309999942779541,1876800,6.309999942779541
11/15/2018,6.329999923706055,6.449999809265137,6.28000020980835,6.440000057220459,870500,6.440000057220459
11/14/2018,6.199999809265137,6.340000152587891,6.050000190734863,6.260000228881836,1555700,6.260000228881836
11/12/2018,5.71999979019165,6.110000133514404,5.554999828338623,6.039999961853027,1282000,6.039999961853027
11/9/2018,5.960000038146973,5.960000038146973,5.639999866485596,5.75,1586900,5.75
11/7/2018,6.300000190734863,6.360000133514404,5.940000057220459,6.210000038146973,1591100,6.210000038146973
11/6/2018,6.380000114440918,6.599999904632568,6.289999961853027,6.300000190734863,976700,6.300000190734863
11/5/2018,6.070000171661377,6.579999923706055,5.65500020980835,6.349999904632568,3619100,6.349999904632568
11/2/2018,6.849999904632568,6.859000205993652,6.070000171661377,6.309999942779541,3473200,6.309999942779541
11/1/2018,5.940000057220459,6.739999771118164,5.889999866485596,6.619999885559082,4102500,6.619999885559082
10/31/2018,5.5,5.869999885559082,5.5,5.809999942779541,4002600,5.809999942779541
10/30/2018,5.570000171661377,5.840000152587891,5.380000114440918,5.5,2660300,5.5
10/29/2018,5.849999904632568,5.989999771118164,5.510000228881836,5.579999923706055,1174400,5.579999923706055
10/26/2018,5.570000171661377,5.840000152587891,5.5,5.739999771118164,1587300,5.739999771118164
10/25/2018,5.760000228881836,5.869999885559082,5.639999866485596,5.75,1418300,5.75
10/24/2018,5.929999828338623,6.119999885559082,5.679999828338623,5.690000057220459,1194100,5.690000057220459
10/23/2018,5.75,6.070000171661377,5.75,5.929999828338623,1427500,5.929999828338623
10/22/2018,6.110000133514404,6.239999771118164,5.940000057220459,5.960000038146973,1354200,5.960000038146973
10/19/2018,6.190999984741211,6.275000095367432,5.710000038146973,5.809999942779541,1986700,5.809999942779541
10/18/2018,6.480000019073486,6.486999988555908,6.010000228881836,6.070000171661377,1972400,6.070000171661377
10/17/2018,6.46999979019165,6.519999980926514,6.295000076293945,6.349999904632568,551500,6.349999904632568
10/16/2018,6.46999979019165,6.614999771118164,6.28000020980835,6.53000020980835,1381700,6.53000020980835
10/15/2018,6.309999942779541,6.5,6.269999980926514,6.400000095367432,1264300,6.400000095367432
10/12/2018,6.360000133514404,6.5,6.360000133514404,6.400000095367432,1505600,6.400000095367432
10/11/2018,5.869999885559082,6.349999904632568,5.869999885559082,6.239999771118164,2713100,6.239999771118164
10/10/2018,6.340000152587891,6.340000152587891,5.960000038146973,6.099999904632568,2633600,6.099999904632568
10/9/2018,6.739999771118164,6.75,6.315000057220459,6.360000133514404,2219500,6.360000133514404
10/8/2018,6.510000228881836,6.909999847412109,6.5,6.820000171661377,1311200,6.820000171661377
10/5/2018,6.96999979019165,7.050000190734863,6.650000095367432,6.71999979019165,1521000,6.71999979019165
10/4/2018,7.099999904632568,7.159999847412109,6.849999904632568,6.989999771118164,1393700,6.989999771118164
10/3/2018,7.179999828338623,7.340000152587891,7.090000152587891,7.230000019073486,801800,7.230000019073486
10/2/2018,7.349999904632568,7.400000095367432,7.010000228881836,7.190000057220459,2120600,7.190000057220459
10/1/2018,7.449999809265137,7.559999942779541,7.349999904632568,7.5,809300,7.5
9/28/2018,7.619999885559082,7.730000019073486,7.349999904632568,7.429999828338623,1454000,7.429999828338623
9/27/2018,7.599999904632568,7.739999771118164,7.46999979019165,7.699999809265137,906900,7.699999809265137
9/26/2018,7.650000095367432,7.75,7.550000190734863,7.610000133514404,830800,7.610000133514404
9/25/2018,7.78000020980835,7.820000171661377,7.519999980926514,7.619999885559082,1097100,7.619999885559082
9/24/2018,7.760000228881836,7.960000038146973,7.63100004196167,7.789999961853027,803200,7.789999961853027
9/21/2018,8.130000114440918,8.130000114440918,7.829999923706055,7.929999828338623,1360300,7.929999828338623
9/19/2018,7.559999942779541,7.860000133514404,7.559999942779541,7.75,965800,7.75
9/18/2018,7.400000095367432,7.630000114440918,7.389999866485596,7.539999961853027,847100,7.539999961853027
9/17/2018,7.440000057220459,7.53000020980835,7.349999904632568,7.400000095367432,949800,7.400000095367432
9/14/2018,7.75,7.96999979019165,7.449999809265137,7.550000190734863,1956300,7.550000190734863
9/13/2018,7.800000190734863,8.100000381469727,7.710000038146973,7.71999979019165,2435300,7.71999979019165
9/12/2018,7.550000190734863,7.650000095367432,7.260000228881836,7.53000020980835,1817000,7.53000020980835
9/11/2018,7.510000228881836,7.570000171661377,7.210000038146973,7.46999979019165,2187100,7.46999979019165
9/10/2018,7.869999885559082,8.029999732971191,7.534999847412109,7.570000171661377,1858400,7.570000171661377
9/7/2018,7.769999980926514,8.239999771118164,7.699999809265137,7.760000228881836,1659900,7.760000228881836
9/6/2018,7.679999828338623,7.940000057220459,7.650000095367432,7.860000133514404,2074900,7.860000133514404
9/5/2018,7.880000114440918,7.880000114440918,7.510000228881836,7.71999979019165,2230800,7.71999979019165
9/4/2018,8.1899995803833,8.21500015258789,7.934999942779541,7.96999979019165,1979400,7.96999979019165
8/31/2018,8.279999732971191,8.430000305175781,8.199999809265137,8.229999542236328,1493200,8.229999542236328
8/30/2018,8.600000381469727,8.699999809265137,8.3100004196167,8.34000015258789,1774000,8.34000015258789
8/29/2018,8.680000305175781,8.9399995803833,8.600000381469727,8.699999809265137,1573400,8.699999809265137
8/28/2018,9.069999694824219,9.289999961853027,8.680000305175781,8.75,2431300,8.75
8/27/2018,8.680000305175781,9.135000228881836,8.670000076293945,8.949999809265137,2399200,8.949999809265137
8/24/2018,8.5,8.779999732971191,8.470000267028809,8.59000015258789,2037100,8.59000015258789
8/23/2018,8.899999618530273,9.005000114440918,8.479999542236328,8.5,2027300,8.5
8/22/2018,8.880000114440918,8.920000076293945,8.65999984741211,8.829999923706055,1566400,8.829999923706055
8/21/2018,8.800000190734863,9.079999923706055,8.6899995803833,8.899999618530273,2307700,8.899999618530273
8/20/2018,9.100000381469727,9.119999885559082,8.649999618530273,8.680000305175781,2469600,8.680000305175781
8/17/2018,8.899999618530273,9.109999656677246,8.720000267028809,9.09000015258789,1974600,9.09000015258789
8/16/2018,8.5,9.0600004196167,8.5,9.020000457763672,3151100,9.020000457763672
8/15/2018,8.149999618530273,8.454999923706055,8.140000343322754,8.359999656677246,3388400,8.359999656677246
8/14/2018,8.789999961853027,8.789999961853027,8.390000343322754,8.5600004196167,2993700,8.5600004196167
8/13/2018,8.930000305175781,9.079999923706055,8.649999618530273,8.800000190734863,2663100,8.800000190734863
8/10/2018,9.050000190734863,9.119999885559082,8.949999809265137,8.960000038146973,1806900,8.960000038146973
8/9/2018,9.069999694824219,9.170000076293945,9.010000228881836,9.020000457763672,1279500,9.020000457763672
8/7/2018,9.239999771118164,9.399999618530273,9.119999885559082,9.300000190734863,1440900,9.300000190734863
8/6/2018,9.300000190734863,9.489999771118164,9.15999984741211,9.239999771118164,1971900,9.239999771118164
8/3/2018,9.109999656677246,9.390000343322754,9.079999923706055,9.369999885559082,2079600,9.369999885559082
8/2/2018,9.239999771118164,9.3100004196167,8.979999542236328,9.09000015258789,4062300,9.09000015258789
8/1/2018,8.9399995803833,9.5,8.930999755859375,9.449999809265137,4622700,9.449999809265137
7/31/2018,9.279999732971191,9.680000305175781,9.09000015258789,9.210000038146973,4601300,9.210000038146973
7/30/2018,9.199999809265137,9.720000267028809,8.880000114440918,9.550000190734863,9985800,9.550000190734863
7/27/2018,10.859999656677246,11.020000457763672,10.25,10.329999923706055,4141700,10.329999923706055
7/26/2018,10.630000114440918,10.920000076293945,10.520000457763672,10.770000457763672,1781100,10.770000457763672
7/25/2018,10.640000343322754,11.029999732971191,10.609999656677246,10.9399995803833,1815300,10.9399995803833
7/24/2018,11.460000038146973,11.460000038146973,10.449999809265137,10.609999656677246,4408200,10.609999656677246
7/23/2018,11.390000343322754,11.489999771118164,11.109999656677246,11.229999542236328,1432600,11.229999542236328
7/20/2018,11.350000381469727,11.65999984741211,11.329999923706055,11.380000114440918,1855700,11.380000114440918
7/19/2018,11.59000015258789,11.812000274658203,11.149999618530273,11.289999961853027,2835200,11.289999961853027
7/18/2018,11.850000381469727,12.380000114440918,11.640000343322754,11.729999542236328,3692000,11.729999542236328
7/17/2018,10.920000076293945,12.199999809265137,10.899999618530273,12.020000457763672,7650600,12.020000457763672
7/16/2018,10.770000457763672,11.187999725341797,10.6899995803833,11.130000114440918,2193400,11.130000114440918
7/13/2018,11,11.1899995803833,10.630000114440918,10.779999732971191,2490200,10.779999732971191
7/12/2018,10.619999885559082,11.289999961853027,10.520000457763672,11.069999694824219,4197600,11.069999694824219
7/11/2018,10.039999961853027,10.52299976348877,10,10.40999984741211,3190900,10.40999984741211
7/10/2018,11.0600004196167,11.079999923706055,10.5,10.609999656677246,3626800,10.609999656677246
7/9/2018,10.970000267028809,11.359999656677246,10.880000114440918,11.0600004196167,4219900,11.0600004196167
7/6/2018,10.260000228881836,10.84000015258789,10.100000381469727,10.760000228881836,2182200,10.760000228881836
7/5/2018,10.800000190734863,10.899999618530273,10.210000038146973,10.4399995803833,3341700,10.4399995803833
7/3/2018,11.09000015258789,11.130000114440918,10.640000343322754,10.850000381469727,2838400,10.850000381469727
7/2/2018,10.880000114440918,11.220000267028809,10.75,10.989999771118164,3029600,10.989999771118164
6/29/2018,11.550000190734863,11.729999542236328,11.359999656677246,11.430000305175781,1471400,11.430000305175781
6/28/2018,10.819999694824219,11.420000076293945,10.59000015258789,11.359999656677246,2936400,11.359999656677246
6/27/2018,11.899999618530273,12.260000228881836,11.149999618530273,11.279999732971191,4516500,11.279999732971191
6/26/2018,11.890000343322754,12.170000076293945,11.432000160217285,11.720000267028809,5377800,11.720000267028809
6/25/2018,10.930000305175781,11.880000114440918,10.75,11.579999923706055,8860600,11.579999923706055
6/22/2018,12.640000343322754,12.670000076293945,11.640000343322754,11.729999542236328,8072200,11.729999542236328
6/21/2018,13.680000305175781,13.680000305175781,12.25,12.529999732971191,9434800,12.529999732971191
6/20/2018,14.967000007629395,14.967000007629395,13.619999885559082,14.020000457763672,10464000,14.020000457763672
6/19/2018,15.220000267028809,15.25,13.729999542236328,13.930000305175781,16561900,13.930000305175781
6/18/2018,14.130000114440918,15.5,14.010000228881836,15.430000305175781,17441000,15.430000305175781
6/15/2018,13.960000038146973,15.300000190734863,13.579999923706055,13.850000381469727,22071900,13.850000381469727
6/14/2018,12.979999542236328,13.430000305175781,12.755000114440918,13.380000114440918,9929000,13.380000114440918
6/13/2018,13.020000457763672,13.204999923706055,12.25,12.470000267028809,5833500,12.470000267028809
6/12/2018,12.859999656677246,13.25,12.375,12.75,7453600,12.75
6/11/2018,11.5,12.5,11.347999572753906,12.25,7819900,12.25
6/8/2018,11.079999923706055,11.399999618530273,10.449999809265137,11.329999923706055,4558200,11.329999923706055
6/7/2018,11.359999656677246,11.399999618530273,10.829999923706055,10.970000267028809,3134600,10.970000267028809
6/6/2018,11.34000015258789,11.609999656677246,11.130000114440918,11.329999923706055,4260600,11.329999923706055
6/5/2018,11.529999732971191,11.789999961853027,11.010000228881836,11.1899995803833,7237300,11.1899995803833
6/4/2018,9.760000228881836,11.072999954223633,9.720000267028809,10.880000114440918,7991200,10.880000114440918
6/1/2018,9.609999656677246,9.710000038146973,9.449999809265137,9.609999656677246,2883500,9.609999656677246
5/31/2018,9.479999542236328,9.5600004196167,9.420000076293945,9.529999732971191,1616300,9.529999732971191
5/30/2018,9.579999923706055,9.600000381469727,9.470000267028809,9.5,998300,9.5
5/29/2018,9.609999656677246,9.760000228881836,9.505000114440918,9.600000381469727,1319800,9.600000381469727
5/25/2018,9.699999809265137,9.78499984741211,9.630000114440918,9.779999732971191,324400,9.779999732971191
5/24/2018,9.680000305175781,9.829999923706055,9.618000030517578,9.710000038146973,757900,9.710000038146973
5/23/2018,9.539999961853027,9.739999771118164,9.5,9.65999984741211,560500,9.65999984741211
5/22/2018,9.899999618530273,9.899999618530273,9.449999809265137,9.680000305175781,1218400,9.680000305175781
5/21/2018,9.75,9.9399995803833,9.630000114440918,9.850000381469727,1683200,9.850000381469727
5/18/2018,9.479999542236328,9.6899995803833,9.4399995803833,9.630000114440918,682800,9.630000114440918
5/17/2018,9.489999771118164,9.739999771118164,9.460000038146973,9.479999542236328,1081200,9.479999542236328
5/16/2018,9.470000267028809,9.5,9.3100004196167,9.399999618530273,1071000,9.399999618530273
5/15/2018,9.5,9.569999694824219,9.34000015258789,9.5,938300,9.5
5/14/2018,9.460000038146973,9.739999771118164,9.420000076293945,9.649999618530273,1862600,9.649999618530273
5/11/2018,9.619999885559082,9.649999618530273,9.369999885559082,9.489999771118164,1139400,9.489999771118164
5/10/2018,9.270000457763672,9.5,9.239999771118164,9.470000267028809,1356000,9.470000267028809
5/9/2018,8.739999771118164,9.345000267028809,8.739999771118164,9.260000228881836,2386100,9.260000228881836
5/8/2018,8.609999656677246,8.800000190734863,8.609999656677246,8.770000457763672,875000,8.770000457763672
5/7/2018,8.5,8.779999732971191,8.5,8.670000076293945,1137900,8.670000076293945
5/4/2018,8.5,8.539999961853027,8.369999885559082,8.5,708600,8.5
5/3/2018,8.489999771118164,8.65999984741211,8.479999542236328,8.609999656677246,900800,8.609999656677246
5/2/2018,8.5,8.609999656677246,8.449999809265137,8.5,1061100,8.5
5/1/2018,8.520000457763672,8.6899995803833,8.4399995803833,8.489999771118164,798000,8.489999771118164
4/30/2018,8.84000015258789,8.890999794006348,8.479999542236328,8.600000381469727,785900,8.600000381469727
4/27/2018,8.5,8.880000114440918,8.479999542236328,8.8100004196167,972200,8.8100004196167
4/26/2018,8.329999923706055,8.59000015258789,8.329999923706055,8.5,1596100,8.5
4/25/2018,8.5600004196167,8.5600004196167,8.15999984741211,8.25,1516000,8.25
4/24/2018,8.5,8.5600004196167,8.25,8.5600004196167,1430100,8.5600004196167
4/23/2018,8.510000228881836,8.510000228881836,8.279999732971191,8.369999885559082,837800,8.369999885559082
4/20/2018,8.420000076293945,8.470000267028809,8.210000038146973,8.470000267028809,796000,8.470000267028809
4/19/2018,8.520000457763672,8.600000381469727,8.390000343322754,8.470000267028809,665100,8.470000267028809
4/18/2018,8.550000190734863,8.71500015258789,8.520000457763672,8.520000457763672,441700,8.520000457763672
4/17/2018,8.579999923706055,8.680000305175781,8.520000457763672,8.5600004196167,539500,8.5600004196167
4/16/2018,8.800000190734863,8.824999809265137,8.510000228881836,8.569999694824219,864300,8.569999694824219
4/13/2018,8.649999618530273,8.859999656677246,8.645000457763672,8.770000457763672,938600,8.770000457763672
4/12/2018,8.529999732971191,8.800000190734863,8.529999732971191,8.649999618530273,744600,8.649999618530273
4/11/2018,8.609999656677246,8.800000190734863,8.40999984741211,8.520000457763672,1270600,8.520000457763672
4/10/2018,8.420000076293945,8.729999542236328,8.390000343322754,8.699999809265137,1648600,8.699999809265137
4/9/2018,8.15999984741211,8.40999984741211,8.15999984741211,8.319999694824219,848600,8.319999694824219
4/6/2018,8.239999771118164,8.289999961853027,8.039999961853027,8.119999885559082,1032600,8.119999885559082
4/5/2018,8.699999809265137,8.760000228881836,8.180000305175781,8.239999771118164,1444300,8.239999771118164
4/4/2018,7.940000057220459,8.6899995803833,7.909999847412109,8.59000015258789,3070600,8.59000015258789
4/3/2018,8.119999885559082,8.289999961853027,8.109999656677246,8.130000114440918,754400,8.130000114440918
4/2/2018,8.180000305175781,8.359999656677246,8.020000457763672,8.109999656677246,1214500,8.109999656677246
3/29/2018,8.279999732971191,8.3100004196167,8.119999885559082,8.25,763100,8.25
3/28/2018,8.300000190734863,8.399999618530273,8.130000114440918,8.199999809265137,1559300,8.199999809265137
3/27/2018,8.40999984741211,8.59000015258789,8.220000267028809,8.270000457763672,2282300,8.270000457763672
3/26/2018,8.6899995803833,8.720000267028809,8.104999542236328,8.319999694824219,2127500,8.319999694824219
3/23/2018,8.899999618530273,8.960000038146973,8.300000190734863,8.40999984741211,2745700,8.40999984741211
3/22/2018,9.130000114440918,9.130000114440918,8.875,8.960000038146973,2182000,8.960000038146973
3/21/2018,9.420000076293945,9.444999694824219,9.229999542236328,9.279999732971191,934100,9.279999732971191
3/20/2018,9.670000076293945,9.739999771118164,9.420000076293945,9.4399995803833,1347200,9.4399995803833
3/19/2018,9.84000015258789,9.84000015258789,9.520000457763672,9.59000015258789,2437100,9.59000015258789
3/16/2018,9.550000190734863,9.850000381469727,9.550000190734863,9.800000190734863,1582600,9.800000190734863
3/15/2018,9.5,9.770000457763672,9.399999618530273,9.489999771118164,1365800,9.489999771118164
3/14/2018,9.5600004196167,9.699999809265137,9.444999694824219,9.529999732971191,735200,9.529999732971191
3/13/2018,9.729999542236328,9.84000015258789,9.479999542236328,9.520000457763672,969600,9.520000457763672
3/12/2018,9.630000114440918,9.6899995803833,9.345000267028809,9.479999542236328,1324700,9.479999542236328
3/9/2018,9.970000267028809,9.989999771118164,9.619999885559082,9.680000305175781,1161000,9.680000305175781
3/8/2018,9.720000267028809,9.989999771118164,9.609999656677246,9.899999618530273,1508600,9.899999618530273
3/7/2018,9.520000457763672,9.760000228881836,9.510000228881836,9.680000305175781,812000,9.680000305175781
3/6/2018,9.369999885559082,9.760000228881836,9.34000015258789,9.630000114440918,1174800,9.630000114440918
3/5/2018,9.210000038146973,9.489999771118164,9.119999885559082,9.34000015258789,1186400,9.34000015258789
3/2/2018,9.180000305175781,9.399999618530273,9.010000228881836,9.329999923706055,1555300,9.329999923706055
3/1/2018,8.819999694824219,9.15999984741211,8.800000190734863,8.970000267028809,1099100,8.970000267028809
2/28/2018,8.920000076293945,8.984999656677246,8.800000190734863,8.800000190734863,872100,8.800000190734863
2/27/2018,9.100000381469727,9.149999618530273,8.920000076293945,8.949999809265137,979200,8.949999809265137
2/26/2018,9.100000381469727,9.199999809265137,9.100000381469727,9.140000343322754,720900,9.140000343322754
2/23/2018,9.319999694824219,9.348999977111816,9.050000190734863,9.079999923706055,1143100,9.079999923706055
2/22/2018,9.3100004196167,9.40999984741211,9.199999809265137,9.260000228881836,612200,9.260000228881836
2/21/2018,9.359999656677246,9.510000228881836,9.25,9.34000015258789,960200,9.34000015258789
2/20/2018,9.40999984741211,9.479999542236328,9.220000267028809,9.279999732971191,768200,9.279999732971191
2/16/2018,9.399999618530273,9.59000015258789,9.399999618530273,9.420000076293945,964100,9.420000076293945
2/15/2018,9.5,9.680000305175781,9.3100004196167,9.479999542236328,1367500,9.479999542236328
2/14/2018,9.649999618530273,9.744999885559082,9.319999694824219,9.449999809265137,2362800,9.449999809265137
2/13/2018,9.1899995803833,9.880000114440918,9.15999984741211,9.779999732971191,3225400,9.779999732971191
2/12/2018,8.899999618530273,9.220000267028809,8.734999656677246,9.109999656677246,1798700,9.109999656677246
2/9/2018,9.09000015258789,9.239999771118164,8.079999923706055,8.739999771118164,4435100,8.739999771118164
2/8/2018,9.5600004196167,9.75,8.925999641418457,9.029999732971191,3426800,9.029999732971191
2/7/2018,10.470000267028809,10.470000267028809,9.380000114440918,9.470000267028809,5133500,9.470000267028809
2/6/2018,9.199999809265137,10.4399995803833,9.029999732971191,10.289999961853027,4061200,10.289999961853027
2/5/2018,9.930000305175781,9.989999771118164,9.5,9.529999732971191,3091800,9.529999732971191
2/2/2018,10.220000267028809,10.289999961853027,10.010000228881836,10.199999809265137,2003700,10.199999809265137
2/1/2018,10.15999984741211,10.399999618530273,10.020000457763672,10.279999732971191,2048800,10.279999732971191
1/31/2018,10.779999732971191,10.880000114440918,10.154999732971191,10.279999732971191,5394900,10.279999732971191
1/30/2018,11.149999618530273,11.300000190734863,10.640000343322754,10.649999618530273,5929500,10.649999618530273
1/29/2018,11.75,11.75,11,11.170000076293945,11371400,11.170000076293945
1/26/2018,11.619999885559082,12.399999618530273,11.609999656677246,12.319999694824219,2915100,12.319999694824219
1/25/2018,12.15999984741211,12.15999984741211,11.449999809265137,11.529999732971191,2119800,11.529999732971191
1/24/2018,11.430000305175781,11.850000381469727,11.420000076293945,11.619999885559082,1975900,11.619999885559082
1/23/2018,11.84000015258789,11.84000015258789,11.25,11.289999961853027,2114000,11.289999961853027
1/22/2018,11.479999542236328,11.505999565124512,11.100000381469727,11.180000305175781,2086200,11.180000305175781
1/19/2018,11.579999923706055,11.989999771118164,11.420000076293945,11.4399995803833,1500500,11.4399995803833
1/18/2018,11.739999771118164,11.779999732971191,11.449999809265137,11.470000267028809,1761600,11.470000267028809
1/17/2018,12.130000114440918,12.1899995803833,11.640000343322754,11.75,1918600,11.75
1/16/2018,12.399999618530273,12.529999732971191,12.039999961853027,12.15999984741211,1423000,12.15999984741211
1/12/2018,12.59000015258789,12.630000114440918,12.199999809265137,12.329999923706055,1041600,12.329999923706055
1/11/2018,12.579999923706055,12.800000190734863,12.413000106811523,12.460000038146973,865300,12.460000038146973
1/10/2018,12.550000190734863,12.729999542236328,12.260000228881836,12.609999656677246,1240400,12.609999656677246
1/9/2018,12.979999542236328,13,12.600000381469727,12.619999885559082,1786800,12.619999885559082
1/8/2018,12.670000076293945,13,12.664999961853027,12.819999694824219,2522200,12.819999694824219
1/5/2018,12.229999542236328,12.75,12.229999542236328,12.529999732971191,1946500,12.529999732971191
1/4/2018,12,12.279999732971191,11.979999542236328,12.170000076293945,2175400,12.170000076293945
1/3/2018,12,12.010000228881836,11.699999809265137,11.899999618530273,1221000,11.899999618530273
1/2/2018,11.550000190734863,11.920000076293945,11.550000190734863,11.899999618530273,915600,11.899999618530273
12/29/2017,11.699999809265137,11.720000267028809,11.486000061035156,11.569999694824219,1162200,11.569999694824219
12/28/2017,11.800000190734863,11.84000015258789,11.609999656677246,11.739999771118164,379200,11.739999771118164
12/27/2017,11.720000267028809,12,11.710000038146973,11.8100004196167,659000,11.8100004196167
12/26/2017,11.699999809265137,11.880000114440918,11.65999984741211,11.720000267028809,464200,11.720000267028809
12/22/2017,11.640000343322754,11.789999961853027,11.460000038146973,11.65999984741211,619200,11.65999984741211
12/21/2017,11.699999809265137,11.800000190734863,11.449999809265137,11.600000381469727,866600,11.600000381469727
12/20/2017,11.850000381469727,11.880000114440918,11.420000076293945,11.609999656677246,1102100,11.609999656677246
12/19/2017,11.680000305175781,11.869999885559082,11.5,11.720000267028809,1259800,11.720000267028809
12/18/2017,11.220000267028809,11.579999923706055,11.220000267028809,11.369999885559082,1026700,11.369999885559082
12/15/2017,11.149999618530273,11.319999694824219,11.050000190734863,11.1899995803833,532800,11.1899995803833
12/14/2017,11.460000038146973,11.470000267028809,11.024999618530273,11.100000381469727,896700,11.100000381469727
12/13/2017,11.609999656677246,11.760000228881836,11.380000114440918,11.399999618530273,900900,11.399999618530273
12/12/2017,12,12.050000190734863,11.579999923706055,11.670000076293945,714100,11.670000076293945
12/11/2017,11.989999771118164,12.097000122070312,11.720000267028809,11.9399995803833,1117700,11.9399995803833
12/8/2017,11.699999809265137,11.880000114440918,11.569999694824219,11.649999618530273,644800,11.649999618530273
12/7/2017,11.680000305175781,11.960000038146973,11.529999732971191,11.630000114440918,1377000,11.630000114440918
12/6/2017,11.529999732971191,11.5600004196167,11.300000190734863,11.430000305175781,1549600,11.430000305175781
12/5/2017,11,11.930000305175781,11,11.699999809265137,2113500,11.699999809265137
12/4/2017,11.670000076293945,11.680000305175781,10.850000381469727,11,3490500,11
12/1/2017,12.350000381469727,12.40999984741211,11,11.15999984741211,3688700,11.15999984741211
11/30/2017,12.6899995803833,12.789999961853027,12.220000267028809,12.300000190734863,3321200,12.300000190734863
11/29/2017,13,13.050000190734863,12.100000381469727,13.050000190734863,3824000,13.050000190734863
11/28/2017,13.050000190734863,13.229999542236328,12.859999656677246,12.920000076293945,1722000,12.920000076293945
11/27/2017,13.010000228881836,13.380000114440918,12.949999809265137,13.050000190734863,1575300,13.050000190734863
11/24/2017,13.670000076293945,13.670000076293945,12.819999694824219,13.050000190734863,2386000,13.050000190734863
11/22/2017,13.75,13.819999694824219,13.510000228881836,13.550000190734863,2094200,13.550000190734863
11/21/2017,13.649999618530273,13.770000457763672,13.5600004196167,13.699999809265137,2305800,13.699999809265137
11/20/2017,13.430000305175781,13.58899974822998,13.270000457763672,13.550000190734863,1716500,13.550000190734863
11/17/2017,13.300000190734863,13.600000381469727,13.1899995803833,13.1899995803833,3289000,13.1899995803833
11/16/2017,12.890000343322754,13.350000381469727,12.850000381469727,13.270000457763672,2799800,13.270000457763672
11/15/2017,12.880000114440918,13,12.5,12.6899995803833,6820800,12.6899995803833
11/14/2017,13.699999809265137,13.84000015258789,13,13,8635100,13
11/13/2017,14,14.069999694824219,13.65999984741211,13.819999694824219,4344900,13.819999694824219
11/10/2017,14.039999961853027,14.6899995803833,13.680000305175781,13.850000381469727,12580400,13.850000381469727
11/9/2017,13,14.699999809265137,13,13.5,42527100,13.5
10/26/2017,11.100000381469727,11.180000305175781,11.020000457763672,11.0600004196167,22000,11.0600004196167
