4/22/2019,100.72000122070312,104.25,100.28299713134766,103.75,2528700,103.75
4/18/2019,101.4000015258789,105.5999984741211,100.25,101.94000244140625,7539000,101.94000244140625
4/17/2019,113.38999938964844,114.12999725341797,109.67400360107422,111.19000244140625,3261600,111.19000244140625
4/16/2019,115.08999633789062,115.61000061035156,112.22000122070312,112.97000122070312,2014300,112.97000122070312
4/15/2019,114.01000213623047,117.05999755859375,113.55999755859375,114.44999694824219,2094000,114.44999694824219
4/12/2019,115.27999877929688,115.66999816894531,112.27999877929688,112.68000030517578,1543200,112.68000030517578
4/11/2019,113.63999938964844,114.69000244140625,111.56999969482422,114.44000244140625,1224200,114.44000244140625
4/10/2019,112.1500015258789,113.69999694824219,111.83000183105469,112.73999786376953,1714200,112.73999786376953
4/9/2019,111,112.69000244140625,110.19999694824219,112.1500015258789,1194300,112.1500015258789
4/8/2019,111.27999877929688,112.13999938964844,108.29399871826172,112.08000183105469,1009500,112.08000183105469
4/5/2019,111.52999877929688,112.54000091552734,110.19000244140625,111.33000183105469,1239500,111.33000183105469
4/4/2019,115.5999984741211,115.5999984741211,106.75,110.22000122070312,2366000,110.22000122070312
4/3/2019,116.30000305175781,116.69999694824219,114.66999816894531,115.36000061035156,1102400,115.36000061035156
4/2/2019,114.44000244140625,116.08999633789062,112.22000122070312,115.5999984741211,980100,115.5999984741211
4/1/2019,114.02999877929688,115.375,111.37000274658203,113.87000274658203,1255300,113.87000274658203
3/29/2019,110.19999694824219,112.51000213623047,108.68000030517578,112.38999938964844,1239000,112.38999938964844
3/28/2019,107.08000183105469,109.87000274658203,106.5999984741211,108.45999908447266,1132300,108.45999908447266
3/27/2019,111.4000015258789,112,105.19999694824219,106.98999786376953,2086800,106.98999786376953
3/26/2019,111.62999725341797,112.94999694824219,110.5,111.55000305175781,727800,111.55000305175781
3/25/2019,109.33000183105469,110.38999938964844,107.9000015258789,109.86000061035156,890700,109.86000061035156
3/22/2019,114.69000244140625,115.05400085449219,109.7300033569336,109.83000183105469,1433200,109.83000183105469
3/21/2019,112.33999633789062,115.87999725341797,112.0999984741211,115.5,1098100,115.5
3/20/2019,112.63999938964844,113.9000015258789,111.27799987792969,112.83000183105469,823100,112.83000183105469
3/19/2019,112.20999908447266,113.4000015258789,110.30999755859375,112.41999816894531,1148300,112.41999816894531
3/18/2019,110.12000274658203,111.7300033569336,109.66000366210938,111.22000122070312,729300,111.22000122070312
3/15/2019,110.83000183105469,112.2300033569336,109.64299774169922,110.2699966430664,2235500,110.2699966430664
3/14/2019,109.45999908447266,112.48999786376953,109.30000305175781,110.4800033569336,1711200,110.4800033569336
3/13/2019,111.22000122070312,112.58000183105469,108.25,108.58000183105469,3581400,108.58000183105469
3/12/2019,110.05999755859375,112.44999694824219,109.05000305175781,110.94000244140625,1747800,110.94000244140625
3/11/2019,104.76000213623047,110.0999984741211,104.76000213623047,109.51000213623047,1533000,109.51000213623047
3/8/2019,102.05999755859375,105.05999755859375,100.51000213623047,104.25,1095000,104.25
3/7/2019,102.97000122070312,106.34400177001953,102.55999755859375,104.20999908447266,1306000,104.20999908447266
3/6/2019,104.25,105,102.30000305175781,103.5,855600,103.5
3/5/2019,105.33000183105469,105.33000183105469,101.29000091552734,104.43000030517578,1309800,104.43000030517578
3/4/2019,111.58000183105469,111.58000183105469,99.7699966430664,104.70999908447266,3863200,104.70999908447266
3/1/2019,108.22000122070312,111.76000213623047,107.55999755859375,110.94999694824219,1989400,110.94999694824219
2/28/2019,105.62999725341797,107.95999908447266,105.38099670410156,107.4800033569336,1749900,107.4800033569336
2/27/2019,105.30000305175781,106.6500015258789,104.79100036621094,106.33000183105469,996800,106.33000183105469
2/26/2019,106.0199966430664,107.01000213623047,105.44999694824219,105.87999725341797,1185300,105.87999725341797
2/25/2019,105.97000122070312,107.94999694824219,105.75,106.75,1390300,106.75
2/22/2019,102.97000122070312,105.44000244140625,102.73999786376953,105.25,967900,105.25
2/21/2019,103.30000305175781,103.87999725341797,101.58999633789062,103.04000091552734,949600,103.04000091552734
2/20/2019,104,105.66999816894531,102.58000183105469,104.12000274658203,1162400,104.12000274658203
2/19/2019,104.37999725341797,104.62999725341797,103.31999969482422,103.91000366210938,1845000,103.91000366210938
2/15/2019,106.1500015258789,106.1500015258789,104.12000274658203,104.9000015258789,899100,104.9000015258789
2/14/2019,104.73999786376953,105.77999877929688,104.11000061035156,104.80999755859375,1194100,104.80999755859375
2/13/2019,106.4800033569336,107.19999694824219,103.30999755859375,105.25,1131600,105.25
2/12/2019,104.8499984741211,106.58999633789062,104.30000305175781,106.12000274658203,1457300,106.12000274658203
2/11/2019,104.94000244140625,106.4000015258789,104.11000061035156,104.56999969482422,1385600,104.56999969482422
2/8/2019,101.31999969482422,104.9520034790039,101.19999694824219,104.33999633789062,1129400,104.33999633789062
2/7/2019,102.22000122070312,103.71600341796875,101.16000366210938,102.3499984741211,1180900,102.3499984741211
2/6/2019,102.7300033569336,104.30999755859375,101.26000213623047,103.54000091552734,1500700,103.54000091552734
2/5/2019,102.47000122070312,103.7750015258789,101.625,102.7699966430664,1809000,102.7699966430664
2/4/2019,99.08000183105469,102.8499984741211,99.06999969482422,102.18000030517578,1979900,102.18000030517578
2/1/2019,98.20999908447266,101.76000213623047,97.86000061035156,98.9800033569336,2084700,98.9800033569336
1/31/2019,95,100,94.70999908447266,98.4000015258789,2263300,98.4000015258789
1/30/2019,94.06999969482422,95.84300231933594,94.06999969482422,95.01000213623047,1141300,95.01000213623047
1/29/2019,94.38999938964844,94.80000305175781,92.4209976196289,93.22000122070312,948500,93.22000122070312
1/28/2019,94.41999816894531,95.12000274658203,92.52999877929688,94.72000122070312,954700,94.72000122070312
1/25/2019,94.5,95.98999786376953,93.71399688720703,95.86000061035156,1154700,95.86000061035156
1/24/2019,93.81999969482422,94.9000015258789,92.11000061035156,93.31999969482422,1211200,93.31999969482422
1/23/2019,92,94.4000015258789,90.8499984741211,93.6500015258789,2447100,93.6500015258789
1/22/2019,88.7699966430664,92.47000122070312,87.18000030517578,91.44000244140625,2696100,91.44000244140625
1/18/2019,100,100,88.55000305175781,90.66999816894531,7666900,90.66999816894531
1/17/2019,94.33000183105469,94.75,91.65699768066406,92.91999816894531,3504300,92.91999816894531
1/16/2019,95.62999725341797,96.69000244140625,93.4000015258789,94.31999969482422,1662900,94.31999969482422
1/15/2019,91.3499984741211,95.41000366210938,90.4000015258789,95.37999725341797,1792200,95.37999725341797
1/14/2019,94.18000030517578,94.71800231933594,92.85099792480469,93.70999908447266,2252100,93.70999908447266
1/11/2019,95.30999755859375,96.47000122070312,93.66999816894531,95.6500015258789,934900,95.6500015258789
1/10/2019,95.05999755859375,95.98999786376953,93.75,95.5,1174800,95.5
1/9/2019,95.2699966430664,96.97000122070312,94.625,95.80999755859375,1454800,95.80999755859375
1/8/2019,94.9800033569336,96,91.66000366210938,94.81999969482422,2275300,94.81999969482422
1/7/2019,89.05000305175781,95.80000305175781,87.69999694824219,92.70999908447266,3738800,92.70999908447266
1/4/2019,86.6500015258789,88.81999969482422,85.48200225830078,87.08999633789062,1836200,87.08999633789062
1/3/2019,87.02999877929688,88.36000061035156,84.29000091552734,84.4800033569336,1199500,84.4800033569336
1/2/2019,85.81999969482422,90.13999938964844,84.18000030517578,89.02999877929688,1570400,89.02999877929688
12/31/2018,89.2300033569336,90.87999725341797,88.19999694824219,88.9800033569336,2146700,88.9800033569336
12/28/2018,88.20999908447266,88.9800033569336,85.22000122070312,87.5999984741211,1410700,87.5999984741211
12/27/2018,83.5199966430664,87.56999969482422,82.66000366210938,87.56999969482422,966700,87.56999969482422
12/26/2018,79.36000061035156,85.5,79.33000183105469,85.31999969482422,1510000,85.31999969482422
12/24/2018,79.79000091552734,81.8499984741211,77.33999633789062,78.66000366210938,630100,78.66000366210938
12/21/2018,82.97000122070312,83,79.45999908447266,81.12999725341797,3059400,81.12999725341797
12/20/2018,80.23999786376953,83.8499984741211,75.55000305175781,82.25,2980300,82.25
12/19/2018,79.68000030517578,83.73999786376953,79.3550033569336,81.05999755859375,1688200,81.05999755859375
12/18/2018,81.19999694824219,81.3499984741211,78.7300033569336,79.12000274658203,1454000,79.12000274658203
12/17/2018,82.75,82.75,79.29000091552734,79.8499984741211,1161900,79.8499984741211
12/14/2018,82.87000274658203,84.91999816894531,82.01000213623047,83.19000244140625,831700,83.19000244140625
12/13/2018,85,85.68000030517578,82.80999755859375,84.25,714300,84.25
12/12/2018,84.83000183105469,86.75,83.80000305175781,84.05000305175781,1149800,84.05000305175781
12/11/2018,85.20999908447266,85.5999984741211,82.16000366210938,82.9800033569336,634300,82.9800033569336
12/10/2018,80.19999694824219,84.27999877929688,79,83.05999755859375,1170800,83.05999755859375
12/7/2018,83.81999969482422,84.83000183105469,78.92400360107422,80.45999908447266,1817200,80.45999908447266
12/6/2018,82.30000305175781,85.76000213623047,81,85.13999938964844,1908000,85.13999938964844
12/4/2018,88.69999694824219,89.81999969482422,85.01000213623047,85.72000122070312,1745400,85.72000122070312
12/3/2018,89,89.80999755859375,87.06999969482422,89.5999984741211,1840500,89.5999984741211
11/30/2018,84.27999877929688,87,84.05999755859375,85.94000244140625,1394100,85.94000244140625
11/29/2018,80,85.83000183105469,79.88999938964844,83.9000015258789,2191200,83.9000015258789
11/28/2018,75.47000122070312,81.5,75.47000122070312,80.69999694824219,1596100,80.69999694824219
11/27/2018,75.29000091552734,76.62999725341797,74.30999755859375,74.66000366210938,810400,74.66000366210938
11/26/2018,73.69000244140625,76.26000213623047,72.7699966430664,76.16999816894531,884600,76.16999816894531
11/23/2018,70.22000122070312,73.41999816894531,70.0009994506836,73.19999694824219,363900,73.19999694824219
11/21/2018,73.11000061035156,73.20999908447266,70.09100341796875,72.12999725341797,827700,72.12999725341797
11/20/2018,66.04000091552734,70.56999969482422,65.16999816894531,70.22000122070312,1871200,70.22000122070312
11/19/2018,75.4800033569336,75.75,68.94000244140625,69.30999755859375,2160600,69.30999755859375
11/16/2018,75.2699966430664,76.68000030517578,74.52999877929688,75.94999694824219,876800,75.94999694824219
11/15/2018,72.27999877929688,75.93000030517578,71.98999786376953,75.75,1262800,75.75
11/14/2018,74.0199966430664,74.75,71.70999908447266,72.4000015258789,899700,72.4000015258789
11/13/2018,74.2699966430664,74.2699966430664,70.41799926757812,73.01000213623047,1323800,73.01000213623047
11/12/2018,72.06999969482422,72.83000183105469,69.62999725341797,70.80000305175781,1284800,70.80000305175781
11/9/2018,75.0199966430664,75.45700073242188,71.91000366210938,73.29000091552734,684300,73.29000091552734
11/8/2018,76.81999969482422,77.26000213623047,74.7249984741211,75.94999694824219,984900,75.94999694824219
11/7/2018,73.63999938964844,78,73.09500122070312,77.61000061035156,1854100,77.61000061035156
11/6/2018,74.1500015258789,75.63999938964844,71.55000305175781,72.08999633789062,1118000,72.08999633789062
11/5/2018,76.19999694824219,77,73.31999969482422,74.61000061035156,772000,74.61000061035156
11/2/2018,77.06999969482422,78.56500244140625,75.19999694824219,76.4800033569336,1130200,76.4800033569336
11/1/2018,76.66999816894531,77.43000030517578,74.43000030517578,76.75,1389400,76.75
10/31/2018,72.5,76.66000366210938,72.05999755859375,75.91000366210938,2289900,75.91000366210938
10/30/2018,68.70999908447266,72.56999969482422,68.2699966430664,71.33999633789062,2255300,71.33999633789062
10/29/2018,71.81999969482422,72.41500091552734,67.37000274658203,68.93000030517578,1604600,68.93000030517578
10/26/2018,67.98999786376953,70.69000244140625,66.80000305175781,68.91999816894531,1634000,68.91999816894531
10/25/2018,69.29000091552734,70.65499877929688,68,70.43000030517578,1942400,70.43000030517578
10/24/2018,72.05999755859375,73.27999877929688,67.01000213623047,67.12000274658203,1984300,67.12000274658203
10/23/2018,71.19999694824219,72.62999725341797,69.68000030517578,72.45999908447266,2069400,72.45999908447266
10/22/2018,71.02999877929688,73.20999908447266,70.41999816894531,72.63999938964844,3574600,72.63999938964844
10/19/2018,78,80.86000061035156,69.55999755859375,70.18000030517578,8073000,70.18000030517578
10/18/2018,83.02999877929688,83.9000015258789,80.13500213623047,81.88999938964844,2485100,81.88999938964844
10/17/2018,83.98999786376953,84.05000305175781,81.58000183105469,83.62999725341797,1125000,83.62999725341797
10/16/2018,80.87000274658203,83.19999694824219,80.66000366210938,82.83999633789062,1613500,82.83999633789062
10/15/2018,81.70999908447266,82.13999938964844,78.61199951171875,79.77999877929688,1287300,79.77999877929688
10/12/2018,81.22000122070312,82.36000061035156,79.87000274658203,81.70999908447266,1667000,81.70999908447266
10/11/2018,76.62000274658203,81.22000122070312,76.12000274658203,78.33999633789062,2084800,78.33999633789062
10/10/2018,80.23999786376953,80.69000244140625,77.51000213623047,78.6500015258789,2382300,78.6500015258789
10/9/2018,80.68000030517578,83.8499984741211,80.51200103759766,81.29000091552734,1699800,81.29000091552734
10/8/2018,84.3499984741211,84.71199798583984,79.7699966430664,81.08999633789062,3316200,81.08999633789062
10/5/2018,86.0999984741211,87.25800323486328,84.05000305175781,85.36000061035156,1707100,85.36000061035156
10/4/2018,90.22000122070312,90.83000183105469,85.41999816894531,85.66999816894531,3062200,85.66999816894531
10/3/2018,94,94.58999633789062,91.76000213623047,92.9000015258789,1929500,92.9000015258789
10/2/2018,94.68000030517578,95.87000274658203,93.55999755859375,93.5999984741211,2521900,93.5999984741211
10/1/2018,97.18000030517578,98.21299743652344,94.84500122070312,95.72000122070312,1418700,95.72000122070312
9/28/2018,95.77999877929688,97.05999755859375,95.02999877929688,96.13999938964844,1866100,96.13999938964844
9/27/2018,95.12000274658203,96.4489974975586,94.80000305175781,95.88999938964844,1109500,95.88999938964844
9/26/2018,94.66999816894531,95.25,93.52999877929688,94.36000061035156,1130800,94.36000061035156
9/25/2018,92.9000015258789,94.61000061035156,92.64199829101562,94.27999877929688,930600,94.27999877929688
9/24/2018,89.77999877929688,93.16000366210938,88.5739974975586,92.47000122070312,1364000,92.47000122070312
9/21/2018,91.4800033569336,91.7300033569336,89.7300033569336,90.69000244140625,1075000,90.69000244140625
9/20/2018,90,91.5,89.47000122070312,91.31999969482422,1169600,91.31999969482422
9/19/2018,92.41000366210938,92.94999694824219,89.56999969482422,89.93000030517578,1498200,89.93000030517578
9/18/2018,91.06999969482422,93.22000122070312,90.48999786376953,92.4000015258789,1659000,92.4000015258789
9/17/2018,94.48999786376953,94.5,90.63999938964844,91.11000061035156,1411500,91.11000061035156
9/14/2018,93.58000183105469,95,92.8499984741211,94.18000030517578,1176700,94.18000030517578
9/13/2018,91.75,94.72000122070312,91.33000183105469,93.41999816894531,1878800,93.41999816894531
9/12/2018,90.12999725341797,90.91999816894531,86.94999694824219,89.58000183105469,1046400,89.58000183105469
9/11/2018,88.08999633789062,90.7699966430664,87.25,90.48999786376953,876800,90.48999786376953
9/10/2018,87.95999908447266,88.5479965209961,85.43499755859375,87.95999908447266,1192600,87.95999908447266
9/7/2018,86.45999908447266,88.6500015258789,84.46199798583984,87.01000213623047,1816600,87.01000213623047
9/6/2018,87.9800033569336,88.48999786376953,86.55000305175781,86.68000030517578,1830500,86.68000030517578
9/5/2018,92.26000213623047,92.26000213623047,86.73999786376953,87.61000061035156,2246600,87.61000061035156
9/4/2018,90.19999694824219,92.23999786376953,89.60099792480469,91.9000015258789,1563400,91.9000015258789
8/31/2018,89,91.41999816894531,88.36499786376953,90.01000213623047,1333800,90.01000213623047
8/30/2018,89.0199966430664,90.30999755859375,88.66999816894531,89.29000091552734,1350900,89.29000091552734
8/29/2018,87.8499984741211,89.76000213623047,87.8499984741211,89.47000122070312,1647700,89.47000122070312
8/28/2018,86.76000213623047,88.05000305175781,86.54000091552734,87.66000366210938,1796000,87.66000366210938
8/27/2018,86.02999877929688,87.4800033569336,85.05999755859375,86.54000091552734,2420700,86.54000091552734
8/24/2018,82.5199966430664,86.12999725341797,82.5199966430664,86.11000061035156,2064100,86.11000061035156
8/23/2018,79.5199966430664,82.9800033569336,79.25,82.62999725341797,1925600,82.62999725341797
8/22/2018,79.25,80.5,78.69999694824219,80.05999755859375,673200,80.05999755859375
8/21/2018,78.05000305175781,80.68000030517578,78.05000305175781,79.26000213623047,1012000,79.26000213623047
8/20/2018,77.62999725341797,78.68000030517578,76.79000091552734,78.25,1063300,78.25
8/17/2018,78,78.33499908447266,77.0199966430664,78.0199966430664,714200,78.0199966430664
8/16/2018,78,78.5,77.41999816894531,78.0999984741211,466200,78.0999984741211
8/15/2018,77.30999755859375,78.63999938964844,77.1500015258789,77.63999938964844,1309700,77.63999938964844
8/14/2018,78.05999755859375,78.91000366210938,76.80999755859375,78.70999908447266,870600,78.70999908447266
8/13/2018,78.06999969482422,79.5199966430664,77.9800033569336,78.2300033569336,763900,78.2300033569336
8/10/2018,77.5199966430664,78.69999694824219,77.10099792480469,78.06999969482422,865400,78.06999969482422
8/9/2018,76.19999694824219,78.73999786376953,75.66000366210938,78.30999755859375,1234400,78.30999755859375
8/8/2018,75.62000274658203,76.69999694824219,75.24700164794922,76.16999816894531,689600,76.16999816894531
8/7/2018,75.91000366210938,76.61000061035156,75.51000213623047,75.9800033569336,1086800,75.9800033569336
8/6/2018,74.3499984741211,76.12999725341797,74.30999755859375,75.55000305175781,1518000,75.55000305175781
8/3/2018,75.19999694824219,75.19999694824219,73.31400299072266,74.12000274658203,934700,74.12000274658203
8/2/2018,73,75.55500030517578,72.86499786376953,74.91999816894531,1059300,74.91999816894531
8/1/2018,72.5,74.55500030517578,72.41000366210938,73.29000091552734,1364600,73.29000091552734
7/31/2018,70.77999877929688,73.80999755859375,70.5,72.41000366210938,2057800,72.41000366210938
7/30/2018,73,75,69.12999725341797,71.08000183105469,2577300,71.08000183105469
7/27/2018,77.93000030517578,79.81999969482422,72.5,73.83999633789062,7461900,73.83999633789062
7/26/2018,66.08999633789062,67.7699966430664,65.33000183105469,66.83000183105469,1460300,66.83000183105469
7/25/2018,64.77999877929688,67.12000274658203,64.77999877929688,67.05000305175781,803100,67.05000305175781
7/24/2018,67.11000061035156,67.11000061035156,64.43000030517578,64.48999786376953,926900,64.48999786376953
7/23/2018,67.48999786376953,67.9800033569336,65.51100158691406,66.4000015258789,1383200,66.4000015258789
7/20/2018,67.8499984741211,68.66000366210938,67.5,67.87000274658203,1198900,67.87000274658203
7/19/2018,68.2300033569336,68.9800033569336,67.80999755859375,67.86000061035156,702000,67.86000061035156
7/18/2018,67.95999908447266,68.5,67.29000091552734,68.22000122070312,589200,68.22000122070312
7/17/2018,66.08999633789062,68.0999984741211,65.1500015258789,67.87999725341797,671700,67.87999725341797
7/16/2018,67.5199966430664,68.4000015258789,66.73999786376953,66.86000061035156,670300,66.86000061035156
7/13/2018,68.56999969482422,68.67500305175781,67.08999633789062,67.19000244140625,1170600,67.19000244140625
7/12/2018,65.61000061035156,68.7699966430664,65.33999633789062,68.26000213623047,1439500,68.26000213623047
7/11/2018,64.01000213623047,65.5999984741211,64,65.33000183105469,460500,65.33000183105469
7/10/2018,64.88999938964844,65.25,64.10199737548828,64.69999694824219,534700,64.69999694824219
7/9/2018,65.73999786376953,66.37000274658203,63.61000061035156,64.77999877929688,728300,64.77999877929688
7/6/2018,63.29999923706055,65.4000015258789,63.20500183105469,65.2300033569336,591000,65.2300033569336
7/5/2018,63.02000045776367,63.869998931884766,62.5,63.400001525878906,1168300,63.400001525878906
7/3/2018,63.369998931884766,64.25,62.59000015258789,62.97999954223633,490200,62.97999954223633
7/2/2018,62.029998779296875,63.52000045776367,61.65999984741211,63.349998474121094,521800,63.349998474121094
6/29/2018,62.41999816894531,63.209999084472656,62.09000015258789,62.52000045776367,532100,62.52000045776367
6/28/2018,60.689998626708984,62.459999084472656,60.38999938964844,62.119998931884766,712900,62.119998931884766
6/27/2018,63.369998931884766,63.529998779296875,60.75,60.75,685800,60.75
6/26/2018,62.869998931884766,63.59000015258789,62.400001525878906,63.25,1106400,63.25
6/25/2018,63.54999923706055,63.939998626708984,61.18000030517578,62.380001068115234,1055900,62.380001068115234
6/22/2018,65.51000213623047,65.51000213623047,62.61000061035156,64.19000244140625,2128200,64.19000244140625
6/21/2018,65.80000305175781,65.97000122070312,64.38999938964844,65.58999633789062,934100,65.58999633789062
6/20/2018,65.63999938964844,66.12699890136719,64.94000244140625,65.52999877929688,801900,65.52999877929688
6/19/2018,65.58999633789062,65.58999633789062,63.220001220703125,65.04000091552734,1301400,65.04000091552734
6/18/2018,65.80000305175781,67.62999725341797,65.42500305175781,66.61000061035156,741400,66.61000061035156
6/15/2018,66.27999877929688,66.29000091552734,65.22000122070312,66.12000274658203,1125500,66.12000274658203
6/14/2018,66.63999938964844,67.5999984741211,66.08000183105469,66.48999786376953,966500,66.48999786376953
6/13/2018,66.30000305175781,67.47000122070312,65.52100372314453,66.13999938964844,791600,66.13999938964844
6/12/2018,64.4000015258789,66.29000091552734,64.3499984741211,66.20999908447266,1230600,66.20999908447266
6/11/2018,64.54000091552734,64.7239990234375,63.83000183105469,64.3499984741211,694300,64.3499984741211
6/8/2018,64,64.7300033569336,63.0099983215332,64.27999877929688,674000,64.27999877929688
6/7/2018,68,68,62.45000076293945,63.779998779296875,2148200,63.779998779296875
6/6/2018,67.0999984741211,68.7490005493164,66.55999755859375,67.81999969482422,1964200,67.81999969482422
6/5/2018,64.51000213623047,66.8949966430664,64.51000213623047,66.66999816894531,1917100,66.66999816894531
6/4/2018,64,64.4800033569336,62.54999923706055,64.41999816894531,2181900,64.41999816894531
6/1/2018,64.05000305175781,65.43000030517578,63.2599983215332,64.01000213623047,1936700,64.01000213623047
5/31/2018,63.45000076293945,64.80000305175781,63.040000915527344,63.790000915527344,1466500,63.790000915527344
5/30/2018,62.68000030517578,63.790000915527344,62.13999938964844,63.41999816894531,1319900,63.41999816894531
5/29/2018,62.310001373291016,62.810001373291016,60.540000915527344,62.709999084472656,2132200,62.709999084472656
5/25/2018,63.45000076293945,63.84000015258789,62.849998474121094,62.939998626708984,707400,62.939998626708984
5/24/2018,62.79999923706055,64.47000122070312,62.13999938964844,63.91999816894531,1122000,63.91999816894531
5/23/2018,60.880001068115234,63.040000915527344,60.880001068115234,62.939998626708984,1077400,62.939998626708984
5/22/2018,61.58000183105469,62.20000076293945,61.43000030517578,61.65999984741211,1006900,61.65999984741211
5/21/2018,63.400001525878906,64,60.81999969482422,61.4900016784668,1537200,61.4900016784668
5/18/2018,61.84000015258789,63.560001373291016,61.65999984741211,63.400001525878906,952600,63.400001525878906
5/17/2018,61.7599983215332,62.189998626708984,61.189998626708984,61.63999938964844,638600,61.63999938964844
5/16/2018,61.54999923706055,62.720001220703125,60.66999816894531,61.77000045776367,856500,61.77000045776367
5/15/2018,61.880001068115234,62.25,60.31999969482422,61.79999923706055,1334400,61.79999923706055
5/14/2018,64.87999725341797,64.94999694824219,62.33000183105469,62.47999954223633,1550700,62.47999954223633
5/11/2018,65.43000030517578,66,64.71499633789062,64.87000274658203,1477900,64.87000274658203
5/10/2018,64.29000091552734,65.66999816894531,64.0199966430664,65.29000091552734,1725900,65.29000091552734
5/9/2018,63.099998474121094,64.48999786376953,62.869998931884766,64.29000091552734,1755300,64.29000091552734
5/8/2018,62.13999938964844,63.59000015258789,62.11000061035156,63.18000030517578,1328200,63.18000030517578
5/7/2018,60.400001525878906,62.82500076293945,60.185001373291016,62.61000061035156,1613100,62.61000061035156
5/4/2018,58.0099983215332,60.025001525878906,57.599998474121094,59.9900016784668,1571500,59.9900016784668
5/3/2018,56.459999084472656,58.5,56.279998779296875,58.4900016784668,1323800,58.4900016784668
5/2/2018,56.369998931884766,57,55.93000030517578,56.470001220703125,721100,56.470001220703125
5/1/2018,55.599998474121094,56.2599983215332,55.11000061035156,56.2400016784668,933600,56.2400016784668
4/30/2018,55.47999954223633,56.349998474121094,55.150001525878906,55.97999954223633,1125800,55.97999954223633
4/27/2018,56.349998474121094,56.380001068115234,54.56999969482422,55.41999816894531,1011800,55.41999816894531
4/26/2018,55.9900016784668,56.38999938964844,55.459999084472656,56.040000915527344,1894800,56.040000915527344
4/25/2018,56.5099983215332,56.83000183105469,54.91999816894531,55.16999816894531,3016500,55.16999816894531
4/24/2018,59.400001525878906,59.4900016784668,56.70000076293945,57.209999084472656,3834600,57.209999084472656
4/23/2018,58.189998626708984,59.025001525878906,56.7869987487793,58.97999954223633,2357500,58.97999954223633
4/20/2018,54.61000061035156,59.61600112915039,54.540000915527344,58.20500183105469,9366700,58.20500183105469
4/19/2018,62.189998626708984,62.599998474121094,61,62.27000045776367,1496200,62.27000045776367
4/18/2018,61.150001525878906,62.779998779296875,60.540000915527344,62.06999969482422,1105100,62.06999969482422
4/17/2018,61,62.75,60.959999084472656,62.060001373291016,947500,62.060001373291016
4/16/2018,60.869998931884766,61.58000183105469,60.0099983215332,60.68000030517578,817400,60.68000030517578
4/13/2018,61.09000015258789,61.255001068115234,59.95000076293945,60.25,1209600,60.25
4/12/2018,58.90999984741211,60.84000015258789,58.31999969482422,60.63999938964844,1483900,60.63999938964844
4/11/2018,56.58000183105469,59.81999969482422,56.35499954223633,58.65999984741211,1402100,58.65999984741211
4/10/2018,57.040000915527344,57.43000030517578,55.29999923706055,56.9900016784668,721200,56.9900016784668
4/9/2018,55.47999954223633,56.90999984741211,55.2400016784668,55.900001525878906,853900,55.900001525878906
4/6/2018,55.47999954223633,56.2599983215332,53.959999084472656,54.59000015258789,883900,54.59000015258789
4/5/2018,56.90999984741211,57.34000015258789,55.66400146484375,55.970001220703125,825900,55.970001220703125
4/4/2018,52,56.22999954223633,51.7599983215332,56.11000061035156,2386800,56.11000061035156
4/3/2018,54.470001220703125,54.849998474121094,52.939998626708984,53.209999084472656,910900,53.209999084472656
4/2/2018,53.540000915527344,54.2400016784668,53.01100158691406,53.779998779296875,878700,53.779998779296875
3/29/2018,52.54999923706055,54.4900016784668,52.06999969482422,53.91999816894531,970900,53.91999816894531
3/28/2018,53.5,53.5,50.84000015258789,52.15999984741211,2011100,52.15999984741211
3/27/2018,57.20000076293945,57.619998931884766,53.68000030517578,54.0099983215332,762800,54.0099983215332
3/26/2018,56.5,56.99100112915039,55.14099884033203,56.619998931884766,956900,56.619998931884766
3/23/2018,57.529998779296875,57.68000030517578,55.33000183105469,55.36000061035156,974900,55.36000061035156
3/22/2018,57.349998474121094,58.86000061035156,56,57.5099983215332,924300,57.5099983215332
3/21/2018,59.41999816894531,59.939998626708984,58.11000061035156,58.31999969482422,1027600,58.31999969482422
3/20/2018,58.599998474121094,59.45000076293945,58.540000915527344,59.15999984741211,775400,59.15999984741211
3/19/2018,59.18000030517578,59.7400016784668,58.08000183105469,58.56999969482422,580100,58.56999969482422
3/16/2018,59.529998779296875,59.65999984741211,58.84000015258789,59.2599983215332,528100,59.2599983215332
3/15/2018,60.06999969482422,60.189998626708984,59.060001373291016,59.560001373291016,711600,59.560001373291016
3/14/2018,60.27000045776367,60.65999984741211,58.34000015258789,59.97999954223633,950200,59.97999954223633
3/13/2018,61.63999938964844,62.17100143432617,59.58000183105469,59.83000183105469,721400,59.83000183105469
3/12/2018,61.63999938964844,62.17100143432617,60.470001220703125,61.79999923706055,741700,61.79999923706055
3/9/2018,60.040000915527344,61.439998626708984,60.040000915527344,61.2599983215332,727900,61.2599983215332
3/8/2018,60.279998779296875,60.86000061035156,59.68000030517578,59.790000915527344,597900,59.790000915527344
3/7/2018,58.5,60.31999969482422,58.32500076293945,59.77000045776367,1238500,59.77000045776367
3/6/2018,59.130001068115234,59.810001373291016,58.5099983215332,59.13999938964844,846800,59.13999938964844
3/5/2018,58.29999923706055,59.099998474121094,56.95000076293945,58.58000183105469,1311700,58.58000183105469
3/2/2018,53.779998779296875,58.45000076293945,53.0099983215332,58.16999816894531,1978300,58.16999816894531
3/1/2018,54.56999969482422,54.909000396728516,52.599998474121094,54.189998626708984,985300,54.189998626708984
2/28/2018,52.810001373291016,55.41999816894531,52.810001373291016,54.290000915527344,1294700,54.290000915527344
2/27/2018,52.529998779296875,53.459999084472656,52.000999450683594,52.90999984741211,554400,52.90999984741211
2/26/2018,53.290000915527344,53.7599983215332,52.61000061035156,52.77000045776367,593200,52.77000045776367
2/23/2018,52.349998474121094,53.34000015258789,50.58000183105469,53.27000045776367,921400,53.27000045776367
2/22/2018,55.31999969482422,55.45000076293945,51.7599983215332,52.40999984741211,1361500,52.40999984741211
2/21/2018,54.220001220703125,57.470001220703125,54.099998474121094,55.45000076293945,2034500,55.45000076293945
2/20/2018,52.45000076293945,54.4900016784668,52.0099983215332,54.2599983215332,1469500,54.2599983215332
2/16/2018,52.970001220703125,54.689998626708984,52.72999954223633,53.22999954223633,733400,53.22999954223633
2/15/2018,52.2400016784668,52.95000076293945,51.900001525878906,52.91999816894531,452100,52.91999816894531
2/14/2018,51.290000915527344,52.31999969482422,50.11000061035156,52.09000015258789,666200,52.09000015258789
2/13/2018,51.130001068115234,51.9900016784668,50.900001525878906,51.79999923706055,404000,51.79999923706055
2/12/2018,50.290000915527344,51.52899932861328,50.060001373291016,51.220001220703125,597700,51.220001220703125
2/9/2018,49.56999969482422,50.66999816894531,47.7400016784668,50.189998626708984,907000,50.189998626708984
2/8/2018,51.79999923706055,52.005001068115234,48.709999084472656,48.86000061035156,1023600,48.86000061035156
2/7/2018,51.779998779296875,52.939998626708984,51.75,51.790000915527344,615200,51.790000915527344
2/6/2018,49.790000915527344,52.11199951171875,49.0099983215332,52.02000045776367,985900,52.02000045776367
2/5/2018,51.93000030517578,53.060001373291016,48.779998779296875,51.22999954223633,1037100,51.22999954223633
2/2/2018,53.060001373291016,53.125,52.2400016784668,52.720001220703125,914400,52.720001220703125
2/1/2018,53.470001220703125,54.349998474121094,52.43000030517578,53.2599983215332,687400,53.2599983215332
1/31/2018,53.779998779296875,54.529998779296875,53.36000061035156,53.9900016784668,606300,53.9900016784668
1/30/2018,53.810001373291016,54.65999984741211,53.10100173950195,53.38999938964844,791500,53.38999938964844
1/29/2018,53.650001525878906,55.04999923706055,53.15999984741211,54.7400016784668,1134100,54.7400016784668
1/26/2018,53.63999938964844,53.93000030517578,53.20000076293945,53.849998474121094,801200,53.849998474121094
1/25/2018,52.849998474121094,53.41999816894531,52.2400016784668,53.09000015258789,844200,53.09000015258789
1/24/2018,53.93000030517578,54,52.11000061035156,52.77000045776367,1125500,52.77000045776367
1/23/2018,51.91999816894531,54.060001373291016,51.2599983215332,53.93000030517578,1261100,53.93000030517578
1/22/2018,52.599998474121094,53,50.93000030517578,52.2599983215332,1631100,52.2599983215332
1/19/2018,53.310001373291016,55.16999816894531,51.54999923706055,53.06999969482422,3658300,53.06999969482422
1/18/2018,55.90999984741211,55.90999984741211,53.560001373291016,55.599998474121094,2247200,55.599998474121094
1/17/2018,53.310001373291016,55.209999084472656,53.040000915527344,54.869998931884766,1736600,54.869998931884766
1/16/2018,53.380001068115234,55.25,51.77000045776367,52.81999969482422,1982300,52.81999969482422
1/12/2018,52.040000915527344,52.7400016784668,51.31999969482422,52.56999969482422,592300,52.56999969482422
1/11/2018,51.150001525878906,52.06999969482422,50.65999984741211,52.040000915527344,463200,52.040000915527344
1/10/2018,52.220001220703125,52.470001220703125,50.540000915527344,51.04999923706055,1134600,51.04999923706055
1/9/2018,52.310001373291016,52.849998474121094,51.08000183105469,52.720001220703125,912400,52.720001220703125
1/8/2018,51.88999938964844,52.599998474121094,51.27000045776367,51.90999984741211,686600,51.90999984741211
1/5/2018,51.619998931884766,52.43000030517578,51.599998474121094,51.869998931884766,1112200,51.869998931884766
1/4/2018,51.060001373291016,52.040000915527344,50.630001068115234,51.599998474121094,2042800,51.599998474121094
1/3/2018,47.31999969482422,50.71099853515625,47.31999969482422,50.400001525878906,2122800,50.400001525878906
1/2/2018,45.939998626708984,47.349998474121094,45.61000061035156,47.060001373291016,836800,47.060001373291016
12/29/2017,46.20000076293945,46.290000915527344,45.459999084472656,45.52000045776367,508500,45.52000045776367
12/28/2017,46.349998474121094,46.349998474121094,45.470001220703125,46.040000915527344,487400,46.040000915527344
12/27/2017,46.400001525878906,46.66999816894531,46.099998474121094,46.13999938964844,441400,46.13999938964844
12/26/2017,46.04999923706055,46.7400016784668,45.3849983215332,46.4900016784668,422600,46.4900016784668
12/22/2017,46.5,46.5,45.529998779296875,46.2599983215332,504400,46.2599983215332
12/21/2017,46.61000061035156,46.939998626708984,46.08000183105469,46.40999984741211,547500,46.40999984741211
12/20/2017,47.04999923706055,47.18000030517578,45.529998779296875,46.689998626708984,611600,46.689998626708984
12/19/2017,46.869998931884766,46.970001220703125,46.13999938964844,46.869998931884766,686400,46.869998931884766
12/18/2017,47.5,47.5099983215332,46,46.810001373291016,1264200,46.810001373291016
12/15/2017,45.439998626708984,47.060001373291016,45.05500030517578,47.029998779296875,1614600,47.029998779296875
12/14/2017,46.040000915527344,46.619998931884766,45.279998779296875,45.43000030517578,467300,45.43000030517578
12/13/2017,45.5099983215332,46.439998626708984,45.5,45.97999954223633,497900,45.97999954223633
12/12/2017,47,47.20000076293945,45.41999816894531,45.459999084472656,769300,45.459999084472656
12/11/2017,46.83000183105469,47.66999816894531,46.53499984741211,47.11000061035156,745400,47.11000061035156
12/8/2017,45.790000915527344,46.54999923706055,45.7400016784668,46.459999084472656,755500,46.459999084472656
12/7/2017,45.41999816894531,45.810001373291016,45.0099983215332,45.52000045776367,585500,45.52000045776367
12/6/2017,44.88999938964844,45.459999084472656,44.52000045776367,45.16999816894531,590500,45.16999816894531
12/5/2017,43.880001068115234,46.029998779296875,43.11000061035156,44.970001220703125,919500,44.970001220703125
12/4/2017,47.529998779296875,48,44.27000045776367,44.279998779296875,1709300,44.279998779296875
12/1/2017,46.790000915527344,47.459999084472656,46.082000732421875,47.0099983215332,1033600,47.0099983215332
11/30/2017,47.09000015258789,47.470001220703125,46.03099822998047,46.689998626708984,1047700,46.689998626708984
11/29/2017,50.75,50.96500015258789,46.244998931884766,46.59000015258789,2288900,46.59000015258789
11/28/2017,51.810001373291016,51.93600082397461,50.54999923706055,51.189998626708984,702800,51.189998626708984
11/27/2017,52.290000915527344,52.310001373291016,51.220001220703125,51.54999923706055,858300,51.54999923706055
11/24/2017,52.099998474121094,52.53499984741211,51.310001373291016,52.22999954223633,324900,52.22999954223633
11/22/2017,52.11000061035156,52.11000061035156,51.31999969482422,51.7400016784668,509900,51.7400016784668
11/21/2017,50.900001525878906,52.5099983215332,50.52000045776367,52.209999084472656,905700,52.209999084472656
11/20/2017,52.209999084472656,52.255001068115234,50.869998931884766,50.900001525878906,1234900,50.900001525878906
11/17/2017,52.380001068115234,52.91999816894531,51.900001525878906,52.369998931884766,846100,52.369998931884766
11/16/2017,51.939998626708984,53.45000076293945,51.939998626708984,52.43000030517578,835700,52.43000030517578
11/15/2017,51.720001220703125,52.18000030517578,50.900001525878906,51.900001525878906,777000,51.900001525878906
11/14/2017,52.2599983215332,52.84000015258789,51.77000045776367,52.380001068115234,963700,52.380001068115234
11/13/2017,51.900001525878906,52.369998931884766,51.2599983215332,52.27000045776367,873800,52.27000045776367
11/10/2017,52.290000915527344,52.81999969482422,51.91999816894531,52.400001525878906,634300,52.400001525878906
11/9/2017,52.279998779296875,52.459999084472656,51.279998779296875,52.33000183105469,1023900,52.33000183105469
11/8/2017,51.7599983215332,53.209999084472656,51.29999923706055,52.939998626708984,1215900,52.939998626708984
11/7/2017,52.27000045776367,52.48899841308594,50.779998779296875,51.810001373291016,1097600,51.810001373291016
11/6/2017,50.97999954223633,52.09000015258789,49.86000061035156,52.060001373291016,1615300,52.060001373291016
11/3/2017,49.56999969482422,51.77000045776367,48.79999923706055,50.9900016784668,2127900,50.9900016784668
11/2/2017,48.61000061035156,50.47999954223633,48.18000030517578,49.43000030517578,2227400,49.43000030517578
11/1/2017,48.23500061035156,48.7599983215332,46.93000030517578,48.689998626708984,1261800,48.689998626708984
10/31/2017,48.27000045776367,49.15999984741211,47.540000915527344,48.369998931884766,1097100,48.369998931884766
10/30/2017,46.91999816894531,48.53499984741211,46.599998474121094,48.310001373291016,1028400,48.310001373291016
10/27/2017,48.02000045776367,48.375999450683594,46.400001525878906,47.029998779296875,1260000,47.029998779296875
10/26/2017,48.08000183105469,48.7400016784668,47.58000183105469,47.90999984741211,817700,47.90999984741211
10/25/2017,49.27000045776367,49.27000045776367,46.81100082397461,48.2599983215332,1700000,48.2599983215332
10/24/2017,48.54999923706055,49.560001373291016,48,49.279998779296875,1320100,49.279998779296875
10/23/2017,48.65999984741211,49.06999969482422,47.470001220703125,49,3398300,49
10/20/2017,45.97999954223633,50.880001068115234,41.93000030517578,50.16999816894531,7226400,50.16999816894531
10/19/2017,39.4900016784668,40.29999923706055,39.060001373291016,40.25,1311300,40.25
10/18/2017,39.75,39.939998626708984,39.470001220703125,39.810001373291016,632000,39.810001373291016
10/17/2017,39.61000061035156,39.970001220703125,39.33000183105469,39.75,992200,39.75
10/16/2017,39.81999969482422,40,39.209999084472656,39.54999923706055,758900,39.54999923706055
10/13/2017,40.459999084472656,40.459999084472656,39.2400016784668,39.63999938964844,685900,39.63999938964844
10/12/2017,40.400001525878906,40.65999984741211,40.10100173950195,40.33000183105469,746300,40.33000183105469
10/11/2017,39.88999938964844,40.95000076293945,39.869998931884766,40.38999938964844,1326700,40.38999938964844
10/10/2017,39.65999984741211,40.43000030517578,39.650001525878906,39.77000045776367,1857800,39.77000045776367
10/9/2017,38.79999923706055,40,38.630001068115234,39.59000015258789,1505400,39.59000015258789
10/6/2017,38.119998931884766,38.869998931884766,37.470001220703125,38.66999816894531,990000,38.66999816894531
10/5/2017,37.869998931884766,38.34000015258789,37.720001220703125,38.150001525878906,896300,38.150001525878906
10/4/2017,36.58000183105469,38,36.52000045776367,37.88999938964844,1288700,37.88999938964844
10/3/2017,36.40999984741211,36.93000030517578,36.09000015258789,36.650001525878906,868700,36.650001525878906
10/2/2017,35,36.290000915527344,35,36.25,715700,36.25
9/29/2017,34.52000045776367,35.15999984741211,34.400001525878906,35.150001525878906,499100,35.150001525878906
9/28/2017,34.310001373291016,34.720001220703125,34.22999954223633,34.4900016784668,365900,34.4900016784668
9/27/2017,34.15999984741211,34.400001525878906,33.91999816894531,34.29999923706055,280200,34.29999923706055
9/26/2017,34.529998779296875,34.63999938964844,33.61000061035156,33.939998626708984,825000,33.939998626708984
9/25/2017,35.11000061035156,35.43000030517578,33.83000183105469,34.22999954223633,724700,34.22999954223633
9/22/2017,35.15999984741211,35.31999969482422,34.849998474121094,35.16999816894531,475200,35.16999816894531
9/21/2017,36.310001373291016,36.474998474121094,34.880001068115234,35.15999984741211,554500,35.15999984741211
9/20/2017,36.470001220703125,36.744998931884766,35.709999084472656,36.06999969482422,790900,36.06999969482422
9/19/2017,36.5,36.5,35.91999816894531,36.41999816894531,630800,36.41999816894531
9/18/2017,36.130001068115234,36.45000076293945,35.47999954223633,36.38999938964844,467700,36.38999938964844
9/15/2017,36.630001068115234,36.72999954223633,35.83000183105469,36.150001525878906,686400,36.150001525878906
9/14/2017,33.93000030517578,36.619998931884766,33.81999969482422,36.54999923706055,1195100,36.54999923706055
9/13/2017,33.880001068115234,34.029998779296875,33.15999984741211,33.81999969482422,733900,33.81999969482422
9/12/2017,34.83000183105469,34.86000061035156,33.65999984741211,33.79999923706055,582000,33.79999923706055
9/11/2017,36,36,34.47999954223633,35.029998779296875,381500,35.029998779296875
9/8/2017,34.54999923706055,34.630001068115234,34.189998626708984,34.349998474121094,286000,34.349998474121094
9/7/2017,34.59000015258789,34.779998779296875,34.40999984741211,34.4900016784668,298900,34.4900016784668
9/6/2017,35.060001373291016,35.06999969482422,34.31999969482422,34.38999938964844,259500,34.38999938964844
9/5/2017,34.959999084472656,34.959999084472656,34.25,34.900001525878906,303800,34.900001525878906
9/1/2017,35.529998779296875,35.65999984741211,34.84000015258789,34.900001525878906,345900,34.900001525878906
8/31/2017,35.43000030517578,35.65999984741211,34.93000030517578,35.599998474121094,487000,35.599998474121094
8/30/2017,34.529998779296875,35.560001373291016,34.34000015258789,35.529998779296875,451800,35.529998779296875
8/29/2017,34.34000015258789,34.970001220703125,34.27000045776367,34.61000061035156,420400,34.61000061035156
8/28/2017,34.70000076293945,34.81999969482422,33.939998626708984,34.68000030517578,471500,34.68000030517578
8/25/2017,35.189998626708984,35.29399871826172,34.459999084472656,34.63999938964844,502000,34.63999938964844
8/24/2017,35.75,35.81999969482422,34.68000030517578,35.220001220703125,548000,35.220001220703125
8/23/2017,35.56999969482422,36.220001220703125,35.45000076293945,35.75,289100,35.75
8/22/2017,36.369998931884766,36.40800094604492,35.38999938964844,35.900001525878906,436600,35.900001525878906
8/21/2017,36.220001220703125,36.48500061035156,34.939998626708984,36.16999816894531,904000,36.16999816894531
8/18/2017,36.91999816894531,36.91999816894531,36.2400016784668,36.34000015258789,433500,36.34000015258789
8/17/2017,37.2599983215332,37.33000183105469,36.689998626708984,36.90999984741211,604600,36.90999984741211
8/16/2017,36.38999938964844,37.66999816894531,36.13999938964844,37.459999084472656,705300,37.459999084472656
8/15/2017,35.97999954223633,36.38999938964844,35.689998626708984,36.369998931884766,425400,36.369998931884766
8/14/2017,35.630001068115234,36,35.560001373291016,35.97999954223633,330300,35.97999954223633
8/11/2017,35.06999969482422,35.470001220703125,34.47999954223633,35.459999084472656,421800,35.459999084472656
8/10/2017,35.25,35.29999923706055,34.540000915527344,34.779998779296875,829300,34.779998779296875
8/9/2017,35,35.459999084472656,34.83000183105469,35.439998626708984,552600,35.439998626708984
8/8/2017,35.29999923706055,35.369998931884766,35.040000915527344,35.150001525878906,295600,35.150001525878906
8/7/2017,35.5099983215332,35.5099983215332,34.90999984741211,35.43000030517578,423300,35.43000030517578
8/4/2017,35,35.36000061035156,34.7599983215332,35.33000183105469,315900,35.33000183105469
8/3/2017,34.650001525878906,35.22999954223633,34.5099983215332,35.040000915527344,723900,35.040000915527344
8/2/2017,36.369998931884766,36.5,34.439998626708984,34.5,858000,34.5
8/1/2017,35.81999969482422,36.31999969482422,35.33000183105469,36.290000915527344,760700,36.290000915527344
7/31/2017,36.93000030517578,36.93000030517578,35.349998474121094,35.81999969482422,1378900,35.81999969482422
7/28/2017,37.209999084472656,37.36000061035156,35.09000015258789,37.13999938964844,1582300,37.13999938964844
7/27/2017,39,39.25,37.12799835205078,37.970001220703125,1001400,37.970001220703125
7/26/2017,38,38.9900016784668,37.41999816894531,38.84000015258789,686200,38.84000015258789
7/25/2017,36.939998626708984,38.4900016784668,36.939998626708984,38,1110700,38
7/24/2017,35.41999816894531,36.4900016784668,35.41999816894531,36.40999984741211,400800,36.40999984741211
7/21/2017,35.970001220703125,36.29999923706055,35.4900016784668,35.75,210900,35.75
7/20/2017,36.290000915527344,36.290000915527344,35.61000061035156,35.97999954223633,316600,35.97999954223633
7/19/2017,35.54999923706055,36.36000061035156,35.349998474121094,36.2599983215332,334700,36.2599983215332
7/18/2017,35.66999816894531,35.66999816894531,35.2599983215332,35.43000030517578,332300,35.43000030517578
7/17/2017,35.75,35.790000915527344,35.40999984741211,35.650001525878906,214900,35.650001525878906
7/14/2017,35.720001220703125,35.75,35.27000045776367,35.650001525878906,231800,35.650001525878906
7/13/2017,36.29999923706055,36.43000030517578,35.4900016784668,35.529998779296875,258200,35.529998779296875
7/12/2017,35.7599983215332,36.400001525878906,35.59000015258789,36.2400016784668,364700,36.2400016784668
7/11/2017,35.15999984741211,35.560001373291016,34.88999938964844,35.34000015258789,517700,35.34000015258789
7/10/2017,35.310001373291016,35.58300018310547,34.9900016784668,35.31999969482422,282500,35.31999969482422
7/7/2017,34.72999954223633,35.81999969482422,34.61000061035156,35.310001373291016,471500,35.310001373291016
7/6/2017,34.400001525878906,35.02000045776367,34.244998931884766,34.619998931884766,594600,34.619998931884766
7/5/2017,34.20000076293945,34.790000915527344,34.07500076293945,34.68000030517578,566200,34.68000030517578
7/3/2017,35.25,35.29999923706055,33.34000015258789,34.15999984741211,539400,34.15999984741211
6/30/2017,35.27000045776367,35.66999816894531,34.90999984741211,35.18000030517578,295300,35.18000030517578
6/29/2017,36.0099983215332,36.0099983215332,34.75,35.18000030517578,590900,35.18000030517578
6/28/2017,35.849998474121094,36.25,35.45000076293945,36.099998474121094,340200,36.099998474121094
6/27/2017,35.90999984741211,36.47999954223633,35.540000915527344,35.66999816894531,561500,35.66999816894531
6/26/2017,36.0099983215332,36.38999938964844,35.58000183105469,35.93000030517578,635700,35.93000030517578
6/23/2017,35.29999923706055,36.27000045776367,35,36,3442100,36
6/22/2017,34.720001220703125,35.45000076293945,34.63999938964844,35.29999923706055,489200,35.29999923706055
6/21/2017,34.79999923706055,35.0099983215332,34.33000183105469,34.79999923706055,408500,34.79999923706055
6/20/2017,34.810001373291016,34.970001220703125,34.38999938964844,34.599998474121094,487500,34.599998474121094
6/19/2017,34.939998626708984,35.25,34.52000045776367,34.849998474121094,401900,34.849998474121094
6/16/2017,34.779998779296875,34.81999969482422,34.2599983215332,34.790000915527344,483400,34.790000915527344
6/15/2017,34.34000015258789,34.709999084472656,34.064998626708984,34.63999938964844,434100,34.63999938964844
6/14/2017,34.81999969482422,35.2400016784668,34.220001220703125,34.630001068115234,360600,34.630001068115234
6/13/2017,34.790000915527344,35.349998474121094,34.45000076293945,34.630001068115234,563700,34.630001068115234
6/12/2017,34.5099983215332,34.88999938964844,32.58000183105469,34.56999969482422,1014300,34.56999969482422
6/9/2017,37.38999938964844,37.5,34.30699920654297,34.619998931884766,900900,34.619998931884766
6/8/2017,37.04999923706055,37.27000045776367,36.59000015258789,37.209999084472656,733500,37.209999084472656
6/7/2017,37.779998779296875,37.900001525878906,36.56999969482422,36.869998931884766,824700,36.869998931884766
6/6/2017,36.77000045776367,37.83000183105469,36.599998474121094,37.709999084472656,826000,37.709999084472656
6/5/2017,36.70000076293945,37.14799880981445,36.630001068115234,36.86000061035156,481400,36.86000061035156
6/2/2017,36.61000061035156,36.7599983215332,36.2599983215332,36.7400016784668,284600,36.7400016784668
6/1/2017,35.86000061035156,36.52000045776367,35.619998931884766,36.5099983215332,531100,36.5099983215332
5/31/2017,35.66999816894531,35.7599983215332,35.20000076293945,35.7599983215332,450000,35.7599983215332
5/30/2017,35.459999084472656,35.755001068115234,35.279998779296875,35.599998474121094,494800,35.599998474121094
5/26/2017,35.810001373291016,35.9900016784668,35.41999816894531,35.58000183105469,639100,35.58000183105469
5/25/2017,35.7599983215332,36,35.41999816894531,35.95000076293945,677100,35.95000076293945
5/24/2017,35.40999984741211,35.9900016784668,35.29999923706055,35.900001525878906,735400,35.900001525878906
5/23/2017,35.630001068115234,35.779998779296875,35.209999084472656,35.43000030517578,941900,35.43000030517578
5/22/2017,35.13999938964844,35.70000076293945,34.76499938964844,35.560001373291016,839700,35.560001373291016
5/19/2017,35.459999084472656,35.63999938964844,35.1150016784668,35.25,1017500,35.25
5/18/2017,35.29999923706055,35.52000045776367,34.7400016784668,35.34000015258789,845900,35.34000015258789
5/17/2017,36.5099983215332,36.650001525878906,35.349998474121094,35.400001525878906,976400,35.400001525878906
5/16/2017,37.060001373291016,37.150001525878906,36.84000015258789,36.900001525878906,564400,36.900001525878906
5/15/2017,36.91999816894531,37.27000045776367,36.810001373291016,37.060001373291016,886300,37.060001373291016
5/12/2017,36.790000915527344,37.189998626708984,36.400001525878906,36.84000015258789,1674600,36.84000015258789
5/11/2017,37,37.119998931884766,36.46099853515625,36.93000030517578,613900,36.93000030517578
5/10/2017,36.790000915527344,37.41999816894531,36.599998474121094,37.18000030517578,546600,37.18000030517578
5/9/2017,36.83000183105469,37.060001373291016,36.650001525878906,36.84000015258789,948400,36.84000015258789
5/8/2017,36.91999816894531,37.040000915527344,36.529998779296875,36.81999969482422,865000,36.81999969482422
5/5/2017,36.47999954223633,37.0099983215332,36.029998779296875,36.810001373291016,678600,36.810001373291016
5/4/2017,35.36000061035156,36.88999938964844,35.130001068115234,36.529998779296875,1066400,36.529998779296875
5/3/2017,34.959999084472656,35.31999969482422,34.84000015258789,35.279998779296875,933400,35.279998779296875
5/2/2017,34.689998626708984,34.95000076293945,34.29999923706055,34.939998626708984,1150100,34.939998626708984
5/1/2017,33.650001525878906,34.790000915527344,32.84000015258789,34.720001220703125,1684500,34.720001220703125
4/28/2017,34.20000076293945,34.970001220703125,33.66999816894531,34.47999954223633,1870700,34.47999954223633
4/27/2017,32.65999984741211,33.56999969482422,32.54999923706055,33.470001220703125,1403900,33.470001220703125
4/26/2017,32.56999969482422,32.849998474121094,32.45000076293945,32.81999969482422,515200,32.81999969482422
4/25/2017,31.969999313354492,32.810001373291016,31.790000915527344,32.56999969482422,670700,32.56999969482422
4/24/2017,31.889999389648438,32.029998779296875,31.579999923706055,32.02000045776367,463500,32.02000045776367
4/21/2017,31.440000534057617,31.614999771118164,31.200000762939453,31.540000915527344,735900,31.540000915527344
4/20/2017,31.440000534057617,31.5,30.90999984741211,31.270000457763672,1040900,31.270000457763672
4/19/2017,31.579999923706055,31.979999542236328,31.450000762939453,31.829999923706055,534500,31.829999923706055
4/18/2017,31.450000762939453,31.719999313354492,31.260000228881836,31.59000015258789,411200,31.59000015258789
4/17/2017,31.34000015258789,31.600000381469727,31.290000915527344,31.489999771118164,340800,31.489999771118164
4/13/2017,31.600000381469727,31.6200008392334,31.18000030517578,31.229999542236328,560400,31.229999542236328
4/12/2017,31.010000228881836,31.639999389648438,31.010000228881836,31.600000381469727,580400,31.600000381469727
4/11/2017,31.43000030517578,31.5,30.829999923706055,31.219999313354492,739400,31.219999313354492
4/10/2017,31.43000030517578,31.690000534057617,31.075000762939453,31.549999237060547,537900,31.549999237060547
4/7/2017,31.110000610351562,31.43000030517578,31.110000610351562,31.31999969482422,685500,31.31999969482422
4/6/2017,30.149999618530273,31.329999923706055,30.149999618530273,31.31999969482422,1167900,31.31999969482422
4/5/2017,30,30.3799991607666,29.889999389648438,30.110000610351562,647700,30.110000610351562
4/4/2017,29.809999465942383,30,29.68000030517578,29.90999984741211,353200,29.90999984741211
4/3/2017,29.850000381469727,30.079999923706055,29.559999465942383,29.739999771118164,548100,29.739999771118164
3/31/2017,29.639999389648438,30,29.579999923706055,29.950000762939453,322200,29.950000762939453
3/30/2017,29.899999618530273,30,29.6200008392334,29.829999923706055,612800,29.829999923706055
3/29/2017,29.809999465942383,29.959999084472656,29.40999984741211,29.850000381469727,434900,29.850000381469727
3/28/2017,29.600000381469727,30,29.31999969482422,29.809999465942383,382200,29.809999465942383
3/27/2017,29.299999237060547,29.760000228881836,29.139999389648438,29.59000015258789,341100,29.59000015258789
3/24/2017,29.31999969482422,29.70599937438965,29.084999084472656,29.43000030517578,392700,29.43000030517578
3/23/2017,29.020000457763672,29.763999938964844,29.020000457763672,29.290000915527344,583700,29.290000915527344
3/22/2017,29.040000915527344,29.3799991607666,28.799999237060547,29.18000030517578,680200,29.18000030517578
3/21/2017,29.729999542236328,29.790000915527344,28.75,28.989999771118164,752800,28.989999771118164
3/20/2017,29.809999465942383,29.889999389648438,29.100000381469727,29.450000762939453,538900,29.450000762939453
3/17/2017,29.530000686645508,29.760000228881836,29.391000747680664,29.65999984741211,446100,29.65999984741211
3/16/2017,29.1299991607666,29.459999084472656,28.920000076293945,29.389999389648438,423000,29.389999389648438
3/15/2017,29.040000915527344,29.15999984741211,28.78499984741211,29.030000686645508,510000,29.030000686645508
3/14/2017,29.149999618530273,29.149999618530273,28.735000610351562,28.920000076293945,325000,28.920000076293945
3/13/2017,28.579999923706055,29.190000534057617,28.579999923706055,29.1299991607666,381600,29.1299991607666
3/10/2017,28.690000534057617,28.716999053955078,28.5,28.670000076293945,240500,28.670000076293945
3/9/2017,28.75,28.799999237060547,28.299999237060547,28.540000915527344,272300,28.540000915527344
3/8/2017,28.670000076293945,28.709999084472656,28.31999969482422,28.6299991607666,246200,28.6299991607666
3/7/2017,28.690000534057617,28.829999923706055,28.360000610351562,28.549999237060547,453200,28.549999237060547
3/6/2017,28.559999465942383,28.760000228881836,28.34000015258789,28.6299991607666,358300,28.6299991607666
3/3/2017,28.65999984741211,28.889999389648438,28.399999618530273,28.790000915527344,381400,28.790000915527344
3/2/2017,28.829999923706055,28.969999313354492,28.530000686645508,28.600000381469727,572600,28.600000381469727
3/1/2017,28.729999542236328,28.989999771118164,28.25,28.93000030517578,412800,28.93000030517578
2/28/2017,28.540000915527344,29,28.389999389648438,28.440000534057617,556400,28.440000534057617
2/27/2017,29.059999465942383,29.200000762939453,28.729999542236328,28.81999969482422,457100,28.81999969482422
2/24/2017,29.389999389648438,29.389999389648438,29.059999465942383,29.270000457763672,252900,29.270000457763672
2/23/2017,29.350000381469727,29.625,29.309999465942383,29.5,398500,29.5
2/22/2017,30.059999465942383,30.239999771118164,29.280000686645508,29.420000076293945,524000,29.420000076293945
2/21/2017,29.790000915527344,30.239999771118164,29.530000686645508,30.049999237060547,717400,30.049999237060547
2/17/2017,28.959999084472656,29.899999618530273,28.760000228881836,29.889999389648438,614100,29.889999389648438
2/16/2017,29.469999313354492,29.59000015258789,28.8799991607666,29.15999984741211,393500,29.15999984741211
2/15/2017,28.899999618530273,29.739999771118164,28.84600067138672,29.6200008392334,580600,29.6200008392334
2/14/2017,28.950000762939453,29,28.75,28.959999084472656,351800,28.959999084472656
2/13/2017,28.639999389648438,28.989999771118164,28.5,28.920000076293945,428900,28.920000076293945
2/10/2017,28.209999084472656,28.81999969482422,28.101999282836914,28.639999389648438,526700,28.639999389648438
2/9/2017,28.110000610351562,28.3799991607666,27.957000732421875,28.260000228881836,426000,28.260000228881836
2/8/2017,27.979999542236328,28.190000534057617,27.68000030517578,28.110000610351562,237600,28.110000610351562
2/7/2017,28,28.100000381469727,27.809999465942383,28,272900,28
2/6/2017,27.959999084472656,27.979999542236328,27.719999313354492,27.93000030517578,237900,27.93000030517578
2/3/2017,28.059999465942383,28.3700008392334,27.850000381469727,28.15999984741211,401000,28.15999984741211
2/2/2017,28,28.184999465942383,27.6200008392334,28.139999389648438,518000,28.139999389648438
2/1/2017,27.56999969482422,28.190000534057617,27.329999923706055,28.020000457763672,857300,28.020000457763672
1/31/2017,27.389999389648438,27.700000762939453,27.06999969482422,27.6299991607666,664800,27.6299991607666
1/30/2017,27.510000228881836,27.690000534057617,26.969999313354492,27.610000610351562,449400,27.610000610351562
1/27/2017,27.809999465942383,27.969999313354492,27.520000457763672,27.760000228881836,643900,27.760000228881836
1/26/2017,27.860000610351562,27.989999771118164,27.6200008392334,27.770000457763672,508900,27.770000457763672
1/25/2017,28.690000534057617,28.690000534057617,27.68000030517578,27.850000381469727,1066500,27.850000381469727
1/24/2017,27.520000457763672,28.100000381469727,27.3799991607666,27.93000030517578,666400,27.93000030517578
1/23/2017,27.780000686645508,27.969999313354492,27.229999542236328,27.639999389648438,1493600,27.639999389648438
1/20/2017,27.209999084472656,28.139999389648438,26.959999084472656,28.030000686645508,2014800,28.030000686645508
1/19/2017,27.350000381469727,27.510000228881836,27.139999389648438,27.420000076293945,921800,27.420000076293945
1/18/2017,26.8799991607666,27.450000762939453,26.6200008392334,27.200000762939453,1101500,27.200000762939453
1/17/2017,26.81999969482422,26.8700008392334,26.42799949645996,26.6299991607666,674700,26.6299991607666
1/13/2017,26.920000076293945,26.979999542236328,26.479999542236328,26.90999984741211,564800,26.90999984741211
1/12/2017,26.030000686645508,26.84000015258789,26.010000228881836,26.809999465942383,1214300,26.809999465942383
1/11/2017,25.280000686645508,26.079999923706055,25.15999984741211,26,677800,26
1/10/2017,25.030000686645508,25.3799991607666,24.950000762939453,25.239999771118164,495500,25.239999771118164
1/9/2017,24.729999542236328,25.1200008392334,24.709999084472656,25.030000686645508,510600,25.030000686645508
1/6/2017,25.06999969482422,25.25,24.634000778198242,24.719999313354492,931600,24.719999313354492
1/5/2017,25.15999984741211,25.579999923706055,24.709999084472656,24.969999313354492,594900,24.969999313354492
1/4/2017,24.75,25.610000610351562,24.714000701904297,25.149999618530273,556500,25.149999618530273
1/3/2017,24.31999969482422,24.729999542236328,24.200000762939453,24.600000381469727,487800,24.600000381469727
12/30/2016,24.34000015258789,24.389999389648438,23.959999084472656,24.079999923706055,537300,24.079999923706055
12/29/2016,24.270000457763672,24.479999542236328,24.149999618530273,24.260000228881836,525400,24.260000228881836
12/28/2016,24.360000610351562,24.440000534057617,23.93000030517578,24.25,598300,24.25
12/27/2016,24.40999984741211,26.020000457763672,24.059999465942383,24.309999465942383,714900,24.309999465942383
12/23/2016,24.110000610351562,24.368000030517578,23.90999984741211,24.1299991607666,318600,24.1299991607666
12/22/2016,24.34000015258789,24.395000457763672,23.85300064086914,24.049999237060547,1358100,24.049999237060547
12/21/2016,24.649999618530273,24.739999771118164,23.8799991607666,24.329999923706055,1174300,24.329999923706055
12/20/2016,24.079999923706055,24.729999542236328,24,24.610000610351562,1230400,24.610000610351562
12/19/2016,25.239999771118164,25.239999771118164,23.799999237060547,24.06999969482422,1835300,24.06999969482422
12/16/2016,24.639999389648438,24.829999923706055,24.1200008392334,24.190000534057617,1379200,24.190000534057617
12/15/2016,24.940000534057617,25.18000030517578,24.540000915527344,24.649999618530273,1157400,24.649999618530273
12/14/2016,25.299999237060547,25.5,24.84000015258789,24.889999389648438,1046900,24.889999389648438
12/13/2016,25.639999389648438,25.790000915527344,25.229999542236328,25.280000686645508,1030100,25.280000686645508
12/12/2016,26.309999465942383,26.65999984741211,25.5,25.639999389648438,580300,25.639999389648438
12/9/2016,26.709999084472656,26.989999771118164,26.375,26.549999237060547,825800,26.549999237060547
12/8/2016,26.18000030517578,26.559999465942383,25.670000076293945,26.530000686645508,439400,26.530000686645508
12/7/2016,25.649999618530273,26.270000457763672,25.43000030517578,26.079999923706055,573700,26.079999923706055
12/6/2016,25.770000457763672,25.829999923706055,25.350000381469727,25.579999923706055,553500,25.579999923706055
12/5/2016,25.1299991607666,25.969999313354492,25,25.59000015258789,719100,25.59000015258789
12/2/2016,26.709999084472656,26.719999313354492,24.489999771118164,25.229999542236328,3329700,25.229999542236328
12/1/2016,27.030000686645508,27.030000686645508,25.860000610351562,26.1200008392334,1186900,26.1200008392334
11/30/2016,27.510000228881836,27.520000457763672,26.75,27.139999389648438,1558500,27.139999389648438
11/29/2016,27.1200008392334,28.083999633789062,27.079999923706055,27.610000610351562,780100,27.610000610351562
11/28/2016,27.110000610351562,27.75,27.049999237060547,27.219999313354492,549800,27.219999313354492
11/25/2016,27.5,27.549999237060547,27.110000610351562,27.420000076293945,219300,27.420000076293945
11/23/2016,27.360000610351562,27.65999984741211,27,27.40999984741211,755600,27.40999984741211
11/22/2016,27.850000381469727,27.850000381469727,27.049999237060547,27.34000015258789,586100,27.34000015258789
11/21/2016,28.709999084472656,28.849000930786133,27.719999313354492,27.90999984741211,825600,27.90999984741211
11/18/2016,29.190000534057617,29.385000228881836,28.56999969482422,28.760000228881836,955800,28.760000228881836
11/17/2016,28.59000015258789,29.399999618530273,28.3799991607666,29.360000610351562,594600,29.360000610351562
11/16/2016,27.90999984741211,28.559999465942383,27.6299991607666,28.549999237060547,1111100,28.549999237060547
11/15/2016,27.719999313354492,28,27.15999984741211,27.90999984741211,646500,27.90999984741211
11/14/2016,27.520000457763672,28.15999984741211,27.25,27.59000015258789,1665100,27.59000015258789
11/11/2016,27.40999984741211,27.65999984741211,27.190000534057617,27.489999771118164,562900,27.489999771118164
11/10/2016,27.299999237060547,27.649999618530273,27.040000915527344,27.469999313354492,904900,27.469999313354492
11/9/2016,26,27.40999984741211,25.739999771118164,27.31999969482422,882000,27.31999969482422
11/8/2016,27.309999465942383,27.600000381469727,27.020000457763672,27.420000076293945,943600,27.420000076293945
11/7/2016,27.010000228881836,27.450000762939453,26.670000076293945,27.440000534057617,856300,27.440000534057617
11/4/2016,26.84000015258789,27.09000015258789,26.770000457763672,26.899999618530273,593300,26.899999618530273
11/3/2016,27.040000915527344,27.229999542236328,26.84000015258789,26.940000534057617,656900,26.940000534057617
11/2/2016,27.06999969482422,27.299999237060547,26.690000534057617,27.1299991607666,974100,27.1299991607666
11/1/2016,26.780000686645508,27.290000915527344,26.59000015258789,27.190000534057617,2334900,27.190000534057617
10/31/2016,27,27.059999465942383,26.059999465942383,26.860000610351562,2278200,26.860000610351562
10/28/2016,28.020000457763672,28.040000915527344,26.84000015258789,27.200000762939453,2521000,27.200000762939453
10/27/2016,28.860000610351562,29.06999969482422,28.139999389648438,28.309999465942383,952800,28.309999465942383
10/26/2016,28.950000762939453,29.510000228881836,28.645000457763672,28.770000457763672,1108400,28.770000457763672
10/25/2016,29.3700008392334,29.440000534057617,28.899999618530273,29.139999389648438,447500,29.139999389648438
10/24/2016,29.690000534057617,29.690000534057617,29,29.25,241500,29.25
10/21/2016,28.829999923706055,29.204999923706055,28.59000015258789,29.040000915527344,466400,29.040000915527344
10/20/2016,29.100000381469727,29.239999771118164,28.549999237060547,28.700000762939453,392900,28.700000762939453
10/19/2016,29,29.15999984741211,28.540000915527344,29.030000686645508,279600,29.030000686645508
10/18/2016,28.530000686645508,28.989999771118164,28.479999542236328,28.90999984741211,452200,28.90999984741211
10/17/2016,28.5,28.5,28.299999237060547,28.43000030517578,391600,28.43000030517578
10/14/2016,28.34000015258789,28.610000610351562,27.889999389648438,28.420000076293945,437300,28.420000076293945
10/13/2016,27.75,28.479999542236328,27.549999237060547,28.049999237060547,434600,28.049999237060547
10/12/2016,28.229999542236328,28.3700008392334,27.84000015258789,28,535000,28
10/11/2016,28.350000381469727,28.610000610351562,28.110000610351562,28.40999984741211,715600,28.40999984741211
10/10/2016,28.3799991607666,28.809999465942383,28.190000534057617,28.459999084472656,399300,28.459999084472656
10/7/2016,28.780000686645508,28.895000457763672,28.1200008392334,28.270000457763672,465200,28.270000457763672
10/6/2016,29.149999618530273,29.479999542236328,28.600000381469727,28.850000381469727,344300,28.850000381469727
10/5/2016,29.280000686645508,29.889999389648438,28.989999771118164,29.079999923706055,487900,29.079999923706055
10/4/2016,29.1299991607666,29.312000274658203,28.559999465942383,28.719999313354492,817700,28.719999313354492
10/3/2016,29.799999237060547,30,28.559999465942383,29.190000534057617,713400,29.190000534057617
9/30/2016,30.399999618530273,30.399999618530273,29.969999313354492,29.969999313354492,579600,29.969999313354492
9/29/2016,31.479999542236328,31.489999771118164,29.920000076293945,30.31999969482422,1036100,30.31999969482422
9/28/2016,29.829999923706055,30.170000076293945,29.520000457763672,30,530500,30
9/27/2016,29.899999618530273,30.420000076293945,29.450000762939453,29.780000686645508,634400,29.780000686645508
9/26/2016,30.389999389648438,30.700000762939453,29.709999084472656,30.020000457763672,606300,30.020000457763672
9/23/2016,31.459999084472656,31.540000915527344,30.6299991607666,30.75,406000,30.75
9/22/2016,32.099998474121094,32.099998474121094,30.40999984741211,31.360000610351562,1646800,31.360000610351562
9/21/2016,30.450000762939453,35.15999984741211,30.18000030517578,31.899999618530273,2225500,31.899999618530273
9/20/2016,30.5,30.600000381469727,30.059999465942383,30.260000228881836,410000,30.260000228881836
9/19/2016,29.989999771118164,30.59000015258789,29.719999313354492,30.290000915527344,549800,30.290000915527344
9/16/2016,29.899999618530273,30.170000076293945,29.600000381469727,30,422400,30
9/15/2016,29.729999542236328,30.100000381469727,29.295000076293945,30.010000228881836,275900,30.010000228881836
9/14/2016,29.479999542236328,30.239999771118164,29.290000915527344,29.729999542236328,300600,29.729999542236328
9/13/2016,29.850000381469727,30.079999923706055,29.34000015258789,29.489999771118164,485300,29.489999771118164
9/12/2016,29.25,30.290000915527344,28.959999084472656,30.229999542236328,454300,30.229999542236328
9/9/2016,30.559999465942383,30.600000381469727,29.350000381469727,29.479999542236328,621100,29.479999542236328
9/8/2016,30.600000381469727,31.100000381469727,30.34000015258789,30.670000076293945,822800,30.670000076293945
9/7/2016,30.34000015258789,30.9950008392334,30.25,30.639999389648438,973100,30.639999389648438
9/6/2016,30.280000686645508,30.450000762939453,29.889999389648438,30.420000076293945,650400,30.420000076293945
9/2/2016,30,30.239999771118164,29.770000457763672,30.100000381469727,468300,30.100000381469727
9/1/2016,29.299999237060547,30,29.299999237060547,29.969999313354492,606900,29.969999313354492
8/31/2016,29.610000610351562,29.690000534057617,28.65999984741211,29.479999542236328,972700,29.479999542236328
8/30/2016,29.040000915527344,29.719999313354492,28.8799991607666,29.700000762939453,985800,29.700000762939453
8/29/2016,28.739999771118164,29.260000228881836,28.719999313354492,29.020000457763672,1002000,29.020000457763672
8/26/2016,28.739999771118164,29.06599998474121,28.565000534057617,28.940000534057617,647700,28.940000534057617
8/25/2016,28.469999313354492,29,28,28.93000030517578,515200,28.93000030517578
8/24/2016,28.979999542236328,29.020000457763672,28.59000015258789,28.739999771118164,403700,28.739999771118164
8/23/2016,28.969999313354492,29.31999969482422,28.559999465942383,28.969999313354492,669400,28.969999313354492
8/22/2016,29.200000762939453,29.700000762939453,28.8700008392334,28.969999313354492,440100,28.969999313354492
8/19/2016,29.59000015258789,29.69499969482422,28.729999542236328,29.420000076293945,1031100,29.420000076293945
8/18/2016,29.700000762939453,30,29.639999389648438,29.709999084472656,363000,29.709999084472656
8/17/2016,29.84000015258789,30.309999465942383,29.524999618530273,29.6299991607666,760900,29.6299991607666
8/16/2016,30.389999389648438,30.469999313354492,29.950000762939453,29.950000762939453,1004800,29.950000762939453
8/15/2016,29.850000381469727,30.540000915527344,29.81999969482422,30.329999923706055,678500,30.329999923706055
8/12/2016,29.920000076293945,30.010000228881836,29.450000762939453,30,547500,30
8/11/2016,29.899999618530273,30.329999923706055,29.670000076293945,29.979999542236328,562200,29.979999542236328
8/10/2016,30.149999618530273,30.3700008392334,28.280000686645508,29.950000762939453,1588900,29.950000762939453
8/9/2016,30.229999542236328,30.850000381469727,29.815000534057617,30.65999984741211,2017700,30.65999984741211
8/8/2016,31.81999969482422,31.899999618530273,29.961999893188477,30.489999771118164,3258500,30.489999771118164
8/5/2016,30.5,32.540000915527344,29.75,31.969999313354492,2983800,31.969999313354492
8/4/2016,29.989999771118164,30.139999389648438,29.899999618530273,30.040000915527344,1684600,30.040000915527344
8/3/2016,29.200000762939453,30,29,29.790000915527344,768000,29.790000915527344
8/2/2016,29.959999084472656,29.959999084472656,29.15999984741211,29.329999923706055,611500,29.329999923706055
8/1/2016,29.989999771118164,29.989999771118164,29.25,29.84000015258789,735300,29.84000015258789
7/29/2016,29.700000762939453,30,29.219999313354492,29.969999313354492,700800,29.969999313354492
7/28/2016,29.229999542236328,29.959999084472656,29,29.739999771118164,650600,29.739999771118164
7/27/2016,28.729999542236328,29.118000030517578,28.579999923706055,29,550500,29
7/26/2016,28.309999465942383,28.739999771118164,27.850000381469727,28.700000762939453,375700,28.700000762939453
7/25/2016,28.200000762939453,28.600000381469727,28.049999237060547,28.399999618530273,415900,28.399999618530273
7/22/2016,27.809999465942383,28.200000762939453,27.719999313354492,28.15999984741211,260000,28.15999984741211
7/21/2016,27.899999618530273,28.040000915527344,27.709999084472656,27.729999542236328,387400,27.729999542236328
7/20/2016,27.729999542236328,28.139999389648438,27.610000610351562,28.020000457763672,681400,28.020000457763672
7/19/2016,27.219999313354492,27.530000686645508,27.1200008392334,27.510000228881836,426900,27.510000228881836
7/18/2016,27.399999618530273,27.459999084472656,27.079999923706055,27.200000762939453,318200,27.200000762939453
7/15/2016,27.579999923706055,28,27.329999923706055,27.399999618530273,637300,27.399999618530273
7/14/2016,27.079999923706055,27.5,26.940000534057617,27.350000381469727,801100,27.350000381469727
7/13/2016,27.40999984741211,27.979999542236328,27.010000228881836,27.110000610351562,650500,27.110000610351562
7/12/2016,27.110000610351562,27.299999237060547,26.924999237060547,27.299999237060547,705300,27.299999237060547
7/11/2016,27.079999923706055,27.440000534057617,26.809999465942383,27.219999313354492,729300,27.219999313354492
7/8/2016,26.770000457763672,27.09000015258789,26.6200008392334,26.979999542236328,634600,26.979999542236328
7/7/2016,27,27,26.170000076293945,26.579999923706055,755500,26.579999923706055
7/6/2016,25.84000015258789,27.049999237060547,25.780000686645508,26.969999313354492,2232000,26.969999313354492
7/5/2016,25.299999237060547,26.18000030517578,25.219999313354492,26.170000076293945,1317200,26.170000076293945
7/1/2016,25.68000030517578,25.93000030517578,25.389999389648438,25.6200008392334,805500,25.6200008392334
6/30/2016,25.969999313354492,26,24.889999389648438,25.899999618530273,1384100,25.899999618530273
6/29/2016,25.6299991607666,26.190000534057617,25.350000381469727,25.809999465942383,1309900,25.809999465942383
6/28/2016,25.360000610351562,25.84000015258789,25.03499984741211,25.3799991607666,1407500,25.3799991607666
6/27/2016,25.5,25.84000015258789,24.940000534057617,24.950000762939453,3529100,24.950000762939453
6/24/2016,25.5,26.579999923706055,25.010000228881836,25.899999618530273,2872500,25.899999618530273
6/23/2016,26.040000915527344,26.84000015258789,25.940000534057617,26.780000686645508,1183200,26.780000686645508
6/22/2016,25.889999389648438,26.299999237060547,25.520000457763672,26.190000534057617,1246900,26.190000534057617
6/21/2016,26,26.059999465942383,25.3700008392334,25.989999771118164,1710700,25.989999771118164
6/20/2016,25.979999542236328,26.299999237060547,25.530000686645508,26.260000228881836,1117400,26.260000228881836
6/17/2016,25.5,25.969999313354492,25.190000534057617,25.809999465942383,593900,25.809999465942383
6/16/2016,25.540000915527344,25.979999542236328,24.718000411987305,25.5,1517200,25.5
6/15/2016,24.780000686645508,26,24.520000457763672,25.989999771118164,2122800,25.989999771118164
6/14/2016,24.09000015258789,24.59000015258789,23.844999313354492,24.520000457763672,1047900,24.520000457763672
6/13/2016,23.549999237060547,24.40999984741211,23.53499984741211,24.350000381469727,1263200,24.350000381469727
6/10/2016,23.520000457763672,23.850000381469727,23.229999542236328,23.84000015258789,749400,23.84000015258789
6/9/2016,23.559999465942383,24.170000076293945,23.44099998474121,23.989999771118164,872800,23.989999771118164
6/8/2016,23.559999465942383,24,22.969999313354492,23.790000915527344,1183300,23.790000915527344
6/7/2016,23.440000534057617,24.350000381469727,23.309999465942383,23.459999084472656,3263000,23.459999084472656
6/6/2016,24.020000457763672,24.716999053955078,23.950000762939453,24.360000610351562,269400,24.360000610351562
6/3/2016,24.989999771118164,24.989999771118164,24,24.149999618530273,393700,24.149999618530273
6/2/2016,23.959999084472656,25.030000686645508,23.739999771118164,24.950000762939453,728400,24.950000762939453
6/1/2016,22.450000762939453,23.950000762939453,22.450000762939453,23.93000030517578,506700,23.93000030517578
5/31/2016,22.850000381469727,22.8700008392334,22.299999237060547,22.56999969482422,387300,22.56999969482422
5/27/2016,22.709999084472656,22.860000610351562,22.15999984741211,22.780000686645508,300800,22.780000686645508
5/26/2016,22.989999771118164,23.260000228881836,22.65999984741211,22.90999984741211,292300,22.90999984741211
5/25/2016,22.559999465942383,23.239999771118164,22.25,23.020000457763672,418800,23.020000457763672
5/24/2016,22.5,23.15999984741211,22.5,22.81999969482422,642200,22.81999969482422
5/23/2016,22.579999923706055,22.989999771118164,22.290000915527344,22.3700008392334,567200,22.3700008392334
5/20/2016,21.739999771118164,22.75,21.549999237060547,22.690000534057617,427300,22.690000534057617
5/19/2016,21.90999984741211,22,21.510000228881836,21.799999237060547,800100,21.799999237060547
5/18/2016,21.56999969482422,22.260000228881836,21.5,22.1200008392334,343600,22.1200008392334
5/17/2016,21.90999984741211,22.229999542236328,21.530000686645508,21.729999542236328,186900,21.729999542236328
5/16/2016,21.75,22.920000076293945,21.75,22.030000686645508,251700,22.030000686645508
5/13/2016,21.469999313354492,22.309999465942383,21.469999313354492,21.93000030517578,275400,21.93000030517578
5/12/2016,21.950000762939453,22.1299991607666,21.260000228881836,21.579999923706055,324300,21.579999923706055
5/11/2016,21.639999389648438,22.350000381469727,21.100000381469727,22.010000228881836,887600,22.010000228881836
5/10/2016,21.049999237060547,22,20.510000228881836,21.809999465942383,657200,21.809999465942383
5/9/2016,21.899999618530273,22.600000381469727,20.902999877929688,21.09000015258789,519300,21.09000015258789
5/6/2016,22.809999465942383,23.420000076293945,21.100000381469727,21.829999923706055,1140200,21.829999923706055
5/5/2016,23.3799991607666,23.489999771118164,22.5,23.020000457763672,579000,23.020000457763672
5/4/2016,23.610000610351562,23.8799991607666,22.780000686645508,23.280000686645508,258200,23.280000686645508
5/3/2016,23.93000030517578,23.989999771118164,23.049999237060547,23.780000686645508,317200,23.780000686645508
5/2/2016,23.350000381469727,24.209999084472656,23.309999465942383,24.170000076293945,190700,24.170000076293945
4/29/2016,23.149999618530273,23.450000762939453,22.549999237060547,23.170000076293945,241200,23.170000076293945
4/28/2016,23.690000534057617,23.920000076293945,23.06599998474121,23.190000534057617,338000,23.190000534057617
4/27/2016,24.059999465942383,24.420000076293945,23.479999542236328,23.65999984741211,615300,23.65999984741211
4/26/2016,24.040000915527344,24.280000686645508,23.850000381469727,24.100000381469727,292800,24.100000381469727
4/25/2016,23.6200008392334,24.360000610351562,23.6200008392334,23.90999984741211,336000,23.90999984741211
4/22/2016,24.299999237060547,24.450000762939453,23.690000534057617,23.81999969482422,359100,23.81999969482422
4/21/2016,23.649999618530273,24.579999923706055,23.649999618530273,24.299999237060547,559100,24.299999237060547
4/20/2016,23.420000076293945,24.010000228881836,23.020000457763672,23.610000610351562,386000,23.610000610351562
4/19/2016,23.40999984741211,23.559999465942383,23.139999389648438,23.399999618530273,323800,23.399999618530273
4/18/2016,22.68000030517578,23.3799991607666,22.510000228881836,23.299999237060547,343500,23.299999237060547
4/15/2016,22.899999618530273,23.190000534057617,22.5,22.610000610351562,219600,22.610000610351562
4/14/2016,23.56999969482422,23.68000030517578,22.899999618530273,22.940000534057617,378200,22.940000534057617
4/13/2016,23.270000457763672,23.6299991607666,23.235000610351562,23.56999969482422,378800,23.56999969482422
4/12/2016,23.299999237060547,23.440000534057617,22.950000762939453,23.110000610351562,372200,23.110000610351562
4/11/2016,23.389999389648438,23.51300048828125,23.100000381469727,23.229999542236328,251600,23.229999542236328
4/8/2016,23.25,23.6200008392334,23.06999969482422,23.239999771118164,258600,23.239999771118164
4/7/2016,23.190000534057617,23.59000015258789,22.84000015258789,23.059999465942383,305200,23.059999465942383
4/6/2016,23.440000534057617,23.770000457763672,23.200000762939453,23.549999237060547,269300,23.549999237060547
4/5/2016,23.860000610351562,24,22.760000228881836,23.479999542236328,407900,23.479999542236328
4/4/2016,23.770000457763672,24.149999618530273,23.350000381469727,24.100000381469727,443900,24.100000381469727
4/1/2016,24.850000381469727,24.975000381469727,23.5,23.690000534057617,587400,23.690000534057617
3/31/2016,23.68000030517578,25.18000030517578,23.649999618530273,25.149999618530273,1731600,25.149999618530273
3/30/2016,24.049999237060547,24.790000915527344,23.68000030517578,23.739999771118164,455500,23.739999771118164
3/29/2016,23.829999923706055,24.238000869750977,23.709999084472656,24.110000610351562,262100,24.110000610351562
3/28/2016,24,24.420000076293945,23.690000534057617,24.010000228881836,312300,24.010000228881836
3/24/2016,24.56999969482422,24.600000381469727,23.280000686645508,23.81999969482422,700800,23.81999969482422
3/23/2016,24.75,25.06999969482422,24.19499969482422,24.6299991607666,630600,24.6299991607666
3/22/2016,23.770000457763672,25.020000457763672,23.674999237060547,24.690000534057617,465700,24.690000534057617
3/21/2016,23.399999618530273,24.270000457763672,23.06999969482422,23.920000076293945,317000,23.920000076293945
3/18/2016,24.329999923706055,24.649999618530273,23.200000762939453,23.239999771118164,570600,23.239999771118164
3/17/2016,23.979999542236328,24.670000076293945,23.735000610351562,24.420000076293945,280800,24.420000076293945
3/16/2016,23.6299991607666,24.3700008392334,23.40999984741211,24.190000534057617,528700,24.190000534057617
3/15/2016,22.510000228881836,23.59000015258789,22.299999237060547,23.5,327200,23.5
3/14/2016,22.969999313354492,23.200000762939453,22.500999450683594,22.729999542236328,201000,22.729999542236328
3/11/2016,22.360000610351562,23.56999969482422,22.209999084472656,22.969999313354492,519000,22.969999313354492
3/10/2016,21.799999237060547,22.739999771118164,21.239999771118164,22.219999313354492,616000,22.219999313354492
3/9/2016,22.549999237060547,23.770000457763672,21.579999923706055,21.770000457763672,544600,21.770000457763672
3/8/2016,22.850000381469727,23.010000228881836,22.290000915527344,22.360000610351562,305500,22.360000610351562
3/7/2016,22.979999542236328,23.8700008392334,22.489999771118164,23.030000686645508,807100,23.030000686645508
3/4/2016,23.239999771118164,23.39900016784668,22.450000762939453,23.020000457763672,591200,23.020000457763672
3/3/2016,24.040000915527344,24.489999771118164,22.850000381469727,23,433600,23
3/2/2016,23.450000762939453,24.190000534057617,23.23200035095215,24.15999984741211,516700,24.15999984741211
3/1/2016,23.860000610351562,24.25,23.15999984741211,23.600000381469727,619600,23.600000381469727
2/29/2016,23.1299991607666,23.989999771118164,23.100000381469727,23.770000457763672,723900,23.770000457763672
2/26/2016,23.469999313354492,23.670000076293945,22.809999465942383,23.299999237060547,704400,23.299999237060547
2/25/2016,23.010000228881836,23.55500030517578,22.3700008392334,23.53499984741211,418900,23.53499984741211
2/24/2016,22.34000015258789,22.670000076293945,21.690000534057617,22.559999465942383,463000,22.559999465942383
2/23/2016,21.8799991607666,22.600000381469727,21.8799991607666,22.510000228881836,819800,22.510000228881836
2/22/2016,22.100000381469727,22.989999771118164,21.899999618530273,22.110000610351562,623200,22.110000610351562
2/19/2016,21.59000015258789,22.68000030517578,20.920000076293945,22.1299991607666,920300,22.1299991607666
2/18/2016,23.239999771118164,23.93000030517578,21.889999389648438,22,853200,22
2/17/2016,22.329999923706055,23.68000030517578,22.31999969482422,23.350000381469727,976500,23.350000381469727
2/16/2016,20.399999618530273,23.770000457763672,20.399999618530273,22.18000030517578,1763100,22.18000030517578
2/12/2016,20.479999542236328,20.899999618530273,19.690000534057617,20.100000381469727,712200,20.100000381469727
2/11/2016,19.40999984741211,20.3799991607666,19.200000762939453,20.350000381469727,714600,20.350000381469727
2/10/2016,19.040000915527344,21.170000076293945,19.040000915527344,20.059999465942383,1251400,20.059999465942383
2/9/2016,17.850000381469727,19.459999084472656,17.6200008392334,18.920000076293945,1934200,18.920000076293945
2/8/2016,19.8799991607666,19.979999542236328,16.920000076293945,17.920000076293945,3170500,17.920000076293945
2/5/2016,24,24.059999465942383,17.549999237060547,20.190000534057617,3629800,20.190000534057617
2/4/2016,24,24.8799991607666,23.350000381469727,24,1613100,24
2/3/2016,21.93000030517578,24.5,21.1200008392334,23.770000457763672,550100,23.770000457763672
2/2/2016,21.040000915527344,21.81999969482422,20.670000076293945,21.34000015258789,641000,21.34000015258789
2/1/2016,20.690000534057617,21.219999313354492,20.065000534057617,21.170000076293945,753800,21.170000076293945
1/29/2016,20.989999771118164,21.75,20.520000457763672,20.770000457763672,1261200,20.770000457763672
1/28/2016,22.719999313354492,22.965999603271484,20.170000076293945,20.389999389648438,1331100,20.389999389648438
1/27/2016,24.020000457763672,24.665000915527344,22.1299991607666,22.280000686645508,427200,22.280000686645508
1/26/2016,23.68000030517578,24.200000762939453,22.579999923706055,24.010000228881836,633600,24.010000228881836
1/25/2016,24.5,24.63599967956543,23.450000762939453,23.670000076293945,581700,23.670000076293945
1/22/2016,25.110000610351562,25.325000762939453,24.270000457763672,24.610000610351562,673100,24.610000610351562
1/21/2016,22.719999313354492,25.079999923706055,22.030000686645508,24.239999771118164,759600,24.239999771118164
1/20/2016,23.209999084472656,23.65999984741211,21.6200008392334,22.6299991607666,1944800,22.6299991607666
1/19/2016,25.299999237060547,25.709999084472656,23.020000457763672,24.020000457763672,1739400,24.020000457763672
1/15/2016,26.040000915527344,26.315000534057617,24.520000457763672,25.190000534057617,1183300,25.190000534057617
1/14/2016,26.68000030517578,27.139999389648438,25.75,26.84000015258789,485200,26.84000015258789
1/13/2016,27,27.200000762939453,26,26.729999542236328,1231600,26.729999542236328
1/12/2016,27.200000762939453,27.427000045776367,26.639999389648438,26.81999969482422,809000,26.81999969482422
1/11/2016,27.100000381469727,27.5,26.950000762939453,27.1200008392334,808100,27.1200008392334
1/8/2016,27.059999465942383,27.760000228881836,26.93000030517578,27.170000076293945,455900,27.170000076293945
1/7/2016,26.549999237060547,27.319000244140625,26.459999084472656,26.969999313354492,661500,26.969999313354492
1/6/2016,26.459999084472656,27.229999542236328,26.020000457763672,27.049999237060547,619000,27.049999237060547
1/5/2016,27.90999984741211,28,26.270000457763672,26.770000457763672,917700,26.770000457763672
1/4/2016,28.940000534057617,29.030000686645508,27.200000762939453,27.40999984741211,1312000,27.40999984741211
12/31/2015,30.219999313354492,31,29.989999771118164,30.079999923706055,304900,30.079999923706055
12/30/2015,31.459999084472656,31.459999084472656,30,30.209999084472656,297400,30.209999084472656
12/29/2015,29.209999084472656,31.309999465942383,29.209999084472656,31.100000381469727,888100,31.100000381469727
12/28/2015,28.280000686645508,28.93000030517578,28,28.899999618530273,342600,28.899999618530273
12/24/2015,28.329999923706055,28.889999389648438,27.510000228881836,28.209999084472656,470800,28.209999084472656
12/23/2015,30.56999969482422,30.56999969482422,28.350000381469727,28.489999771118164,1071300,28.489999771118164
12/22/2015,30.15999984741211,30.739999771118164,29.559999465942383,30.100000381469727,954100,30.100000381469727
12/21/2015,28.84000015258789,29.860000610351562,28.75,29.350000381469727,876700,29.350000381469727
12/18/2015,27.899999618530273,28.239999771118164,27.65999984741211,28.219999313354492,945200,28.219999313354492
12/17/2015,26.940000534057617,28.18000030517578,26.649999618530273,28.010000228881836,626900,28.010000228881836
12/16/2015,26.75,26.950000762939453,26.469999313354492,26.540000915527344,483700,26.540000915527344
12/15/2015,26.389999389648438,26.948999404907227,26.299999237060547,26.5,1086400,26.5
12/14/2015,27.5,27.860000610351562,26.110000610351562,26.260000228881836,1223500,26.260000228881836
12/11/2015,27.850000381469727,28.5,27.479999542236328,27.5,2286100,27.5
12/10/2015,27.670000076293945,28.5,26.5,27.780000686645508,15007300,27.780000686645508
