4/22/2019,50.7400016784668,51.7400016784668,50.7400016784668,50.88999938964844,209900,50.88999938964844
4/18/2019,51,51.439998626708984,50,50.720001220703125,175200,50.720001220703125
4/17/2019,51.08000183105469,51.380001068115234,50.38600158691406,51.060001373291016,151600,51.060001373291016
4/16/2019,52.13999938964844,52.29999923706055,51.18000030517578,51.2599983215332,354700,51.2599983215332
4/15/2019,51.95000076293945,52.7599983215332,51.75,52.029998779296875,125200,52.029998779296875
4/12/2019,52.4900016784668,52.83000183105469,51.80099868774414,52,153300,52
4/11/2019,51.25,53.09000015258789,51.20000076293945,52.16999816894531,438500,52.16999816894531
4/10/2019,50.779998779296875,51.54999923706055,50.6349983215332,51.43000030517578,105500,51.43000030517578
4/9/2019,51.38999938964844,51.779998779296875,50.95500183105469,51.040000915527344,95200,51.040000915527344
4/8/2019,50.18000030517578,52.4900016784668,50.18000030517578,51.380001068115234,327200,51.380001068115234
4/5/2019,50.400001525878906,50.84000015258789,50,50.2599983215332,181100,50.2599983215332
4/4/2019,50.70000076293945,50.70000076293945,49.87099838256836,50.349998474121094,202800,50.349998474121094
4/3/2019,50.41999816894531,50.9010009765625,50.0099983215332,50.68000030517578,203300,50.68000030517578
4/2/2019,50.150001525878906,50.810001373291016,49.95000076293945,50.43000030517578,105700,50.43000030517578
4/1/2019,51.16999816894531,51.25,49.70000076293945,50.150001525878906,116300,50.150001525878906
3/29/2019,49.650001525878906,51.150001525878906,49.36000061035156,50.56999969482422,228700,50.56999969482422
3/28/2019,49.540000915527344,50.2599983215332,48.95000076293945,49.65999984741211,95800,49.65999984741211
3/27/2019,49.5099983215332,50.04999923706055,48.89500045776367,49.349998474121094,169200,49.349998474121094
3/26/2019,49.40999984741211,50.459999084472656,49.30500030517578,49.5,182800,49.5
3/25/2019,49.290000915527344,50.38999938964844,48.53499984741211,49.04999923706055,148800,49.04999923706055
3/22/2019,50.4900016784668,51.15999984741211,49.18000030517578,49.45000076293945,300900,49.45000076293945
3/21/2019,50.9900016784668,51.3650016784668,50.650001525878906,51.209999084472656,239500,51.209999084472656
3/20/2019,51.04999923706055,51.40299987792969,50.5,50.97999954223633,214600,50.97999954223633
3/19/2019,50.650001525878906,51.9900016784668,50.08000183105469,50.939998626708984,299900,50.939998626708984
3/18/2019,49.58000183105469,50.16999816894531,49.310001373291016,49.91999816894531,263000,49.91999816894531
3/15/2019,48.5,49.369998931884766,48.29999923706055,49.2400016784668,247200,49.2400016784668
3/14/2019,48.61000061035156,48.95500183105469,48.11000061035156,48.349998474121094,190500,48.349998474121094
3/13/2019,48.2400016784668,49.119998931884766,47.51599884033203,48.599998474121094,255800,48.599998474121094
3/12/2019,47.599998474121094,48.040000915527344,47.209999084472656,48,194700,48
3/11/2019,46.18000030517578,47.970001220703125,46.18000030517578,47.4900016784668,228200,47.4900016784668
3/8/2019,45.83000183105469,46.02000045776367,44.75,45.93000030517578,131900,45.93000030517578
3/7/2019,45.84000015258789,46.88999938964844,45.53200149536133,45.91999816894531,140800,45.91999816894531
3/6/2019,46.619998931884766,46.92300033569336,45.875,45.970001220703125,184700,45.970001220703125
3/5/2019,46.95000076293945,46.95000076293945,46.04999923706055,46.380001068115234,237000,46.380001068115234
3/4/2019,47.79999923706055,48.74100112915039,46.290000915527344,46.95000076293945,282100,46.95000076293945
3/1/2019,47.90999984741211,48.36000061035156,47.54999923706055,47.75,254600,47.75
2/28/2019,48.439998626708984,49.36000061035156,47.630001068115234,47.900001525878906,416400,47.900001525878906
2/27/2019,48,49.709999084472656,47.56999969482422,49.31999969482422,409700,49.31999969482422
2/26/2019,46.63999938964844,48.38999938964844,46.415000915527344,48.099998474121094,294400,48.099998474121094
2/25/2019,46.13999938964844,46.939998626708984,46.0099983215332,46.83000183105469,297200,46.83000183105469
2/22/2019,46.5099983215332,47.20500183105469,45.763999938964844,46.36000061035156,293900,46.36000061035156
2/21/2019,44.41999816894531,46.59000015258789,44.400001525878906,46.52000045776367,514000,46.52000045776367
2/20/2019,44.959999084472656,45.810001373291016,42.91999816894531,43.650001525878906,803300,43.650001525878906
2/19/2019,45,45.470001220703125,44.529998779296875,45.099998474121094,1046000,45.099998474121094
2/15/2019,43.5,48.47999954223633,43.5,44.75,3353700,44.75
2/14/2019,37,37.41999816894531,36.20000076293945,37.33000183105469,912500,37.33000183105469
2/13/2019,37.5099983215332,37.52000045776367,36.63999938964844,37.25,468800,37.25
2/12/2019,37.15999984741211,38.07899856567383,37,37.16999816894531,483000,37.16999816894531
2/11/2019,37.70000076293945,38.03099822998047,37.029998779296875,37.15999984741211,207700,37.15999984741211
2/8/2019,37.56999969482422,38.51499938964844,37.119998931884766,37.59000015258789,332600,37.59000015258789
2/7/2019,38.22999954223633,38.55500030517578,37.540000915527344,37.75,740200,37.75
2/6/2019,38.16999816894531,39.060001373291016,38.060001373291016,38.689998626708984,278500,38.689998626708984
2/5/2019,37.099998474121094,38.290000915527344,36.810001373291016,38.16999816894531,307800,38.16999816894531
2/4/2019,37.959999084472656,38.380001068115234,36.29999923706055,36.779998779296875,565600,36.779998779296875
2/1/2019,37.33000183105469,38.38999938964844,37.08000183105469,37.61000061035156,580900,37.61000061035156
1/31/2019,35.61000061035156,39.599998474121094,35.61000061035156,37.20000076293945,879700,37.20000076293945
1/30/2019,35.95000076293945,36.15999984741211,35.20000076293945,35.869998931884766,560200,35.869998931884766
1/29/2019,36.29999923706055,36.5,35.5099983215332,35.7599983215332,532900,35.7599983215332
1/28/2019,36.97999954223633,37.29999923706055,35.849998474121094,36.5,1199400,36.5
1/25/2019,37.38999938964844,37.869998931884766,36.71500015258789,37.29999923706055,529100,37.29999923706055
1/24/2019,37.65999984741211,38.119998931884766,36.849998474121094,37.38999938964844,304400,37.38999938964844
1/23/2019,37.79999923706055,38.709999084472656,37.5,37.72999954223633,330700,37.72999954223633
1/22/2019,39.869998931884766,39.88999938964844,37.34000015258789,37.91999816894531,363500,37.91999816894531
1/18/2019,39.63999938964844,40.060001373291016,38.90999984741211,39.5,252300,39.5
1/17/2019,39.04999923706055,39.77000045776367,38.5,39.15999984741211,239500,39.15999984741211
1/16/2019,38.150001525878906,39.73500061035156,38.13999938964844,39.0099983215332,533000,39.0099983215332
1/15/2019,36.060001373291016,38.45000076293945,36.0099983215332,38,424100,38
1/14/2019,35.720001220703125,37.11000061035156,35.599998474121094,36.08000183105469,304400,36.08000183105469
1/11/2019,36.529998779296875,36.709999084472656,35.4900016784668,36.09000015258789,309900,36.09000015258789
1/10/2019,36.58000183105469,37.310001373291016,36.20000076293945,36.689998626708984,722600,36.689998626708984
1/9/2019,36,37.25,34.79999923706055,36.61000061035156,3654900,36.61000061035156
1/8/2019,39.38999938964844,40.400001525878906,38.41999816894531,38.970001220703125,411300,38.970001220703125
1/7/2019,37.849998474121094,39.630001068115234,37.849998474121094,39.29999923706055,406800,39.29999923706055
1/4/2019,38,40.86000061035156,37.36000061035156,38.279998779296875,573000,38.279998779296875
1/3/2019,37.52000045776367,37.970001220703125,36.540000915527344,37.20000076293945,388800,37.20000076293945
1/2/2019,36.619998931884766,38.279998779296875,36.16999816894531,37.720001220703125,547900,37.720001220703125
12/31/2018,35.970001220703125,37.18000030517578,35.584999084472656,37.08000183105469,232200,37.08000183105469
12/28/2018,35.77000045776367,36.5099983215332,34.9379997253418,36.0099983215332,128300,36.0099983215332
12/27/2018,35.09000015258789,37.09000015258789,34.61000061035156,35.77000045776367,419900,35.77000045776367
12/26/2018,33.279998779296875,36.90999984741211,33.029998779296875,35.869998931884766,600000,35.869998931884766
12/24/2018,31.530000686645508,34.2599983215332,31.347000122070312,33,305100,33
12/21/2018,32.900001525878906,33.25,31.479999542236328,32.02000045776367,586600,32.02000045776367
12/20/2018,33.709999084472656,34.349998474121094,32.189998626708984,32.90999984741211,347600,32.90999984741211
12/19/2018,33.79999923706055,34.86000061035156,33.09000015258789,33.88999938964844,296600,33.88999938964844
12/18/2018,33.63999938964844,34.459999084472656,33.310001373291016,34.18000030517578,600100,34.18000030517578
12/17/2018,35,35.099998474121094,32.880001068115234,33.27000045776367,590000,33.27000045776367
12/14/2018,35.5,36.099998474121094,34.8650016784668,35.11000061035156,577700,35.11000061035156
12/13/2018,37.25,37.97999954223633,35.04999923706055,35.619998931884766,369900,35.619998931884766
12/12/2018,39.02000045776367,39.178001403808594,36.630001068115234,37.209999084472656,374000,37.209999084472656
12/11/2018,40.90999984741211,42.0099983215332,37.400001525878906,38.43000030517578,759100,38.43000030517578
12/10/2018,40,42.189998626708984,39.22999954223633,40.90999984741211,822800,40.90999984741211
12/7/2018,39.41999816894531,41.4900016784668,38.915000915527344,40.5099983215332,1308100,40.5099983215332
12/6/2018,36,38.59000015258789,35.12699890136719,38.5,623600,38.5
12/4/2018,37.0099983215332,37.54499816894531,36.54999923706055,37.130001068115234,748500,37.130001068115234
12/3/2018,35.04999923706055,37.08000183105469,34.63999938964844,36.86000061035156,533900,36.86000061035156
11/30/2018,34.970001220703125,35.40999984741211,34.630001068115234,34.7400016784668,433300,34.7400016784668
11/29/2018,34.0099983215332,35.36000061035156,34,34.790000915527344,1133900,34.790000915527344
11/28/2018,33.75,34.790000915527344,33.75,34.38999938964844,966900,34.38999938964844
11/27/2018,33.93000030517578,34.5,32.95000076293945,33.2400016784668,448800,33.2400016784668
11/26/2018,34.90999984741211,34.93000030517578,33.09000015258789,33.81999969482422,628500,33.81999969482422
11/23/2018,34.040000915527344,34.34000015258789,33.15999984741211,33.720001220703125,137400,33.720001220703125
11/21/2018,33.65999984741211,34.880001068115234,33.099998474121094,34.040000915527344,498000,34.040000915527344
11/20/2018,33.97999954223633,34.650001525878906,32.65999984741211,33.22999954223633,1483400,33.22999954223633
11/19/2018,37.099998474121094,37.400001525878906,34.65999984741211,34.880001068115234,561000,34.880001068115234
11/16/2018,38.65999984741211,38.970001220703125,37.290000915527344,37.400001525878906,449500,37.400001525878906
11/15/2018,39.11000061035156,40.08000183105469,38.314998626708984,38.599998474121094,1535200,38.599998474121094
11/14/2018,41,41.21500015258789,39.7400016784668,39.77000045776367,619400,39.77000045776367
11/13/2018,41.11000061035156,42.70000076293945,40.189998626708984,40.65999984741211,498300,40.65999984741211
11/12/2018,40.900001525878906,41.95000076293945,39.880001068115234,41.29999923706055,608500,41.29999923706055
11/9/2018,45.310001373291016,45.310001373291016,39.900001525878906,41.52000045776367,1220200,41.52000045776367
11/8/2018,43.09000015258789,47.81999969482422,37.224998474121094,43.43000030517578,5357100,43.43000030517578
11/7/2018,60.650001525878906,64.0250015258789,60.18000030517578,62.900001525878906,337800,62.900001525878906
11/6/2018,59.0099983215332,60.459999084472656,59,59.9900016784668,164900,59.9900016784668
11/5/2018,62.5,62.5,59.19300079345703,59.61000061035156,237700,59.61000061035156
11/2/2018,63.52000045776367,64,60.52000045776367,62.41999816894531,114200,62.41999816894531
11/1/2018,62,63.119998931884766,60.654998779296875,63.119998931884766,91800,63.119998931884766
10/31/2018,60.7400016784668,62.314998626708984,60.7400016784668,61.95000076293945,97500,61.95000076293945
10/30/2018,56.81999969482422,59.77000045776367,56.48099899291992,59.459999084472656,214000,59.459999084472656
10/29/2018,59.52000045776367,60.880001068115234,56.29999923706055,57.16999816894531,80900,57.16999816894531
10/26/2018,59.869998931884766,60.75,57.70100021362305,58.060001373291016,154500,58.060001373291016
10/25/2018,59.65999984741211,62.08000183105469,59.619998931884766,61.060001373291016,159600,61.060001373291016
10/24/2018,61.61000061035156,61.61000061035156,59.36000061035156,59.84000015258789,193300,59.84000015258789
10/23/2018,61.689998626708984,62.500999450683594,60.790000915527344,61.61000061035156,145800,61.61000061035156
10/22/2018,61.939998626708984,64.05500030517578,60.54999923706055,63.790000915527344,100100,63.790000915527344
10/19/2018,64.91000366210938,65.25,61.19499969482422,61.7599983215332,237400,61.7599983215332
10/18/2018,65.04000091552734,65.87999725341797,64.0999984741211,64.41999816894531,141200,64.41999816894531
10/17/2018,64.73999786376953,65.30999755859375,63.82500076293945,65.06999969482422,117200,65.06999969482422
10/16/2018,62.88999938964844,66.29000091552734,62.88999938964844,64.97000122070312,205100,64.97000122070312
10/15/2018,61.13999938964844,62.529998779296875,60.49800109863281,62.0099983215332,109400,62.0099983215332
10/12/2018,60.52000045776367,61.47999954223633,59.279998779296875,61.29999923706055,367200,61.29999923706055
10/11/2018,58.20000076293945,61.20000076293945,58,59.119998931884766,444700,59.119998931884766
10/10/2018,63.41999816894531,63.41999816894531,57.68000030517578,59.599998474121094,562800,59.599998474121094
10/9/2018,66.23999786376953,66.80000305175781,62.810001373291016,63.47999954223633,242300,63.47999954223633
10/8/2018,67.80999755859375,67.86000061035156,66.12000274658203,66.9800033569336,223500,66.9800033569336
10/5/2018,67.38999938964844,68.94000244140625,66.20999908447266,68.0199966430664,200700,68.0199966430664
10/4/2018,69.41999816894531,69.41999816894531,66.6500015258789,67.54000091552734,128900,67.54000091552734
10/3/2018,67.47000122070312,69.58000183105469,67.3740005493164,69,124200,69
10/2/2018,68.05999755859375,68.63500213623047,66.95999908447266,67.47000122070312,341500,67.47000122070312
10/1/2018,69.37000274658203,70.37000274658203,68.23100280761719,68.80000305175781,302400,68.80000305175781
9/28/2018,70.2699966430664,71.2030029296875,69.5,69.73999786376953,130300,69.73999786376953
9/27/2018,70.83000183105469,70.83000183105469,68.66000366210938,70.11000061035156,284800,70.11000061035156
9/26/2018,73.38999938964844,73.5199966430664,70.43000030517578,70.83000183105469,191400,70.83000183105469
9/25/2018,70.55999755859375,73.38999938964844,70.36000061035156,72.88999938964844,146300,72.88999938964844
9/24/2018,69.72000122070312,70.57499694824219,69.14299774169922,70.30999755859375,317600,70.30999755859375
9/21/2018,70.83999633789062,70.95999908447266,69.66999816894531,69.83000183105469,161200,69.83000183105469
9/20/2018,68.62999725341797,70.29000091552734,68.62999725341797,70.05000305175781,192900,70.05000305175781
9/19/2018,69.45999908447266,69.7699966430664,68.51000213623047,68.88999938964844,156200,68.88999938964844
9/18/2018,70.2300033569336,70.70999908447266,68.91999816894531,69.66000366210938,375100,69.66000366210938
9/17/2018,69.36000061035156,70.0999984741211,69.01000213623047,69.31999969482422,270500,69.31999969482422
9/14/2018,69.69999694824219,70.1500015258789,69.4000015258789,69.6500015258789,128300,69.6500015258789
9/13/2018,70.62000274658203,71.62699890136719,68.58000183105469,69.69000244140625,171500,69.69000244140625
9/12/2018,68.97000122070312,70.79000091552734,68.48999786376953,70.5,125700,70.5
9/11/2018,68.98999786376953,70.4000015258789,68.38999938964844,68.69999694824219,177200,68.69999694824219
9/10/2018,67.5,70.25,67.08999633789062,69.30000305175781,166900,69.30000305175781
9/7/2018,66,67.58000183105469,65.4800033569336,67.1500015258789,188400,67.1500015258789
9/6/2018,63.58000183105469,66.48999786376953,63.040000915527344,66.19999694824219,301500,66.19999694824219
9/5/2018,63.310001373291016,63.779998779296875,61.70000076293945,63.59000015258789,260500,63.59000015258789
9/4/2018,61,63.40999984741211,60.970001220703125,62.9900016784668,168600,62.9900016784668
8/31/2018,61.279998779296875,61.720001220703125,60.72999954223633,61.54999923706055,482000,61.54999923706055
8/30/2018,63.41999816894531,63.619998931884766,61.9900016784668,62.15999984741211,162800,62.15999984741211
8/29/2018,63.41999816894531,65.2300033569336,63.310001373291016,63.400001525878906,324200,63.400001525878906
8/28/2018,60.06999969482422,63.95000076293945,59.9900016784668,63.810001373291016,599900,63.810001373291016
8/27/2018,60.66999816894531,61,59.97999954223633,60.27000045776367,646800,60.27000045776367
8/24/2018,59.400001525878906,60.98500061035156,58.900001525878906,60.59000015258789,312800,60.59000015258789
8/23/2018,58.40999984741211,59.560001373291016,58.40999984741211,59.099998474121094,105600,59.099998474121094
8/22/2018,58.65999984741211,59.310001373291016,58.29999923706055,58.5099983215332,220400,58.5099983215332
8/21/2018,58.65999984741211,59.5,58.41999816894531,58.56999969482422,162900,58.56999969482422
8/20/2018,58.380001068115234,59.13999938964844,58.02000045776367,58.79999923706055,200800,58.79999923706055
8/17/2018,58.29999923706055,58.90999984741211,58.130001068115234,58.650001525878906,125800,58.650001525878906
8/16/2018,58.880001068115234,59.380001068115234,58.314998626708984,58.65999984741211,200900,58.65999984741211
8/15/2018,58.29999923706055,59.224998474121094,58.029998779296875,58.869998931884766,151600,58.869998931884766
8/14/2018,58.25,59.459999084472656,58.15999984741211,59.310001373291016,211900,59.310001373291016
8/13/2018,58.75,59.20000076293945,58.22999954223633,58.54999923706055,343700,58.54999923706055
8/10/2018,58.439998626708984,58.869998931884766,58.04999923706055,58.689998626708984,162700,58.689998626708984
8/9/2018,56.119998931884766,59,56.060001373291016,58.900001525878906,335800,58.900001525878906
8/8/2018,56.33000183105469,56.470001220703125,55.869998931884766,56.060001373291016,207700,56.060001373291016
8/7/2018,57.13999938964844,58,53.5099983215332,56.31999969482422,1164100,56.31999969482422
8/6/2018,57.529998779296875,59.11800003051758,57.380001068115234,58,362500,58
8/3/2018,60.130001068115234,60.849998474121094,57.2599983215332,57.459999084472656,268100,57.459999084472656
8/2/2018,60.86000061035156,60.93000030517578,59.5,60,171500,60
8/1/2018,59.27000045776367,61.25,59.20000076293945,60.86000061035156,76400,60.86000061035156
7/31/2018,59,59.58000183105469,58.375,59.150001525878906,233900,59.150001525878906
7/30/2018,61.439998626708984,61.439998626708984,58.20000076293945,58.790000915527344,257000,58.790000915527344
7/27/2018,62.54999923706055,62.694000244140625,60.540000915527344,61.02000045776367,187800,61.02000045776367
7/26/2018,61.849998474121094,62.18000030517578,61.11000061035156,61.75,75700,61.75
7/25/2018,61.849998474121094,62.547000885009766,61.54999923706055,62.119998931884766,111000,62.119998931884766
7/24/2018,62.04999923706055,62.29999923706055,61,61.599998474121094,110900,61.599998474121094
7/23/2018,62.25,62.439998626708984,60.91999816894531,62.04999923706055,107300,62.04999923706055
7/20/2018,62.81999969482422,62.81999969482422,61.77000045776367,62.060001373291016,66500,62.060001373291016
7/19/2018,62.709999084472656,62.959999084472656,62.02000045776367,62.650001525878906,86800,62.650001525878906
7/18/2018,62.560001373291016,62.84000015258789,61.83000183105469,62.79999923706055,73500,62.79999923706055
7/17/2018,61.709999084472656,63.27000045776367,61.709999084472656,62.29999923706055,60500,62.29999923706055
7/16/2018,62.459999084472656,63.189998626708984,61.7599983215332,61.970001220703125,47600,61.970001220703125
7/13/2018,62.36000061035156,62.779998779296875,61.52000045776367,62.599998474121094,134400,62.599998474121094
7/12/2018,60.400001525878906,62.79999923706055,60.22999954223633,62.630001068115234,144400,62.630001068115234
7/11/2018,61.06999969482422,61.709999084472656,60.189998626708984,60.290000915527344,228800,60.290000915527344
7/10/2018,61.70000076293945,62.3489990234375,61.33000183105469,61.380001068115234,268200,61.380001068115234
7/9/2018,60.880001068115234,62.404998779296875,60.33000183105469,61.95000076293945,376700,61.95000076293945
7/6/2018,60.709999084472656,61.310001373291016,60.34000015258789,60.58000183105469,132800,60.58000183105469
7/5/2018,60.58000183105469,61.20000076293945,60,60.79999923706055,229900,60.79999923706055
7/3/2018,61.970001220703125,62.36000061035156,60.099998474121094,60.189998626708984,141900,60.189998626708984
7/2/2018,61.540000915527344,62.970001220703125,60.52000045776367,61.77000045776367,131200,61.77000045776367
6/29/2018,59.54999923706055,62.93000030517578,59.2599983215332,62.279998779296875,261100,62.279998779296875
6/28/2018,57.9900016784668,59.29999923706055,57.349998474121094,59.0099983215332,275300,59.0099983215332
6/27/2018,57.959999084472656,58.70000076293945,55.849998474121094,56.20000076293945,145400,56.20000076293945
6/26/2018,58.29999923706055,58.75,57.36000061035156,58.27000045776367,197500,58.27000045776367
6/25/2018,58.279998779296875,58.47999954223633,56.38999938964844,58,193300,58
6/22/2018,59.66999816894531,59.762001037597656,57.5,58.86000061035156,417600,58.86000061035156
6/21/2018,62.9900016784668,63.16999816894531,59.98699951171875,60.58000183105469,320600,60.58000183105469
6/20/2018,63.439998626708984,64.55000305175781,62.4900016784668,62.75,421400,62.75
6/19/2018,61.939998626708984,63.70000076293945,60.880001068115234,63.25,214100,63.25
6/18/2018,61.40999984741211,62.790000915527344,61.40999984741211,62.689998626708984,203400,62.689998626708984
6/15/2018,62.15999984741211,62.619998931884766,60.46500015258789,61.58000183105469,245900,61.58000183105469
6/14/2018,62.18000030517578,63.61000061035156,61.77000045776367,62.75,336100,62.75
6/13/2018,58.54999923706055,61.66999816894531,58.22999954223633,61.369998931884766,353700,61.369998931884766
6/12/2018,57.900001525878906,58.779998779296875,57.56999969482422,58.400001525878906,132600,58.400001525878906
6/11/2018,55.93000030517578,57.84000015258789,55.810001373291016,57.77000045776367,201000,57.77000045776367
6/8/2018,56.16999816894531,56.7400016784668,55.957000732421875,56.31999969482422,164500,56.31999969482422
6/7/2018,58.619998931884766,58.619998931884766,55.5099983215332,56.380001068115234,170200,56.380001068115234
6/6/2018,57.66999816894531,59.2400016784668,57.619998931884766,58.619998931884766,237600,58.619998931884766
6/5/2018,56.720001220703125,57.560001373291016,56.54999923706055,57.43000030517578,125600,57.43000030517578
6/4/2018,57.22999954223633,57.470001220703125,56.11000061035156,56.86000061035156,117600,56.86000061035156
6/1/2018,57.13999938964844,57.900001525878906,56.93000030517578,57.16999816894531,149700,57.16999816894531
5/31/2018,56.470001220703125,57.61000061035156,56.470001220703125,56.779998779296875,138000,56.779998779296875
5/30/2018,58.22999954223633,58.22999954223633,55.95000076293945,56.869998931884766,255300,56.869998931884766
5/29/2018,57.04999923706055,58.22999954223633,57.04999923706055,58.15999984741211,140600,58.15999984741211
5/25/2018,58.060001373291016,58.48899841308594,57.29999923706055,57.459999084472656,83600,57.459999084472656
5/24/2018,57.540000915527344,58.25,56.900001525878906,58.060001373291016,219000,58.060001373291016
5/23/2018,55.720001220703125,58.06999969482422,54.880001068115234,57.84000015258789,320800,57.84000015258789
5/22/2018,56.5099983215332,56.5099983215332,55.459999084472656,55.880001068115234,174400,55.880001068115234
5/21/2018,56.25,56.64500045776367,55,56.099998474121094,398100,56.099998474121094
5/18/2018,55,56.619998931884766,54.150001525878906,56.25,280700,56.25
5/17/2018,55.56999969482422,55.56999969482422,54.4900016784668,55.029998779296875,215100,55.029998779296875
5/16/2018,55.36000061035156,56.779998779296875,54.9900016784668,55.790000915527344,153900,55.790000915527344
5/15/2018,56.810001373291016,58.11000061035156,54.869998931884766,55.56999969482422,538100,55.56999969482422
5/14/2018,57.41999816894531,58.22999954223633,56.25,58.209999084472656,821200,58.209999084472656
5/11/2018,57.560001373291016,57.900001525878906,51.09000015258789,57.33000183105469,1886300,57.33000183105469
5/10/2018,57.119998931884766,59.7400016784668,56.47999954223633,59.56999969482422,574100,59.56999969482422
5/9/2018,55.86000061035156,57.900001525878906,55.86000061035156,56.900001525878906,470500,56.900001525878906
5/8/2018,56.25,58.16999816894531,55.650001525878906,55.810001373291016,797600,55.810001373291016
5/7/2018,55.15999984741211,56.79999923706055,55,56.56999969482422,394300,56.56999969482422
5/4/2018,52.36000061035156,54.88999938964844,52.36000061035156,54.650001525878906,361700,54.650001525878906
5/3/2018,50.15999984741211,52.189998626708984,50,52.13999938964844,222900,52.13999938964844
5/2/2018,49.7599983215332,50.72999954223633,49.68000030517578,50.22999954223633,257200,50.22999954223633
5/1/2018,48.63999938964844,50.11000061035156,48.61000061035156,49.880001068115234,422000,49.880001068115234
4/30/2018,49.7400016784668,50.22999954223633,48.52000045776367,48.79999923706055,106400,48.79999923706055
4/27/2018,49.02000045776367,49.790000915527344,48.939998626708984,49.560001373291016,185100,49.560001373291016
4/26/2018,48,49.04999923706055,48,48.88999938964844,358600,48.88999938964844
4/25/2018,47.599998474121094,47.88999938964844,46.88999938964844,47.810001373291016,352800,47.810001373291016
4/24/2018,47.650001525878906,48.02000045776367,46.709999084472656,47.54999923706055,418500,47.54999923706055
4/23/2018,47.56999969482422,47.93000030517578,46.779998779296875,47.43000030517578,285500,47.43000030517578
4/20/2018,48.61000061035156,48.941001892089844,47.29999923706055,47.59000015258789,124900,47.59000015258789
4/19/2018,49.56999969482422,49.74800109863281,48.540000915527344,48.61000061035156,113400,48.61000061035156
4/18/2018,50.2599983215332,50.2599983215332,49.599998474121094,49.709999084472656,74900,49.709999084472656
4/17/2018,48.5,50.380001068115234,48.310001373291016,50.09000015258789,214600,50.09000015258789
4/16/2018,49.099998474121094,49.91999816894531,48.209999084472656,48.79999923706055,169600,48.79999923706055
4/13/2018,48.61000061035156,49.900001525878906,48.310001373291016,49.029998779296875,347300,49.029998779296875
4/12/2018,47.18000030517578,48.2400016784668,46.83000183105469,48.099998474121094,169400,48.099998474121094
4/11/2018,46.68000030517578,47.75,46.43000030517578,47.13999938964844,133100,47.13999938964844
4/10/2018,47.0099983215332,47.2400016784668,46.060001373291016,46.900001525878906,240900,46.900001525878906
4/9/2018,46.70000076293945,47.36000061035156,46.04999923706055,46.81999969482422,205200,46.81999969482422
4/6/2018,46.459999084472656,47.119998931884766,46.17100143432617,46.70000076293945,236300,46.70000076293945
4/5/2018,46.040000915527344,47.15999984741211,45.540000915527344,46.97999954223633,290700,46.97999954223633
4/4/2018,45.16999816894531,46.290000915527344,44.79999923706055,46.029998779296875,215400,46.029998779296875
4/3/2018,46.150001525878906,46.70000076293945,45,46.11000061035156,224000,46.11000061035156
4/2/2018,48.400001525878906,48.97999954223633,45.439998626708984,46.040000915527344,302000,46.040000915527344
3/29/2018,47.4900016784668,48.75,47.08000183105469,48.119998931884766,134600,48.119998931884766
3/28/2018,48.209999084472656,48.5,46.849998474121094,47.119998931884766,230700,47.119998931884766
3/27/2018,49.970001220703125,49.970001220703125,47.70000076293945,48.209999084472656,235100,48.209999084472656
3/26/2018,48.939998626708984,50.290000915527344,48.59000015258789,49.599998474121094,388200,49.599998474121094
3/23/2018,49.959999084472656,49.959999084472656,48.029998779296875,48.52000045776367,424800,48.52000045776367
3/22/2018,48.400001525878906,49.90999984741211,48.25,49.220001220703125,304900,49.220001220703125
3/21/2018,49.970001220703125,50.61000061035156,48.72999954223633,48.93000030517578,324700,48.93000030517578
3/20/2018,46.91999816894531,49.97999954223633,46.52000045776367,49.38999938964844,545500,49.38999938964844
3/19/2018,47,47.185001373291016,46.16999816894531,46.77000045776367,163700,46.77000045776367
3/16/2018,47.86000061035156,47.95000076293945,47.20000076293945,47.20000076293945,135600,47.20000076293945
3/15/2018,47,47.93000030517578,46.66999816894531,47.86000061035156,151800,47.86000061035156
3/14/2018,47,47.6150016784668,46,47,228100,47
3/13/2018,47.70000076293945,48,46.41999816894531,47,353400,47
3/12/2018,47.70000076293945,48,46.41999816894531,46.540000915527344,306800,46.540000915527344
3/9/2018,48.150001525878906,48.5,47.5,47.56999969482422,336800,47.56999969482422
3/8/2018,47.65999984741211,48.5,47.4900016784668,47.95000076293945,377200,47.95000076293945
3/7/2018,48,48.5,45.7599983215332,47.41999816894531,1657600,47.41999816894531
3/6/2018,51.709999084472656,52.099998474121094,50,50.11000061035156,265200,50.11000061035156
3/5/2018,50,51.77000045776367,49.619998931884766,51.220001220703125,418400,51.220001220703125
3/2/2018,48.20000076293945,50.279998779296875,47.79999923706055,50.029998779296875,355700,50.029998779296875
3/1/2018,47.290000915527344,48.5099983215332,45.75,48.15999984741211,668600,48.15999984741211
2/28/2018,44.29999923706055,48.20000076293945,44.26499938964844,47.08000183105469,690600,47.08000183105469
2/27/2018,43.09000015258789,45.209999084472656,42.61000061035156,44.4900016784668,393900,44.4900016784668
2/26/2018,42.5,43.439998626708984,42.26499938964844,43.220001220703125,128300,43.220001220703125
2/23/2018,41.9900016784668,42.7400016784668,41.3390007019043,42.650001525878906,108300,42.650001525878906
2/22/2018,42.4900016784668,42.66999816894531,41.790000915527344,41.959999084472656,129800,41.959999084472656
2/21/2018,42.20000076293945,43.25,42.130001068115234,42.18000030517578,252900,42.18000030517578
2/20/2018,41.849998474121094,42.220001220703125,40.5,42.18000030517578,258200,42.18000030517578
2/16/2018,41.65999984741211,42.689998626708984,41.5,42.5099983215332,285600,42.5099983215332
2/15/2018,42.400001525878906,42.5,40.5880012512207,42.34000015258789,270300,42.34000015258789
2/14/2018,43.470001220703125,43.900001525878906,40.439998626708984,42.29999923706055,611300,42.29999923706055
2/13/2018,37.040000915527344,38.41999816894531,36.79999923706055,38.27000045776367,264600,38.27000045776367
2/12/2018,36,37.66899871826172,36,37.150001525878906,152800,37.150001525878906
2/9/2018,36,36.66999816894531,35.459999084472656,35.939998626708984,241300,35.939998626708984
2/8/2018,36.93000030517578,36.97999954223633,35.84000015258789,36,154100,36
2/7/2018,37.0099983215332,37.54999923706055,36.724998474121094,36.849998474121094,115400,36.849998474121094
2/6/2018,36.70000076293945,37.41999816894531,36.0099983215332,37.2400016784668,136700,37.2400016784668
2/5/2018,37.630001068115234,38.400001525878906,37.25,37.31999969482422,145800,37.31999969482422
2/2/2018,38.220001220703125,38.290000915527344,37.5,38.119998931884766,96300,38.119998931884766
2/1/2018,38.4900016784668,38.959999084472656,38.20000076293945,38.47999954223633,58500,38.47999954223633
1/31/2018,38.52000045776367,39.029998779296875,38.29999923706055,38.970001220703125,81100,38.970001220703125
1/30/2018,38.38999938964844,38.54999923706055,37.880001068115234,38.2599983215332,116700,38.2599983215332
1/29/2018,39.720001220703125,39.75,37.869998931884766,38.310001373291016,211700,38.310001373291016
1/26/2018,37.060001373291016,39.650001525878906,36.915000915527344,39.349998474121094,436900,39.349998474121094
1/25/2018,38.0099983215332,38.2400016784668,36.630001068115234,37.25,561500,37.25
1/24/2018,39.20000076293945,39.4900016784668,38.637001037597656,38.77000045776367,271100,38.77000045776367
1/23/2018,38.83000183105469,39.290000915527344,38.75,39.189998626708984,97100,39.189998626708984
1/22/2018,39.16999816894531,39.29499816894531,38.380001068115234,38.79999923706055,165200,38.79999923706055
1/19/2018,39.400001525878906,39.5,38.91999816894531,39.09000015258789,84500,39.09000015258789
1/18/2018,39.040000915527344,39.36000061035156,38.75,39.25,83900,39.25
1/17/2018,38.779998779296875,39.5,38.5099983215332,39.04999923706055,185700,39.04999923706055
1/16/2018,40,40,38.21099853515625,38.45000076293945,216400,38.45000076293945
1/12/2018,39.4900016784668,39.849998474121094,39.29999923706055,39.459999084472656,136300,39.459999084472656
1/11/2018,39.15999984741211,39.52000045776367,38.16999816894531,39.27000045776367,210100,39.27000045776367
1/10/2018,40,40.38999938964844,37.119998931884766,38.97999954223633,624800,38.97999954223633
1/9/2018,41.88999938964844,42,40.16999816894531,40.29999923706055,341600,40.29999923706055
1/8/2018,42,42,40.52000045776367,41.61000061035156,521500,41.61000061035156
1/5/2018,39.400001525878906,41.106998443603516,39.209999084472656,40.4900016784668,615000,40.4900016784668
1/4/2018,38.040000915527344,39.266998291015625,37.895999908447266,39.13999938964844,269700,39.13999938964844
1/3/2018,37.189998626708984,38.369998931884766,37.099998474121094,38.04999923706055,402300,38.04999923706055
1/2/2018,37.79999923706055,38.119998931884766,37.06999969482422,37.119998931884766,254900,37.119998931884766
12/29/2017,36.9900016784668,37.540000915527344,36.720001220703125,37.47999954223633,142000,37.47999954223633
12/28/2017,36.959999084472656,37.2599983215332,36.709999084472656,36.9900016784668,121400,36.9900016784668
12/27/2017,37.349998474121094,37.68000030517578,36.82600021362305,37.02000045776367,133800,37.02000045776367
12/26/2017,37.970001220703125,38.11000061035156,37.2599983215332,37.38999938964844,142100,37.38999938964844
12/22/2017,37.81999969482422,38.03499984741211,37.36000061035156,37.86000061035156,150100,37.86000061035156
12/21/2017,38.7599983215332,39.20000076293945,37.88999938964844,38.099998474121094,223900,38.099998474121094
12/20/2017,38.88999938964844,39.09000015258789,37.93000030517578,38.7400016784668,150000,38.7400016784668
12/19/2017,38.970001220703125,39.57500076293945,37.33000183105469,38.599998474121094,225500,38.599998474121094
12/18/2017,40.15999984741211,40.43000030517578,38.61000061035156,38.79999923706055,219600,38.79999923706055
12/15/2017,40.65999984741211,41.117000579833984,40.08000183105469,40.09000015258789,132300,40.09000015258789
12/14/2017,41.810001373291016,41.81999969482422,40.619998931884766,40.66999816894531,134300,40.66999816894531
12/13/2017,41.25,41.970001220703125,41.22999954223633,41.66999816894531,98900,41.66999816894531
12/12/2017,41.119998931884766,41.58000183105469,40.5,41.25,147700,41.25
12/11/2017,41.47999954223633,42.09700012207031,40.66999816894531,40.959999084472656,117100,40.959999084472656
12/8/2017,40.779998779296875,41.70000076293945,40.779998779296875,41.459999084472656,162400,41.459999084472656
12/7/2017,39.470001220703125,40.66999816894531,39.40999984741211,40.369998931884766,165500,40.369998931884766
12/6/2017,38.25,39.63999938964844,38.220001220703125,39.33000183105469,130300,39.33000183105469
12/5/2017,38.150001525878906,39.540000915527344,37.779998779296875,38.220001220703125,288000,38.220001220703125
12/4/2017,40.439998626708984,40.439998626708984,38.08000183105469,38.150001525878906,517500,38.150001525878906
12/1/2017,40.18000030517578,40.36000061035156,38.81999969482422,39.439998626708984,402800,39.439998626708984
11/30/2017,40.099998474121094,40.900001525878906,38.70000076293945,39.970001220703125,337300,39.970001220703125
11/29/2017,41.939998626708984,42.17399978637695,40.119998931884766,40.16999816894531,223400,40.16999816894531
11/28/2017,42.599998474121094,42.599998474121094,41.61000061035156,41.900001525878906,276800,41.900001525878906
11/27/2017,43.45000076293945,43.45000076293945,42.33000183105469,42.459999084472656,180300,42.459999084472656
11/24/2017,43.06999969482422,43.159000396728516,42.619998931884766,42.810001373291016,137200,42.810001373291016
11/22/2017,43.11000061035156,43.41899871826172,42.65999984741211,42.79999923706055,288100,42.79999923706055
11/21/2017,42.7599983215332,43.099998474121094,42.560001373291016,42.970001220703125,262000,42.970001220703125
11/20/2017,45.88999938964844,46.31999969482422,41.93000030517578,42.5099983215332,801800,42.5099983215332
11/17/2017,40.11000061035156,42.04999923706055,39.70000076293945,41.83000183105469,1080400,41.83000183105469
11/16/2017,39.619998931884766,40.400001525878906,38.77000045776367,40.15999984741211,1292900,40.15999984741211
11/15/2017,42.2400016784668,42.33000183105469,41.369998931884766,41.79999923706055,245800,41.79999923706055
11/14/2017,42.88999938964844,43.20000076293945,42.150001525878906,42.689998626708984,89800,42.689998626708984
11/13/2017,43.75,44.0099983215332,42.91999816894531,43.20000076293945,212400,43.20000076293945
11/10/2017,44.08000183105469,45.68000030517578,43.310001373291016,43.630001068115234,1228900,43.630001068115234
11/9/2017,44.15999984741211,44.849998474121094,43.505001068115234,44.04999923706055,541600,44.04999923706055
11/8/2017,43.61000061035156,45.22999954223633,43.40999984741211,44.47999954223633,123400,44.47999954223633
11/7/2017,44.310001373291016,44.40999984741211,43.349998474121094,43.599998474121094,299200,43.599998474121094
11/6/2017,42.560001373291016,44.720001220703125,42.45000076293945,44.029998779296875,312100,44.029998779296875
11/3/2017,42,42.88999938964844,41.02000045776367,42.65999984741211,107000,42.65999984741211
11/2/2017,41.81999969482422,42.470001220703125,41.279998779296875,42.029998779296875,43100,42.029998779296875
11/1/2017,41.34000015258789,42.5,41.08000183105469,42.04999923706055,98800,42.04999923706055
10/31/2017,41,41.779998779296875,40.97600173950195,41.40999984741211,51300,41.40999984741211
10/30/2017,40.38999938964844,41.29999923706055,40.244998931884766,40.869998931884766,126900,40.869998931884766
10/27/2017,41,41.040000915527344,40.400001525878906,40.66999816894531,81300,40.66999816894531
10/26/2017,40.439998626708984,41,40.439998626708984,40.869998931884766,59200,40.869998931884766
10/25/2017,41.11000061035156,41.290000915527344,40,40.349998474121094,167600,40.349998474121094
10/24/2017,41.18600082397461,41.2599983215332,40.54999923706055,41.150001525878906,72300,41.150001525878906
10/23/2017,40.9900016784668,41.34000015258789,40.5099983215332,41.0099983215332,94600,41.0099983215332
10/20/2017,41,41.099998474121094,40.45000076293945,41.0099983215332,26500,41.0099983215332
10/19/2017,41,41,40.470001220703125,40.959999084472656,24700,40.959999084472656
10/18/2017,40.75,41.36000061035156,40.111000061035156,41.119998931884766,77300,41.119998931884766
10/17/2017,40.75,41.38999938964844,40.33000183105469,40.90999984741211,56400,40.90999984741211
10/16/2017,40.84000015258789,41.470001220703125,40.75,41.0099983215332,57500,41.0099983215332
10/13/2017,40.790000915527344,41.14699935913086,40.470001220703125,40.75,56600,40.75
10/12/2017,40.400001525878906,40.959999084472656,40.25299835205078,40.7599983215332,57200,40.7599983215332
10/11/2017,40.099998474121094,40.810001373291016,39.709999084472656,40.4900016784668,68400,40.4900016784668
10/10/2017,40.75299835205078,40.959999084472656,39.91999816894531,40,31000,40
10/9/2017,40.845001220703125,41,40.45000076293945,40.79999923706055,29900,40.79999923706055
10/6/2017,40.709999084472656,40.779998779296875,40.45000076293945,40.63999938964844,22600,40.63999938964844
10/5/2017,40.689998626708984,40.96500015258789,40.0099983215332,40.52000045776367,11200,40.52000045776367
10/4/2017,40.310001373291016,40.98500061035156,40.0099983215332,40.689998626708984,104900,40.689998626708984
10/3/2017,40.599998474121094,40.900001525878906,40.119998931884766,40.25,60700,40.25
10/2/2017,40.40999984741211,41,40.0099983215332,40.5,59400,40.5
9/29/2017,40,41,40,40.939998626708984,164900,40.939998626708984
9/28/2017,39.702999114990234,40.31999969482422,39.209999084472656,40.029998779296875,108200,40.029998779296875
9/27/2017,39.459999084472656,39.84000015258789,38.72999954223633,39.22999954223633,71500,39.22999954223633
9/26/2017,39.84000015258789,39.84000015258789,38.81999969482422,39.189998626708984,79000,39.189998626708984
9/25/2017,40.970001220703125,40.970001220703125,39.14500045776367,39.650001525878906,74600,39.650001525878906
9/22/2017,40.79999923706055,41.95000076293945,40.5,41.189998626708984,113300,41.189998626708984
9/21/2017,39.439998626708984,40.869998931884766,39.150001525878906,40.75,168400,40.75
9/20/2017,39.84000015258789,39.88999938964844,39.18000030517578,39.58000183105469,28500,39.58000183105469
9/19/2017,38.86000061035156,39.88999938964844,38.86000061035156,39.630001068115234,47300,39.630001068115234
9/18/2017,39.40999984741211,39.439998626708984,38.599998474121094,38.77000045776367,87600,38.77000045776367
9/15/2017,39,39.36000061035156,38.630001068115234,39.22999954223633,68000,39.22999954223633
9/14/2017,38.91999816894531,39.27000045776367,38.77000045776367,38.79999923706055,10000,38.79999923706055
9/13/2017,39.16999816894531,39.582000732421875,38.849998474121094,38.900001525878906,14300,38.900001525878906
9/12/2017,39.650001525878906,39.779998779296875,39.15999984741211,39.29999923706055,28500,39.29999923706055
9/11/2017,39.630001068115234,39.875,39.39099884033203,39.61000061035156,64200,39.61000061035156
9/8/2017,39.58000183105469,39.970001220703125,39.029998779296875,39.25,32600,39.25
9/7/2017,39.0099983215332,39.68000030517578,38.95000076293945,39.33000183105469,30400,39.33000183105469
9/6/2017,39.470001220703125,39.79999923706055,38.665000915527344,38.880001068115234,46200,38.880001068115234
9/5/2017,39.709999084472656,40,39.060001373291016,39.20000076293945,74700,39.20000076293945
9/1/2017,39.2599983215332,40,39.029998779296875,39.709999084472656,89600,39.709999084472656
8/31/2017,38.97999954223633,39.64899826049805,38.97999954223633,39.400001525878906,84500,39.400001525878906
8/30/2017,38.93000030517578,39.400001525878906,38.849998474121094,39.13999938964844,128800,39.13999938964844
8/29/2017,38.93000030517578,39.060001373291016,37.900001525878906,38.65999984741211,251100,38.65999984741211
8/28/2017,38.18000030517578,39.43000030517578,37.529998779296875,38.93000030517578,140700,38.93000030517578
8/25/2017,38.66999816894531,38.959999084472656,38.04999923706055,38.189998626708984,84000,38.189998626708984
8/24/2017,38.560001373291016,38.84000015258789,38.040000915527344,38.529998779296875,39900,38.529998779296875
8/23/2017,38.22999954223633,38.97999954223633,38.189998626708984,38.58000183105469,54900,38.58000183105469
8/22/2017,37.75,38.790000915527344,37.29999923706055,38.63999938964844,76200,38.63999938964844
8/21/2017,38.63999938964844,38.724998474121094,37.2599983215332,37.959999084472656,139600,37.959999084472656
8/18/2017,39,39.13999938964844,38.1619987487793,38.86000061035156,107100,38.86000061035156
8/17/2017,39.47999954223633,39.97999954223633,38.7400016784668,38.75,97500,38.75
8/16/2017,38.79999923706055,39.81999969482422,38.630001068115234,39.720001220703125,135300,39.720001220703125
8/15/2017,38.13999938964844,39.13999938964844,38.11000061035156,38.65999984741211,95600,38.65999984741211
8/14/2017,37.5,38.5099983215332,37.209999084472656,38.31999969482422,254800,38.31999969482422
8/11/2017,37.41999816894531,37.9900016784668,37.189998626708984,37.52000045776367,67500,37.52000045776367
8/10/2017,37.2599983215332,37.790000915527344,36.85499954223633,37.52000045776367,563400,37.52000045776367
8/9/2017,37.220001220703125,38,37.11000061035156,37.93000030517578,222900,37.93000030517578
8/8/2017,38.310001373291016,38.459999084472656,37.220001220703125,37.619998931884766,105200,37.619998931884766
8/7/2017,39.06999969482422,39.31999969482422,38.11000061035156,38.4900016784668,88700,38.4900016784668
8/4/2017,36.689998626708984,39.869998931884766,36.11000061035156,38.93000030517578,153100,38.93000030517578
8/3/2017,37.619998931884766,38.720001220703125,37.619998931884766,38.20000076293945,112700,38.20000076293945
8/2/2017,37.86000061035156,38.13999938964844,37.26499938964844,37.52000045776367,261100,37.52000045776367
8/1/2017,38,38.880001068115234,37.34000015258789,37.849998474121094,241800,37.849998474121094
7/31/2017,37.650001525878906,39.180999755859375,37.119998931884766,37.83000183105469,186600,37.83000183105469
7/28/2017,38.279998779296875,39.38999938964844,37.42499923706055,37.77000045776367,176100,37.77000045776367
7/27/2017,39.15999984741211,39.45000076293945,38,38.369998931884766,153500,38.369998931884766
7/26/2017,38.75,39.400001525878906,37.79999923706055,39.349998474121094,72200,39.349998474121094
7/25/2017,38.93000030517578,39.47999954223633,37.650001525878906,38.540000915527344,21800,38.540000915527344
7/24/2017,38.5,38.849998474121094,37.85100173950195,38.70000076293945,32700,38.70000076293945
7/21/2017,38,39,38,38.630001068115234,108100,38.630001068115234
7/20/2017,38.5,38.5,37.180999755859375,38.33000183105469,133200,38.33000183105469
7/19/2017,38.83000183105469,39.43600082397461,38.81999969482422,39.16999816894531,24900,39.16999816894531
7/18/2017,38.720001220703125,39.01900100708008,38.224998474121094,38.59000015258789,50100,38.59000015258789
7/17/2017,38.45000076293945,38.880001068115234,38.25,38.70000076293945,54100,38.70000076293945
7/14/2017,38.2599983215332,38.9900016784668,37.90999984741211,38.58000183105469,45000,38.58000183105469
7/13/2017,38.689998626708984,39.45000076293945,37.02000045776367,38.34000015258789,134900,38.34000015258789
7/12/2017,37,38.56999969482422,36.439998626708984,38.40999984741211,174400,38.40999984741211
7/11/2017,35.97999954223633,36.9900016784668,35.97999954223633,36.7599983215332,162000,36.7599983215332
7/10/2017,35.7400016784668,36.7400016784668,35.54999923706055,36.4900016784668,138900,36.4900016784668
7/7/2017,34.970001220703125,35.84400177001953,34.630001068115234,35.40999984741211,143400,35.40999984741211
7/6/2017,35,35.599998474121094,33.81999969482422,34.91999816894531,166100,34.91999816894531
7/5/2017,34.029998779296875,35.400001525878906,33.72999954223633,34.959999084472656,72300,34.959999084472656
7/3/2017,35,35.30400085449219,33.66999816894531,34.029998779296875,71800,34.029998779296875
6/30/2017,34.349998474121094,34.9900016784668,34.20000076293945,34.779998779296875,44500,34.779998779296875
6/29/2017,35.02000045776367,35.86000061035156,33.93000030517578,34.22999954223633,153900,34.22999954223633
6/28/2017,35.867000579833984,36.3849983215332,34.900001525878906,35.11000061035156,36700,35.11000061035156
6/27/2017,34.95100021362305,36.20000076293945,34.70000076293945,34.95000076293945,55800,34.95000076293945
6/26/2017,36.65999984741211,36.84000015258789,34.724998474121094,35.2599983215332,119300,35.2599983215332
6/23/2017,36.4900016784668,37,36.29999923706055,36.5,50200,36.5
6/22/2017,36.16999816894531,37.099998474121094,35.52000045776367,36.349998474121094,95900,36.349998474121094
6/21/2017,36.779998779296875,37.13999938964844,35.91999816894531,36.09000015258789,189800,36.09000015258789
6/20/2017,37.06999969482422,37.334999084472656,36.02000045776367,36.599998474121094,206800,36.599998474121094
6/19/2017,36.36000061035156,37.24399948120117,36.33000183105469,37,280400,37
6/16/2017,35.63999938964844,36.58000183105469,35.560001373291016,36.2599983215332,107800,36.2599983215332
6/15/2017,35.189998626708984,35.709999084472656,34.75,35.619998931884766,189600,35.619998931884766
6/14/2017,35.5,35.75,34.75,35.5,178700,35.5
6/13/2017,34.0099983215332,35.400001525878906,33.84000015258789,34.93000030517578,145400,34.93000030517578
6/12/2017,35.25,35.88999938964844,32,33.84000015258789,346500,33.84000015258789
6/9/2017,35.5,36.5,35.310001373291016,36.119998931884766,558300,36.119998931884766
6/8/2017,34.900001525878906,35.81999969482422,34.56999969482422,35.81999969482422,77000,35.81999969482422
6/7/2017,35,35.41699981689453,34.52000045776367,34.77000045776367,52200,34.77000045776367
6/6/2017,34.16999816894531,35.40399932861328,33.810001373291016,34.88999938964844,89100,34.88999938964844
6/5/2017,33.599998474121094,34.689998626708984,33.560001373291016,34.45000076293945,101000,34.45000076293945
6/2/2017,32.5,34.448001861572266,32.36000061035156,33.70000076293945,228800,33.70000076293945
6/1/2017,32.505001068115234,33.599998474121094,32,32.72999954223633,154100,32.72999954223633
5/31/2017,33.189998626708984,33.290000915527344,32.5,32.77000045776367,88600,32.77000045776367
5/30/2017,33.75,33.970001220703125,32.400001525878906,33.029998779296875,88400,33.029998779296875
5/26/2017,34.91999816894531,34.91999816894531,34.11000061035156,34.15999984741211,99000,34.15999984741211
5/25/2017,33.5,34.959999084472656,33.47999954223633,34.59000015258789,712100,34.59000015258789
5/24/2017,32.779998779296875,33.38999938964844,32.400001525878906,33.380001068115234,115700,33.380001068115234
5/23/2017,31.989999771118164,32.755001068115234,31.3799991607666,32.29999923706055,161200,32.29999923706055
5/22/2017,31.799999237060547,31.98699951171875,31.270000457763672,31.850000381469727,121200,31.850000381469727
5/19/2017,32.02000045776367,32.400001525878906,31.729999542236328,32.0099983215332,102400,32.0099983215332
5/18/2017,31.68000030517578,32.400001525878906,31.510000228881836,32.22999954223633,105800,32.22999954223633
5/17/2017,32.08000183105469,32.75,31.399999618530273,32.119998931884766,101500,32.119998931884766
5/16/2017,32.81999969482422,33,31.579999923706055,32.790000915527344,85800,32.790000915527344
5/15/2017,32.2599983215332,33.25,31.780000686645508,33.11000061035156,114400,33.11000061035156
5/12/2017,30.06999969482422,32.220001220703125,30.06999969482422,31.959999084472656,397300,31.959999084472656
5/11/2017,31.610000610351562,32.58000183105469,30.520000457763672,31.989999771118164,146800,31.989999771118164
5/10/2017,30.520000457763672,32.040000915527344,30.520000457763672,31.860000610351562,122500,31.860000610351562
5/9/2017,30.940000534057617,31.649999618530273,30.5,30.81999969482422,168600,30.81999969482422
5/8/2017,31.190000534057617,31.190000534057617,30.079999923706055,30.889999389648438,107600,30.889999389648438
5/5/2017,30.940000534057617,31.270000457763672,30.850000381469727,31.020000457763672,94400,31.020000457763672
5/4/2017,31.200000762939453,31.200000762939453,30.299999237060547,30.780000686645508,114300,30.780000686645508
5/3/2017,31.010000228881836,31.3799991607666,30.559999465942383,30.770000457763672,74100,30.770000457763672
5/2/2017,30.8799991607666,31.849000930786133,30.510000228881836,30.8700008392334,52400,30.8700008392334
5/1/2017,30.1299991607666,30.920000076293945,29.90999984741211,30.770000457763672,80300,30.770000457763672
4/28/2017,30.190000534057617,30.59000015258789,29.579999923706055,29.8700008392334,69700,29.8700008392334
4/27/2017,29.8799991607666,30.280000686645508,29.600000381469727,29.989999771118164,57500,29.989999771118164
4/26/2017,30.200000762939453,30.829999923706055,28.920000076293945,29.84000015258789,70000,29.84000015258789
4/25/2017,30.110000610351562,30.790000915527344,29.579999923706055,30.3799991607666,109000,30.3799991607666
4/24/2017,29.559999465942383,30.28700065612793,29.559999465942383,30.06999969482422,39700,30.06999969482422
4/21/2017,30.329999923706055,30.420000076293945,29.280000686645508,29.760000228881836,159000,29.760000228881836
4/20/2017,30.110000610351562,30.610000610351562,29.549999237060547,30.06999969482422,70600,30.06999969482422
4/19/2017,29.420000076293945,30.25,29.239999771118164,29.950000762939453,75800,29.950000762939453
4/18/2017,29.299999237060547,29.3799991607666,29,29.219999313354492,66600,29.219999313354492
4/17/2017,29.479999542236328,29.770000457763672,28.770000457763672,29.219999313354492,219200,29.219999313354492
4/13/2017,29.950000762939453,31.079999923706055,29.600000381469727,29.729999542236328,56100,29.729999542236328
4/12/2017,31.530000686645508,31.93000030517578,29.625,30.15999984741211,119100,30.15999984741211
4/11/2017,31.280000686645508,31.799999237060547,30.799999237060547,31.209999084472656,105100,31.209999084472656
4/10/2017,30.959999084472656,31.40999984741211,30.809999465942383,31.100000381469727,165100,31.100000381469727
4/7/2017,30.600000381469727,31.020000457763672,30.31999969482422,30.690000534057617,116800,30.690000534057617
4/6/2017,30.3799991607666,31.389999389648438,30.139999389648438,30.760000228881836,162000,30.760000228881836
4/5/2017,30.540000915527344,30.739999771118164,30.239999771118164,30.34000015258789,198600,30.34000015258789
4/4/2017,30.239999771118164,31.280000686645508,30.010000228881836,30.110000610351562,215200,30.110000610351562
4/3/2017,29.920000076293945,29.920000076293945,29.1200008392334,29.46500015258789,126300,29.46500015258789
3/31/2017,29.3700008392334,30,29.309999465942383,29.780000686645508,113700,29.780000686645508
3/30/2017,28.979999542236328,29.290000915527344,28.690000534057617,29.139999389648438,64900,29.139999389648438
3/29/2017,28.8799991607666,29.100000381469727,28.280000686645508,28.969999313354492,88600,28.969999313354492
3/28/2017,27.329999923706055,29.170000076293945,27.329999923706055,28.850000381469727,200100,28.850000381469727
3/27/2017,28.280000686645508,28.280000686645508,27.1299991607666,27.399999618530273,209300,27.399999618530273
3/24/2017,28.899999618530273,29.200000762939453,28.260000228881836,28.56999969482422,103600,28.56999969482422
3/23/2017,29.260000228881836,29.44300079345703,28.760000228881836,28.899999618530273,79100,28.899999618530273
3/22/2017,29.219999313354492,29.579999923706055,28.75,29.1200008392334,197700,29.1200008392334
3/21/2017,29.889999389648438,30.170000076293945,29.040000915527344,29.31999969482422,246800,29.31999969482422
3/20/2017,30.190000534057617,30.34000015258789,29.69499969482422,29.989999771118164,100500,29.989999771118164
3/17/2017,29.34000015258789,30.125,29.097999572753906,30.049999237060547,299500,30.049999237060547
3/16/2017,30.010000228881836,31.389999389648438,29.010000228881836,29.34000015258789,2573900,29.34000015258789
3/15/2017,28,29.18000030517578,27.899999618530273,28.770000457763672,149800,28.770000457763672
3/14/2017,27.899999618530273,28.40999984741211,26.780000686645508,28.06999969482422,131100,28.06999969482422
3/13/2017,27.510000228881836,27.969999313354492,27.510000228881836,27.899999618530273,37100,27.899999618530273
3/10/2017,27.360000610351562,27.889999389648438,26.5,27.75,42700,27.75
3/9/2017,26.760000228881836,27.3700008392334,26.440000534057617,27.110000610351562,26000,27.110000610351562
3/8/2017,26.459999084472656,27.899999618530273,26.450000762939453,27.06999969482422,88500,27.06999969482422
3/7/2017,26.200000762939453,26.420000076293945,25.559999465942383,26.31999969482422,66700,26.31999969482422
3/6/2017,26.81999969482422,26.917999267578125,26.047000885009766,26.600000381469727,59100,26.600000381469727
3/3/2017,27.079999923706055,27.399999618530273,26.459999084472656,27.049999237060547,58900,27.049999237060547
3/2/2017,27,27.67300033569336,26.93000030517578,27.3799991607666,82700,27.3799991607666
3/1/2017,26.979999542236328,27.690000534057617,26.757999420166016,27.40999984741211,78700,27.40999984741211
2/28/2017,26.459999084472656,27.15999984741211,26.459999084472656,27.110000610351562,36100,27.110000610351562
2/27/2017,26.860000610351562,27.18000030517578,26.361000061035156,26.8700008392334,79200,26.8700008392334
2/24/2017,27.049999237060547,27.200000762939453,26.290000915527344,27.200000762939453,38200,27.200000762939453
2/23/2017,27.139999389648438,27.170000076293945,26.010000228881836,27.1200008392334,44400,27.1200008392334
2/22/2017,27.56999969482422,27.56999969482422,26.549999237060547,27.350000381469727,55400,27.350000381469727
2/21/2017,27.469999313354492,27.80900001525879,27.1200008392334,27.649999618530273,50600,27.649999618530273
2/17/2017,26.600000381469727,27.857999801635742,26.530000686645508,27.639999389648438,84100,27.639999389648438
2/16/2017,26,27,25.7450008392334,27,141700,27
2/15/2017,25.469999313354492,26.5,24.74799919128418,26.3700008392334,190700,26.3700008392334
2/14/2017,25.520000457763672,25.893999099731445,24.75,25.690000534057617,268400,25.690000534057617
2/13/2017,27.010000228881836,27.010000228881836,25.059999465942383,26.360000610351562,228600,26.360000610351562
2/10/2017,23.469999313354492,26.899999618530273,23.469999313354492,26.899999618530273,309400,26.899999618530273
2/9/2017,22.6299991607666,23.190000534057617,22.049999237060547,23.09000015258789,55800,23.09000015258789
2/8/2017,22.889999389648438,23,22.1299991607666,22.940000534057617,29300,22.940000534057617
2/7/2017,23,23.399999618530273,22.200000762939453,22.8700008392334,46600,22.8700008392334
2/6/2017,22.93000030517578,23,22.520000457763672,22.940000534057617,24300,22.940000534057617
2/3/2017,22.735000610351562,22.924999237060547,22.46299934387207,22.760000228881836,20700,22.760000228881836
2/2/2017,23.059999465942383,23.059999465942383,22.450000762939453,22.850000381469727,17600,22.850000381469727
2/1/2017,22.530000686645508,23.350000381469727,22.44499969482422,23.020000457763672,29600,23.020000457763672
1/31/2017,22.260000228881836,22.9950008392334,22.260000228881836,22.520000457763672,8200,22.520000457763672
1/30/2017,22.3799991607666,23.479999542236328,22,22.610000610351562,96300,22.610000610351562
1/27/2017,22.200000762939453,22.780000686645508,21.93000030517578,22.489999771118164,43000,22.489999771118164
1/26/2017,22.209999084472656,22.448999404907227,21.549999237060547,22.329999923706055,85200,22.329999923706055
1/25/2017,22.3799991607666,22.68000030517578,21.5,22.450000762939453,111600,22.450000762939453
1/24/2017,23,23.350000381469727,21.25,22.709999084472656,187400,22.709999084472656
1/23/2017,23.799999237060547,23.815000534057617,22.649999618530273,23.09000015258789,59900,23.09000015258789
1/20/2017,23.510000228881836,23.979999542236328,23.3799991607666,23.84000015258789,59900,23.84000015258789
1/19/2017,23.549999237060547,23.790000915527344,23.06999969482422,23.639999389648438,24200,23.639999389648438
1/18/2017,23.25,23.969999313354492,23.132999420166016,23.450000762939453,20500,23.450000762939453
1/17/2017,23.360000610351562,23.489999771118164,23.055999755859375,23.270000457763672,19200,23.270000457763672
1/13/2017,23.399999618530273,23.889999389648438,23.354999542236328,23.600000381469727,22000,23.600000381469727
1/12/2017,23.81999969482422,24.049999237060547,23,23.440000534057617,27700,23.440000534057617
1/11/2017,23.209999084472656,24.489999771118164,23.149999618530273,23.790000915527344,41600,23.790000915527344
1/10/2017,22.920000076293945,23.565000534057617,22.6299991607666,23.15999984741211,41700,23.15999984741211
1/9/2017,22.610000610351562,23.405000686645508,22.434999465942383,22.709999084472656,58600,22.709999084472656
1/6/2017,22.309999465942383,22.75,22.200000762939453,22.700000762939453,43300,22.700000762939453
1/5/2017,22.139999389648438,22.899999618530273,22.100000381469727,22.110000610351562,16800,22.110000610351562
1/4/2017,21.954999923706055,22.6200008392334,21.950000762939453,22.100000381469727,24100,22.100000381469727
1/3/2017,22.59000015258789,22.59000015258789,21.704999923706055,22.299999237060547,52000,22.299999237060547
12/30/2016,22.809999465942383,23.264999389648438,22.051000595092773,22.200000762939453,22100,22.200000762939453
12/29/2016,22.6200008392334,23.399999618530273,22.30500030517578,22.829999923706055,27300,22.829999923706055
12/28/2016,22.6299991607666,22.75,22.219999313354492,22.5,25600,22.5
12/27/2016,23.540000915527344,23.540000915527344,22.264999389648438,22.770000457763672,113000,22.770000457763672
12/23/2016,23.290000915527344,23.600000381469727,23.010000228881836,23.43000030517578,17200,23.43000030517578
12/22/2016,23.579999923706055,23.67300033569336,23.139999389648438,23.469999313354492,34000,23.469999313354492
12/21/2016,23.549999237060547,24.350000381469727,23.280000686645508,23.649999618530273,66800,23.649999618530273
12/20/2016,23.5,24.540000915527344,23.290000915527344,23.81999969482422,80200,23.81999969482422
12/19/2016,24.219999313354492,24.809999465942383,23.176000595092773,23.6200008392334,122000,23.6200008392334
12/16/2016,24.6299991607666,25.249000549316406,22.62700080871582,24.280000686645508,97300,24.280000686645508
12/15/2016,22.3700008392334,24.299999237060547,21.80500030517578,24.299999237060547,116500,24.299999237060547
12/14/2016,22.18000030517578,22.399999618530273,21.482999801635742,22.239999771118164,55000,22.239999771118164
12/13/2016,21.469999313354492,22.399999618530273,21.315000534057617,22,87700,22
12/12/2016,21.229999542236328,22.5,21.229999542236328,21.450000762939453,97200,21.450000762939453
12/9/2016,21.790000915527344,22.1200008392334,21.145000457763672,21.325000762939453,37200,21.325000762939453
12/8/2016,22,22.295000076293945,21.2549991607666,21.790000915527344,47200,21.790000915527344
12/7/2016,21.719999313354492,22.3700008392334,21.209999084472656,21.770000457763672,89800,21.770000457763672
12/6/2016,21.6200008392334,22.100000381469727,21.020000457763672,21.56999969482422,26000,21.56999969482422
12/5/2016,21.559999465942383,22.3700008392334,21.559999465942383,21.579999923706055,43200,21.579999923706055
12/2/2016,21.75,22.542999267578125,21.042999267578125,21.540000915527344,51600,21.540000915527344
12/1/2016,23.190000534057617,23.190000534057617,21.399999618530273,21.5,135800,21.5
11/30/2016,23.34000015258789,23.69300079345703,23.0049991607666,23.09000015258789,35900,23.09000015258789
11/29/2016,23.479999542236328,24,23.280000686645508,23.649999618530273,74800,23.649999618530273
11/28/2016,23.670000076293945,23.8700008392334,23,23.6200008392334,96100,23.6200008392334
11/25/2016,24.43000030517578,24.59000015258789,23.40999984741211,23.84000015258789,49600,23.84000015258789
11/23/2016,24.860000610351562,24.860000610351562,24.1299991607666,24.360000610351562,30000,24.360000610351562
11/22/2016,24.649999618530273,25.040000915527344,24.280000686645508,24.709999084472656,107900,24.709999084472656
11/21/2016,25.639999389648438,25.840999603271484,24.549999237060547,24.829999923706055,99800,24.829999923706055
11/18/2016,26.3799991607666,26.3799991607666,25.25,25.68000030517578,161900,25.68000030517578
11/17/2016,26.209999084472656,26.719999313354492,25.780000686645508,26,114000,26
11/16/2016,26.790000915527344,26.790000915527344,25.530000686645508,25.860000610351562,195500,25.860000610351562
11/15/2016,25.229999542236328,26.329999923706055,24.81999969482422,26.15999984741211,346000,26.15999984741211
11/14/2016,25,25.40999984741211,24.360000610351562,25.020000457763672,110200,25.020000457763672
11/11/2016,24.5,25,22.650999069213867,24.940000534057617,128900,24.940000534057617
11/10/2016,22.399999618530273,24.420000076293945,22.399999618530273,23.5,143000,23.5
11/9/2016,22.010000228881836,23.1200008392334,21.5,22.5,159300,22.5
11/8/2016,22.610000610351562,23.739999771118164,22.3799991607666,23,50600,23
11/7/2016,22.790000915527344,23.149999618530273,22,22.850000381469727,97000,22.850000381469727
11/4/2016,21.700000762939453,22.56999969482422,21.520000457763672,22.510000228881836,138200,22.510000228881836
11/3/2016,22.299999237060547,22.34000015258789,21.34000015258789,21.75,115300,21.75
11/2/2016,22.649999618530273,22.950000762939453,21.90999984741211,22.309999465942383,134400,22.309999465942383
11/1/2016,21.93000030517578,22,21.34000015258789,21.770000457763672,64400,21.770000457763672
10/31/2016,22.3799991607666,22.690000534057617,21.3799991607666,21.670000076293945,125500,21.670000076293945
10/28/2016,21.59000015258789,22.479999542236328,21.5,22.200000762939453,40600,22.200000762939453
10/27/2016,22.6200008392334,23.350000381469727,21.290000915527344,21.700000762939453,253500,21.700000762939453
10/26/2016,22.856000900268555,23.489999771118164,22.290000915527344,22.459999084472656,101600,22.459999084472656
10/25/2016,23.899999618530273,23.899999618530273,22.469999313354492,23.030000686645508,48700,23.030000686645508
10/24/2016,23.690000534057617,24.059999465942383,23.481000900268555,23.850000381469727,15100,23.850000381469727
10/21/2016,23.3799991607666,24.200000762939453,23.270000457763672,23.670000076293945,74000,23.670000076293945
10/20/2016,24.049999237060547,24.049999237060547,23.459999084472656,23.469999313354492,43300,23.469999313354492
10/19/2016,24.25,24.459999084472656,23.5,24.010000228881836,102100,24.010000228881836
10/18/2016,24.56999969482422,24.9950008392334,24.209999084472656,24.260000228881836,48600,24.260000228881836
10/17/2016,25,25,24.15999984741211,24.309999465942383,53400,24.309999465942383
10/14/2016,24.520000457763672,25.25200080871582,24.299999237060547,24.959999084472656,230600,24.959999084472656
10/13/2016,23.489999771118164,24.950000762939453,23,24.290000915527344,393800,24.290000915527344
10/12/2016,22.549999237060547,22.700000762939453,22.010000228881836,22.219999313354492,55500,22.219999313354492
10/11/2016,23.459999084472656,23.749000549316406,21.520999908447266,22.6299991607666,143500,22.6299991607666
10/10/2016,22.670000076293945,23.450000762939453,22.45199966430664,23.40999984741211,106400,23.40999984741211
10/7/2016,24.520000457763672,24.520000457763672,22.440000534057617,22.450000762939453,195400,22.450000762939453
10/6/2016,25.309999465942383,25.43000030517578,24.291000366210938,24.5,226200,24.5
10/5/2016,25.6200008392334,25.719999313354492,25,25.149999618530273,126500,25.149999618530273
10/4/2016,25.5,25.990999221801758,25.260000228881836,25.5,121400,25.5
10/3/2016,26.15999984741211,26.510000228881836,25.533000946044922,25.68000030517578,48600,25.68000030517578
9/30/2016,25,26.309999465942383,24.900999069213867,26.15999984741211,226900,26.15999984741211
9/29/2016,25.559999465942383,25.850000381469727,25.100000381469727,25.110000610351562,103500,25.110000610351562
9/28/2016,26.5,26.93000030517578,25.457000732421875,25.510000228881836,229300,25.510000228881836
9/27/2016,26.469999313354492,26.799999237060547,25.520000457763672,26.360000610351562,298000,26.360000610351562
9/26/2016,24.889999389648438,26.8799991607666,24.889999389648438,26.5,351200,26.5
9/23/2016,25.100000381469727,25.31999969482422,24.8700008392334,25.040000915527344,204900,25.040000915527344
9/22/2016,25.40999984741211,25.799999237060547,24.850000381469727,25.040000915527344,251600,25.040000915527344
9/21/2016,25.100000381469727,25.614999771118164,24.700000762939453,25.34000015258789,226700,25.34000015258789
9/20/2016,25.399999618530273,25.700000762939453,25,25.100000381469727,116000,25.100000381469727
9/19/2016,26.90999984741211,27.1299991607666,25.299999237060547,25.399999618530273,305800,25.399999618530273
9/16/2016,27.84000015258789,28,26.520000457763672,26.670000076293945,239400,26.670000076293945
9/15/2016,27.40999984741211,28.200000762939453,26.871000289916992,28.1299991607666,321000,28.1299991607666
9/14/2016,27,27.979999542236328,26.5,27.309999465942383,274300,27.309999465942383
9/13/2016,25.899999618530273,27.139999389648438,25.399999618530273,27,284200,27
9/12/2016,26,27.225000381469727,25.3700008392334,26.450000762939453,441300,26.450000762939453
9/9/2016,26.809999465942383,27.215999603271484,26.010000228881836,26.229999542236328,421000,26.229999542236328
9/8/2016,26,26.76799964904785,25.65999984741211,26.610000610351562,409800,26.610000610351562
9/7/2016,25.790000915527344,26.343000411987305,25.350000381469727,25.8799991607666,400000,25.8799991607666
9/6/2016,25.110000610351562,25.68000030517578,24.799999237060547,25.290000915527344,311800,25.290000915527344
9/2/2016,25.489999771118164,26.32900047302246,24.881999969482422,25.079999923706055,691500,25.079999923706055
9/1/2016,25.5,25.790000915527344,24.809999465942383,25.270000457763672,471500,25.270000457763672
8/31/2016,25.799999237060547,27,25.51099967956543,25.600000381469727,184600,25.600000381469727
8/30/2016,27.329999923706055,27.700000762939453,25.840999603271484,25.959999084472656,524800,25.959999084472656
8/29/2016,28.649999618530273,29.6299991607666,27.579999923706055,27.65999984741211,396500,27.65999984741211
8/26/2016,25.700000762939453,29.274999618530273,25.34000015258789,28.979999542236328,1964300,28.979999542236328
8/25/2016,28.790000915527344,30.700000762939453,28.209999084472656,30.18000030517578,1203200,30.18000030517578
8/24/2016,29.3799991607666,29.969999313354492,28.270000457763672,28.600000381469727,396100,28.600000381469727
8/23/2016,29.719999313354492,30.770000457763672,28.270000457763672,29.889999389648438,471000,29.889999389648438
8/22/2016,28.309999465942383,31.489999771118164,27.68000030517578,29.799999237060547,1338300,29.799999237060547
8/19/2016,26.15999984741211,28.760000228881836,25.5,27.559999465942383,760100,27.559999465942383
8/18/2016,29.75,29.75,25.790000915527344,26.389999389648438,667900,26.389999389648438
8/17/2016,30.799999237060547,30.799999237060547,28.5,29.299999237060547,496000,29.299999237060547
8/16/2016,32.68000030517578,34.48899841308594,30.302000045776367,30.850000381469727,969400,30.850000381469727
8/15/2016,25.479999542236328,32.88999938964844,25.479999542236328,31.110000610351562,2228000,31.110000610351562
8/12/2016,25.100000381469727,25.170000076293945,24.586000442504883,25.110000610351562,186555,25.110000610351562
8/11/2016,25.149999618530273,25.280000686645508,24.795000076293945,24.959999084472656,217080,24.959999084472656
8/10/2016,25.25,25.260000228881836,24.610000610351562,24.8700008392334,459681,24.8700008392334
8/9/2016,25.389999389648438,25.809999465942383,25.049999237060547,25.399999618530273,252319,25.399999618530273
8/8/2016,24.84000015258789,25.56999969482422,24.799999237060547,25.1200008392334,296838,25.1200008392334
8/5/2016,26,26.049999237060547,25.09000015258789,25.6200008392334,281444,25.6200008392334
8/4/2016,25.5,25.8799991607666,25,25.780000686645508,143061,25.780000686645508
8/3/2016,26.209999084472656,26.34000015258789,25.25,25.520000457763672,207560,25.520000457763672
8/2/2016,26.040000915527344,26.40679931640625,25.030000686645508,25.850000381469727,332613,25.850000381469727
8/1/2016,26.510000228881836,27.399999618530273,25.68000030517578,26.020000457763672,1008266,26.020000457763672
7/29/2016,27.65999984741211,28,24.260099411010742,25.5,5135118,25.5
