4/22/2019,4.139999866485596,4.150000095367432,3.930000066757202,4.010000228881836,3251200,4.010000228881836
4/18/2019,4.099999904632568,4.150000095367432,3.819999933242798,4.110000133514404,521400,4.110000133514404
4/17/2019,4.179999828338623,4.239999771118164,4.010000228881836,4.050000190734863,432300,4.050000190734863
4/16/2019,4.139999866485596,4.210000038146973,4.079999923706055,4.159999847412109,177200,4.159999847412109
4/15/2019,4.25,4.260000228881836,4.050000190734863,4.139999866485596,420500,4.139999866485596
4/12/2019,4.25,4.328999996185303,4.224999904632568,4.239999771118164,131500,4.239999771118164
4/11/2019,4.28000020980835,4.340000152587891,4.210000038146973,4.260000228881836,185500,4.260000228881836
4/10/2019,4.340000152587891,4.370999813079834,4.25,4.269999980926514,259700,4.269999980926514
4/9/2019,4.300000190734863,4.369999885559082,4.260000228881836,4.360000133514404,281000,4.360000133514404
4/8/2019,4.429999828338623,4.440000057220459,4.25,4.300000190734863,380100,4.300000190734863
4/5/2019,4.460000038146973,4.579999923706055,4.400000095367432,4.440000057220459,315500,4.440000057220459
4/4/2019,4.420000076293945,4.517000198364258,4.349999904632568,4.449999809265137,250500,4.449999809265137
4/3/2019,4.409999847412109,4.5,4.349999904632568,4.409999847412109,506300,4.409999847412109
4/2/2019,4.300000190734863,4.409999847412109,4.300000190734863,4.360000133514404,213800,4.360000133514404
4/1/2019,4.329999923706055,4.375,4.230000019073486,4.300000190734863,515400,4.300000190734863
3/29/2019,4.440000057220459,4.46999979019165,4.269999980926514,4.320000171661377,263700,4.320000171661377
3/28/2019,4.230000019073486,4.449999809265137,4.230000019073486,4.429999828338623,272000,4.429999828338623
3/27/2019,4.360000133514404,4.429999828338623,4.199999809265137,4.210000038146973,515300,4.210000038146973
3/26/2019,4.409999847412109,4.440000057220459,4.329999923706055,4.380000114440918,420600,4.380000114440918
3/25/2019,4.429999828338623,4.46999979019165,4.300000190734863,4.389999866485596,250900,4.389999866485596
3/22/2019,4.679999828338623,4.699999809265137,4.409999847412109,4.46999979019165,496800,4.46999979019165
3/21/2019,4.699999809265137,4.78000020980835,4.664999961853027,4.699999809265137,316000,4.699999809265137
3/20/2019,4.699999809265137,4.78000020980835,4.534999847412109,4.699999809265137,1018000,4.699999809265137
3/19/2019,4.960000038146973,4.960000038146973,4.659999847412109,4.690000057220459,537800,4.690000057220459
3/18/2019,5.150000095367432,5.150000095367432,4.920000076293945,4.960000038146973,528400,4.960000038146973
3/15/2019,5.260000228881836,5.269999980926514,5.119999885559082,5.119999885559082,571500,5.119999885559082
3/14/2019,5.28000020980835,5.309999942779541,5.119999885559082,5.199999809265137,188400,5.199999809265137
3/13/2019,5.239999771118164,5.320000171661377,5.199999809265137,5.269999980926514,203200,5.269999980926514
3/12/2019,5.429999828338623,5.449999809265137,5.21999979019165,5.230000019073486,247300,5.230000019073486
3/11/2019,5.440000057220459,5.5,5.25,5.409999847412109,367100,5.409999847412109
3/8/2019,5.159999847412109,5.429999828338623,5.059999942779541,5.429999828338623,439400,5.429999828338623
3/7/2019,5.159999847412109,5.264999866485596,5.099999904632568,5.190000057220459,1163500,5.190000057220459
3/6/2019,5.230000019073486,5.309999942779541,5.079999923706055,5.159999847412109,441200,5.159999847412109
3/5/2019,5.239999771118164,5.28000020980835,5.119999885559082,5.239999771118164,222300,5.239999771118164
3/4/2019,5.309999942779541,5.320000171661377,5.199999809265137,5.239999771118164,392000,5.239999771118164
3/1/2019,5.039999961853027,5.389999866485596,4.980000019073486,5.320000171661377,718300,5.320000171661377
2/28/2019,5.139999866485596,5.181000232696533,4.960000038146973,5.010000228881836,507100,5.010000228881836
2/27/2019,5.159999847412109,5.199999809265137,5.019999980926514,5.150000095367432,289500,5.150000095367432
2/26/2019,5.300000190734863,5.320000171661377,4.940000057220459,5.170000076293945,573700,5.170000076293945
2/25/2019,5.340000152587891,5.349999904632568,5.170000076293945,5.28000020980835,317600,5.28000020980835
2/22/2019,5.340000152587891,5.409999847412109,5.28000020980835,5.289999961853027,257800,5.289999961853027
2/21/2019,5.440000057220459,5.489999771118164,5.309999942779541,5.320000171661377,309700,5.320000171661377
2/20/2019,5.380000114440918,5.519999980926514,5.368000030517578,5.420000076293945,304400,5.420000076293945
2/19/2019,5.579999923706055,5.61299991607666,5.335000038146973,5.380000114440918,764400,5.380000114440918
2/15/2019,5.730000019073486,5.800000190734863,5.519999980926514,5.579999923706055,600700,5.579999923706055
2/14/2019,5.769999980926514,5.889999866485596,5.679999828338623,5.800000190734863,266400,5.800000190734863
2/13/2019,5.699999809265137,5.840000152587891,5.599999904632568,5.78000020980835,495400,5.78000020980835
2/12/2019,5.960000038146973,5.989999771118164,5.639999866485596,5.690000057220459,640300,5.690000057220459
2/11/2019,5.989999771118164,6.039999961853027,5.894999980926514,5.929999828338623,369900,5.929999828338623
2/8/2019,5.760000228881836,6.099999904632568,5.679999828338623,5.989999771118164,740500,5.989999771118164
2/7/2019,5.429999828338623,5.880000114440918,5.349999904632568,5.769999980926514,847600,5.769999980926514
2/6/2019,6.25,6.300000190734863,5.269999980926514,5.53000020980835,2955200,5.53000020980835
2/5/2019,5.519999980926514,5.789999961853027,5.440999984741211,5.71999979019165,973800,5.71999979019165
2/4/2019,5.809999942779541,5.820000171661377,5.5,5.539999961853027,999800,5.539999961853027
2/1/2019,5.75,5.900000095367432,5.710000038146973,5.760000228881836,659200,5.760000228881836
1/31/2019,5.710000038146973,5.989999771118164,5.710000038146973,5.75,485600,5.75
1/30/2019,5.820000171661377,5.909999847412109,5.639999866485596,5.789999961853027,664100,5.789999961853027
1/29/2019,5.829999923706055,5.864999771118164,5.659999847412109,5.829999923706055,502600,5.829999923706055
1/25/2019,6.090000152587891,6.099999904632568,5.934999942779541,5.980000019073486,639700,5.980000019073486
1/23/2019,6.050000190734863,6.070000171661377,5.920000076293945,6.050000190734863,340200,6.050000190734863
1/22/2019,6.099999904632568,6.139999866485596,5.929999828338623,6.039999961853027,554100,6.039999961853027
1/18/2019,6.179999828338623,6.25,6.099999904632568,6.150000095367432,204100,6.150000095367432
1/17/2019,6.099999904632568,6.170000076293945,6.050000190734863,6.139999866485596,144200,6.139999866485596
1/16/2019,6.21999979019165,6.349999904632568,6.079999923706055,6.139999866485596,313800,6.139999866485596
1/15/2019,6.199999809265137,6.320000171661377,6.119999885559082,6.239999771118164,143700,6.239999771118164
1/14/2019,6.260000228881836,6.26800012588501,6.079999923706055,6.190000057220459,149400,6.190000057220459
1/11/2019,6.099999904632568,6.429999828338623,6.070000171661377,6.309999942779541,195400,6.309999942779541
1/10/2019,5.949999809265137,6.199999809265137,5.940000057220459,6.150000095367432,280400,6.150000095367432
1/9/2019,6.099999904632568,6.190000057220459,5.889999866485596,5.989999771118164,353600,5.989999771118164
1/8/2019,6.059999942779541,6.139999866485596,5.849999904632568,6.090000152587891,311700,6.090000152587891
1/7/2019,6.010000228881836,6.099999904632568,5.849999904632568,6.010000228881836,520800,6.010000228881836
1/4/2019,5.849999904632568,6.090000152587891,5.71999979019165,6.03000020980835,440300,6.03000020980835
1/3/2019,5.730000019073486,5.829999923706055,5.639999866485596,5.730000019073486,191100,5.730000019073486
1/2/2019,5.590000152587891,5.840000152587891,5.460000038146973,5.789999961853027,376100,5.789999961853027
12/31/2018,5.690000057220459,5.820000171661377,5.480000019073486,5.630000114440918,194100,5.630000114440918
12/28/2018,5.789999961853027,5.949999809265137,5.630000114440918,5.670000076293945,276700,5.670000076293945
12/27/2018,5.739999771118164,5.769999980926514,5.5,5.739999771118164,291500,5.739999771118164
12/26/2018,5.860000133514404,6.170000076293945,5.840000152587891,5.849999904632568,553800,5.849999904632568
12/24/2018,5.389999866485596,5.909999847412109,5.302000045776367,5.78000020980835,254700,5.78000020980835
12/21/2018,5.869999885559082,5.869999885559082,5.300000190734863,5.480000019073486,612000,5.480000019073486
12/20/2018,5.789999961853027,5.900000095367432,5.510000228881836,5.820000171661377,278500,5.820000171661377
12/19/2018,6.03000020980835,6.329999923706055,5.599999904632568,5.809999942779541,331600,5.809999942779541
12/18/2018,6.039999961853027,6.190000057220459,5.880000114440918,6.03000020980835,192800,6.03000020980835
12/17/2018,6.230000019073486,6.349999904632568,5.900000095367432,6.050000190734863,593300,6.050000190734863
12/14/2018,6.010000228881836,6.329999923706055,5.96999979019165,6.25,214300,6.25
12/13/2018,5.960000038146973,6.340000152587891,5.960000038146973,6.099999904632568,464200,6.099999904632568
12/12/2018,6.099999904632568,6.349999904632568,5.920000076293945,5.949999809265137,340600,5.949999809265137
12/11/2018,5.960000038146973,6.086999893188477,5.820000171661377,6.010000228881836,254400,6.010000228881836
12/10/2018,5.809999942779541,5.949999809265137,5.579999923706055,5.800000190734863,183200,5.800000190734863
12/7/2018,5.75,5.980000019073486,5.659999847412109,5.800000190734863,354900,5.800000190734863
12/6/2018,5.369999885559082,5.78000020980835,5.308000087738037,5.760000228881836,342800,5.760000228881836
12/4/2018,5.900000095367432,5.999000072479248,5.460000038146973,5.460000038146973,435100,5.460000038146973
12/3/2018,6.210000038146973,6.238999843597412,5.650000095367432,5.929999828338623,781800,5.929999828338623
11/30/2018,6.46999979019165,6.586999893188477,6.110000133514404,6.170000076293945,308700,6.170000076293945
11/29/2018,6.360000133514404,6.559999942779541,6.179999828338623,6.46999979019165,255000,6.46999979019165
11/28/2018,6.190000057220459,6.400000095367432,6.079999923706055,6.360000133514404,456400,6.360000133514404
11/27/2018,6.150000095367432,6.289999961853027,6.090000152587891,6.139999866485596,304700,6.139999866485596
11/26/2018,5.820000171661377,6.300000190734863,5.760000228881836,6.199999809265137,444300,6.199999809265137
11/23/2018,5.800000190734863,5.880000114440918,5.739999771118164,5.800000190734863,119500,5.800000190734863
11/21/2018,5.940000057220459,6.056000232696533,5.690000057220459,5.800000190734863,408500,5.800000190734863
11/20/2018,5.699999809265137,5.960000038146973,5.650000095367432,5.920000076293945,668700,5.920000076293945
11/19/2018,5.940000057220459,6.099999904632568,5.820000171661377,5.820000171661377,548900,5.820000171661377
11/15/2018,6.599999904632568,6.599999904632568,6.130000114440918,6.300000190734863,593700,6.300000190734863
11/14/2018,6.599999904632568,6.75,6.380000114440918,6.619999885559082,1505000,6.619999885559082
11/13/2018,6.820000171661377,6.880000114440918,6.300000190734863,6.539999961853027,798900,6.539999961853027
11/12/2018,6.989999771118164,6.989999771118164,6.659999847412109,6.809999942779541,467400,6.809999942779541
11/8/2018,7.119999885559082,7.349999904632568,7.110000133514404,7.199999809265137,343200,7.199999809265137
11/7/2018,7.440000057220459,7.519999980926514,6.980000019073486,7.199999809265137,771700,7.199999809265137
11/6/2018,7.369999885559082,7.539999961853027,7.21999979019165,7.460000038146973,379500,7.460000038146973
11/2/2018,7.289999961853027,7.449999809265137,6.860000133514404,7.440000057220459,910600,7.440000057220459
11/1/2018,7.059999942779541,7.453999996185303,6.760000228881836,7.230000019073486,1346100,7.230000019073486
10/31/2018,7.159999847412109,7.360000133514404,6.829999923706055,7.039999961853027,1286500,7.039999961853027
10/30/2018,6.460000038146973,7.239999771118164,6.300000190734863,7.150000095367432,2380700,7.150000095367432
10/29/2018,6.599999904632568,7.301000118255615,6.300000190734863,6.5,1838000,6.5
10/26/2018,5.840000152587891,6.639999866485596,5.767000198364258,6.550000190734863,2023400,6.550000190734863
10/25/2018,5.409999847412109,6.440000057220459,5.331999778747559,6.199999809265137,4013500,6.199999809265137
10/24/2018,5.949999809265137,6.25,5.46999979019165,5.519999980926514,7341200,5.519999980926514
10/23/2018,4.96999979019165,5.079999923706055,4.760000228881836,4.96999979019165,767800,4.96999979019165
10/22/2018,5.139999866485596,5.159999847412109,4.929999828338623,5.059999942779541,562800,5.059999942779541
10/19/2018,4.849999904632568,5.159999847412109,4.849999904632568,5.099999904632568,450600,5.099999904632568
10/18/2018,5.139999866485596,5.25,4.840000152587891,4.840000152587891,353400,4.840000152587891
10/16/2018,4.739999771118164,5.110000133514404,4.739999771118164,5.010000228881836,534200,5.010000228881836
10/15/2018,4.769999980926514,4.869999885559082,4.650000095367432,4.739999771118164,308400,4.739999771118164
10/12/2018,4.860000133514404,5.059999942779541,4.599999904632568,4.769999980926514,610300,4.769999980926514
10/11/2018,4.619999885559082,4.869999885559082,4.519999980926514,4.679999828338623,773800,4.679999828338623
10/10/2018,5.039999961853027,5.090000152587891,4.659999847412109,4.710000038146973,645000,4.710000038146973
10/9/2018,5.199999809265137,5.289999961853027,5.019999980926514,5.039999961853027,451700,5.039999961853027
10/8/2018,5.300000190734863,5.429999828338623,5.170000076293945,5.190000057220459,336800,5.190000057220459
10/5/2018,5.639999866485596,5.664999961853027,4.965000152587891,5.349999904632568,911400,5.349999904632568
10/4/2018,5.760000228881836,5.989999771118164,5.440000057220459,5.619999885559082,455400,5.619999885559082
10/3/2018,5.610000133514404,5.860000133514404,5.550000190734863,5.760000228881836,319800,5.760000228881836
10/2/2018,5.550000190734863,5.710000038146973,5.401000022888184,5.559999942779541,442900,5.559999942779541
10/1/2018,6.139999866485596,6.294000148773193,5.570000171661377,5.590000152587891,953800,5.590000152587891
9/28/2018,6.21999979019165,6.3470001220703125,5.949999809265137,6.159999847412109,626200,6.159999847412109
9/27/2018,6.25,6.440000057220459,6.079999923706055,6.210000038146973,536400,6.210000038146973
9/26/2018,6.039999961853027,6.460000038146973,5.940000057220459,6.260000228881836,798300,6.260000228881836
9/25/2018,5.909999847412109,6.130000114440918,5.909999847412109,6.019999980926514,557300,6.019999980926514
9/24/2018,6.039999961853027,6.380000114440918,5.849999904632568,5.900000095367432,765800,5.900000095367432
9/21/2018,5.849999904632568,6.190000057220459,5.590000152587891,6.019999980926514,992000,6.019999980926514
9/20/2018,5.900000095367432,6.489999771118164,5.659999847412109,5.829999923706055,3541200,5.829999923706055
9/19/2018,5.260000228881836,5.929999828338623,5.255000114440918,5.849999904632568,3031100,5.849999904632568
9/18/2018,4.909999847412109,5.179999828338623,4.822999954223633,5.139999866485596,798900,5.139999866485596
9/17/2018,4.78000020980835,4.989999771118164,4.78000020980835,4.869999885559082,580300,4.869999885559082
9/14/2018,4.659999847412109,4.800000190734863,4.650000095367432,4.789999961853027,294700,4.789999961853027
9/13/2018,4.75,4.840000152587891,4.659999847412109,4.659999847412109,317000,4.659999847412109
9/12/2018,4.809999942779541,4.820000171661377,4.625,4.760000228881836,254300,4.760000228881836
9/11/2018,4.460000038146973,4.849999904632568,4.460000038146973,4.800000190734863,569800,4.800000190734863
9/10/2018,4.510000228881836,4.550000190734863,4.409999847412109,4.480000019073486,167900,4.480000019073486
9/7/2018,4.449999809265137,4.559999942779541,4.400000095367432,4.510000228881836,273800,4.510000228881836
9/6/2018,4.599999904632568,4.599999904632568,4.409999847412109,4.480000019073486,477400,4.480000019073486
9/5/2018,4.829999923706055,4.829999923706055,4.579999923706055,4.579999923706055,474400,4.579999923706055
9/4/2018,4.849999904632568,4.900000095367432,4.670000076293945,4.829999923706055,653800,4.829999923706055
8/31/2018,4.699999809265137,4.840000152587891,4.670000076293945,4.829999923706055,569000,4.829999923706055
8/30/2018,4.440000057220459,4.809999942779541,4.440000057220459,4.690000057220459,595200,4.690000057220459
8/29/2018,4.539999961853027,4.59499979019165,4.400000095367432,4.460000038146973,512800,4.460000038146973
8/28/2018,4.5,4.829999923706055,4.5,4.550000190734863,630500,4.550000190734863
8/27/2018,4.340000152587891,4.539999961853027,4.300000190734863,4.510000228881836,314400,4.510000228881836
8/24/2018,4.269999980926514,4.360000133514404,4.269999980926514,4.360000133514404,1046200,4.360000133514404
8/23/2018,4.309999942779541,4.349999904632568,4.159999847412109,4.269999980926514,531200,4.269999980926514
8/22/2018,4.340000152587891,4.420000076293945,4.309999942779541,4.309999942779541,216600,4.309999942779541
8/21/2018,4.309999942779541,4.440000057220459,4.309999942779541,4.349999904632568,220200,4.349999904632568
8/20/2018,4.429999828338623,4.519999980926514,4.320000171661377,4.329999923706055,504500,4.329999923706055
8/17/2018,4.510000228881836,4.510000228881836,4.315000057220459,4.420000076293945,333900,4.420000076293945
8/16/2018,4.320000171661377,4.539999961853027,4.320000171661377,4.489999771118164,363300,4.489999771118164
8/15/2018,4.230000019073486,4.369999885559082,4.21999979019165,4.320000171661377,444900,4.320000171661377
8/14/2018,4.260000228881836,4.320000171661377,4.230000019073486,4.25,324800,4.25
8/13/2018,4.309999942779541,4.309999942779541,4.210000038146973,4.260000228881836,370400,4.260000228881836
8/10/2018,4.360000133514404,4.389999866485596,4.25,4.309999942779541,497300,4.309999942779541
8/9/2018,4.559999942779541,4.730000019073486,4.349999904632568,4.409999847412109,821600,4.409999847412109
8/8/2018,4.619999885559082,4.78000020980835,4.510000228881836,4.579999923706055,765800,4.579999923706055
8/7/2018,4.260000228881836,4.679999828338623,4.260000228881836,4.659999847412109,2986800,4.659999847412109
8/6/2018,4.25,4.369999885559082,4.170000076293945,4.239999771118164,291600,4.239999771118164
8/3/2018,4.090000152587891,4.289999961853027,4.090000152587891,4.239999771118164,418400,4.239999771118164
8/2/2018,4.079999923706055,4.119999885559082,4.059999942779541,4.099999904632568,702900,4.099999904632568
8/1/2018,4.159999847412109,4.159999847412109,4.074999809265137,4.130000114440918,632700,4.130000114440918
7/31/2018,4.099999904632568,4.15500020980835,4.050000190734863,4.150000095367432,659000,4.150000095367432
7/30/2018,4.139999866485596,4.190000057220459,4.050000190734863,4.090000152587891,860700,4.090000152587891
7/27/2018,4.150000095367432,4.169000148773193,4.039999961853027,4.139999866485596,833300,4.139999866485596
7/26/2018,4.340000152587891,4.340000152587891,4.050000190734863,4.119999885559082,1397500,4.119999885559082
7/25/2018,4.079999923706055,4.449999809265137,4.010000228881836,4.389999866485596,2201700,4.389999866485596
7/24/2018,4.449999809265137,4.5,4.300000190734863,4.300000190734863,1405000,4.300000190734863
7/23/2018,4.449999809265137,4.449999809265137,4.349999904632568,4.420000076293945,456200,4.420000076293945
7/20/2018,4.429999828338623,4.510000228881836,4.429999828338623,4.449999809265137,549400,4.449999809265137
7/19/2018,4.489999771118164,4.519999980926514,4.420000076293945,4.429999828338623,698800,4.429999828338623
7/18/2018,4.53000020980835,4.53000020980835,4.449999809265137,4.480000019073486,545900,4.480000019073486
7/17/2018,4.449999809265137,4.53000020980835,4.449999809265137,4.519999980926514,709500,4.519999980926514
7/16/2018,4.630000114440918,4.679999828338623,4.449999809265137,4.449999809265137,807300,4.449999809265137
7/13/2018,4.800000190734863,4.869999885559082,4.559999942779541,4.639999866485596,476000,4.639999866485596
7/12/2018,4.829999923706055,4.980000019073486,4.730000019073486,4.769999980926514,1241500,4.769999980926514
7/11/2018,4.460000038146973,4.800000190734863,4.445000171661377,4.699999809265137,1132400,4.699999809265137
7/10/2018,4.5,4.550000190734863,4.460000038146973,4.460000038146973,474400,4.460000038146973
7/9/2018,4.5,4.561999797821045,4.460000038146973,4.489999771118164,674100,4.489999771118164
7/6/2018,4.579999923706055,4.679999828338623,4.480000019073486,4.480000019073486,790500,4.480000019073486
7/5/2018,4.599999904632568,4.650000095367432,4.5,4.570000171661377,349400,4.570000171661377
7/3/2018,4.53000020980835,4.679999828338623,4.53000020980835,4.599999904632568,313200,4.599999904632568
7/2/2018,4.510000228881836,4.579999923706055,4.420000076293945,4.53000020980835,460800,4.53000020980835
6/29/2018,4.610000133514404,4.679999828338623,4.519999980926514,4.539999961853027,520000,4.539999961853027
6/28/2018,4.539999961853027,4.659999847412109,4.539999961853027,4.610000133514404,310700,4.610000133514404
6/27/2018,4.71999979019165,4.840000152587891,4.539999961853027,4.559999942779541,594100,4.559999942779541
6/26/2018,4.599999904632568,4.840000152587891,4.5929999351501465,4.730000019073486,587700,4.730000019073486
6/25/2018,4.690000057220459,4.78000020980835,4.510000228881836,4.579999923706055,858000,4.579999923706055
6/22/2018,4.829999923706055,4.889999866485596,4.670000076293945,4.710000038146973,810100,4.710000038146973
6/21/2018,5.019999980926514,5.019999980926514,4.840000152587891,4.849999904632568,845400,4.849999904632568
6/15/2018,5.099999904632568,5.176000118255615,4.914999961853027,4.96999979019165,1042900,4.96999979019165
6/14/2018,5.170000076293945,5.269999980926514,5.150000095367432,5.150000095367432,527200,5.150000095367432
6/13/2018,5.28000020980835,5.300000190734863,5.159999847412109,5.190000057220459,501300,5.190000057220459
6/12/2018,5.21999979019165,5.320000171661377,5.150000095367432,5.239999771118164,553100,5.239999771118164
6/11/2018,5.21999979019165,5.2820000648498535,5.079999923706055,5.25,561000,5.25
6/8/2018,5.190000057220459,5.25,5.150000095367432,5.199999809265137,478600,5.199999809265137
6/7/2018,5.139999866485596,5.244999885559082,5.065000057220459,5.199999809265137,738900,5.199999809265137
6/6/2018,5.340000152587891,5.489999771118164,5.090000152587891,5.150000095367432,1148600,5.150000095367432
6/5/2018,5.019999980926514,5.425000190734863,4.900000095367432,5.309999942779541,1732500,5.309999942779541
6/4/2018,5.420000076293945,5.480000019073486,4.860000133514404,5.050000190734863,1897600,5.050000190734863
6/1/2018,4.670000076293945,5.320000171661377,4.630000114440918,5.300000190734863,1550500,5.300000190734863
5/31/2018,4.71999979019165,4.769999980926514,4.579999923706055,4.639999866485596,495700,4.639999866485596
5/30/2018,4.71999979019165,4.849999904632568,4.679999828338623,4.699999809265137,485000,4.699999809265137
5/29/2018,4.730000019073486,4.760000228881836,4.650000095367432,4.71999979019165,594900,4.71999979019165
5/25/2018,4.800000190734863,4.920000076293945,4.71999979019165,4.800000190734863,683800,4.800000190734863
5/24/2018,4.78000020980835,4.940000057220459,4.71999979019165,4.800000190734863,551500,4.800000190734863
5/23/2018,4.730000019073486,4.809999942779541,4.679999828338623,4.760000228881836,732000,4.760000228881836
5/22/2018,4.960000038146973,4.965000152587891,4.699999809265137,4.739999771118164,542600,4.739999771118164
5/21/2018,4.949999809265137,4.993000030517578,4.909999847412109,4.929999828338623,681700,4.929999828338623
5/18/2018,4.789999961853027,4.929999828338623,4.75,4.920000076293945,397300,4.920000076293945
5/17/2018,4.710000038146973,4.800000190734863,4.659999847412109,4.78000020980835,1367000,4.78000020980835
5/16/2018,4.599999904632568,4.78000020980835,4.599999904632568,4.670000076293945,873800,4.670000076293945
5/15/2018,4.610000133514404,4.800000190734863,4.5,4.570000171661377,1481400,4.570000171661377
5/14/2018,4.849999904632568,4.860000133514404,4.610000133514404,4.650000095367432,1947400,4.650000095367432
5/11/2018,4.849999904632568,4.940000057220459,4.739999771118164,4.760000228881836,566900,4.760000228881836
5/10/2018,5.059999942779541,5.076000213623047,4.840000152587891,4.860000133514404,1041400,4.860000133514404
5/9/2018,4.820000171661377,5.230000019073486,4.710000038146973,5.010000228881836,2987100,5.010000228881836
5/8/2018,4.75,4.75,4.585000038146973,4.639999866485596,608600,4.639999866485596
5/7/2018,4.639999866485596,4.880000114440918,4.610000133514404,4.75,1068500,4.75
5/4/2018,4.619999885559082,4.690000057220459,4.510000228881836,4.610000133514404,583000,4.610000133514404
5/3/2018,4.53000020980835,4.670000076293945,4.440999984741211,4.630000114440918,868700,4.630000114440918
5/2/2018,4.309999942779541,4.565000057220459,4.244999885559082,4.559999942779541,2752200,4.559999942779541
5/1/2018,4.480000019073486,4.5,4.25,4.309999942779541,1579800,4.309999942779541
4/30/2018,4.849999904632568,4.849999904632568,4.460000038146973,4.460000038146973,2472300,4.460000038146973
4/27/2018,4.590000152587891,4.800000190734863,4.53000020980835,4.619999885559082,4504900,4.619999885559082
4/26/2018,4.579999923706055,4.639999866485596,4.309999942779541,4.510000228881836,3807700,4.510000228881836
4/25/2018,5.639999866485596,5.916999816894531,4.710000038146973,4.710000038146973,5851100,4.710000038146973
4/24/2018,6.539999961853027,6.639999866485596,6.28000020980835,6.380000114440918,1090600,6.380000114440918
4/23/2018,6.480000019073486,6.670000076293945,6.429999828338623,6.550000190734863,616500,6.550000190734863
4/20/2018,6.46999979019165,6.570000171661377,6.400000095367432,6.460000038146973,399700,6.460000038146973
4/19/2018,6.579999923706055,6.679999828338623,6.400000095367432,6.46999979019165,874600,6.46999979019165
4/18/2018,6.670000076293945,6.730000019073486,6.539999961853027,6.610000133514404,491700,6.610000133514404
4/17/2018,6.639999866485596,6.820000171661377,6.5,6.639999866485596,615000,6.639999866485596
4/16/2018,6.610000133514404,6.670000076293945,6.360000133514404,6.590000152587891,1061100,6.590000152587891
4/13/2018,6.840000152587891,6.900000095367432,6.460000038146973,6.610000133514404,922500,6.610000133514404
4/12/2018,6.760000228881836,6.929999828338623,6.699999809265137,6.820000171661377,876400,6.820000171661377
4/11/2018,6.769999980926514,7.079999923706055,6.710000038146973,6.739999771118164,959300,6.739999771118164
4/10/2018,6.46999979019165,6.949999809265137,6.389999866485596,6.739999771118164,1712000,6.739999771118164
4/9/2018,6.690000057220459,6.78000020980835,6.349999904632568,6.389999866485596,730100,6.389999866485596
4/6/2018,6.300000190734863,6.599999904632568,6.25,6.579999923706055,2548700,6.579999923706055
4/5/2018,6.5,6.565000057220459,6.170000076293945,6.369999885559082,2482300,6.369999885559082
4/4/2018,6.5,6.670000076293945,6.25,6.5,3421100,6.5
4/3/2018,6.769999980926514,6.900000095367432,6.550000190734863,6.670000076293945,489200,6.670000076293945
4/2/2018,6.980000019073486,7.079999923706055,6.690000057220459,6.699999809265137,449800,6.699999809265137
3/29/2018,6.880000114440918,7.050000190734863,6.760000228881836,6.949999809265137,597900,6.949999809265137
3/28/2018,6.730000019073486,6.960000038146973,6.609000205993652,6.71999979019165,586600,6.71999979019165
3/27/2018,7.099999904632568,7.230000019073486,6.736000061035156,6.75,823600,6.75
3/26/2018,7.210000038146973,7.460000038146973,6.900000095367432,7.03000020980835,749800,7.03000020980835
3/23/2018,7.420000076293945,7.420000076293945,7.119999885559082,7.119999885559082,507000,7.119999885559082
3/22/2018,7.619999885559082,7.684999942779541,7.349999904632568,7.400000095367432,892500,7.400000095367432
3/21/2018,7.639999866485596,7.989999771118164,7.639999866485596,7.820000171661377,448600,7.820000171661377
3/20/2018,7.789999961853027,7.820000171661377,7.610000133514404,7.670000076293945,633900,7.670000076293945
3/19/2018,8.170000076293945,8.295000076293945,7.730000019073486,7.75,868800,7.75
3/16/2018,8.34000015258789,8.460000038146973,8.149999618530273,8.239999771118164,640300,8.239999771118164
3/15/2018,8.489999771118164,8.539999961853027,8.220000267028809,8.350000381469727,355500,8.350000381469727
3/14/2018,8.510000228881836,8.579999923706055,8.350000381469727,8.479999542236328,443800,8.479999542236328
3/13/2018,8.710000038146973,8.869999885559082,8.430000305175781,8.520000457763672,485200,8.520000457763672
3/12/2018,8.710000038146973,8.869999885559082,8.59000015258789,8.739999771118164,476200,8.739999771118164
3/9/2018,8.579999923706055,8.75,8.399999618530273,8.630000114440918,519700,8.630000114440918
3/8/2018,8.479999542236328,8.569999694824219,8.329999923706055,8.470000267028809,431000,8.470000267028809
3/7/2018,8.1899995803833,8.680000305175781,8.079999923706055,8.449999809265137,789800,8.449999809265137
3/6/2018,8.199999809265137,8.300000190734863,8.071000099182129,8.260000228881836,557600,8.260000228881836
3/5/2018,7.829999923706055,8.279999732971191,7.71999979019165,8.210000038146973,823400,8.210000038146973
3/2/2018,7.849999904632568,7.949999809265137,7.599999904632568,7.900000095367432,412800,7.900000095367432
3/1/2018,7.809999942779541,7.929999828338623,7.670000076293945,7.869999885559082,631800,7.869999885559082
2/28/2018,8.029999732971191,8.079999923706055,7.820000171661377,7.829999923706055,495800,7.829999923706055
2/27/2018,8.109999656677246,8.220000267028809,7.869999885559082,7.960000038146973,415700,7.960000038146973
2/26/2018,8.100000381469727,8.270000457763672,8.010000228881836,8.149999618530273,382700,8.149999618530273
2/23/2018,7.699999809265137,8.074999809265137,7.690000057220459,8.0600004196167,746400,8.0600004196167
2/22/2018,8.0600004196167,8.130000114440918,7.599999904632568,7.639999866485596,1171200,7.639999866485596
2/21/2018,8.1899995803833,8.270000457763672,7.989999771118164,8.079999923706055,923400,8.079999923706055
2/20/2018,8.149999618530273,8.369999885559082,8.069999694824219,8.210000038146973,617200,8.210000038146973
2/16/2018,8.109999656677246,8.270000457763672,7.980000019073486,8.239999771118164,910200,8.239999771118164
2/15/2018,8.210000038146973,8.539999961853027,8.039999961853027,8.0600004196167,1074000,8.0600004196167
2/14/2018,7.650000095367432,8.210000038146973,7.650000095367432,8.180000305175781,1172400,8.180000305175781
2/13/2018,7.789999961853027,7.920000076293945,7.610000133514404,7.75,604000,7.75
2/12/2018,7.710000038146973,7.96999979019165,7.559999942779541,7.820000171661377,902900,7.820000171661377
2/9/2018,7.889999866485596,7.960000038146973,7.539999961853027,7.760000228881836,1157300,7.760000228881836
2/8/2018,8.319999694824219,8.369000434875488,7.739999771118164,7.860000133514404,1340500,7.860000133514404
2/7/2018,7.880000114440918,8.479999542236328,7.699999809265137,8.3100004196167,2053100,8.3100004196167
2/6/2018,7.940000057220459,8.369999885559082,7.840000152587891,8.09000015258789,1430600,8.09000015258789
2/5/2018,7.670000076293945,8.300000190734863,7.559999942779541,8.199999809265137,1976000,8.199999809265137
2/2/2018,7.849999904632568,7.920000076293945,7.489999771118164,7.900000095367432,1382600,7.900000095367432
2/1/2018,8.130000114440918,8.130000114440918,7.710000038146973,7.880000114440918,1454400,7.880000114440918
1/31/2018,8.640000343322754,8.798999786376953,7.940000057220459,8.149999618530273,1113300,8.149999618530273
1/30/2018,8.399999618530273,8.930000305175781,8.369999885559082,8.649999618530273,1160600,8.649999618530273
1/29/2018,9.149999618530273,9.199999809265137,8.350000381469727,8.420000076293945,1358800,8.420000076293945
1/26/2018,8.579999923706055,10.050000190734863,8.529999732971191,8.979999542236328,5565600,8.979999542236328
1/25/2018,7.710000038146973,8.729999542236328,7.650000095367432,8.550000190734863,3154100,8.550000190734863
1/24/2018,7.650000095367432,7.840000152587891,7.420000076293945,7.659999847412109,1086000,7.659999847412109
1/23/2018,7.869999885559082,7.96999979019165,7.590000152587891,7.650000095367432,1108700,7.650000095367432
1/22/2018,7.489999771118164,7.840000152587891,7.489999771118164,7.840000152587891,1047000,7.840000152587891
1/19/2018,7.46999979019165,7.610000133514404,7.25,7.489999771118164,1819300,7.489999771118164
1/18/2018,7.460000038146973,7.590000152587891,7.300000190734863,7.409999847412109,1562400,7.409999847412109
1/17/2018,7.820000171661377,7.820000171661377,7.25,7.420000076293945,1883400,7.420000076293945
1/16/2018,8.199999809265137,8.199999809265137,7.449999809265137,7.489999771118164,1613600,7.489999771118164
1/12/2018,8.199999809265137,8.289999961853027,7.651000022888184,8.09000015258789,1934400,8.09000015258789
1/11/2018,7.28000020980835,8.239999771118164,7.28000020980835,8.199999809265137,2754900,8.199999809265137
1/10/2018,7.199999809265137,7.335000038146973,7.070000171661377,7.230000019073486,564000,7.230000019073486
1/9/2018,7.269999980926514,7.419000148773193,7.21999979019165,7.269999980926514,569300,7.269999980926514
1/8/2018,7.239999771118164,7.369999885559082,7.050000190734863,7.289999961853027,1043200,7.289999961853027
1/5/2018,7.300000190734863,7.739999771118164,7.199999809265137,7.239999771118164,1767900,7.239999771118164
1/4/2018,7.489999771118164,7.949999809265137,7.264999866485596,7.559999942779541,2485400,7.559999942779541
1/3/2018,7.050000190734863,7.389999866485596,7.039999961853027,7.309999942779541,1015300,7.309999942779541
1/2/2018,6.929999828338623,7.130000114440918,6.809999942779541,7.010000228881836,904100,7.010000228881836
12/28/2017,6.949999809265137,7.039999961853027,6.849999904632568,6.960000038146973,456700,6.960000038146973
12/27/2017,6.96999979019165,7.340000152587891,6.849999904632568,6.920000076293945,1034800,6.920000076293945
12/26/2017,6.989999771118164,6.989999771118164,6.78000020980835,6.909999847412109,463200,6.909999847412109
12/22/2017,6.940000057220459,6.994999885559082,6.800000190734863,6.949999809265137,676700,6.949999809265137
12/21/2017,7.199999809265137,7.329999923706055,6.929999828338623,6.960000038146973,685400,6.960000038146973
12/20/2017,7.309999942779541,7.349999904632568,7.054999828338623,7.170000076293945,1224100,7.170000076293945
12/19/2017,7.019999980926514,7.239999771118164,6.989999771118164,7.110000133514404,1132500,7.110000133514404
12/18/2017,6.900000095367432,7.25,6.900000095367432,6.960000038146973,990900,6.960000038146973
12/15/2017,6.690000057220459,7.110000133514404,6.690000057220459,6.989999771118164,1651600,6.989999771118164
12/14/2017,6.809999942779541,6.849999904632568,6.670000076293945,6.699999809265137,818400,6.699999809265137
12/13/2017,7.150000095367432,7.239999771118164,6.730000019073486,6.820000171661377,1322900,6.820000171661377
12/12/2017,7.03000020980835,7.269999980926514,6.929999828338623,7.110000133514404,2242400,7.110000133514404
12/11/2017,6.659999847412109,7.150000095367432,6.650000095367432,6.960000038146973,2622300,6.960000038146973
12/8/2017,7.5,7.579999923706055,6.559999942779541,6.599999904632568,5587600,6.599999904632568
12/7/2017,6.579999923706055,6.909999847412109,6.53000020980835,6.650000095367432,2105100,6.650000095367432
12/6/2017,6.760000228881836,6.800000190734863,6.53000020980835,6.599999904632568,723600,6.599999904632568
12/5/2017,6.449999809265137,6.849999904632568,6.449999809265137,6.769999980926514,1142600,6.769999980926514
12/4/2017,6.659999847412109,6.849999904632568,6.460000038146973,6.46999979019165,1857200,6.46999979019165
12/1/2017,6.849999904632568,7.070000171661377,6.630000114440918,6.639999866485596,1098300,6.639999866485596
11/29/2017,7.119999885559082,7.170000076293945,6.789999961853027,6.989999771118164,1368600,6.989999771118164
11/28/2017,7.349999904632568,7.489999771118164,7.099999904632568,7.150000095367432,549700,7.150000095367432
11/27/2017,7.199999809265137,7.465000152587891,7.059999942779541,7.369999885559082,1610400,7.369999885559082
11/24/2017,7.090000152587891,7.210000038146973,7.059999942779541,7.139999866485596,221100,7.139999866485596
11/22/2017,7.059999942779541,7.130000114440918,7.010000228881836,7.070000171661377,916800,7.070000171661377
11/21/2017,7.28000020980835,7.289999961853027,7.070000171661377,7.079999923706055,666700,7.079999923706055
11/20/2017,7.389999866485596,7.449999809265137,7.090000152587891,7.170000076293945,551100,7.170000076293945
11/17/2017,7.309999942779541,7.519999980926514,7.300000190734863,7.380000114440918,497400,7.380000114440918
11/16/2017,7.289999961853027,7.429999828338623,7.21999979019165,7.360000133514404,518100,7.360000133514404
11/15/2017,7.130000114440918,7.440000057220459,7.050000190734863,7.239999771118164,347000,7.239999771118164
11/14/2017,7.230000019073486,7.320000171661377,7.054999828338623,7.190000057220459,559700,7.190000057220459
11/13/2017,7.429999828338623,7.510000228881836,7.170000076293945,7.21999979019165,736900,7.21999979019165
11/10/2017,7.590000152587891,7.639999866485596,7.360000133514404,7.480000019073486,965200,7.480000019073486
11/9/2017,7.5,7.757999897003174,7.309999942779541,7.550000190734863,963500,7.550000190734863
11/8/2017,7.449999809265137,7.599999904632568,7.260000228881836,7.559999942779541,1578900,7.559999942779541
11/7/2017,8.210000038146973,8.251999855041504,7.304999828338623,7.380000114440918,3313000,7.380000114440918
11/6/2017,8.180000305175781,8.281999588012695,7.849999904632568,8.020000457763672,830700,8.020000457763672
11/3/2017,8.59000015258789,8.609000205993652,7.849999904632568,8.199999809265137,1647000,8.199999809265137
11/2/2017,7.875,8.930000305175781,7.78000020980835,8.670000076293945,3841900,8.670000076293945
11/1/2017,7.230000019073486,7.550000190734863,7.230000019073486,7.400000095367432,1435000,7.400000095367432
10/31/2017,7.440000057220459,7.599999904632568,7.25,7.309999942779541,1705900,7.309999942779541
10/30/2017,7.5,7.650000095367432,7.4039998054504395,7.420000076293945,1919800,7.420000076293945
10/27/2017,7.840000152587891,7.869999885559082,7.449999809265137,7.570000171661377,2615600,7.570000171661377
10/25/2017,9.920000076293945,9.920000076293945,8.119999885559082,8.34000015258789,8949600,8.34000015258789
10/24/2017,10.5600004196167,10.760000228881836,10.279999732971191,10.760000228881836,1673200,10.760000228881836
10/23/2017,10.819999694824219,10.880000114440918,10.600000381469727,10.640000343322754,572500,10.640000343322754
10/20/2017,10.8100004196167,10.920000076293945,10.739999771118164,10.890000343322754,510400,10.890000343322754
10/19/2017,10.739999771118164,10.90999984741211,10.649999618530273,10.819999694824219,544200,10.819999694824219
10/18/2017,10.84000015258789,10.979999542236328,10.75,10.8100004196167,1348400,10.8100004196167
10/17/2017,10.930000305175781,10.989999771118164,10.800000190734863,10.8100004196167,529300,10.8100004196167
10/16/2017,10.880000114440918,11.1899995803833,10.880000114440918,10.960000038146973,562800,10.960000038146973
10/13/2017,10.75,10.989999771118164,10.609999656677246,10.899999618530273,691400,10.899999618530273
10/12/2017,10.619999885559082,11.039999961853027,10.449999809265137,10.75,968800,10.75
10/11/2017,10.890000343322754,10.890000343322754,10.539999961853027,10.600000381469727,1503800,10.600000381469727
10/10/2017,10.880000114440918,11.050000190734863,10.84000015258789,10.850000381469727,675800,10.850000381469727
10/9/2017,11.220000267028809,11.220000267028809,10.8100004196167,10.890000343322754,1645800,10.890000343322754
10/6/2017,11.100000381469727,11.270000457763672,10.960000038146973,11.239999771118164,1047700,11.239999771118164
10/5/2017,11.569999694824219,11.59000015258789,11.149999618530273,11.170000076293945,937500,11.170000076293945
10/4/2017,10.869999885559082,11.550000190734863,10.850000381469727,11.460000038146973,910900,11.460000038146973
10/3/2017,10.760000228881836,11,10.75,10.960000038146973,845400,10.960000038146973
10/2/2017,10.819999694824219,11.178000450134277,10.75,10.8100004196167,1097400,10.8100004196167
9/29/2017,10.770000457763672,11.069999694824219,10.760000228881836,10.850000381469727,668600,10.850000381469727
9/28/2017,10.869999885559082,10.979999542236328,10.609999656677246,10.930000305175781,1462100,10.930000305175781
9/27/2017,10.989999771118164,11.140000343322754,10.75,10.970000267028809,1263000,10.970000267028809
9/26/2017,10.979999542236328,11.630000114440918,10.949999809265137,11.210000038146973,1666800,11.210000038146973
9/25/2017,10.59000015258789,10.979999542236328,10.479999542236328,10.979999542236328,1184800,10.979999542236328
9/22/2017,10.680000305175781,10.9399995803833,10.59000015258789,10.699999809265137,1268800,10.699999809265137
9/21/2017,10.899999618530273,10.927000045776367,10.569999694824219,10.739999771118164,1427600,10.739999771118164
9/20/2017,10.869999885559082,10.970000267028809,10.59000015258789,10.890000343322754,1006300,10.890000343322754
9/19/2017,11.15999984741211,11.15999984741211,10.800000190734863,10.989999771118164,929100,10.989999771118164
9/18/2017,11.069999694824219,11.279999732971191,11,11.100000381469727,881800,11.100000381469727
9/15/2017,11.119999885559082,11.279999732971191,11.010000228881836,11.100000381469727,860600,11.100000381469727
9/14/2017,11.149999618530273,11.3100004196167,11.020000457763672,11.140000343322754,960600,11.140000343322754
9/13/2017,11.510000228881836,11.739999771118164,11.199999809265137,11.199999809265137,1191900,11.199999809265137
9/12/2017,11.449999809265137,11.5,11.119999885559082,11.4399995803833,1314600,11.4399995803833
9/11/2017,11.069999694824219,11.460000038146973,11.020000457763672,11.399999618530273,2050600,11.399999618530273
9/8/2017,11.699999809265137,11.699999809265137,10.869999885559082,10.960000038146973,4851900,10.960000038146973
9/7/2017,12.319999694824219,12.4399995803833,11.5,11.510000228881836,4853400,11.510000228881836
9/6/2017,10.989999771118164,12.8100004196167,10.430000305175781,12.489999771118164,20110300,12.489999771118164
9/5/2017,15.510000228881836,15.680000305175781,14.859999656677246,14.9350004196167,665700,14.9350004196167
9/1/2017,15.600000381469727,15.720000267028809,15.265000343322754,15.510000228881836,427700,15.510000228881836
8/31/2017,15.739999771118164,15.800000190734863,15.149999618530273,15.5,608700,15.5
8/30/2017,14.789999961853027,15.60200023651123,14.699999809265137,15.539999961853027,847000,15.539999961853027
8/29/2017,14.100000381469727,15.069999694824219,14.100000381469727,14.859999656677246,895500,14.859999656677246
8/28/2017,14.720000267028809,14.798999786376953,14.3100004196167,14.770000457763672,1084500,14.770000457763672
8/25/2017,15.270000457763672,15.277000427246094,14.670000076293945,14.800000190734863,631600,14.800000190734863
8/24/2017,15.420000076293945,15.699999809265137,14.850000381469727,15.260000228881836,972000,15.260000228881836
8/23/2017,15.479999542236328,15.760000228881836,15.399999618530273,15.449999809265137,1015300,15.449999809265137
8/22/2017,15.0600004196167,16.030000686645508,15,15.59000015258789,1943600,15.59000015258789
8/21/2017,14.859999656677246,15.220000267028809,14.399999618530273,15.100000381469727,1241000,15.100000381469727
8/18/2017,15.0600004196167,15.555000305175781,14.833999633789062,15.119999885559082,2474600,15.119999885559082
8/17/2017,15.649999618530273,15.739999771118164,15.020000457763672,15.220000267028809,1692600,15.220000267028809
8/16/2017,16.31999969482422,16.510000228881836,15.75,15.899999618530273,1482900,15.899999618530273
8/15/2017,16.450000762939453,16.6299991607666,16.219999313354492,16.31999969482422,768400,16.31999969482422
8/14/2017,16.520000457763672,16.7450008392334,16.1200008392334,16.440000534057617,1090300,16.440000534057617
8/11/2017,15.960000038146973,16.507999420166016,15.9399995803833,16.40999984741211,1056200,16.40999984741211
8/10/2017,16.469999313354492,16.510000228881836,15.899999618530273,16.079999923706055,1872200,16.079999923706055
8/9/2017,16.030000686645508,16.790000915527344,15.050000190734863,16.6299991607666,2883000,16.6299991607666
8/8/2017,17.15999984741211,17.209999084472656,16.299999237060547,16.600000381469727,2157100,16.600000381469727
8/7/2017,17.5,17.950000762939453,16.809999465942383,17.219999313354492,3031800,17.219999313354492
8/4/2017,20,20,16.15999984741211,17.420000076293945,8792200,17.420000076293945
8/3/2017,21.5,21.8700008392334,21.110000610351562,21.399999618530273,1240300,21.399999618530273
8/2/2017,21.280000686645508,21.75,20.899999618530273,21.389999389648438,609800,21.389999389648438
8/1/2017,21.350000381469727,21.579999923706055,21.030000686645508,21.280000686645508,638600,21.280000686645508
7/31/2017,22.899999618530273,23.079999923706055,21.020000457763672,21.270000457763672,2060100,21.270000457763672
7/28/2017,23.489999771118164,23.64900016784668,22.219999313354492,22.719999313354492,1352200,22.719999313354492
7/27/2017,23.579999923706055,24.219999313354492,22.610000610351562,23.520000457763672,1564400,23.520000457763672
7/26/2017,23.209999084472656,23.5,23.100000381469727,23.270000457763672,743900,23.270000457763672
7/25/2017,22.8700008392334,23.239999771118164,22.792999267578125,23.020000457763672,731000,23.020000457763672
7/24/2017,22.760000228881836,22.770000457763672,22.049999237060547,22.6299991607666,696900,22.6299991607666
7/21/2017,23.31999969482422,23.31999969482422,22.600000381469727,22.639999389648438,588200,22.639999389648438
7/20/2017,24.25,24.25,22.25,23.209999084472656,1011300,23.209999084472656
7/19/2017,23.959999084472656,24.270000457763672,23.549999237060547,24.06999969482422,1123100,24.06999969482422
7/18/2017,22.34000015258789,23.850000381469727,22.106000900268555,23.719999313354492,1196300,23.719999313354492
7/17/2017,22.75,22.8700008392334,22.040000915527344,22.309999465942383,537300,22.309999465942383
7/14/2017,22.850000381469727,23.25,22.440000534057617,22.579999923706055,682500,22.579999923706055
7/13/2017,22.299999237060547,22.979999542236328,22.239999771118164,22.729999542236328,815200,22.729999542236328
7/12/2017,21.959999084472656,22.219999313354492,21.643999099731445,22.18000030517578,897400,22.18000030517578
7/11/2017,21.65999984741211,21.799999237060547,21.110000610351562,21.719999313354492,754700,21.719999313354492
7/10/2017,22.139999389648438,22.349000930786133,21.530000686645508,21.549999237060547,589700,21.549999237060547
7/7/2017,22.59000015258789,22.690000534057617,21.649999618530273,22.09000015258789,645300,22.09000015258789
7/6/2017,21.989999771118164,22.5,21.829999923706055,22.31999969482422,966800,22.31999969482422
7/5/2017,21.59000015258789,22.600000381469727,20.5,22.030000686645508,2203300,22.030000686645508
7/3/2017,23.979999542236328,23.979999542236328,20.770000457763672,20.790000915527344,1622300,20.790000915527344
6/30/2017,23.389999389648438,23.799999237060547,22.010000228881836,23.65999984741211,2853800,23.65999984741211
6/29/2017,21.8799991607666,22.850000381469727,21.270000457763672,22.770000457763672,2502600,22.770000457763672
6/28/2017,20.530000686645508,21.200000762939453,20.170000076293945,20.950000762939453,1210500,20.950000762939453
6/27/2017,20.6299991607666,21.850000381469727,19.790000915527344,20.389999389648438,1933700,20.389999389648438
6/26/2017,21.239999771118164,21.299999237060547,20.350000381469727,20.549999237060547,1122300,20.549999237060547
6/23/2017,20.030000686645508,21.139999389648438,19.5,20.860000610351562,1426700,20.860000610351562
6/22/2017,19.600000381469727,20.899999618530273,19.40999984741211,19.90999984741211,2178100,19.90999984741211
6/21/2017,18.950000762939453,19.459999084472656,18.860000610351562,19.399999618530273,1433700,19.399999618530273
6/20/2017,18.799999237060547,19.030000686645508,18.46500015258789,18.850000381469727,570700,18.850000381469727
6/19/2017,18.329999923706055,19.110000610351562,18.1200008392334,18.989999771118164,662400,18.989999771118164
6/16/2017,18.479999542236328,18.68000030517578,18.049999237060547,18.299999237060547,386900,18.299999237060547
6/15/2017,18.15999984741211,18.799999237060547,18,18.489999771118164,649500,18.489999771118164
6/14/2017,18.799999237060547,18.899999618530273,18.020000457763672,18.510000228881836,1101100,18.510000228881836
6/13/2017,18.600000381469727,19.09000015258789,18.584999084472656,18.799999237060547,637400,18.799999237060547
6/12/2017,18.6200008392334,18.739999771118164,18.260000228881836,18.459999084472656,798200,18.459999084472656
6/9/2017,19.049999237060547,19.889999389648438,18.549999237060547,18.799999237060547,2559600,18.799999237060547
6/8/2017,18.8799991607666,19.25,18.709999084472656,19.1299991607666,862600,19.1299991607666
6/7/2017,18.600000381469727,19.389999389648438,18.540000915527344,19.18000030517578,1280200,19.18000030517578
6/6/2017,18.610000610351562,18.70800018310547,18,18.6299991607666,1001500,18.6299991607666
6/5/2017,19.280000686645508,19.280000686645508,18.511999130249023,18.65999984741211,432600,18.65999984741211
6/2/2017,19,19.47599983215332,18.85099983215332,19.200000762939453,862400,19.200000762939453
6/1/2017,18.899999618530273,19.139999389648438,18.649999618530273,19,689600,19
5/31/2017,19.1299991607666,19.149999618530273,18.26099967956543,18.81999969482422,625100,18.81999969482422
5/30/2017,19.3799991607666,19.600000381469727,18.920000076293945,19.1200008392334,733400,19.1200008392334
5/26/2017,19.350000381469727,19.56999969482422,19.280000686645508,19.3700008392334,583400,19.3700008392334
5/25/2017,19.780000686645508,19.799999237060547,19.0310001373291,19.350000381469727,947500,19.350000381469727
5/24/2017,18.5,19.420000076293945,18.174999237060547,19.3799991607666,1744800,19.3799991607666
5/23/2017,18.5,18.940000534057617,18.209999084472656,18.299999237060547,723500,18.299999237060547
5/22/2017,18.899999618530273,19.03499984741211,18.1299991607666,18.5,1628800,18.5
5/19/2017,19.940000534057617,19.950000762939453,19,19.010000228881836,973300,19.010000228881836
5/18/2017,19.75,19.75,19.209999084472656,19.579999923706055,1202700,19.579999923706055
5/17/2017,20.100000381469727,20.170000076293945,18.969999313354492,19.31999969482422,2410100,19.31999969482422
5/16/2017,20.459999084472656,21.030000686645508,19.700000762939453,20.510000228881836,1852700,20.510000228881836
5/15/2017,20.020000457763672,21.889999389648438,19.18199920654297,19.959999084472656,9435500,19.959999084472656
5/12/2017,18.3700008392334,18.469999313354492,17.719999313354492,17.829999923706055,591900,17.829999923706055
5/11/2017,18.68000030517578,18.68000030517578,18,18.299999237060547,696700,18.299999237060547
5/10/2017,18.459999084472656,18.959999084472656,17.875,18.639999389648438,1085800,18.639999389648438
5/9/2017,17.200000762939453,18.559999465942383,17.110000610351562,18.440000534057617,1018400,18.440000534057617
5/8/2017,16.920000076293945,17.18000030517578,16.209999084472656,17.09000015258789,710800,17.09000015258789
5/5/2017,17.25,17.420000076293945,16.93000030517578,17.010000228881836,357400,17.010000228881836
5/4/2017,17.350000381469727,17.6200008392334,17.010000228881836,17.190000534057617,574900,17.190000534057617
5/3/2017,18.790000915527344,18.850000381469727,16.780000686645508,17.389999389648438,947600,17.389999389648438
5/2/2017,18.149999618530273,18.8799991607666,18.149999618530273,18.399999618530273,1534500,18.399999618530273
5/1/2017,17.860000610351562,18.790000915527344,17.56999969482422,18.040000915527344,1848500,18.040000915527344
4/28/2017,15.920000076293945,17.54599952697754,15.90999984741211,17.1200008392334,2443700,17.1200008392334
4/27/2017,15.239999771118164,15.59000015258789,15.020000457763672,15.220000267028809,583500,15.220000267028809
4/26/2017,15.09000015258789,15.220000267028809,14.946000099182129,15.079999923706055,457900,15.079999923706055
4/25/2017,15.140000343322754,15.420000076293945,14.859999656677246,14.989999771118164,658000,14.989999771118164
4/24/2017,14.989999771118164,15.458999633789062,14.699999809265137,15.020000457763672,1154700,15.020000457763672
4/21/2017,14.5,15.140000343322754,13.899999618530273,14.329999923706055,1065000,14.329999923706055
4/20/2017,14.069999694824219,14.59000015258789,13.920000076293945,14.479999542236328,561500,14.479999542236328
4/19/2017,13.869999885559082,14.180000305175781,13.640000343322754,13.989999771118164,479600,13.989999771118164
4/18/2017,13.15999984741211,14.050000190734863,13.069999694824219,13.949999809265137,825000,13.949999809265137
4/17/2017,12.699999809265137,13.270000457763672,12.699999809265137,13.229999542236328,425900,13.229999542236328
4/13/2017,13,13,12.619999885559082,12.760000228881836,227600,12.760000228881836
4/12/2017,13.0600004196167,13.149999618530273,12.930000305175781,13.039999961853027,157400,13.039999961853027
4/11/2017,13.09000015258789,13.25,12.829999923706055,12.930000305175781,420900,12.930000305175781
4/10/2017,13.199999809265137,13.359999656677246,12.880000114440918,13.020000457763672,259800,13.020000457763672
4/7/2017,12.920000076293945,13.220000267028809,12.920000076293945,13.130000114440918,196700,13.130000114440918
4/6/2017,12.760000228881836,13.079999923706055,12.640000343322754,13.020000457763672,478100,13.020000457763672
4/5/2017,13.039999961853027,13.180000305175781,12.800000190734863,12.8100004196167,480400,12.8100004196167
4/4/2017,12.979999542236328,13.140000343322754,12.609999656677246,13.020000457763672,680400,13.020000457763672
4/3/2017,13.069999694824219,13.199999809265137,12.869999885559082,12.960000038146973,942800,12.960000038146973
3/31/2017,12.829999923706055,13.180000305175781,12.59000015258789,13.029999732971191,609500,13.029999732971191
3/30/2017,12.789999961853027,12.979999542236328,12.5649995803833,12.880000114440918,515500,12.880000114440918
3/29/2017,12.229999542236328,12.855999946594238,12.140000343322754,12.770000457763672,465700,12.770000457763672
3/28/2017,12.130000114440918,12.53499984741211,12.069999694824219,12.279999732971191,506900,12.279999732971191
3/27/2017,12.220000267028809,12.369999885559082,12.020000457763672,12.239999771118164,394500,12.239999771118164
3/24/2017,12.25,12.550000190734863,12.0600004196167,12.180000305175781,533100,12.180000305175781
3/23/2017,12.619999885559082,12.9399995803833,12.01099967956543,12.25,727200,12.25
3/22/2017,12.449999809265137,12.600000381469727,12.239999771118164,12.5,470200,12.5
3/21/2017,12.1899995803833,12.390000343322754,12.112000465393066,12.3100004196167,635900,12.3100004196167
3/20/2017,12.170000076293945,12.25,12.045000076293945,12.15999984741211,221400,12.15999984741211
3/17/2017,12.0600004196167,12.229999542236328,11.9399995803833,12.130000114440918,348700,12.130000114440918
3/16/2017,11.899999618530273,12,11.859999656677246,11.9399995803833,383900,11.9399995803833
3/15/2017,12,12.199999809265137,11.8100004196167,12,473300,12
3/14/2017,12.199999809265137,12.25,11.899999618530273,12.029999732971191,351900,12.029999732971191
3/13/2017,12.479999542236328,12.600000381469727,12.109999656677246,12.229999542236328,441000,12.229999542236328
3/10/2017,11.970000267028809,12.550000190734863,11.859999656677246,12.479999542236328,635900,12.479999542236328
3/9/2017,12.15999984741211,12.34000015258789,11.5,11.960000038146973,1313000,11.960000038146973
3/8/2017,12,12.479999542236328,12,12.149999618530273,359700,12.149999618530273
3/7/2017,12.34000015258789,12.350000381469727,11.84000015258789,11.9399995803833,639900,11.9399995803833
3/6/2017,12.4399995803833,12.550000190734863,11.75,12.079999923706055,515100,12.079999923706055
3/3/2017,11.800000190734863,12.600000381469727,11.65999984741211,12.34000015258789,1303100,12.34000015258789
3/2/2017,11.5,11.869999885559082,11.5,11.729999542236328,417000,11.729999542236328
3/1/2017,11.8100004196167,11.979999542236328,11.449999809265137,11.539999961853027,1005900,11.539999961853027
2/28/2017,11.970000267028809,12.199999809265137,11.670000076293945,11.710000038146973,658000,11.710000038146973
2/27/2017,12.899999618530273,13,11.800000190734863,12.0600004196167,1063600,12.0600004196167
2/24/2017,13.069999694824219,13.600000381469727,12.800000190734863,12.850000381469727,489000,12.850000381469727
2/23/2017,13.039999961853027,13.210000038146973,12.899999618530273,12.979999542236328,269200,12.979999542236328
2/22/2017,12.869999885559082,13.140000343322754,12.180000305175781,13.029999732971191,513700,13.029999732971191
2/21/2017,14.09000015258789,14.199999809265137,13.050000190734863,13.289999961853027,858900,13.289999961853027
2/17/2017,13.8100004196167,14.170000076293945,13.630000114440918,13.859999656677246,408400,13.859999656677246
2/16/2017,13.390000343322754,13.649999618530273,13.187999725341797,13.569999694824219,384700,13.569999694824219
2/15/2017,13.5600004196167,13.680000305175781,13.199999809265137,13.300000190734863,477900,13.300000190734863
2/14/2017,13.220000267028809,13.739999771118164,13.100000381469727,13.520000457763672,544300,13.520000457763672
2/13/2017,12.479999542236328,13.873000144958496,12.479999542236328,13.029999732971191,1182500,13.029999732971191
2/10/2017,12.25,12.65999984741211,12.25,12.380000114440918,1209200,12.380000114440918
2/9/2017,11.420000076293945,11.569999694824219,11.390000343322754,11.510000228881836,660600,11.510000228881836
2/8/2017,11.229999542236328,11.449999809265137,11.100000381469727,11.4399995803833,1364200,11.4399995803833
2/7/2017,11.600000381469727,11.779999732971191,11.449999809265137,11.479999542236328,561100,11.479999542236328
2/6/2017,11.489999771118164,11.59000015258789,11.399999618530273,11.550000190734863,219100,11.550000190734863
2/3/2017,11.420000076293945,11.5600004196167,11.380000114440918,11.449999809265137,276800,11.449999809265137
2/2/2017,11.520000457763672,11.59000015258789,11.329999923706055,11.430000305175781,352800,11.430000305175781
2/1/2017,11.600000381469727,11.628999710083008,11.390000343322754,11.479999542236328,328500,11.479999542236328
1/31/2017,11.380000114440918,11.619999885559082,11.32699966430664,11.600000381469727,365900,11.600000381469727
1/30/2017,11.100000381469727,11.510000228881836,11,11.350000381469727,471400,11.350000381469727
1/27/2017,11.319999694824219,11.5,11.09000015258789,11.119999885559082,457300,11.119999885559082
1/26/2017,11.630000114440918,11.739999771118164,11.25,11.34000015258789,427400,11.34000015258789
1/25/2017,11.220000267028809,11.63700008392334,10.880000114440918,11.529999732971191,886900,11.529999732971191
1/24/2017,11.470000267028809,11.489999771118164,10.920000076293945,11.229999542236328,633200,11.229999542236328
1/23/2017,11.5600004196167,11.59000015258789,11.390000343322754,11.40999984741211,1030100,11.40999984741211
1/20/2017,11.800000190734863,11.869999885559082,11.449999809265137,11.5,855800,11.5
1/19/2017,11.649999618530273,11.739999771118164,11.515000343322754,11.670000076293945,730300,11.670000076293945
1/18/2017,11.789999961853027,11.89900016784668,11.489999771118164,11.649999618530273,981400,11.649999618530273
1/17/2017,11.770000457763672,11.829999923706055,11.640000343322754,11.710000038146973,699800,11.710000038146973
1/13/2017,11.720000267028809,11.876999855041504,11.449999809265137,11.770000457763672,779700,11.770000457763672
1/12/2017,11.800000190734863,11.8100004196167,11.4399995803833,11.520000457763672,1505200,11.520000457763672
1/11/2017,11.899999618530273,12.140000343322754,11.75,11.800000190734863,411600,11.800000190734863
1/10/2017,12.069999694824219,12.25,11.770000457763672,11.84000015258789,1074800,11.84000015258789
1/9/2017,11.84000015258789,12.050000190734863,11.84000015258789,11.890000343322754,253500,11.890000343322754
1/6/2017,12,12.0600004196167,11.75,11.90999984741211,657100,11.90999984741211
1/5/2017,12.079999923706055,12.239999771118164,11.800000190734863,12.09000015258789,953600,12.09000015258789
1/4/2017,12.1899995803833,12.289999961853027,11.920000076293945,12.15999984741211,646700,12.15999984741211
1/3/2017,11.760000228881836,12.399999618530273,11.75,12.140000343322754,1013300,12.140000343322754
12/30/2016,11.770000457763672,11.84000015258789,11.649999618530273,11.75,241600,11.75
12/29/2016,11.649999618530273,11.6899995803833,11.510000228881836,11.65999984741211,219300,11.65999984741211
12/28/2016,11.710000038146973,11.75,11.470000267028809,11.59000015258789,369500,11.59000015258789
12/27/2016,11.850000381469727,11.87399959564209,11.600000381469727,11.699999809265137,457400,11.699999809265137
12/23/2016,11.65999984741211,11.869999885559082,11.619999885559082,11.829999923706055,817800,11.829999923706055
12/22/2016,11.729999542236328,11.800000190734863,11.649999618530273,11.710000038146973,1016400,11.710000038146973
12/21/2016,11.760000228881836,11.843000411987305,11.680000305175781,11.800000190734863,1048900,11.800000190734863
12/20/2016,12.420000076293945,12.420000076293945,11.75,11.8100004196167,1260200,11.8100004196167
12/19/2016,12.220000267028809,12.609999656677246,11.899999618530273,12.149999618530273,5238100,12.149999618530273
12/16/2016,11.199999809265137,12.430000305175781,11.100000381469727,11.850000381469727,19266400,11.850000381469727
