4/18/2019,7.199999809265137,7.210000038146973,6.949999809265137,7.070000171661377,1155300,7.070000171661377
4/17/2019,6.900000095367432,6.960000038146973,6.789999961853027,6.820000171661377,847600,6.820000171661377
4/16/2019,6.550000190734863,6.869999885559082,6.480000019073486,6.829999923706055,513600,6.829999923706055
4/15/2019,6.710000038146973,6.920000076293945,6.53000020980835,6.550000190734863,482100,6.550000190734863
4/12/2019,6.389999866485596,6.760000228881836,6.389999866485596,6.599999904632568,307600,6.599999904632568
4/11/2019,6.360000133514404,6.809999942779541,6.309999942779541,6.369999885559082,1152300,6.369999885559082
4/10/2019,5.820000171661377,6.440000057220459,5.730000019073486,6.340000152587891,2690400,6.340000152587891
4/9/2019,5.940000057220459,5.940000057220459,5.71999979019165,5.800000190734863,772900,5.800000190734863
4/8/2019,5.909999847412109,6.03000020980835,5.820000171661377,5.940000057220459,226500,5.940000057220459
4/5/2019,6.150000095367432,6.190000057220459,5.820000171661377,5.909999847412109,362000,5.909999847412109
4/3/2019,5.849999904632568,6.159999847412109,5.840000152587891,5.989999771118164,475800,5.989999771118164
4/2/2019,5.699999809265137,5.900000095367432,5.539999961853027,5.789999961853027,899500,5.789999961853027
4/1/2019,5.679999828338623,5.78000020980835,5.519999980926514,5.699999809265137,696900,5.699999809265137
3/29/2019,5.630000114440918,5.690000057220459,5.429999828338623,5.619999885559082,1171000,5.619999885559082
3/28/2019,5.5,5.670000076293945,5.489999771118164,5.630000114440918,235200,5.630000114440918
3/27/2019,5.340000152587891,5.699999809265137,5.340000152587891,5.489999771118164,420400,5.489999771118164
3/26/2019,5.489999771118164,5.510000228881836,5.269999980926514,5.309999942779541,512700,5.309999942779541
3/25/2019,5.590000152587891,5.679999828338623,5.289999961853027,5.460000038146973,504000,5.460000038146973
3/22/2019,6.010000228881836,6.079999923706055,5.489999771118164,5.670000076293945,507000,5.670000076293945
3/21/2019,5.869999885559082,6.309999942779541,5.869999885559082,6.110000133514404,347400,6.110000133514404
3/20/2019,6.03000020980835,6.050000190734863,5.739999771118164,5.920000076293945,594300,5.920000076293945
3/18/2019,5.300000190734863,5.539999961853027,5.110000133514404,5.53000020980835,683000,5.53000020980835
3/15/2019,5.28000020980835,5.360000133514404,5.039999961853027,5.320000171661377,1062900,5.320000171661377
3/14/2019,5.619999885559082,5.730000019073486,5.21999979019165,5.239999771118164,826800,5.239999771118164
3/13/2019,5.75,5.769999980926514,5.519999980926514,5.679999828338623,762900,5.679999828338623
3/12/2019,5.989999771118164,6.039999961853027,5.659999847412109,5.730000019073486,557700,5.730000019073486
3/7/2019,5.789999961853027,6.199999809265137,5.510000228881836,6.090000152587891,2141000,6.090000152587891
3/5/2019,6.039999961853027,6.090000152587891,5.789999961853027,5.940000057220459,571600,5.940000057220459
3/4/2019,6.070000171661377,6.369999885559082,5.909999847412109,6.039999961853027,507600,6.039999961853027
3/1/2019,5.929999828338623,6.170000076293945,5.929999828338623,6.050000190734863,359500,6.050000190734863
2/28/2019,6.159999847412109,6.159999847412109,5.78000020980835,5.889999866485596,817100,5.889999866485596
2/27/2019,5.949999809265137,6.159999847412109,5.800000190734863,6.139999866485596,2530300,6.139999866485596
2/26/2019,6.050000190734863,6.210000038146973,5.840000152587891,5.980000019073486,726800,5.980000019073486
2/25/2019,6.340000152587891,6.380000114440918,6.059999942779541,6.150000095367432,416600,6.150000095367432
2/22/2019,6.510000228881836,6.639999866485596,6.210000038146973,6.25,1105900,6.25
2/21/2019,6.320000171661377,6.440000057220459,6.03000020980835,6.400000095367432,825000,6.400000095367432
2/20/2019,6.449999809265137,6.599999904632568,5.409999847412109,6.300000190734863,2127200,6.300000190734863
2/19/2019,5.699999809265137,5.940000057220459,5.610000133514404,5.940000057220459,599800,5.940000057220459
2/15/2019,5.809999942779541,5.860000133514404,5.53000020980835,5.710000038146973,606100,5.710000038146973
2/14/2019,5.760000228881836,5.960000038146973,5.670000076293945,5.869999885559082,579000,5.869999885559082
2/13/2019,5.559999942779541,5.820000171661377,5.510000228881836,5.75,953400,5.75
2/12/2019,5.349999904632568,5.550000190734863,5.25,5.519999980926514,787200,5.519999980926514
2/11/2019,5.099999904632568,5.329999923706055,5.059999942779541,5.25,518200,5.25
2/8/2019,5.070000171661377,5.139999866485596,4.880000114440918,5.110000133514404,575900,5.110000133514404
2/7/2019,5.21999979019165,5.25,4.809999942779541,5.119999885559082,801200,5.119999885559082
2/6/2019,5.349999904632568,5.599999904632568,5.190000057220459,5.28000020980835,751500,5.28000020980835
2/5/2019,4.909999847412109,5.039999961853027,4.820000171661377,5.019999980926514,500800,5.019999980926514
2/4/2019,4.800000190734863,4.980000019073486,4.789999961853027,4.880000114440918,591700,4.880000114440918
2/1/2019,4.659999847412109,5.010000228881836,4.539999961853027,4.789999961853027,1235500,4.789999961853027
1/31/2019,4.829999923706055,4.829999923706055,4.630000114440918,4.650000095367432,771700,4.650000095367432
1/30/2019,4.519999980926514,4.920000076293945,4.5,4.789999961853027,1059100,4.789999961853027
1/29/2019,4.349999904632568,4.510000228881836,4.230000019073486,4.480000019073486,767900,4.480000019073486
1/28/2019,4.380000114440918,4.429999828338623,4.210000038146973,4.340000152587891,512100,4.340000152587891
1/25/2019,4.300000190734863,4.570000171661377,4.289999961853027,4.440000057220459,692500,4.440000057220459
1/24/2019,4.199999809265137,4.309999942779541,4.110000133514404,4.25,460300,4.25
1/23/2019,4.329999923706055,4.329999923706055,4.099999904632568,4.199999809265137,452800,4.199999809265137
1/22/2019,4.670000076293945,4.670000076293945,4.199999809265137,4.300000190734863,825400,4.300000190734863
1/18/2019,4.53000020980835,4.809999942779541,4.510000228881836,4.670000076293945,898300,4.670000076293945
1/17/2019,4.28000020980835,4.570000171661377,4.070000171661377,4.5,1061700,4.5
1/16/2019,4.46999979019165,4.699999809265137,4.28000020980835,4.289999961853027,600500,4.289999961853027
1/15/2019,4.75,4.75,4.300000190734863,4.480000019073486,1179800,4.480000019073486
1/14/2019,5.050000190734863,5.050000190734863,4.650000095367432,4.78000020980835,1222200,4.78000020980835
1/11/2019,5.349999904632568,5.349999904632568,4.929999828338623,5.130000114440918,1140600,5.130000114440918
1/9/2019,4.940000057220459,5.070000171661377,4.940000057220459,5.039999961853027,1072900,5.039999961853027
1/8/2019,4.920000076293945,5.079999923706055,4.820000171661377,4.909999847412109,1069300,4.909999847412109
1/7/2019,4.5,4.840000152587891,4.400000095367432,4.760000228881836,696900,4.760000228881836
1/4/2019,4.159999847412109,4.5,4.119999885559082,4.5,908600,4.5
1/3/2019,4.320000171661377,4.349999904632568,3.9600000381469727,4.090000152587891,731600,4.090000152587891
12/31/2018,4.150000095367432,4.230000019073486,3.9800000190734863,4.190000057220459,744200,4.190000057220459
12/28/2018,4.110000133514404,4.230000019073486,4.039999961853027,4.150000095367432,585500,4.150000095367432
12/27/2018,4.03000020980835,4.119999885559082,3.9000000953674316,4.110000133514404,653200,4.110000133514404
12/26/2018,4.050000190734863,4.050000190734863,3.7300000190734863,4.050000190734863,974700,4.050000190734863
12/24/2018,3.700000047683716,4.03000020980835,3.5899999141693115,3.9800000190734863,527200,3.9800000190734863
12/21/2018,3.8499999046325684,3.9000000953674316,3.7100000381469727,3.75,866000,3.75
12/20/2018,3.7699999809265137,3.9000000953674316,3.700000047683716,3.8499999046325684,860900,3.8499999046325684
12/19/2018,3.8399999141693115,3.940000057220459,3.7799999713897705,3.809999942779541,998100,3.809999942779541
12/18/2018,3.6500000953674316,3.869999885559082,3.6500000953674316,3.809999942779541,962200,3.809999942779541
12/17/2018,3.819999933242798,3.859999895095825,3.5899999141693115,3.6500000953674316,830300,3.6500000953674316
12/14/2018,3.880000114440918,4.010000228881836,3.799999952316284,3.869999885559082,706200,3.869999885559082
12/13/2018,4.03000020980835,4.190000057220459,3.9200000762939453,3.9600000381469727,950700,3.9600000381469727
12/12/2018,3.8499999046325684,4.03000020980835,3.799999952316284,3.9800000190734863,1337200,3.9800000190734863
12/11/2018,3.9100000858306885,4.099999904632568,3.7899999618530273,3.819999933242798,1484100,3.819999933242798
12/10/2018,3.9800000190734863,4.050000190734863,3.740000009536743,3.890000104904175,1648100,3.890000104904175
12/7/2018,4.329999923706055,4.5,3.950000047683716,3.9800000190734863,1313000,3.9800000190734863
12/6/2018,4.849999904632568,4.849999904632568,4.070000171661377,4.289999961853027,2593400,4.289999961853027
12/4/2018,5.25,5.25,4.71999979019165,5.010000228881836,1643600,5.010000228881836
12/3/2018,5.409999847412109,5.539999961853027,5.159999847412109,5.28000020980835,844100,5.28000020980835
11/30/2018,5.5,5.590000152587891,5.329999923706055,5.329999923706055,702900,5.329999923706055
11/29/2018,5.53000020980835,5.639999866485596,5.320000171661377,5.53000020980835,827800,5.53000020980835
11/28/2018,5.519999980926514,5.559999942779541,5.210000038146973,5.5,1213800,5.5
11/27/2018,5.639999866485596,5.71999979019165,5.360000133514404,5.480000019073486,895400,5.480000019073486
11/26/2018,5.920000076293945,6.050000190734863,5.429999828338623,5.699999809265137,1124600,5.699999809265137
11/23/2018,5.699999809265137,5.989999771118164,5.650000095367432,5.920000076293945,368300,5.920000076293945
11/21/2018,5.690000057220459,5.96999979019165,5.630000114440918,5.699999809265137,837400,5.699999809265137
11/20/2018,5.5,5.650000095367432,5.210000038146973,5.630000114440918,1476500,5.630000114440918
11/19/2018,5.590000152587891,5.679999828338623,5.53000020980835,5.550000190734863,928900,5.550000190734863
11/16/2018,6.130000114440918,6.150000095367432,5.269999980926514,5.599999904632568,3173100,5.599999904632568
11/15/2018,6.119999885559082,6.150000095367432,5.880000114440918,6.110000133514404,1003800,6.110000133514404
11/14/2018,6.050000190734863,6.289999961853027,5.96999979019165,6.179999828338623,803300,6.179999828338623
11/13/2018,6.010000228881836,6.389999866485596,5.929999828338623,5.96999979019165,894900,5.96999979019165
11/12/2018,6.460000038146973,6.489999771118164,5.949999809265137,6.019999980926514,1270000,6.019999980926514
11/9/2018,6.690000057220459,6.75,6.21999979019165,6.510000228881836,934200,6.510000228881836
11/8/2018,6.699999809265137,6.860000133514404,6.510000228881836,6.769999980926514,1323600,6.769999980926514
11/7/2018,6.800000190734863,6.920000076293945,6.639999866485596,6.800000190734863,2899700,6.800000190734863
11/6/2018,6.550000190734863,6.96999979019165,6.5,6.78000020980835,2396400,6.78000020980835
11/5/2018,6.78000020980835,6.849999904632568,6.369999885559082,6.53000020980835,1403400,6.53000020980835
11/2/2018,7.320000171661377,7.320000171661377,6.380000114440918,6.800000190734863,2578200,6.800000190734863
11/1/2018,6.760000228881836,7.139999866485596,6.409999847412109,6.96999979019165,3301300,6.96999979019165
10/31/2018,6.559999942779541,6.980000019073486,6.46999979019165,6.760000228881836,2620200,6.760000228881836
10/30/2018,7.650000095367432,7.650000095367432,6.269999980926514,6.46999979019165,5130800,6.46999979019165
10/26/2018,8.25,8.390000343322754,8.010000228881836,8.140000343322754,1141200,8.140000343322754
10/25/2018,8.170000076293945,8.510000228881836,8.109999656677246,8.380000114440918,2543500,8.380000114440918
10/23/2018,8.609999656677246,8.710000038146973,8.199999809265137,8.600000381469727,2506100,8.600000381469727
10/22/2018,8.960000038146973,8.960000038146973,8.460000038146973,8.75,2144000,8.75
10/18/2018,9.289999961853027,9.289999961853027,8.899999618530273,8.989999771118164,630400,8.989999771118164
10/17/2018,9.520000457763672,9.640000343322754,9.180000305175781,9.289999961853027,618100,9.289999961853027
10/16/2018,9.289999961853027,9.579999923706055,9.140000343322754,9.550000190734863,671900,9.550000190734863
10/15/2018,9.3100004196167,9.65999984741211,9.140000343322754,9.210000038146973,924900,9.210000038146973
10/12/2018,8.949999809265137,9.329999923706055,8.90999984741211,9.270000457763672,2051400,9.270000457763672
10/11/2018,9.039999961853027,9.289999961853027,8.819999694824219,8.84000015258789,1692800,8.84000015258789
10/10/2018,8.609999656677246,9.109999656677246,8.609999656677246,8.989999771118164,1827400,8.989999771118164
10/9/2018,9.109999656677246,9.149999618530273,8.579999923706055,8.609999656677246,2827400,8.609999656677246
10/8/2018,9.3100004196167,9.350000381469727,8.850000381469727,9.25,864300,9.25
10/5/2018,9.739999771118164,9.789999961853027,8.899999618530273,9.260000228881836,1289800,9.260000228881836
10/4/2018,9.899999618530273,10.0600004196167,9.729999542236328,9.8100004196167,643800,9.8100004196167
10/3/2018,9.680000305175781,10.260000228881836,9.510000228881836,10.020000457763672,2067600,10.020000457763672
10/2/2018,9.239999771118164,9.640000343322754,9.229999542236328,9.619999885559082,1672400,9.619999885559082
10/1/2018,9.100000381469727,9.350000381469727,9.029999732971191,9.289999961853027,839200,9.289999961853027
9/27/2018,8.8100004196167,8.949999809265137,8.5,8.829999923706055,1182400,8.829999923706055
9/26/2018,8.890000343322754,9.15999984741211,8.84000015258789,8.859999656677246,893100,8.859999656677246
9/25/2018,9.399999618530273,9.460000038146973,8.890000343322754,8.920000076293945,1649400,8.920000076293945
9/24/2018,9.8100004196167,9.84000015258789,9.119999885559082,9.420000076293945,1432100,9.420000076293945
9/21/2018,9.789999961853027,9.970000267028809,9.640000343322754,9.880000114440918,1584400,9.880000114440918
9/20/2018,10.130000114440918,10.300000190734863,10,10.229999542236328,1277500,10.229999542236328
9/19/2018,10.079999923706055,10.149999618530273,9.9399995803833,10.020000457763672,1411900,10.020000457763672
9/18/2018,10.229999542236328,10.369999885559082,10,10.0600004196167,742900,10.0600004196167
9/17/2018,10.319999694824219,10.4399995803833,10,10.170000076293945,702500,10.170000076293945
9/14/2018,10.270000457763672,10.359999656677246,9.819999694824219,10.270000457763672,1210100,10.270000457763672
9/13/2018,10.170000076293945,10.520000457763672,9.850000381469727,10.3100004196167,2814100,10.3100004196167
9/12/2018,11.359999656677246,11.449999809265137,10.710000038146973,10.8100004196167,1361300,10.8100004196167
9/11/2018,11.59000015258789,11.600000381469727,10.600000381469727,11.350000381469727,1283100,11.350000381469727
9/10/2018,11.800000190734863,12.140000343322754,11.640000343322754,11.680000305175781,266200,11.680000305175781
9/7/2018,11.850000381469727,11.850000381469727,11.5600004196167,11.8100004196167,247100,11.8100004196167
9/6/2018,12.289999961853027,12.600000381469727,11.8100004196167,11.890000343322754,525000,11.890000343322754
9/5/2018,11.960000038146973,12.319999694824219,11.760000228881836,12.239999771118164,1165900,12.239999771118164
9/4/2018,11.989999771118164,12.119999885559082,11.699999809265137,11.949999809265137,778400,11.949999809265137
8/31/2018,11.850000381469727,12.09000015258789,11.770000457763672,12.079999923706055,264200,12.079999923706055
8/30/2018,12.069999694824219,12.199999809265137,11.539999961853027,11.960000038146973,1664400,11.960000038146973
8/29/2018,11.789999961853027,12.149999618530273,11.479999542236328,12.050000190734863,978600,12.050000190734863
8/28/2018,12.279999732971191,12.399999618530273,11.680000305175781,11.869999885559082,558200,11.869999885559082
8/27/2018,11.989999771118164,12.319999694824219,11.850000381469727,12.289999961853027,1093000,12.289999961853027
8/24/2018,11.609999656677246,11.989999771118164,11.539999961853027,11.890000343322754,569500,11.890000343322754
8/23/2018,11.789999961853027,11.789999961853027,11.449999809265137,11.569999694824219,335000,11.569999694824219
8/22/2018,12.069999694824219,12.079999923706055,11.6899995803833,11.859999656677246,487700,11.859999656677246
8/21/2018,11.850000381469727,12.220000267028809,11.850000381469727,12,349100,12
8/20/2018,11.779999732971191,11.949999809265137,11.720000267028809,11.760000228881836,337100,11.760000228881836
8/17/2018,11.65999984741211,11.8100004196167,11.40999984741211,11.75,629700,11.75
8/16/2018,11.470000267028809,11.960000038146973,11.4399995803833,11.699999809265137,970800,11.699999809265137
8/15/2018,11.619999885559082,11.699999809265137,11.039999961853027,11.470000267028809,1471400,11.470000267028809
8/14/2018,11.829999923706055,11.989999771118164,11.670000076293945,11.75,653900,11.75
8/13/2018,12.430000305175781,12.539999961853027,11.8100004196167,11.869999885559082,1273300,11.869999885559082
8/10/2018,12.680000305175781,12.760000228881836,12.220000267028809,12.489999771118164,1087400,12.489999771118164
8/9/2018,12.960000038146973,12.989999771118164,12.59000015258789,12.869999885559082,739000,12.869999885559082
8/8/2018,12.760000228881836,13.020000457763672,12.550000190734863,12.890000343322754,1025100,12.890000343322754
8/7/2018,13.180000305175781,13.489999771118164,12.520000457763672,12.869999885559082,1077900,12.869999885559082
8/6/2018,13.34000015258789,13.350000381469727,13.079999923706055,13.199999809265137,495800,13.199999809265137
8/3/2018,13.260000228881836,13.630000114440918,13.079999923706055,13.350000381469727,974300,13.350000381469727
8/2/2018,13.390000343322754,13.59000015258789,13.069999694824219,13.109999656677246,1004600,13.109999656677246
8/1/2018,13.25,13.899999618530273,12.75,13.529999732971191,2059100,13.529999732971191
7/31/2018,14.199999809265137,15.359999656677246,14.100000381469727,14.619999885559082,1952600,14.619999885559082
7/30/2018,15.329999923706055,15.699999809265137,15.3100004196167,15.350000381469727,654600,15.350000381469727
7/27/2018,15.369999885559082,15.510000228881836,15.170000076293945,15.359999656677246,462700,15.359999656677246
7/26/2018,14.770000457763672,15.539999961853027,14.770000457763672,15.350000381469727,837000,15.350000381469727
7/25/2018,14.75,14.850000381469727,14.319999694824219,14.770000457763672,1090300,14.770000457763672
7/24/2018,15.300000190734863,15.5,14.470000267028809,14.670000076293945,1223200,14.670000076293945
7/23/2018,15.529999732971191,15.529999732971191,15.109999656677246,15.210000038146973,486200,15.210000038146973
7/20/2018,15.819999694824219,15.829999923706055,15.380000114440918,15.579999923706055,739300,15.579999923706055
7/19/2018,15.920000076293945,16.389999389648438,15.5600004196167,15.949999809265137,451600,15.949999809265137
7/18/2018,16.149999618530273,16.299999237060547,15.680000305175781,16.079999923706055,1746900,16.079999923706055
7/17/2018,15.90999984741211,16.18000030517578,15.5600004196167,16.09000015258789,968000,16.09000015258789
7/16/2018,17.040000915527344,17.15999984741211,15.069999694824219,16,1979400,16
7/13/2018,16.610000610351562,16.889999389648438,16.489999771118164,16.760000228881836,318700,16.760000228881836
7/12/2018,16.530000686645508,16.860000610351562,16.3799991607666,16.68000030517578,558600,16.68000030517578
7/11/2018,16.860000610351562,16.860000610351562,16.299999237060547,16.440000534057617,405700,16.440000534057617
7/10/2018,17.1299991607666,17.350000381469727,16.65999984741211,16.950000762939453,421400,16.950000762939453
7/9/2018,16.610000610351562,17.18000030517578,16.479999542236328,17.09000015258789,872500,17.09000015258789
7/6/2018,16.15999984741211,16.510000228881836,16.030000686645508,16.5,359100,16.5
7/5/2018,16.139999389648438,16.270000457763672,16,16.09000015258789,400800,16.09000015258789
7/3/2018,15.920000076293945,16.40999984741211,15.920000076293945,16.059999465942383,325300,16.059999465942383
7/2/2018,16.18000030517578,16.18000030517578,15.819999694824219,16,427600,16
6/29/2018,16.260000228881836,16.59000015258789,16.139999389648438,16.360000610351562,762700,16.360000610351562
6/28/2018,16.280000686645508,16.329999923706055,15.739999771118164,16.270000457763672,1162700,16.270000457763672
6/27/2018,16.700000762939453,17.09000015258789,16.200000762939453,16.299999237060547,882200,16.299999237060547
6/26/2018,16.670000076293945,16.770000457763672,16.440000534057617,16.5,399700,16.5
6/25/2018,16.68000030517578,16.780000686645508,16.440000534057617,16.700000762939453,293400,16.700000762939453
6/22/2018,16.270000457763672,16.739999771118164,16.270000457763672,16.709999084472656,817400,16.709999084472656
6/21/2018,16.31999969482422,16.700000762939453,16.15999984741211,16.25,2983800,16.25
6/20/2018,16.799999237060547,16.81999969482422,16.25,16.299999237060547,963200,16.299999237060547
6/19/2018,17.6299991607666,17.719999313354492,16.459999084472656,16.719999313354492,1420800,16.719999313354492
6/18/2018,17.729999542236328,17.81999969482422,17.56999969482422,17.770000457763672,323200,17.770000457763672
6/15/2018,17.75,17.889999389648438,17.56999969482422,17.690000534057617,552200,17.690000534057617
6/14/2018,17.850000381469727,18.059999465942383,17.719999313354492,17.790000915527344,363300,17.790000915527344
6/13/2018,17.889999389648438,18.260000228881836,17.760000228881836,17.90999984741211,1219100,17.90999984741211
6/12/2018,17.979999542236328,18.350000381469727,17.65999984741211,17.93000030517578,543500,17.93000030517578
6/11/2018,18.049999237060547,18.200000762939453,17.770000457763672,18.040000915527344,520600,18.040000915527344
6/8/2018,17.81999969482422,18.139999389648438,17.81999969482422,18.040000915527344,194000,18.040000915527344
6/7/2018,18.1200008392334,18.200000762939453,17.850000381469727,17.90999984741211,310400,17.90999984741211
6/6/2018,17.610000610351562,18.059999465942383,17.520000457763672,18.049999237060547,323100,18.049999237060547
6/5/2018,17.920000076293945,18.09000015258789,17.56999969482422,17.610000610351562,660900,17.610000610351562
6/4/2018,17.6200008392334,18.190000534057617,17.520000457763672,17.889999389648438,755500,17.889999389648438
6/1/2018,17.770000457763672,17.979999542236328,17.559999465942383,17.6200008392334,575200,17.6200008392334
5/31/2018,17.920000076293945,18.100000381469727,17.540000915527344,17.6200008392334,790700,17.6200008392334
5/30/2018,17.969999313354492,18.18000030517578,17.81999969482422,17.90999984741211,395100,17.90999984741211
5/29/2018,18.049999237060547,18.190000534057617,17.799999237060547,17.850000381469727,756200,17.850000381469727
5/25/2018,18.25,18.3700008392334,18,18.18000030517578,606900,18.18000030517578
5/24/2018,18.399999618530273,18.440000534057617,18.139999389648438,18.3700008392334,280000,18.3700008392334
5/23/2018,17.979999542236328,18.489999771118164,17.899999618530273,18.420000076293945,736300,18.420000076293945
5/22/2018,18.389999389648438,18.6299991607666,18.06999969482422,18.1200008392334,529400,18.1200008392334
5/21/2018,18.200000762939453,18.579999923706055,18.100000381469727,18.200000762939453,510500,18.200000762939453
5/18/2018,18.329999923706055,18.40999984741211,17.899999618530273,18.09000015258789,561600,18.09000015258789
5/17/2018,18.040000915527344,18.40999984741211,18.020000457763672,18.329999923706055,393900,18.329999923706055
5/16/2018,17.770000457763672,18.260000228881836,17.719999313354492,18.059999465942383,744000,18.059999465942383
5/15/2018,17.209999084472656,17.84000015258789,17.200000762939453,17.760000228881836,763900,17.760000228881836
5/14/2018,17.360000610351562,17.600000381469727,17.299999237060547,17.399999618530273,1023200,17.399999618530273
5/11/2018,17.43000030517578,17.540000915527344,17.149999618530273,17.3700008392334,678400,17.3700008392334
5/10/2018,17.399999618530273,17.65999984741211,17.229999542236328,17.299999237060547,937200,17.299999237060547
5/9/2018,17.299999237060547,17.420000076293945,17.139999389648438,17.25,590100,17.25
5/8/2018,17.459999084472656,17.56999969482422,17.31999969482422,17.3799991607666,463500,17.3799991607666
5/7/2018,17.690000534057617,17.829999923706055,17.3700008392334,17.43000030517578,333900,17.43000030517578
5/4/2018,17.420000076293945,17.979999542236328,17.420000076293945,17.68000030517578,371900,17.68000030517578
5/3/2018,17.56999969482422,17.649999618530273,17.149999618530273,17.459999084472656,641500,17.459999084472656
5/2/2018,17.670000076293945,18.040000915527344,17.59000015258789,17.68000030517578,611400,17.68000030517578
5/1/2018,18.549999237060547,18.549999237060547,17.030000686645508,17.649999618530273,1893600,17.649999618530273
4/30/2018,18.649999618530273,18.649999618530273,17.75,18.010000228881836,1104200,18.010000228881836
4/27/2018,18.84000015258789,19.079999923706055,18.479999542236328,18.540000915527344,658200,18.540000915527344
4/26/2018,18.700000762939453,18.959999084472656,18.549999237060547,18.760000228881836,400600,18.760000228881836
4/25/2018,19.020000457763672,19.25,18.649999618530273,18.700000762939453,690300,18.700000762939453
4/24/2018,19.329999923706055,19.450000762939453,18.559999465942383,18.639999389648438,452700,18.639999389648438
4/23/2018,19.25,19.59000015258789,19.200000762939453,19.329999923706055,645100,19.329999923706055
4/20/2018,19.3799991607666,19.450000762939453,19.020000457763672,19.25,423500,19.25
4/19/2018,19.360000610351562,19.649999618530273,19.020000457763672,19.280000686645508,796200,19.280000686645508
4/18/2018,19.3700008392334,19.520000457763672,19.209999084472656,19.299999237060547,347500,19.299999237060547
4/17/2018,19.34000015258789,19.43000030517578,19.18000030517578,19.299999237060547,583500,19.299999237060547
4/16/2018,19.06999969482422,19.34000015258789,18.780000686645508,19.270000457763672,436300,19.270000457763672
4/13/2018,18.899999618530273,19.020000457763672,18.6299991607666,18.809999465942383,429700,18.809999465942383
4/12/2018,18.200000762939453,18.790000915527344,17.969999313354492,18.729999542236328,792600,18.729999542236328
4/11/2018,18.290000915527344,18.469999313354492,17.959999084472656,18,804800,18
4/10/2018,18.079999923706055,18.610000610351562,17.8799991607666,18.299999237060547,682600,18.299999237060547
4/9/2018,17.790000915527344,18,17.649999618530273,17.690000534057617,516700,17.690000534057617
4/6/2018,17.790000915527344,18.030000686645508,17.540000915527344,17.600000381469727,585100,17.600000381469727
4/5/2018,18.079999923706055,18.170000076293945,17.459999084472656,17.6299991607666,1223400,17.6299991607666
4/4/2018,17.389999389648438,17.670000076293945,17.06999969482422,17.459999084472656,445900,17.459999084472656
4/3/2018,17.649999618530273,17.8799991607666,17.43000030517578,17.600000381469727,488200,17.600000381469727
4/2/2018,17.93000030517578,17.979999542236328,17.280000686645508,17.649999618530273,264800,17.649999618530273
3/29/2018,17.729999542236328,18.1299991607666,17.579999923706055,18.09000015258789,606700,18.09000015258789
3/28/2018,17.940000534057617,17.940000534057617,17.59000015258789,17.68000030517578,294400,17.68000030517578
3/27/2018,17.549999237060547,18.239999771118164,17.350000381469727,17.510000228881836,486200,17.510000228881836
3/26/2018,17.799999237060547,17.969999313354492,17.170000076293945,17.420000076293945,460400,17.420000076293945
3/23/2018,18.479999542236328,18.479999542236328,17.600000381469727,17.600000381469727,570200,17.600000381469727
3/22/2018,18.540000915527344,18.75,18.280000686645508,18.34000015258789,339300,18.34000015258789
3/21/2018,18.309999465942383,18.899999618530273,18.309999465942383,18.649999618530273,484200,18.649999618530273
3/20/2018,18.780000686645508,18.780000686645508,18.1200008392334,18.219999313354492,351500,18.219999313354492
3/19/2018,18.8799991607666,18.979999542236328,18.600000381469727,18.799999237060547,244800,18.799999237060547
3/16/2018,19.020000457763672,19.15999984741211,18.600000381469727,18.90999984741211,498100,18.90999984741211
3/15/2018,19.5,19.6299991607666,18.850000381469727,18.93000030517578,266900,18.93000030517578
3/14/2018,19.639999389648438,19.850000381469727,19.170000076293945,19.459999084472656,432200,19.459999084472656
3/13/2018,19.549999237060547,19.889999389648438,19.219999313354492,19.459999084472656,523200,19.459999084472656
3/12/2018,19.59000015258789,20.110000610351562,19.280000686645508,19.440000534057617,949600,19.440000534057617
3/9/2018,19.6299991607666,19.739999771118164,19.329999923706055,19.649999618530273,191600,19.649999618530273
3/8/2018,19.809999465942383,19.8799991607666,19.31999969482422,19.6200008392334,377800,19.6200008392334
3/7/2018,19.700000762939453,20.149999618530273,19.700000762939453,19.860000610351562,436800,19.860000610351562
3/6/2018,19.8700008392334,20.18000030517578,19.639999389648438,19.8700008392334,613900,19.8700008392334
3/5/2018,19.290000915527344,20.100000381469727,19.229999542236328,19.799999237060547,895800,19.799999237060547
3/2/2018,19.770000457763672,19.979999542236328,19.43000030517578,19.489999771118164,657600,19.489999771118164
3/1/2018,19.65999984741211,20.139999389648438,19.420000076293945,19.899999618530273,2379300,19.899999618530273
2/28/2018,20.100000381469727,20.1299991607666,18.809999465942383,19.139999389648438,1418500,19.139999389648438
2/27/2018,20.43000030517578,20.600000381469727,19.719999313354492,19.889999389648438,867800,19.889999389648438
2/26/2018,19.649999618530273,20.899999618530273,19.559999465942383,20.299999237060547,1529100,20.299999237060547
2/23/2018,18.68000030517578,20.450000762939453,18.68000030517578,19.549999237060547,3194000,19.549999237060547
2/22/2018,21.530000686645508,21.799999237060547,21.09000015258789,21.1200008392334,773500,21.1200008392334
2/21/2018,21.690000534057617,22.149999618530273,21.450000762939453,21.459999084472656,446900,21.459999084472656
2/20/2018,21.540000915527344,22.700000762939453,21.40999984741211,21.670000076293945,732700,21.670000076293945
2/16/2018,21.420000076293945,22.149999618530273,21.389999389648438,21.739999771118164,587000,21.739999771118164
2/15/2018,22.100000381469727,22.68000030517578,21.6200008392334,21.700000762939453,622400,21.700000762939453
2/14/2018,21.1299991607666,21.950000762939453,20.920000076293945,21.860000610351562,307300,21.860000610351562
2/13/2018,21.270000457763672,21.709999084472656,21.110000610351562,21.350000381469727,234500,21.350000381469727
2/12/2018,21.549999237060547,21.799999237060547,20.969999313354492,21.5,532500,21.5
2/9/2018,21.299999237060547,21.690000534057617,20.549999237060547,21.3700008392334,573800,21.3700008392334
2/8/2018,22.110000610351562,22.3700008392334,20.940000534057617,21.030000686645508,665900,21.030000686645508
2/7/2018,21.290000915527344,22.420000076293945,21.100000381469727,22.020000457763672,1533500,22.020000457763672
2/6/2018,19.81999969482422,21.729999542236328,19.739999771118164,21.270000457763672,1515800,21.270000457763672
2/5/2018,20.829999923706055,21.059999465942383,19.68000030517578,20.100000381469727,1291700,20.100000381469727
2/2/2018,22.209999084472656,22.420000076293945,21.020000457763672,21.020000457763672,894100,21.020000457763672
2/1/2018,22.59000015258789,22.899999618530273,22.100000381469727,22.420000076293945,1121900,22.420000076293945
1/31/2018,22.25,22.739999771118164,22.1299991607666,22.6200008392334,972600,22.6200008392334
1/30/2018,22.1299991607666,22.399999618530273,21.600000381469727,22.110000610351562,586800,22.110000610351562
1/29/2018,22.579999923706055,22.649999618530273,21.979999542236328,22.420000076293945,426900,22.420000076293945
1/26/2018,22.329999923706055,22.81999969482422,21.899999618530273,22.75,570900,22.75
1/25/2018,23.31999969482422,23.350000381469727,22.100000381469727,22.309999465942383,1533900,22.309999465942383
1/24/2018,23.68000030517578,23.790000915527344,22.959999084472656,22.989999771118164,1102600,22.989999771118164
1/23/2018,23.770000457763672,23.950000762939453,23.399999618530273,23.68000030517578,605400,23.68000030517578
1/22/2018,23.950000762939453,23.989999771118164,23.43000030517578,23.959999084472656,628800,23.959999084472656
1/19/2018,23.610000610351562,24.139999389648438,23.360000610351562,23.899999618530273,728600,23.899999618530273
1/18/2018,23.829999923706055,23.979999542236328,23.389999389648438,23.549999237060547,671400,23.549999237060547
1/17/2018,23.649999618530273,24.079999923706055,23.329999923706055,23.979999542236328,774800,23.979999542236328
1/16/2018,24,24.309999465942383,23.270000457763672,23.510000228881836,815600,23.510000228881836
1/12/2018,23.969999313354492,23.969999313354492,23.719999313354492,23.90999984741211,289800,23.90999984741211
1/11/2018,23.270000457763672,23.989999771118164,23.1200008392334,23.940000534057617,1407900,23.940000534057617
1/10/2018,23.440000534057617,23.440000534057617,22.829999923706055,23.149999618530273,836900,23.149999618530273
1/9/2018,23.59000015258789,23.799999237060547,23.280000686645508,23.540000915527344,577400,23.540000915527344
1/8/2018,23.450000762939453,24,23.239999771118164,23.6200008392334,1448800,23.6200008392334
1/5/2018,23.09000015258789,23.510000228881836,23.010000228881836,23.450000762939453,1147600,23.450000762939453
1/4/2018,23.170000076293945,23.6200008392334,22.43000030517578,23,839000,23
1/3/2018,22.850000381469727,23.459999084472656,22.350000381469727,23.110000610351562,1192800,23.110000610351562
1/2/2018,22.200000762939453,22.969999313354492,22.200000762939453,22.790000915527344,1710600,22.790000915527344
12/29/2017,22.3799991607666,22.3799991607666,21.809999465942383,22.1200008392334,349300,22.1200008392334
12/28/2017,21.90999984741211,22.299999237060547,21.8700008392334,22.260000228881836,294900,22.260000228881836
12/27/2017,22.010000228881836,22.299999237060547,21.920000076293945,21.989999771118164,251400,21.989999771118164
12/26/2017,21.729999542236328,22.149999618530273,21.600000381469727,22.059999465942383,506800,22.059999465942383
12/22/2017,22.049999237060547,22.09000015258789,21.690000534057617,21.729999542236328,257100,21.729999542236328
12/21/2017,22.290000915527344,22.43000030517578,22.139999389648438,22.149999618530273,292400,22.149999618530273
12/20/2017,22.1299991607666,22.479999542236328,21.899999618530273,22.170000076293945,1008700,22.170000076293945
12/19/2017,22.15999984741211,22.360000610351562,21.850000381469727,22.020000457763672,663900,22.020000457763672
12/18/2017,21.649999618530273,22.489999771118164,21.260000228881836,22.200000762939453,1578100,22.200000762939453
12/15/2017,21.09000015258789,21.65999984741211,20.760000228881836,21.6299991607666,1310900,21.6299991607666
12/14/2017,20.530000686645508,21.239999771118164,20.350000381469727,21.030000686645508,1297000,21.030000686645508
12/13/2017,20.700000762939453,21,20.360000610351562,20.3700008392334,1228400,20.3700008392334
12/12/2017,20.739999771118164,21.280000686645508,20.670000076293945,20.729999542236328,1001600,20.729999542236328
12/11/2017,21.020000457763672,21.399999618530273,20.649999618530273,20.780000686645508,852500,20.780000686645508
12/8/2017,20.889999389648438,21.139999389648438,20.440000534057617,20.979999542236328,2110400,20.979999542236328
12/7/2017,20.780000686645508,21.489999771118164,20.530000686645508,20.8700008392334,2040700,20.8700008392334
12/6/2017,20.100000381469727,20.969999313354492,20.100000381469727,20.579999923706055,3674900,20.579999923706055
12/5/2017,22.139999389648438,22.280000686645508,21.780000686645508,21.809999465942383,1720700,21.809999465942383
12/4/2017,22.690000534057617,22.799999237060547,22.020000457763672,22.229999542236328,3067000,22.229999542236328
12/1/2017,22.25,22.43000030517578,21.600000381469727,22.139999389648438,3233700,22.139999389648438
11/30/2017,22.450000762939453,22.75,21.649999618530273,22,16061900,22
11/29/2017,23.899999618530273,24.25,22.93000030517578,22.959999084472656,2296200,22.959999084472656
11/28/2017,22.5,24.219999313354492,22.3700008392334,24.059999465942383,2004700,24.059999465942383
11/27/2017,23.100000381469727,23.59000015258789,22.729999542236328,23.15999984741211,370600,23.15999984741211
11/24/2017,23.649999618530273,23.829999923706055,23.229999542236328,23.280000686645508,275100,23.280000686645508
11/22/2017,23.700000762939453,24.010000228881836,23.469999313354492,23.610000610351562,283900,23.610000610351562
11/21/2017,23.469999313354492,23.809999465942383,23.299999237060547,23.809999465942383,509600,23.809999465942383
11/20/2017,22.989999771118164,23.670000076293945,22.920000076293945,23.59000015258789,270700,23.59000015258789
11/17/2017,23.09000015258789,23.149999618530273,22.84000015258789,23.100000381469727,216500,23.100000381469727
11/16/2017,22.219999313354492,23.09000015258789,22.170000076293945,23.010000228881836,413000,23.010000228881836
11/15/2017,22.770000457763672,22.770000457763672,22.18000030517578,22.209999084472656,313100,22.209999084472656
11/14/2017,22.520000457763672,23.18000030517578,22.5,22.8799991607666,412800,22.8799991607666
11/13/2017,22.690000534057617,22.989999771118164,22.030000686645508,22.530000686645508,389000,22.530000686645508
11/10/2017,22.6299991607666,23.139999389648438,22.559999465942383,22.899999618530273,925900,22.899999618530273
11/9/2017,22.3799991607666,23.139999389648438,22.260000228881836,22.770000457763672,696800,22.770000457763672
11/8/2017,22.34000015258789,22.690000534057617,21.770000457763672,22.399999618530273,949600,22.399999618530273
11/7/2017,22.959999084472656,23.1200008392334,22.190000534057617,22.399999618530273,815500,22.399999618530273
11/6/2017,23.690000534057617,23.690000534057617,22.6200008392334,22.860000610351562,926900,22.860000610351562
11/3/2017,24.40999984741211,24.729999542236328,23.5,23.690000534057617,1093500,23.690000534057617
11/2/2017,24.8799991607666,25.110000610351562,24.1299991607666,24.43000030517578,293300,24.43000030517578
11/1/2017,25.15999984741211,25.229999542236328,24.709999084472656,24.860000610351562,640700,24.860000610351562
10/31/2017,25,25.229999542236328,24.6200008392334,25,570200,25
10/30/2017,25.049999237060547,25.049999237060547,24.399999618530273,24.639999389648438,748400,24.639999389648438
10/27/2017,26.5,26.899999618530273,24.549999237060547,24.809999465942383,1908600,24.809999465942383
10/26/2017,25.469999313354492,25.579999923706055,24.889999389648438,25.5,660900,25.5
10/25/2017,24.809999465942383,25.239999771118164,24.649999618530273,25.079999923706055,747400,25.079999923706055
10/24/2017,24.280000686645508,24.8799991607666,24.280000686645508,24.739999771118164,352300,24.739999771118164
10/23/2017,24.110000610351562,24.399999618530273,23.739999771118164,24.209999084472656,530100,24.209999084472656
10/20/2017,23.790000915527344,24.219999313354492,23.639999389648438,23.850000381469727,321900,23.850000381469727
10/19/2017,23.899999618530273,24.049999237060547,23.510000228881836,23.68000030517578,510900,23.68000030517578
10/18/2017,24.690000534057617,24.940000534057617,23.860000610351562,24.020000457763672,664900,24.020000457763672
10/17/2017,24.610000610351562,25.1299991607666,24.510000228881836,24.600000381469727,637600,24.600000381469727
10/16/2017,24.540000915527344,24.700000762939453,24.309999465942383,24.510000228881836,376600,24.510000228881836
10/13/2017,24.469999313354492,24.59000015258789,24.030000686645508,24.399999618530273,587400,24.399999618530273
10/12/2017,24.700000762939453,24.729999542236328,24.06999969482422,24.229999542236328,1247000,24.229999542236328
10/11/2017,23.299999237060547,24.040000915527344,23.09000015258789,24,790100,24
10/10/2017,23.149999618530273,23.530000686645508,23.040000915527344,23.270000457763672,670500,23.270000457763672
10/9/2017,22.940000534057617,23.459999084472656,22.649999618530273,23.190000534057617,278900,23.190000534057617
10/6/2017,22.989999771118164,23.059999465942383,22.549999237060547,22.780000686645508,418400,22.780000686645508
10/5/2017,23.209999084472656,23.729999542236328,22.920000076293945,23.010000228881836,536400,23.010000228881836
10/4/2017,22.889999389648438,23.329999923706055,22.520000457763672,22.920000076293945,691000,22.920000076293945
10/3/2017,23.149999618530273,23.440000534057617,22.549999237060547,22.809999465942383,828700,22.809999465942383
10/2/2017,22.65999984741211,23.190000534057617,22.309999465942383,23,671900,23
9/29/2017,22.790000915527344,22.790000915527344,22.06999969482422,22.600000381469727,426400,22.600000381469727
9/28/2017,22.790000915527344,22.940000534057617,22.450000762939453,22.719999313354492,430200,22.719999313354492
9/27/2017,22.84000015258789,23.149999618530273,22.719999313354492,22.829999923706055,407400,22.829999923706055
9/26/2017,22.540000915527344,22.93000030517578,22.299999237060547,22.780000686645508,256900,22.780000686645508
9/25/2017,22.829999923706055,23.139999389648438,22.270000457763672,22.43000030517578,427400,22.43000030517578
9/22/2017,22.440000534057617,23.270000457763672,21.75,22.8799991607666,336900,22.8799991607666
9/21/2017,22.579999923706055,22.899999618530273,22.25,22.40999984741211,129400,22.40999984741211
9/20/2017,23.079999923706055,23.420000076293945,22.200000762939453,22.579999923706055,495300,22.579999923706055
9/19/2017,22.899999618530273,23.440000534057617,22.84000015258789,22.899999618530273,542700,22.899999618530273
9/18/2017,22.25,23.25,22.020000457763672,22.8799991607666,863500,22.8799991607666
9/15/2017,22.190000534057617,22.700000762939453,22.15999984741211,22.290000915527344,1165900,22.290000915527344
9/14/2017,22.280000686645508,22.450000762939453,21.280000686645508,22.059999465942383,571300,22.059999465942383
9/13/2017,22.31999969482422,23,22.229999542236328,22.229999542236328,936000,22.229999542236328
9/12/2017,21.979999542236328,22.3700008392334,21.739999771118164,22.280000686645508,448200,22.280000686645508
9/11/2017,21.600000381469727,22.3700008392334,21.5,21.979999542236328,771100,21.979999542236328
9/8/2017,21.110000610351562,21.59000015258789,20.75,21.40999984741211,374200,21.40999984741211
9/7/2017,20.770000457763672,21.229999542236328,20.739999771118164,21.18000030517578,754700,21.18000030517578
9/6/2017,20.8700008392334,21,20.600000381469727,20.700000762939453,680500,20.700000762939453
9/5/2017,20.790000915527344,21,20.549999237060547,20.84000015258789,865300,20.84000015258789
9/1/2017,20.3700008392334,21,20.3700008392334,20.850000381469727,874500,20.850000381469727
8/31/2017,20.280000686645508,20.459999084472656,20.110000610351562,20.299999237060547,345700,20.299999237060547
8/30/2017,20.1200008392334,20.479999542236328,19.860000610351562,20.34000015258789,315200,20.34000015258789
8/29/2017,20.1200008392334,20.5,19.969999313354492,20.190000534057617,614200,20.190000534057617
8/28/2017,20.200000762939453,20.479999542236328,19.90999984741211,20.049999237060547,788800,20.049999237060547
8/25/2017,19.559999465942383,20.540000915527344,19.40999984741211,20.06999969482422,734200,20.06999969482422
8/24/2017,18.8799991607666,19.65999984741211,18.649999618530273,19.450000762939453,453800,19.450000762939453
8/23/2017,18.309999465942383,18.950000762939453,18.309999465942383,18.68000030517578,215600,18.68000030517578
8/22/2017,18.450000762939453,18.729999542236328,18.049999237060547,18.360000610351562,308700,18.360000610351562
8/21/2017,18.75,18.899999618530273,18.260000228881836,18.399999618530273,398600,18.399999618530273
8/18/2017,18.770000457763672,18.780000686645508,18.540000915527344,18.56999969482422,357200,18.56999969482422
8/17/2017,19.059999465942383,19.059999465942383,18.5,18.649999618530273,350500,18.649999618530273
8/16/2017,18.850000381469727,19.290000915527344,18.75,18.989999771118164,525600,18.989999771118164
8/15/2017,19.3700008392334,19.440000534057617,18.790000915527344,18.979999542236328,417500,18.979999542236328
8/14/2017,19.610000610351562,20,19.219999313354492,19.219999313354492,575400,19.219999313354492
8/11/2017,19.110000610351562,19.84000015258789,18.829999923706055,19.549999237060547,1092400,19.549999237060547
8/10/2017,18.950000762939453,19.5,18.5,19.139999389648438,881500,19.139999389648438
8/9/2017,19.739999771118164,19.860000610351562,19,19.040000915527344,733100,19.040000915527344
8/8/2017,20.43000030517578,20.520000457763672,17.850000381469727,19.5,2146600,19.5
8/7/2017,20.440000534057617,20.649999618530273,20.299999237060547,20.530000686645508,887000,20.530000686645508
8/4/2017,20.649999618530273,20.739999771118164,20.350000381469727,20.6299991607666,1708900,20.6299991607666
8/3/2017,20.889999389648438,21.34000015258789,20.40999984741211,20.649999618530273,11445000,20.649999618530273
