4/22/2019,54.709999084472656,54.880001068115234,54.209999084472656,54.33000183105469,972700,54.33000183105469
4/18/2019,54.63999938964844,54.720001220703125,54.25,54.65999984741211,1054900,54.65999984741211
4/17/2019,55.56999969482422,55.61000061035156,54.560001373291016,54.619998931884766,1405400,54.619998931884766
4/16/2019,54.68000030517578,55.310001373291016,54.400001525878906,55.279998779296875,1409500,55.279998779296875
4/15/2019,54.5,54.7400016784668,54.16999816894531,54.27000045776367,1296000,54.27000045776367
4/12/2019,53.880001068115234,54.7400016784668,53.81999969482422,54.400001525878906,1436500,54.400001525878906
4/11/2019,53.02000045776367,53.56999969482422,52.90999984741211,53.119998931884766,1295200,53.119998931884766
4/10/2019,52.189998626708984,52.900001525878906,51.900001525878906,52.77000045776367,1697300,52.77000045776367
4/9/2019,52.43000030517578,52.459999084472656,51.75,51.900001525878906,1318900,51.900001525878906
4/8/2019,52.290000915527344,52.560001373291016,52,52.540000915527344,573600,52.540000915527344
4/5/2019,51.93000030517578,52.5099983215332,51.88999938964844,52.33000183105469,1017200,52.33000183105469
4/4/2019,51.130001068115234,51.84000015258789,51.040000915527344,51.72999954223633,1157500,51.72999954223633
4/3/2019,51.2400016784668,51.5,50.790000915527344,51.02000045776367,1065000,51.02000045776367
4/2/2019,51.040000915527344,51.310001373291016,50.720001220703125,50.75,1349600,50.75
4/1/2019,50.5,51.349998474121094,50.279998779296875,51.209999084472656,1371000,51.209999084472656
3/29/2019,50.33000183105469,50.599998474121094,49.79999923706055,49.959999084472656,1782800,49.959999084472656
3/28/2019,49.84000015258789,50.13999938964844,49.43000030517578,49.91999816894531,1477700,49.91999816894531
3/27/2019,49.22999954223633,49.849998474121094,49.13999938964844,49.72999954223633,1822700,49.72999954223633
3/26/2019,48.880001068115234,49.43000030517578,48.43000030517578,49.310001373291016,1452100,49.310001373291016
3/25/2019,48.349998474121094,48.720001220703125,47.709999084472656,48.06999969482422,1370300,48.06999969482422
3/22/2019,49.84000015258789,49.9900016784668,47.84000015258789,48.31999969482422,2275500,48.31999969482422
3/21/2019,49.970001220703125,50.70000076293945,49.58000183105469,50.349998474121094,1419900,50.349998474121094
3/20/2019,50.68000030517578,51.0099983215332,49.95000076293945,50.2599983215332,2018600,50.2599983215332
3/19/2019,51.709999084472656,51.900001525878906,50.630001068115234,50.7400016784668,1209000,50.7400016784668
3/18/2019,51.08000183105469,51.849998474121094,51.08000183105469,51.310001373291016,1227400,51.310001373291016
3/15/2019,49.869998931884766,51.040000915527344,49.869998931884766,51.029998779296875,2042600,51.029998779296875
3/14/2019,49.47999954223633,50.09000015258789,49.29999923706055,49.9900016784668,943000,49.9900016784668
3/13/2019,49.70000076293945,50.029998779296875,49.439998626708984,49.5099983215332,1006700,49.5099983215332
3/12/2019,49.33000183105469,49.709999084472656,49.310001373291016,49.459999084472656,1086800,49.459999084472656
3/11/2019,49.04999923706055,49.369998931884766,48.7599983215332,49.13999938964844,935900,49.13999938964844
3/8/2019,48.2599983215332,48.709999084472656,48.02000045776367,48.65999984741211,2563800,48.65999984741211
3/7/2019,49.470001220703125,49.58000183105469,48.66999816894531,49.099998474121094,1137300,49.099998474121094
3/6/2019,50.86000061035156,51.029998779296875,49.7400016784668,49.779998779296875,836300,49.779998779296875
3/5/2019,50.7400016784668,51.02000045776367,50.16999816894531,50.88999938964844,885800,50.88999938964844
3/4/2019,50.84000015258789,51.33000183105469,50.150001525878906,50.83000183105469,953900,50.83000183105469
3/1/2019,51.150001525878906,51.380001068115234,50.47999954223633,50.68000030517578,636200,50.68000030517578
2/28/2019,50.20000076293945,51.02000045776367,50.20000076293945,50.56999969482422,1821700,50.56999969482422
2/27/2019,49.72999954223633,50.349998474121094,49.529998779296875,50.25,2211200,50.25
2/26/2019,49.529998779296875,50.20000076293945,49.5,49.720001220703125,1104400,49.71000289916992
2/25/2019,50.279998779296875,50.599998474121094,49.79999923706055,49.970001220703125,1085900,49.95995330810547
2/22/2019,50.0099983215332,50.27000045776367,49.70000076293945,49.95000076293945,1084200,49.93995666503906
2/21/2019,50.31999969482422,50.5099983215332,49.779998779296875,50.029998779296875,624300,50.019935607910156
2/20/2019,49.52000045776367,50.27000045776367,49.380001068115234,50.18000030517578,1089600,50.1699104309082
2/19/2019,49.22999954223633,49.79999923706055,49.08000183105469,49.66999816894531,1785500,49.66000747680664
2/15/2019,49,49.599998474121094,48.790000915527344,49.58000183105469,1022700,49.570030212402344
2/14/2019,48.849998474121094,49.040000915527344,48.5,48.56999969482422,1211100,48.56023025512695
2/13/2019,49.33000183105469,49.939998626708984,49.02000045776367,49.040000915527344,1093600,49.0301399230957
2/12/2019,48.56999969482422,49.34000015258789,48.40999984741211,48.88999938964844,1425800,48.88016891479492
2/11/2019,47.72999954223633,48.11000061035156,47.61000061035156,48.02000045776367,1916700,48.01034164428711
2/8/2019,47.77000045776367,48.189998626708984,47.15999984741211,47.650001525878906,1609800,47.640419006347656
2/7/2019,48.630001068115234,48.77000045776367,47.779998779296875,48.20000076293945,2374400,48.1903076171875
2/6/2019,48.65999984741211,50.31999969482422,48.130001068115234,48.75,2380600,48.740196228027344
2/5/2019,46.81999969482422,47.22999954223633,46.29999923706055,46.779998779296875,1584100,46.770591735839844
2/4/2019,46.91999816894531,46.97999954223633,46.59000015258789,46.83000183105469,1054600,46.82058334350586
2/1/2019,46.630001068115234,47.16999816894531,46.189998626708984,46.959999084472656,883200,46.95055389404297
1/31/2019,45.66999816894531,46.630001068115234,45.66999816894531,46.43000030517578,1342500,46.42066192626953
1/30/2019,46.16999816894531,46.56999969482422,45.40999984741211,46.13999938964844,1415100,46.13072204589844
1/29/2019,46.380001068115234,46.560001373291016,46.060001373291016,46.15999984741211,1891200,46.150718688964844
1/28/2019,46.13999938964844,46.66999816894531,45.93000030517578,46.400001525878906,842700,46.39067077636719
1/25/2019,46.060001373291016,46.79999923706055,45.869998931884766,46.7400016784668,1296800,46.7306022644043
1/24/2019,44.93000030517578,46.290000915527344,44.93000030517578,45.599998474121094,1516300,45.59082794189453
1/23/2019,45.31999969482422,45.31999969482422,44.310001373291016,45.13999938964844,2444300,45.13092041015625
1/22/2019,45,45.220001220703125,44.56999969482422,44.86000061035156,2146000,44.85097885131836
1/18/2019,44.77000045776367,45.5,44.560001373291016,45.349998474121094,1309700,45.340877532958984
1/17/2019,44.13999938964844,44.880001068115234,43.79999923706055,44.470001220703125,1092100,44.4610595703125
1/16/2019,43.5099983215332,44.58000183105469,43.5,44.31999969482422,1544200,44.31108856201172
1/15/2019,42.5099983215332,43.5,42.279998779296875,43.2599983215332,1003300,43.25129699707031
1/14/2019,41.970001220703125,43.380001068115234,41.95000076293945,42.709999084472656,1622000,42.70140838623047
1/11/2019,41.66999816894531,42.66999816894531,41.650001525878906,42.45000076293945,2165800,42.441463470458984
1/10/2019,41.77000045776367,42.84000015258789,41.709999084472656,42.150001525878906,1624200,42.14152526855469
1/9/2019,41.81999969482422,42.47999954223633,41.43000030517578,42.09000015258789,1925100,42.08153533935547
1/8/2019,42.369998931884766,42.470001220703125,41.33000183105469,41.709999084472656,2287400,41.70161056518555
1/7/2019,40.75,41.77000045776367,40.439998626708984,41.16999816894531,1877900,41.161720275878906
1/4/2019,40.470001220703125,41.29999923706055,40.150001525878906,41.0099983215332,2383100,41.00175094604492
1/3/2019,39.619998931884766,40.119998931884766,39.16999816894531,39.529998779296875,871400,39.52204895019531
1/2/2019,39.27000045776367,40.459999084472656,39.22999954223633,40.029998779296875,1252400,40.021949768066406
12/31/2018,39.77000045776367,40.150001525878906,39.5,40.13999938964844,1112400,40.131927490234375
12/28/2018,39.66999816894531,40.25,39.220001220703125,39.52000045776367,1247400,39.512054443359375
12/27/2018,38.40999984741211,39.599998474121094,38.08000183105469,39.540000915527344,1185800,39.53205108642578
12/26/2018,37.20000076293945,39.09000015258789,36.65999984741211,39.08000183105469,3154500,39.0721435546875
12/24/2018,37.130001068115234,37.77000045776367,36.88999938964844,37.060001373291016,682100,37.052547454833984
12/21/2018,38.7400016784668,39.290000915527344,37.47999954223633,37.56999969482422,2957400,37.562442779541016
12/20/2018,38.79999923706055,39.720001220703125,38.380001068115234,38.81999969482422,1681900,38.812191009521484
12/19/2018,39.970001220703125,40.900001525878906,39.02000045776367,39.2599983215332,1658100,39.25210189819336
12/18/2018,40.61000061035156,41.04999923706055,39.84000015258789,40.11000061035156,1768800,40.101932525634766
12/17/2018,40.90999984741211,41.66999816894531,40.220001220703125,40.41999816894531,1956100,40.411869049072266
12/14/2018,41.619998931884766,42.2400016784668,41,41.279998779296875,1356700,41.271697998046875
12/13/2018,42.25,42.540000915527344,41.86000061035156,42.2400016784668,1247900,42.23150634765625
12/12/2018,42.209999084472656,43.099998474121094,41.79999923706055,42.279998779296875,1555600,42.2714958190918
12/11/2018,42.970001220703125,43.11000061035156,41.349998474121094,41.47999954223633,1304100,41.471656799316406
12/10/2018,42.619998931884766,42.91999816894531,41.279998779296875,42.15999984741211,1632800,42.151519775390625
12/7/2018,43.470001220703125,44.380001068115234,42.599998474121094,42.869998931884766,1673700,42.86137771606445
12/6/2018,42.31999969482422,43.529998779296875,42.15999984741211,43.5,2276400,43.49125289916992
12/4/2018,45.43000030517578,45.43000030517578,42.9900016784668,43.900001525878906,1949100,43.89117431640625
12/3/2018,45.95000076293945,46.56999969482422,45.33000183105469,45.630001068115234,2056200,45.62082290649414
11/30/2018,44.41999816894531,45.15999984741211,44.310001373291016,44.95000076293945,2290600,44.94095993041992
11/29/2018,44.65999984741211,45.130001068115234,44.400001525878906,44.66999816894531,1561500,44.661014556884766
11/28/2018,44.27000045776367,45.18000030517578,43.689998626708984,45.13999938964844,1590300,45.12092208862305
11/27/2018,44.2400016784668,44.90999984741211,44.06999969482422,44.15999984741211,1078900,44.141334533691406
11/26/2018,44.349998474121094,45.06999969482422,44.13999938964844,44.61000061035156,1027100,44.591148376464844
11/23/2018,43.369998931884766,44.33000183105469,43.06999969482422,43.54999923706055,566500,43.53159713745117
11/21/2018,43.2400016784668,44.709999084472656,43.220001220703125,43.869998931884766,2527600,43.85145950317383
11/20/2018,42.7599983215332,43.33000183105469,42.209999084472656,43.0099983215332,1949800,42.9918212890625
11/19/2018,44.349998474121094,44.349998474121094,42.880001068115234,43.43000030517578,2631700,43.41164779663086
11/16/2018,44.900001525878906,45,44.29999923706055,44.47999954223633,1626600,44.461204528808594
11/15/2018,44.5099983215332,45.41999816894531,43.689998626708984,45.36000061035156,1773100,45.3408317565918
11/14/2018,45.88999938964844,46.529998779296875,44.47999954223633,45.06999969482422,2229600,45.05094909667969
11/13/2018,44.689998626708984,46.52000045776367,44.63999938964844,45.52000045776367,2271600,45.500762939453125
11/12/2018,45.689998626708984,45.90999984741211,44.52000045776367,44.54999923706055,1165100,44.53117370605469
11/9/2018,46.130001068115234,46.66999816894531,45.31999969482422,45.630001068115234,1158200,45.6107177734375
11/8/2018,45.88999938964844,46.91999816894531,45.88999938964844,46.470001220703125,1693400,46.45036315917969
11/7/2018,45.34000015258789,46.29999923706055,44.7599983215332,46.2400016784668,1629800,46.220458984375
11/6/2018,44.47999954223633,45.290000915527344,44.29999923706055,44.970001220703125,1193800,44.95099639892578
11/5/2018,44.290000915527344,45.150001525878906,44.290000915527344,44.63999938964844,1790100,44.621131896972656
11/2/2018,45.2400016784668,45.83000183105469,43.79999923706055,44.22999954223633,1992100,44.211307525634766
11/1/2018,44.22999954223633,45.029998779296875,44.08000183105469,44.61000061035156,1831100,44.591148376464844
10/31/2018,42.220001220703125,44.779998779296875,42.220001220703125,43.7599983215332,3141400,43.74150848388672
10/30/2018,41.529998779296875,42.02000045776367,40.709999084472656,41.36000061035156,2399900,41.34252166748047
10/29/2018,42.59000015258789,43.08000183105469,40.4900016784668,41.380001068115234,2102500,41.36251449584961
10/26/2018,42.29999923706055,42.560001373291016,41.04999923706055,41.84000015258789,1915400,41.82231903076172
10/25/2018,42.380001068115234,43.540000915527344,42.130001068115234,42.9900016784668,2206700,42.971832275390625
10/24/2018,44.43000030517578,44.630001068115234,41.779998779296875,41.88999938964844,3196200,41.87229537963867
10/23/2018,44.40999984741211,45.04999923706055,43.47999954223633,44.470001220703125,3002800,44.45120620727539
10/22/2018,46.81999969482422,47.22999954223633,45.11000061035156,45.27000045776367,3311300,45.25086975097656
10/19/2018,47.11000061035156,47.779998779296875,46.63999938964844,46.650001525878906,2281900,46.630287170410156
10/18/2018,48.34000015258789,48.56999969482422,46.900001525878906,47.119998931884766,1547800,47.10008239746094
10/17/2018,47.599998474121094,48.95000076293945,47.540000915527344,48.45000076293945,1451500,48.42952346801758
10/16/2018,47.5,47.79999923706055,46.84000015258789,47.77000045776367,1188700,47.749813079833984
10/15/2018,47.41999816894531,47.849998474121094,47.119998931884766,47.16999816894531,1235800,47.150062561035156
10/12/2018,48.15999984741211,48.41999816894531,46.11000061035156,47.470001220703125,1646700,47.4499397277832
10/11/2018,49.0099983215332,49.61000061035156,47.08000183105469,47.2599983215332,1956900,47.24002456665039
10/10/2018,51.70000076293945,51.75,49.400001525878906,49.45000076293945,1697600,49.42910385131836
10/9/2018,51.630001068115234,51.9900016784668,51.150001525878906,51.650001525878906,1278500,51.628173828125
10/8/2018,51.16999816894531,52,51.040000915527344,51.91999816894531,1109500,51.89805603027344
10/5/2018,51.959999084472656,52.349998474121094,51.25,51.380001068115234,1137700,51.3582878112793
10/4/2018,51.09000015258789,51.880001068115234,51.029998779296875,51.84000015258789,1712800,51.818092346191406
10/3/2018,50.689998626708984,51.36000061035156,50.5,50.970001220703125,1334900,50.948463439941406
10/2/2018,49.97999954223633,50.31999969482422,49.31999969482422,50.11000061035156,1070300,50.08882522583008
10/1/2018,50,50.72999954223633,49.810001373291016,50.04999923706055,1053500,50.028846740722656
9/28/2018,49.040000915527344,49.86000061035156,49.040000915527344,49.66999816894531,1423900,49.64900588989258
9/27/2018,49.58000183105469,49.869998931884766,49.11000061035156,49.41999816894531,1251800,49.399112701416016
9/26/2018,50.56999969482422,50.68000030517578,49.43000030517578,49.47999954223633,1888800,49.45908737182617
9/25/2018,50.650001525878906,51.040000915527344,50.45000076293945,50.470001220703125,1609100,50.448673248291016
9/24/2018,50.459999084472656,50.63999938964844,50.189998626708984,50.38999938964844,1122500,50.36870193481445
9/21/2018,50.150001525878906,50.599998474121094,50.0099983215332,50.5,2429800,50.47865676879883
9/20/2018,50.5099983215332,51.06999969482422,49.97999954223633,50.099998474121094,1714200,50.07882308959961
9/19/2018,49.650001525878906,50.81999969482422,49.5099983215332,50.16999816894531,2027400,50.14879608154297
9/18/2018,48.81999969482422,49.790000915527344,48.599998474121094,49.560001373291016,1258800,49.539058685302734
9/17/2018,49.560001373291016,49.970001220703125,48.40999984741211,48.59000015258789,1266400,48.56946563720703
9/14/2018,48.47999954223633,49.7400016784668,48.470001220703125,49.38999938964844,1829000,49.3691291809082
9/13/2018,48.36000061035156,48.91999816894531,48.209999084472656,48.369998931884766,1080600,48.34955978393555
9/12/2018,48.290000915527344,48.43000030517578,47.849998474121094,48.16999816894531,903500,48.14963912963867
9/11/2018,48.02000045776367,48.439998626708984,47.61000061035156,48.33000183105469,1642900,48.30957794189453
9/10/2018,49,49.04999923706055,48.209999084472656,48.209999084472656,1177300,48.18962478637695
9/7/2018,49.09000015258789,49.2599983215332,48.33000183105469,48.720001220703125,1440700,48.69940948486328
9/6/2018,49.630001068115234,50,48.790000915527344,49.040000915527344,1612500,49.0192756652832
9/5/2018,49.79999923706055,50.310001373291016,49.5,49.58000183105469,1132900,49.55904769897461
9/4/2018,49.93000030517578,50.27000045776367,49.709999084472656,50.060001373291016,789200,50.03884506225586
8/31/2018,50,50.2599983215332,49.779998779296875,50.06999969482422,794100,50.0488395690918
8/30/2018,50.709999084472656,51.16999816894531,50.20000076293945,50.2599983215332,916500,50.2387580871582
8/29/2018,50.810001373291016,51.2599983215332,50.66999816894531,50.95000076293945,1107200,50.91847229003906
8/28/2018,50.970001220703125,51.29999923706055,50.63999938964844,50.849998474121094,986800,50.81853103637695
8/27/2018,50.189998626708984,51.16999816894531,49.880001068115234,50.7599983215332,1220100,50.72858810424805
8/24/2018,50.13999938964844,50.220001220703125,49.65999984741211,49.7599983215332,892200,49.72920608520508
8/23/2018,50.41999816894531,50.529998779296875,49.65999984741211,49.72999954223633,1247200,49.69922637939453
8/22/2018,50.68000030517578,50.869998931884766,50.33000183105469,50.47999954223633,588200,50.448760986328125
8/21/2018,50.040000915527344,51.09000015258789,49.900001525878906,50.68000030517578,889000,50.64863967895508
8/20/2018,49.81999969482422,50.150001525878906,49.65999984741211,50.0099983215332,653700,49.97905349731445
8/17/2018,49.58000183105469,50.15999984741211,49.369998931884766,49.970001220703125,972400,49.93907928466797
8/16/2018,49.25,50.220001220703125,49.02000045776367,49.59000015258789,1017800,49.5593147277832
8/15/2018,49.060001373291016,49.279998779296875,48.439998626708984,48.7599983215332,923600,48.729827880859375
8/14/2018,49.06999969482422,49.83000183105469,48.970001220703125,49.5099983215332,1164800,49.47936248779297
8/13/2018,49.18000030517578,49.4900016784668,48.779998779296875,48.97999954223633,1277200,48.94968795776367
8/10/2018,49.720001220703125,49.900001525878906,48.709999084472656,49.2599983215332,1197600,49.229515075683594
8/9/2018,50.88999938964844,51.2599983215332,50.38999938964844,50.400001525878906,967600,50.368812561035156
8/8/2018,50.59000015258789,51.02000045776367,50.290000915527344,50.86000061035156,763100,50.828529357910156
8/7/2018,50.349998474121094,51.31999969482422,50.349998474121094,50.650001525878906,1227700,50.618656158447266
8/6/2018,49.970001220703125,50.47999954223633,49.5,50.27000045776367,1428900,50.2388916015625
8/3/2018,48.90999984741211,50.470001220703125,48.90999984741211,49.91999816894531,1019400,49.88910675048828
8/2/2018,48.90999984741211,50.959999084472656,48.90999984741211,50.0099983215332,2021100,49.97905349731445
8/1/2018,50.81999969482422,51.13999938964844,49.099998474121094,49.56999969482422,2202000,49.53932571411133
7/31/2018,51.099998474121094,51.2400016784668,50.380001068115234,50.52000045776367,1372200,50.488739013671875
7/30/2018,51.040000915527344,51.41999816894531,50.779998779296875,51.04999923706055,1370500,51.018409729003906
7/27/2018,50.86000061035156,51.47999954223633,50.619998931884766,50.93000030517578,1055300,50.89848327636719
7/26/2018,50.15999984741211,50.90999984741211,50.0099983215332,50.7400016784668,1756100,50.70860290527344
7/25/2018,49.93000030517578,50.2400016784668,49.470001220703125,50.15999984741211,1009400,50.128963470458984
7/24/2018,50.0099983215332,50.70000076293945,49.720001220703125,50.0099983215332,1180600,49.97905349731445
7/23/2018,48.97999954223633,50.02000045776367,48.91999816894531,49.72999954223633,1487400,49.69922637939453
7/20/2018,49.08000183105469,49.400001525878906,48.720001220703125,48.970001220703125,1891800,48.939697265625
7/19/2018,48.81999969482422,49.060001373291016,48.11000061035156,48.84000015258789,2513300,48.809776306152344
7/18/2018,48.27000045776367,49.2599983215332,48.22999954223633,49.11000061035156,1095800,49.079612731933594
7/17/2018,48.029998779296875,48.40999984741211,47.77000045776367,48.209999084472656,987200,48.1801643371582
7/16/2018,47.54999923706055,48.08000183105469,47.130001068115234,47.93000030517578,1491700,47.90033721923828
7/13/2018,47.4900016784668,47.70000076293945,46.91999816894531,47.400001525878906,1285200,47.370670318603516
7/12/2018,48.02000045776367,48.15999984741211,47.04999923706055,47.529998779296875,1300200,47.500587463378906
7/11/2018,47.900001525878906,48.18000030517578,47.279998779296875,47.630001068115234,1580800,47.600528717041016
7/10/2018,49.0099983215332,49.2400016784668,47.91999816894531,48.369998931884766,1886300,48.34006881713867
7/9/2018,47.4900016784668,49.189998626708984,47.400001525878906,48.88999938964844,1646100,48.85974884033203
7/6/2018,46.41999816894531,47.31999969482422,46.209999084472656,47.08000183105469,1035600,47.05086898803711
7/5/2018,47.27000045776367,47.38999938964844,46.70000076293945,46.81999969482422,1242200,46.7910270690918
7/3/2018,47.45000076293945,47.540000915527344,46.77000045776367,46.95000076293945,622500,46.92094802856445
7/2/2018,46.599998474121094,47.31999969482422,46.56999969482422,47.22999954223633,1123400,47.20077133178711
6/29/2018,47.65999984741211,48.25,46.9900016784668,47,1428400,46.97091293334961
6/28/2018,47.560001373291016,47.81999969482422,46.459999084472656,47.150001525878906,2826500,47.120826721191406
6/27/2018,48.95000076293945,49.290000915527344,47.630001068115234,47.66999816894531,1529400,47.640499114990234
6/26/2018,49.2400016784668,49.70000076293945,48.939998626708984,49.06999969482422,2705000,49.039634704589844
6/25/2018,49.04999923706055,49.40999984741211,48.63999938964844,49.130001068115234,1751400,49.09960174560547
6/22/2018,50,50.36000061035156,49.13999938964844,49.369998931884766,2867800,49.339447021484375
6/21/2018,49.75,50.11000061035156,49.20000076293945,49.27000045776367,2532400,49.23950958251953
6/20/2018,51.810001373291016,51.810001373291016,49.97999954223633,49.9900016784668,1830300,49.959068298339844
6/19/2018,51.220001220703125,51.599998474121094,50.970001220703125,51.11000061035156,1874900,51.07837677001953
6/18/2018,50.79999923706055,51.7599983215332,50.599998474121094,51.720001220703125,1590700,51.68799591064453
6/15/2018,51.130001068115234,51.41999816894531,50.34000015258789,51.31999969482422,2284600,51.28824234008789
6/14/2018,52.2400016784668,52.2400016784668,51.369998931884766,51.70000076293945,1833500,51.668006896972656
6/13/2018,53.06999969482422,53.31999969482422,52.040000915527344,52.060001373291016,2057900,52.02778625488281
6/12/2018,53.529998779296875,53.63999938964844,52.849998474121094,53.060001373291016,1799700,53.02716827392578
6/11/2018,53.65999984741211,53.86000061035156,53.15999984741211,53.29999923706055,1106600,53.26701354980469
6/8/2018,53.36000061035156,54.66999816894531,53.09000015258789,53.59000015258789,1376800,53.55683898925781
6/7/2018,53.36000061035156,54.04999923706055,53.29999923706055,53.63999938964844,2325600,53.606807708740234
6/6/2018,53.27000045776367,53.43000030517578,52.779998779296875,53.25,1660200,53.21704864501953
6/5/2018,52.790000915527344,53.470001220703125,52.130001068115234,52.720001220703125,1835700,52.6873779296875
6/4/2018,52.91999816894531,53.040000915527344,52.54999923706055,52.91999816894531,2190200,52.88725280761719
6/1/2018,52.779998779296875,53,52.060001373291016,52.45000076293945,2752600,52.417545318603516
5/31/2018,52.099998474121094,52.68000030517578,51.560001373291016,51.939998626708984,2265700,51.90785598754883
5/30/2018,51.34000015258789,52.540000915527344,51.02000045776367,52.11000061035156,2680200,52.077754974365234
5/29/2018,52.34000015258789,52.5099983215332,50.16999816894531,50.470001220703125,2235600,50.43877029418945
5/25/2018,53.06999969482422,53.4900016784668,52.91999816894531,53.119998931884766,1074500,53.087127685546875
5/24/2018,53.20000076293945,53.599998474121094,52.61000061035156,53.369998931884766,1200000,53.32697677612305
5/23/2018,53.58000183105469,53.689998626708984,52.86000061035156,53.45000076293945,1462000,53.40691375732422
5/22/2018,54.119998931884766,54.459999084472656,53.90999984741211,53.97999954223633,1235700,53.936485290527344
5/21/2018,53.72999954223633,54.369998931884766,53.619998931884766,53.959999084472656,1202600,53.916500091552734
5/18/2018,54.97999954223633,55.27000045776367,53.369998931884766,53.41999816894531,2732900,53.37693405151367
5/17/2018,53.650001525878906,55.25,53.58000183105469,55.150001525878906,3293100,55.10554504394531
5/16/2018,53.119998931884766,53.97999954223633,53.040000915527344,53.65999984741211,1262600,53.61674880981445
5/15/2018,52.689998626708984,53.66999816894531,52.59000015258789,53.189998626708984,1892300,53.147125244140625
5/14/2018,52.86000061035156,53.119998931884766,52.54999923706055,52.619998931884766,975600,52.57758331298828
5/11/2018,52.72999954223633,53.41999816894531,52.61000061035156,52.7599983215332,1232100,52.71746826171875
5/10/2018,52.52000045776367,53.11000061035156,52.52000045776367,52.650001525878906,1428000,52.60756301879883
5/9/2018,52.70000076293945,53.02000045776367,52.34000015258789,52.77000045776367,1734900,52.72746276855469
5/8/2018,52.290000915527344,52.900001525878906,51.97999954223633,52.09000015258789,1428800,52.048011779785156
5/7/2018,52.04999923706055,52.83000183105469,51.790000915527344,52.45000076293945,951100,52.40772247314453
5/4/2018,50.91999816894531,52.29999923706055,50.709999084472656,51.959999084472656,1816000,51.918113708496094
5/3/2018,51.63999938964844,51.880001068115234,49.560001373291016,51.040000915527344,2676000,50.99885940551758
5/2/2018,52.41999816894531,53.189998626708984,51.79999923706055,52,3200000,51.95808410644531
5/1/2018,52.189998626708984,52.310001373291016,51.279998779296875,51.5099983215332,4176500,51.468475341796875
4/30/2018,53.02000045776367,53.5099983215332,52.349998474121094,52.349998474121094,2205100,52.30780029296875
4/27/2018,52.689998626708984,53.20000076293945,52.31999969482422,52.959999084472656,1512000,52.91730880737305
4/26/2018,52.720001220703125,53.349998474121094,52.59000015258789,52.75,1643200,52.70747756958008
4/25/2018,52.88999938964844,53.18000030517578,52.25,52.75,1892400,52.70747756958008
4/24/2018,53.400001525878906,53.790000915527344,52.15999984741211,52.709999084472656,1835800,52.66751480102539
4/23/2018,52.75,53.27000045776367,52.7400016784668,53.04999923706055,1388500,53.00723648071289
4/20/2018,53.16999816894531,53.380001068115234,52.20000076293945,52.5099983215332,1915100,52.46767044067383
4/19/2018,52.560001373291016,53.7400016784668,52.560001373291016,52.9900016784668,2237800,52.94728469848633
4/18/2018,52.68000030517578,52.97999954223633,52.220001220703125,52.56999969482422,1546100,52.527626037597656
4/17/2018,52.470001220703125,52.65999984741211,51.849998474121094,52.040000915527344,2626700,51.99805450439453
4/16/2018,51.720001220703125,52.27000045776367,51.22999954223633,52,1341000,51.95808410644531
4/13/2018,51.720001220703125,51.900001525878906,50.939998626708984,51.18000030517578,1408100,51.13874435424805
4/12/2018,50.369998931884766,51.90999984741211,50.369998931884766,51.349998474121094,2124700,51.3086051940918
4/11/2018,50.20000076293945,51.150001525878906,50.130001068115234,50.31999969482422,2344100,50.27943801879883
4/10/2018,50.7599983215332,51.189998626708984,50,50.810001373291016,3371600,50.76904296875
4/9/2018,50.11000061035156,50.88999938964844,49.63999938964844,49.689998626708984,2470100,49.64994430541992
4/6/2018,49.880001068115234,50.65999984741211,49.0099983215332,49.52000045776367,2644500,49.48008346557617
4/5/2018,50.310001373291016,51.720001220703125,50.060001373291016,50.720001220703125,2165900,50.679115295410156
4/4/2018,48.540000915527344,49.93000030517578,48.2400016784668,49.81999969482422,1766900,49.779842376708984
4/3/2018,49.41999816894531,49.7599983215332,49.0099983215332,49.599998474121094,1564900,49.56001281738281
4/2/2018,50,50.279998779296875,48.34000015258789,49.150001525878906,1958100,49.110382080078125
3/29/2018,50.310001373291016,50.77000045776367,50.06999969482422,50.5,1774900,50.45928955078125
3/28/2018,49.970001220703125,50.31999969482422,49.06999969482422,50.06999969482422,1795300,50.02963638305664
3/27/2018,50.63999938964844,51.119998931884766,49.540000915527344,49.88999938964844,1960600,49.84978103637695
3/26/2018,50.060001373291016,50.70000076293945,49.36000061035156,50.58000183105469,2159300,50.53922653198242
3/23/2018,51.279998779296875,51.279998779296875,48.689998626708984,48.689998626708984,4356200,48.65074920654297
3/22/2018,52.779998779296875,53.27000045776367,51.09000015258789,51.279998779296875,2913400,51.23866271972656
3/21/2018,53.34000015258789,54.349998474121094,53.2599983215332,53.43000030517578,1445500,53.38692855834961
3/20/2018,53.4900016784668,54.27000045776367,53.41999816894531,53.439998626708984,2266200,53.39691925048828
3/19/2018,53.40999984741211,53.7400016784668,52.209999084472656,53.0099983215332,2359000,52.96726608276367
3/16/2018,54.11000061035156,54.38999938964844,53.47999954223633,53.5099983215332,2542100,53.466861724853516
3/15/2018,54.11000061035156,54.59000015258789,53.65999984741211,54.099998474121094,2543000,54.05638885498047
3/14/2018,54.369998931884766,54.38999938964844,53.58000183105469,54,2469900,53.95647048950195
3/13/2018,54.11000061035156,54.5,53.439998626708984,54.150001525878906,3761600,54.10634994506836
3/12/2018,53.18000030517578,54.220001220703125,52.970001220703125,53.970001220703125,3067700,53.92649841308594
3/9/2018,51.75,53.43000030517578,51.599998474121094,52.939998626708984,3713800,52.89732360839844
3/8/2018,51.70000076293945,51.75,50.63999938964844,51.290000915527344,5075200,51.2486572265625
3/7/2018,51.36000061035156,51.880001068115234,50.90999984741211,51.689998626708984,6445500,51.64833450317383
3/6/2018,52.040000915527344,52.41999816894531,51.70000076293945,52.029998779296875,1405400,51.98805618286133
3/5/2018,50.38999938964844,52.2599983215332,50.38999938964844,51.970001220703125,1466000,51.9281120300293
3/2/2018,49.810001373291016,50.97999954223633,49.599998474121094,50.90999984741211,2455300,50.868961334228516
3/1/2018,51.2400016784668,51.470001220703125,49.849998474121094,50.33000183105469,2455200,50.289432525634766
2/28/2018,52.060001373291016,52.27000045776367,50.880001068115234,51.02000045776367,1828200,50.97887420654297
2/27/2018,51.75,52.52000045776367,51.689998626708984,51.79999923706055,1898200,51.758243560791016
2/26/2018,51.15999984741211,52.06999969482422,51.099998474121094,51.970001220703125,1347100,51.91811752319336
2/23/2018,50.77000045776367,51.09000015258789,50.31999969482422,51.040000915527344,1349500,50.989044189453125
2/22/2018,50.560001373291016,51.599998474121094,50.560001373291016,50.709999084472656,2402900,50.65937423706055
2/21/2018,50.529998779296875,51.400001525878906,50.5099983215332,50.52000045776367,1491300,50.46956253051758
2/20/2018,50.290000915527344,51.119998931884766,50.290000915527344,50.439998626708984,2105500,50.38964080810547
2/16/2018,50,50.810001373291016,50,50.630001068115234,1867400,50.57946014404297
2/15/2018,51.75,52.09000015258789,49.7400016784668,50.54999923706055,3012500,50.499534606933594
2/14/2018,48.029998779296875,51.5099983215332,47.5099983215332,51.189998626708984,4080600,51.138893127441406
2/13/2018,47.7400016784668,48.09000015258789,47.31999969482422,48.02000045776367,1979200,47.9720573425293
2/12/2018,47.34000015258789,48.88999938964844,47.09000015258789,48.06999969482422,2875000,48.022010803222656
2/9/2018,47.630001068115234,47.90999984741211,45.61000061035156,46.90999984741211,3234700,46.8631706237793
2/8/2018,48.9900016784668,49.029998779296875,46.75,46.75,2272100,46.70332336425781
2/7/2018,49.209999084472656,50.09000015258789,48.650001525878906,48.66999816894531,2854900,48.62140655517578
2/6/2018,47.619998931884766,49.779998779296875,47.290000915527344,49.310001373291016,4129800,49.260772705078125
2/5/2018,50.349998474121094,51.279998779296875,48.18000030517578,48.90999984741211,3492700,48.86117172241211
2/2/2018,52.31999969482422,52.88999938964844,50.900001525878906,51.34000015258789,2059900,51.28874588012695
2/1/2018,51.70000076293945,53.060001373291016,51.70000076293945,52.56999969482422,2170100,52.517520904541016
1/31/2018,52.470001220703125,53.16999816894531,51.77000045776367,51.90999984741211,2613800,51.858177185058594
1/30/2018,53.06999969482422,53.560001373291016,52.20000076293945,52.369998931884766,2294300,52.317710876464844
1/29/2018,54.2599983215332,54.630001068115234,53.36000061035156,53.689998626708984,2155800,53.63640213012695
1/26/2018,54.29999923706055,54.400001525878906,53.689998626708984,54.31999969482422,1433600,54.26577377319336
1/25/2018,54.209999084472656,54.31999969482422,53.4900016784668,53.869998931884766,1268400,53.816219329833984
1/24/2018,54.689998626708984,54.869998931884766,53.58000183105469,53.97999954223633,1406100,53.926109313964844
1/23/2018,53.90999984741211,54.650001525878906,53.77000045776367,54.2400016784668,1940600,54.185855865478516
1/22/2018,53.970001220703125,54.34000015258789,53.36000061035156,54.16999816894531,3058300,54.11591720581055
1/19/2018,53.45000076293945,54.65999984741211,53.45000076293945,54.43000030517578,1915000,54.37565994262695
1/18/2018,53.88999938964844,53.90999984741211,53.029998779296875,53.68000030517578,2198200,53.626407623291016
1/17/2018,53.34000015258789,53.77000045776367,52.70000076293945,53.459999084472656,1655400,53.4066276550293
1/16/2018,54.2599983215332,54.41999816894531,52.91999816894531,52.97999954223633,2511700,52.92710494995117
11/6/2017,41.63999938964844,42.209999084472656,41.45000076293945,42.060001373291016,1089300,42.018009185791016
11/3/2017,42.220001220703125,42.68000030517578,41.83000183105469,41.849998474121094,1389000,41.80821228027344
11/2/2017,41.43000030517578,42.630001068115234,41.16999816894531,42.5099983215332,1715600,42.467559814453125
