4/22/2019,6.989999771118164,7.190000057220459,6.940000057220459,7.090000152587891,682000,7.090000152587891
4/18/2019,7.190000057220459,7.249000072479248,6.989999771118164,7.010000228881836,1220300,7.010000228881836
4/16/2019,7.760000228881836,7.840000152587891,7.340000152587891,7.409999847412109,844700,7.409999847412109
4/15/2019,7.690000057220459,7.760000228881836,7.539999961853027,7.730000019073486,452100,7.730000019073486
4/12/2019,7.889999866485596,7.909999847412109,7.605000019073486,7.679999828338623,670700,7.679999828338623
4/10/2019,7.730000019073486,7.960000038146973,7.690000057220459,7.920000076293945,728000,7.920000076293945
4/9/2019,7.789999961853027,7.840000152587891,7.639999866485596,7.730000019073486,797700,7.730000019073486
4/8/2019,7.880000114440918,7.9019999504089355,7.710000038146973,7.820000171661377,805700,7.820000171661377
4/5/2019,7.71999979019165,7.929999828338623,7.639999866485596,7.920000076293945,758900,7.920000076293945
4/4/2019,7.71999979019165,7.920000076293945,7.570000171661377,7.71999979019165,2075100,7.71999979019165
4/3/2019,7.5,7.760000228881836,7.199999809265137,7.730000019073486,3635200,7.730000019073486
4/2/2019,7.289999961853027,7.570000171661377,7.199999809265137,7.429999828338623,1885700,7.429999828338623
4/1/2019,7.460000038146973,7.480000019073486,7.119999885559082,7.329999923706055,1537700,7.329999923706055
3/29/2019,7.489999771118164,7.570000171661377,7.320000171661377,7.389999866485596,1508300,7.389999866485596
3/28/2019,7.650000095367432,7.699999809265137,7.190000057220459,7.420000076293945,2595300,7.420000076293945
3/26/2019,8.149999618530273,8.199999809265137,7.885000228881836,7.989999771118164,1147000,7.989999771118164
3/25/2019,8.279999732971191,8.329999923706055,8.020000457763672,8.0600004196167,1174400,8.0600004196167
3/22/2019,8.449999809265137,8.529999732971191,8.3100004196167,8.359999656677246,854400,8.359999656677246
3/21/2019,8.170000076293945,8.5,8.079999923706055,8.5,832400,8.5
3/20/2019,8.100000381469727,8.279999732971191,7.90500020980835,8.220000267028809,826000,8.220000267028809
3/19/2019,8.220000267028809,8.220000267028809,7.914999961853027,8.100000381469727,1405000,8.100000381469727
3/18/2019,8.119999885559082,8.510000228881836,7.949999809265137,8.170000076293945,1250600,8.170000076293945
3/15/2019,7.909999847412109,8.800000190734863,7.800000190734863,8.170000076293945,4407900,8.170000076293945
3/14/2019,8.710000038146973,8.710000038146973,8.300000190734863,8.34000015258789,1878700,8.34000015258789
3/13/2019,8.729999542236328,8.819999694824219,8.579999923706055,8.729999542236328,895200,8.729999542236328
3/12/2019,8.600000381469727,8.710000038146973,8.529999732971191,8.6899995803833,684800,8.6899995803833
3/11/2019,8.600000381469727,8.720000267028809,8.210000038146973,8.649999618530273,975200,8.649999618530273
3/8/2019,8.4399995803833,8.854999542236328,8.41100025177002,8.5600004196167,2800400,8.5600004196167
3/7/2019,8.3100004196167,8.555000305175781,8.199999809265137,8.529999732971191,1147900,8.529999732971191
3/6/2019,8.430000305175781,8.460000038146973,8.25,8.300000190734863,1243800,8.300000190734863
3/5/2019,8.539999961853027,8.649999618530273,8.34000015258789,8.420000076293945,2753500,8.420000076293945
3/4/2019,8.5,8.729999542236328,8.350000381469727,8.520000457763672,1134700,8.520000457763672
3/1/2019,8.520000457763672,8.649999618530273,8.430000305175781,8.470000267028809,914600,8.470000267028809
2/28/2019,8.5,8.59000015258789,8.220000267028809,8.479999542236328,1110200,8.479999542236328
2/27/2019,8.180000305175781,8.5600004196167,8.109999656677246,8.510000228881836,713400,8.510000228881836
2/26/2019,8.25,8.25,8.010000228881836,8.220000267028809,1291300,8.220000267028809
2/25/2019,8.300000190734863,8.350000381469727,8.15999984741211,8.260000228881836,769000,8.260000228881836
2/22/2019,8.270000457763672,8.470000267028809,8.199999809265137,8.25,570900,8.25
2/21/2019,8.279999732971191,8.300000190734863,8.15999984741211,8.260000228881836,1078400,8.260000228881836
2/20/2019,8.199999809265137,8.34000015258789,8.130000114440918,8.260000228881836,1344100,8.260000228881836
2/15/2019,7.900000095367432,7.989999771118164,7.789999961853027,7.989999771118164,446400,7.989999771118164
2/14/2019,7.699999809265137,7.980000019073486,7.699999809265137,7.860000133514404,686200,7.860000133514404
2/13/2019,7.670000076293945,7.949999809265137,7.670000076293945,7.739999771118164,959500,7.739999771118164
2/12/2019,7.670000076293945,7.730000019073486,7.440000057220459,7.679999828338623,741700,7.679999828338623
2/11/2019,7.559999942779541,7.75,7.5,7.599999904632568,871900,7.599999904632568
2/8/2019,7.190000057220459,7.5,7.190000057220459,7.5,687500,7.5
2/7/2019,7.260000228881836,7.420000076293945,7.070000171661377,7.21999979019165,598300,7.21999979019165
2/6/2019,7.28000020980835,7.485000133514404,7.190000057220459,7.309999942779541,2200600,7.309999942779541
2/5/2019,7.320000171661377,7.599999904632568,7.210000038146973,7.28000020980835,2363900,7.28000020980835
2/4/2019,7.010000228881836,7.429999828338623,6.909999847412109,7.309999942779541,1867100,7.309999942779541
2/1/2019,7.190000057220459,7.239999771118164,6.989999771118164,7.010000228881836,1482600,7.010000228881836
1/31/2019,6.940000057220459,7.389999866485596,6.869999885559082,7.190000057220459,1677300,7.190000057220459
1/30/2019,6.989999771118164,7.099999904632568,6.848999977111816,6.920000076293945,580600,6.920000076293945
1/29/2019,7.079999923706055,7.159999847412109,6.900000095367432,6.929999828338623,661400,6.929999828338623
1/25/2019,7.579999923706055,7.855000019073486,7.480000019073486,7.730000019073486,503200,7.730000019073486
1/24/2019,7.75,7.829999923706055,7.429999828338623,7.539999961853027,860500,7.539999961853027
1/23/2019,7.630000114440918,7.75,7.360000133514404,7.739999771118164,1318400,7.739999771118164
1/22/2019,7.670000076293945,7.681000232696533,7.340000152587891,7.579999923706055,693500,7.579999923706055
1/18/2019,7.599999904632568,7.880000114440918,7.53000020980835,7.800000190734863,1340300,7.800000190734863
1/17/2019,7.349999904632568,7.760000228881836,7.349999904632568,7.559999942779541,981600,7.559999942779541
1/16/2019,7.28000020980835,7.809999942779541,7.099999904632568,7.480000019073486,2129900,7.480000019073486
1/15/2019,6.809999942779541,7.110000133514404,6.809999942779541,7.03000020980835,1075800,7.03000020980835
1/14/2019,7.03000020980835,7.085000038146973,6.78000020980835,6.800000190734863,949800,6.800000190734863
1/11/2019,6.900000095367432,7.159999847412109,6.599999904632568,7.099999904632568,1116500,7.099999904632568
1/10/2019,7.230000019073486,7.25,6.889999866485596,6.949999809265137,943100,6.949999809265137
1/7/2019,6.289999961853027,6.864999771118164,6.289999961853027,6.639999866485596,2317800,6.639999866485596
1/4/2019,5.829999923706055,6.380000114440918,5.804999828338623,6.150000095367432,1853500,6.150000095367432
1/3/2019,6.070000171661377,6.070000171661377,5.670000076293945,5.699999809265137,706000,5.699999809265137
1/2/2019,6.019999980926514,6.230000019073486,5.823999881744385,6.159999847412109,1249700,6.159999847412109
12/31/2018,5.570000171661377,6.090000152587891,5.5,6.070000171661377,1424800,6.070000171661377
12/28/2018,5.400000095367432,5.699999809265137,5.340000152587891,5.559999942779541,765500,5.559999942779541
12/27/2018,5.03000020980835,5.440000057220459,4.869999885559082,5.380000114440918,2854800,5.380000114440918
12/26/2018,5.050000190734863,5.269999980926514,4.909999847412109,5.150000095367432,2920200,5.150000095367432
12/24/2018,5.130000114440918,5.199999809265137,4.860000133514404,5.039999961853027,553300,5.039999961853027
12/21/2018,5.480000019073486,5.489999771118164,4.889999866485596,5.210000038146973,2302400,5.210000038146973
12/20/2018,5.860000133514404,6.010000228881836,5.289999961853027,5.420000076293945,1077800,5.420000076293945
12/19/2018,5.809999942779541,6.170000076293945,5.789999961853027,5.900000095367432,851900,5.900000095367432
12/18/2018,6.070000171661377,6.179999828338623,5.800000190734863,5.820000171661377,1069800,5.820000171661377
12/12/2018,6.199999809265137,6.360000133514404,6.150000095367432,6.260000228881836,642000,6.260000228881836
12/11/2018,6.610000133514404,6.630000114440918,5.96999979019165,6.210000038146973,1207900,6.210000038146973
12/10/2018,6.25,6.650000095367432,6.25,6.590000152587891,512200,6.590000152587891
12/7/2018,6.510000228881836,6.590000152587891,6.159999847412109,6.300000190734863,665000,6.300000190734863
12/6/2018,6.300000190734863,6.510000228881836,6.014999866485596,6.460000038146973,961700,6.460000038146973
12/3/2018,6.840000152587891,7.050000190734863,6.739999771118164,6.980000019073486,1056600,6.980000019073486
11/29/2018,6.940000057220459,7.190000057220459,6.820000171661377,6.909999847412109,993600,6.909999847412109
11/27/2018,6.5,6.639999866485596,6.434999942779541,6.619999885559082,818200,6.619999885559082
11/26/2018,6.739999771118164,6.820000171661377,6.257999897003174,6.53000020980835,1017500,6.53000020980835
11/23/2018,6.639999866485596,6.849999904632568,6.590000152587891,6.639999866485596,344800,6.639999866485596
11/21/2018,6.559999942779541,6.840000152587891,6.510000228881836,6.699999809265137,723700,6.699999809265137
11/20/2018,6.550000190734863,6.650000095367432,6.230000019073486,6.5,981800,6.5
11/16/2018,6.679999828338623,6.960000038146973,6.53000020980835,6.929999828338623,852400,6.929999828338623
11/15/2018,6.389999866485596,6.900000095367432,6.179999828338623,6.75,1902800,6.75
11/14/2018,6.610000133514404,6.670000076293945,6.300000190734863,6.449999809265137,2900800,6.449999809265137
11/13/2018,6.110000133514404,6.761000156402588,6.110000133514404,6.28000020980835,2565600,6.28000020980835
11/12/2018,7.010000228881836,7.010000228881836,5.800000190734863,6.110000133514404,4361800,6.110000133514404
11/9/2018,7.630000114440918,7.849999904632568,6.199999809265137,6.630000114440918,7094600,6.630000114440918
11/8/2018,9.329999923706055,9.369999885559082,8.670000076293945,8.75,1201000,8.75
11/7/2018,9.229999542236328,9.479999542236328,9.010000228881836,9.449999809265137,573500,9.449999809265137
11/6/2018,9.180000305175781,9.510000228881836,9.15999984741211,9.210000038146973,725800,9.210000038146973
11/5/2018,9.100000381469727,9.279999732971191,8.920000076293945,9.199999809265137,641200,9.199999809265137
11/2/2018,8.920000076293945,9.229999542236328,8.729999542236328,9.100000381469727,1115400,9.100000381469727
11/1/2018,8.739999771118164,8.989999771118164,8.369999885559082,8.890000343322754,986700,8.890000343322754
10/31/2018,8.319999694824219,8.779999732971191,8.199999809265137,8.649999618530273,852300,8.649999618530273
10/30/2018,7.690000057220459,8.180000305175781,7.690000057220459,8.170000076293945,646800,8.170000076293945
10/29/2018,7.989999771118164,8.142999649047852,7.585000038146973,7.730000019073486,802400,7.730000019073486
10/26/2018,8.039999961853027,8.039999961853027,7.570000171661377,7.849999904632568,1270100,7.849999904632568
10/24/2018,8.369999885559082,8.510000228881836,7.900000095367432,7.920000076293945,1248700,7.920000076293945
10/23/2018,8.470000267028809,8.510000228881836,7.949999809265137,8.369999885559082,1589800,8.369999885559082
10/22/2018,9.5,9.65999984741211,8.539999961853027,8.585000038146973,1331800,8.585000038146973
10/19/2018,9.789999961853027,10.020000457763672,9.210000038146973,9.5,2356000,9.5
10/18/2018,9.470000267028809,9.739999771118164,9.359999656677246,9.420000076293945,662500,9.420000076293945
10/17/2018,9.369999885559082,9.569999694824219,9.25,9.479999542236328,887900,9.479999542236328
10/16/2018,9.15999984741211,9.470000267028809,8.899999618530273,9.430000305175781,669900,9.430000305175781
10/15/2018,8.699999809265137,9.170000076293945,8.550000190734863,9.09000015258789,868000,9.09000015258789
10/12/2018,8.600000381469727,8.845000267028809,8.329999923706055,8.739999771118164,1177000,8.739999771118164
10/11/2018,8.5600004196167,8.829999923706055,8.319999694824219,8.460000038146973,1327300,8.460000038146973
10/10/2018,8.6899995803833,8.835000038146973,8.380000114440918,8.5600004196167,1730800,8.5600004196167
10/9/2018,9.140000343322754,9.395000457763672,8.699999809265137,8.710000038146973,1140200,8.710000038146973
10/8/2018,9.470000267028809,9.470000267028809,8.930000305175781,9.220000267028809,1197100,9.220000267028809
10/5/2018,9.8100004196167,10.204999923706055,9.420000076293945,9.479999542236328,1677700,9.479999542236328
10/4/2018,10.180000305175781,10.220000267028809,9.739999771118164,9.84000015258789,1806000,9.84000015258789
10/3/2018,9.550000190734863,10.4399995803833,9.550000190734863,10.279999732971191,5853100,10.279999732971191
10/2/2018,9.829999923706055,10.010000228881836,9.430000305175781,9.5,1195300,9.5
10/1/2018,9.470000267028809,9.819999694824219,9.270000457763672,9.779999732971191,1475600,9.779999732971191
9/28/2018,9.600000381469727,9.640000343322754,9.25,9.359999656677246,981200,9.359999656677246
9/27/2018,9.350000381469727,9.729999542236328,9.260000228881836,9.720000267028809,793800,9.720000267028809
9/26/2018,9.4399995803833,9.520000457763672,9.119999885559082,9.34000015258789,721600,9.34000015258789
9/25/2018,9.430000305175781,9.619999885559082,9.34000015258789,9.390000343322754,537300,9.390000343322754
9/24/2018,9.729999542236328,9.9399995803833,9.180000305175781,9.449999809265137,1086100,9.449999809265137
9/21/2018,9.819999694824219,9.9399995803833,9.720000267028809,9.739999771118164,4587900,9.739999771118164
9/20/2018,9.520000457763672,9.869999885559082,9.489999771118164,9.8100004196167,1063100,9.8100004196167
9/19/2018,9.289999961853027,9.949999809265137,9.15999984741211,9.460000038146973,1995600,9.460000038146973
9/18/2018,9.140000343322754,9.600000381469727,9.140000343322754,9.350000381469727,955500,9.350000381469727
9/17/2018,10.050000190734863,10.079999923706055,9.15999984741211,9.180000305175781,2341000,9.180000305175781
9/14/2018,9.850000381469727,10.187000274658203,9.640000343322754,10.050000190734863,2993000,10.050000190734863
9/13/2018,9.930000305175781,9.970000267028809,9.760000228881836,9.829999923706055,1255100,9.829999923706055
9/12/2018,9.880000114440918,10,9.680000305175781,9.869999885559082,1199600,9.869999885559082
9/11/2018,9.930000305175781,10.010000228881836,9.8100004196167,9.920000076293945,676300,9.920000076293945
9/10/2018,9.84000015258789,9.960000038146973,9.649999618530273,9.930000305175781,930600,9.930000305175781
9/7/2018,9.760000228881836,9.920000076293945,9.579999923706055,9.819999694824219,696300,9.819999694824219
9/6/2018,9.989999771118164,10.079999923706055,9.5600004196167,9.779999732971191,1405000,9.779999732971191
9/5/2018,9.920000076293945,10.008999824523926,9.470000267028809,9.949999809265137,961800,9.949999809265137
9/4/2018,10.09000015258789,10.130000114440918,9.770000457763672,9.90999984741211,1159200,9.90999984741211
8/31/2018,10.3100004196167,10.454999923706055,9.949999809265137,10.079999923706055,2782400,10.079999923706055
8/30/2018,10.5,10.649999618530273,10.329999923706055,10.369999885559082,1769000,10.369999885559082
8/29/2018,10,10.604999542236328,9.899999618530273,10.520000457763672,2895700,10.520000457763672
8/28/2018,10.100000381469727,10.729999542236328,10.020000457763672,10.0600004196167,3337600,10.0600004196167
8/27/2018,9.890000343322754,10,9.770000457763672,9.989999771118164,1280800,9.989999771118164
8/24/2018,10.020000457763672,10.0600004196167,9.685999870300293,9.869999885559082,1919200,9.869999885559082
8/23/2018,10,10.140000343322754,9.899999618530273,9.989999771118164,1024700,9.989999771118164
8/22/2018,9.949999809265137,10.0600004196167,9.930000305175781,10.010000228881836,979300,10.010000228881836
8/21/2018,9.9399995803833,10.210000038146973,9.829999923706055,9.970000267028809,1219700,9.970000267028809
8/20/2018,10,10.140000343322754,9.6899995803833,9.989999771118164,1851400,9.989999771118164
8/17/2018,9.869999885559082,10,9.850000381469727,9.979999542236328,1127600,9.979999542236328
8/16/2018,9.680000305175781,10.020000457763672,9.649999618530273,9.970000267028809,1732300,9.970000267028809
8/15/2018,9.970000267028809,10.050000190734863,9.520000457763672,9.65999984741211,7789300,9.65999984741211
8/14/2018,9.890000343322754,9.975000381469727,9.789999961853027,9.880000114440918,742100,9.880000114440918
8/13/2018,10.0600004196167,10.069999694824219,9.760000228881836,9.899999618530273,680900,9.899999618530273
8/10/2018,9.760000228881836,10.029999732971191,9.760000228881836,9.890000343322754,1856500,9.890000343322754
8/9/2018,9.970000267028809,10.109999656677246,9.760000228881836,9.789999961853027,1135200,9.789999961853027
8/8/2018,10.170000076293945,10.170000076293945,9.9399995803833,9.979999542236328,2201500,9.979999542236328
8/7/2018,10.399999618530273,10.4399995803833,9.710000038146973,9.949999809265137,1549800,9.949999809265137
8/6/2018,11.010000228881836,11.029999732971191,10.430000305175781,10.4399995803833,1965200,10.4399995803833
8/3/2018,12,12.149999618530273,10.970000267028809,11.045000076293945,2735300,11.045000076293945
8/2/2018,11.960000038146973,12.229000091552734,11.65999984741211,12.1899995803833,841400,12.1899995803833
8/1/2018,11.920000076293945,12.359999656677246,11.869999885559082,11.920000076293945,1195600,11.920000076293945
7/31/2018,11.5,12.319999694824219,11.319999694824219,11.920000076293945,1140100,11.920000076293945
7/30/2018,11.489999771118164,11.670000076293945,11.220000267028809,11.520000457763672,1182100,11.520000457763672
7/27/2018,12.430000305175781,12.449999809265137,11.279999732971191,11.529999732971191,1852300,11.529999732971191
7/26/2018,11.90999984741211,12.600000381469727,11.40999984741211,12.4399995803833,2272500,12.4399995803833
7/25/2018,10.550000190734863,13.210000038146973,10.550000190734863,12,16084900,12
7/24/2018,9.880000114440918,9.904999732971191,9.5,9.550000190734863,811800,9.550000190734863
7/23/2018,9.640000343322754,10.09000015258789,9.486000061035156,9.869999885559082,1143400,9.869999885559082
7/20/2018,9.65999984741211,9.819999694824219,9.319999694824219,9.65999984741211,933300,9.65999984741211
7/19/2018,9.229999542236328,9.899999618530273,9.079999923706055,9.649999618530273,997700,9.649999618530273
7/18/2018,9.149999618530273,9.539999961853027,9.100000381469727,9.229999542236328,1190900,9.229999542236328
7/17/2018,8.9399995803833,9.140000343322754,8.829999923706055,9.140000343322754,521500,9.140000343322754
7/16/2018,8.930000305175781,9.100000381469727,8.760000228881836,8.970000267028809,533800,8.970000267028809
7/13/2018,8.84000015258789,9.175000190734863,8.656000137329102,8.930000305175781,1083800,8.930000305175781
7/12/2018,8.529999732971191,8.90999984741211,8.449999809265137,8.880000114440918,757600,8.880000114440918
7/11/2018,8.600000381469727,8.90999984741211,8.420000076293945,8.520000457763672,768900,8.520000457763672
7/10/2018,8.420000076293945,8.710000038146973,8.324999809265137,8.630000114440918,828500,8.630000114440918
7/6/2018,7.949999809265137,8.199999809265137,7.510000228881836,8.079999923706055,797800,8.079999923706055
7/3/2018,7.480000019073486,7.960000038146973,7.429999828338623,7.849999904632568,1595200,7.849999904632568
7/2/2018,6.909999847412109,7.130000114440918,6.630000114440918,7.119999885559082,525900,7.119999885559082
6/29/2018,7.050000190734863,7.090000152587891,6.869999885559082,6.920000076293945,467500,6.920000076293945
6/28/2018,7.070000171661377,7.130000114440918,6.822000026702881,7.050000190734863,501300,7.050000190734863
6/27/2018,7.360000133514404,7.420000076293945,7.019999980926514,7.099999904632568,510600,7.099999904632568
6/26/2018,7.480000019073486,7.639999866485596,7.25,7.380000114440918,690300,7.380000114440918
6/25/2018,6.960000038146973,7.460000038146973,6.789999961853027,7.429999828338623,944700,7.429999828338623
6/22/2018,7.110000133514404,7.139999866485596,6.920000076293945,7.070000171661377,3284900,7.070000171661377
6/21/2018,7.400000095367432,7.400000095367432,7.050000190734863,7.099999904632568,867000,7.099999904632568
6/20/2018,7.5,7.579999923706055,7.309999942779541,7.320000171661377,454100,7.320000171661377
6/19/2018,7.619999885559082,7.760000228881836,7.420000076293945,7.510000228881836,696000,7.510000228881836
6/18/2018,7.519999980926514,7.675000190734863,7.309999942779541,7.670000076293945,681500,7.670000076293945
6/15/2018,7.53000020980835,7.53000020980835,7.269999980926514,7.460000038146973,692200,7.460000038146973
6/14/2018,7.559999942779541,7.675000190734863,7.449999809265137,7.550000190734863,677300,7.550000190734863
6/13/2018,7.550000190734863,7.704999923706055,7.440000057220459,7.559999942779541,725200,7.559999942779541
6/12/2018,7.510000228881836,7.650000095367432,7.269999980926514,7.489999771118164,677400,7.489999771118164
6/11/2018,7.519999980926514,7.630000114440918,7.309999942779541,7.46999979019165,807000,7.46999979019165
6/8/2018,7.269999980926514,7.590000152587891,7.159999847412109,7.559999942779541,838100,7.559999942779541
6/7/2018,7.730000019073486,7.730000019073486,7.130000114440918,7.25,987700,7.25
6/6/2018,7.929999828338623,7.960000038146973,7.579999923706055,7.699999809265137,638800,7.699999809265137
6/4/2018,7.349999904632568,7.644999980926514,7.210000038146973,7.559999942779541,673500,7.559999942779541
6/1/2018,7.269999980926514,7.429999828338623,7.159999847412109,7.349999904632568,763900,7.349999904632568
5/30/2018,7.119999885559082,7.230000019073486,7.039999961853027,7.130000114440918,516500,7.130000114440918
5/29/2018,6.940000057220459,7.175000190734863,6.920000076293945,7.119999885559082,636300,7.119999885559082
5/25/2018,7.010000228881836,7.079999923706055,6.889999866485596,6.989999771118164,373400,6.989999771118164
5/24/2018,7.019999980926514,7.050000190734863,6.849999904632568,6.96999979019165,459700,6.96999979019165
5/23/2018,6.980000019073486,7.139999866485596,6.949999809265137,7.059999942779541,403000,7.059999942779541
5/22/2018,7.150000095367432,7.150000095367432,6.989999771118164,7.079999923706055,305100,7.079999923706055
5/18/2018,7.079999923706055,7.300000190734863,7.010000228881836,7.210000038146973,521100,7.210000038146973
5/17/2018,6.829999923706055,7.139999866485596,6.710000038146973,7.039999961853027,696200,7.039999961853027
5/16/2018,6.929999828338623,7.03000020980835,6.650000095367432,6.889999866485596,853900,6.889999866485596
5/15/2018,6.820000171661377,6.96999979019165,6.650000095367432,6.909999847412109,846100,6.909999847412109
5/14/2018,7.28000020980835,7.329999923706055,6.730000019073486,6.880000114440918,1168000,6.880000114440918
5/11/2018,8.479999542236328,8.489999771118164,7.019999980926514,7.309999942779541,2380900,7.309999942779541
5/10/2018,7.579999923706055,7.96999979019165,7.559999942779541,7.739999771118164,983000,7.739999771118164
5/9/2018,7.489999771118164,7.599999904632568,7.380000114440918,7.559999942779541,338000,7.559999942779541
5/8/2018,7.570000171661377,7.690000057220459,7.440000057220459,7.460000038146973,279600,7.460000038146973
5/7/2018,7.519999980926514,7.75,7.5,7.630000114440918,297400,7.630000114440918
5/4/2018,7.360000133514404,7.650000095367432,7.28000020980835,7.559999942779541,496700,7.559999942779541
5/3/2018,7.440000057220459,7.46999979019165,7.25,7.369999885559082,273900,7.369999885559082
5/2/2018,7.46999979019165,7.5,7.25,7.460000038146973,340400,7.460000038146973
5/1/2018,7.349999904632568,7.525000095367432,7.289999961853027,7.480000019073486,354100,7.480000019073486
4/30/2018,7.550000190734863,7.550000190734863,7.349999904632568,7.380000114440918,232900,7.380000114440918
4/27/2018,7.559999942779541,7.610000133514404,7.349999904632568,7.489999771118164,488200,7.489999771118164
4/26/2018,7.510000228881836,7.590000152587891,7.400000095367432,7.559999942779541,306300,7.559999942779541
4/25/2018,7.760000228881836,7.760000228881836,7.400000095367432,7.449999809265137,523400,7.449999809265137
4/24/2018,7.710000038146973,7.849999904632568,7.53000020980835,7.71999979019165,384900,7.71999979019165
4/23/2018,7.710000038146973,7.78000020980835,7.46999979019165,7.71999979019165,500800,7.71999979019165
4/20/2018,8.149999618530273,8.25,7.625,7.730000019073486,921300,7.730000019073486
4/19/2018,7.710000038146973,8.359999656677246,7.679999828338623,8.210000038146973,1190500,8.210000038146973
4/18/2018,7.190000057220459,8.020000457763672,7.159999847412109,7.699999809265137,889600,7.699999809265137
4/17/2018,7.150000095367432,7.150000095367432,6.849999904632568,7.119999885559082,560500,7.119999885559082
4/13/2018,7.300000190734863,7.550000190734863,7.25,7.289999961853027,451000,7.289999961853027
4/12/2018,7.110000133514404,7.315000057220459,7.070000171661377,7.300000190734863,476000,7.300000190734863
4/11/2018,7.070000171661377,7.264999866485596,6.940000057220459,7.110000133514404,569800,7.110000133514404
4/10/2018,6.5,7.289999961853027,6.5,7.119999885559082,987000,7.119999885559082
4/9/2018,6.420000076293945,6.566999912261963,6.269999980926514,6.400000095367432,408200,6.400000095367432
4/6/2018,6.480000019073486,6.710000038146973,6.260000228881836,6.349999904632568,347100,6.349999904632568
4/5/2018,6.449999809265137,6.630000114440918,6.409999847412109,6.539999961853027,366100,6.539999961853027
4/4/2018,6.21999979019165,6.538000106811523,6.150000095367432,6.440000057220459,419900,6.440000057220459
4/3/2018,6.260000228881836,6.367000102996826,6.050000190734863,6.289999961853027,333400,6.289999961853027
4/2/2018,6.429999828338623,6.480000019073486,6.159999847412109,6.210000038146973,350700,6.210000038146973
3/29/2018,6.559999942779541,6.622000217437744,6.28000020980835,6.429999828338623,660700,6.429999828338623
3/28/2018,6.300000190734863,6.71999979019165,6.269999980926514,6.559999942779541,827300,6.559999942779541
3/27/2018,6.289999961853027,6.679999828338623,6.150000095367432,6.260000228881836,637900,6.260000228881836
3/26/2018,6.619999885559082,6.650000095367432,6.135000228881836,6.309999942779541,1058300,6.309999942779541
3/23/2018,6.920000076293945,6.929999828338623,6.449999809265137,6.460000038146973,1203100,6.460000038146973
3/22/2018,7.119999885559082,7.199999809265137,6.78000020980835,6.860000133514404,789200,6.860000133514404
3/21/2018,7.380000114440918,7.550000190734863,7.050000190734863,7.239999771118164,697900,7.239999771118164
3/20/2018,7.380000114440918,7.46999979019165,7.199999809265137,7.460000038146973,330800,7.460000038146973
3/19/2018,7.289999961853027,7.429999828338623,7.210000038146973,7.340000152587891,495700,7.340000152587891
3/16/2018,7.570000171661377,7.570000171661377,7.190000057220459,7.300000190734863,938500,7.300000190734863
3/15/2018,7.610000133514404,7.739999771118164,7.21999979019165,7.53000020980835,573100,7.53000020980835
3/14/2018,7.809999942779541,7.809999942779541,7.340000152587891,7.510000228881836,878000,7.510000228881836
3/13/2018,7.909999847412109,8.180000305175781,7.400000095367432,7.809999942779541,665900,7.809999942779541
3/12/2018,7.909999847412109,8.180000305175781,7.400000095367432,7.945000171661377,1026200,7.945000171661377
3/9/2018,8.140000343322754,8.260000228881836,7.900000095367432,8.239999771118164,605800,8.239999771118164
3/8/2018,8.449999809265137,8.460000038146973,7.929999828338623,8.0600004196167,523200,8.0600004196167
3/7/2018,8.609999656677246,8.779999732971191,8.359999656677246,8.380000114440918,617400,8.380000114440918
3/6/2018,8.779999732971191,8.779999732971191,8.4399995803833,8.619999885559082,343500,8.619999885559082
3/5/2018,8.380000114440918,8.760000228881836,8.260000228881836,8.729999542236328,333400,8.729999542236328
3/2/2018,7.800000190734863,8.4399995803833,7.630000114440918,8.390000343322754,505500,8.390000343322754
3/1/2018,8.270000457763672,8.3100004196167,7.650000095367432,7.840000152587891,791700,7.840000152587891
2/28/2018,8.920000076293945,8.920000076293945,8.260000228881836,8.3100004196167,538300,8.3100004196167
2/27/2018,8.420000076293945,9.050000190734863,8.359999656677246,8.899999618530273,615900,8.899999618530273
2/26/2018,8.319999694824219,8.619999885559082,8.289999961853027,8.470000267028809,501000,8.470000267028809
2/23/2018,8.279999732971191,8.369999885559082,8.079999923706055,8.3100004196167,322900,8.3100004196167
2/22/2018,8.359999656677246,8.449999809265137,8.1899995803833,8.260000228881836,437900,8.260000228881836
2/21/2018,8.260000228881836,8.5,8.260000228881836,8.369999885559082,537900,8.369999885559082
2/20/2018,8.319999694824219,8.520000457763672,8.15999984741211,8.239999771118164,430000,8.239999771118164
2/16/2018,8.399999618530273,8.510000228881836,8.239999771118164,8.40999984741211,358100,8.40999984741211
2/15/2018,8.239999771118164,8.640000343322754,8.210000038146973,8.380000114440918,451100,8.380000114440918
2/14/2018,7.690000057220459,8.204999923706055,7.599999904632568,8.170000076293945,578200,8.170000076293945
2/13/2018,7.760000228881836,7.78000020980835,7.610000133514404,7.75,233500,7.75
2/12/2018,7.96999979019165,8.0600004196167,7.75,7.769999980926514,363000,7.769999980926514
2/9/2018,8.260000228881836,8.347999572753906,7.730000019073486,7.880000114440918,754300,7.880000114440918
2/8/2018,8.4399995803833,8.640000343322754,8.140000343322754,8.170000076293945,525600,8.170000076293945
2/7/2018,7.539999961853027,8.279999732971191,7.429999828338623,8.180000305175781,594400,8.180000305175781
2/6/2018,7.789999961853027,7.989999771118164,7.510000228881836,7.525000095367432,895800,7.525000095367432
2/5/2018,8.609999656677246,8.649999618530273,7.75,7.949999809265137,885900,7.949999809265137
2/2/2018,9.020000457763672,9.039999961853027,8.630000114440918,8.649999618530273,554100,8.649999618530273
2/1/2018,8.920000076293945,9.039999961853027,8.779000282287598,9.020000457763672,305300,9.020000457763672
1/31/2018,9.289999961853027,9.34000015258789,8.899999618530273,8.930000305175781,564900,8.930000305175781
1/30/2018,9.5,9.5600004196167,9.100000381469727,9.289999961853027,489100,9.289999961853027
1/29/2018,9.470000267028809,9.699999809265137,9.369999885559082,9.680000305175781,488900,9.680000305175781
1/26/2018,9.229999542236328,9.470000267028809,9.109999656677246,9.449999809265137,317200,9.449999809265137
1/25/2018,9.15999984741211,9.470000267028809,9.062000274658203,9.229999542236328,375100,9.229999542236328
1/23/2018,9.020000457763672,9.09000015258789,8.760000228881836,9.039999961853027,461500,9.039999961853027
1/22/2018,8.850000381469727,9.069999694824219,8.78499984741211,9.050000190734863,455600,9.050000190734863
1/19/2018,8.619999885559082,8.84000015258789,8.5,8.829999923706055,412800,8.829999923706055
1/18/2018,8.699999809265137,9.050000190734863,8.539999961853027,8.619999885559082,939600,8.619999885559082
1/17/2018,9.220000267028809,9.25,8.65999984741211,8.699999809265137,1118100,8.699999809265137
1/12/2018,10.119999885559082,10.239999771118164,9.520000457763672,9.600000381469727,1156600,9.600000381469727
1/11/2018,9.75,10.640000343322754,9.489999771118164,10.119999885559082,1943100,10.119999885559082
1/10/2018,9.130000114440918,9.710000038146973,9.020000457763672,9.619999885559082,902500,9.619999885559082
1/9/2018,8.979999542236328,9.149999618530273,8.630000114440918,9.130000114440918,1390100,9.130000114440918
1/8/2018,9.510000228881836,9.640000343322754,8.699999809265137,8.989999771118164,1392400,8.989999771118164
1/5/2018,9.829999923706055,10.180000305175781,9.149999618530273,9.470000267028809,1496200,9.470000267028809
1/4/2018,9.460000038146973,9.670000076293945,9.3100004196167,9.420000076293945,352000,9.420000076293945
1/3/2018,9.430000305175781,9.529999732971191,9.180000305175781,9.4399995803833,787700,9.4399995803833
1/2/2018,9.270000457763672,9.5600004196167,9.170000076293945,9.430000305175781,474900,9.430000305175781
12/29/2017,9.479999542236328,9.630000114440918,9.199999809265137,9.260000228881836,447900,9.260000228881836
12/28/2017,9.539999961853027,9.65999984741211,9.350000381469727,9.449999809265137,340000,9.449999809265137
12/27/2017,9.600000381469727,9.729999542236328,9.40999984741211,9.569999694824219,359800,9.569999694824219
12/26/2017,9.149999618530273,9.675000190734863,9.100000381469727,9.600000381469727,627200,9.600000381469727
12/22/2017,9.229999542236328,9.5,9.039999961853027,9.180000305175781,353800,9.180000305175781
12/21/2017,9.210000038146973,9.399999618530273,9.050000190734863,9.210000038146973,364000,9.210000038146973
12/19/2017,8.800000190734863,9.260000228881836,8.800000190734863,9.010000228881836,685100,9.010000228881836
12/18/2017,8.680000305175781,8.949999809265137,8.619999885559082,8.819999694824219,513000,8.819999694824219
12/15/2017,8.520000457763672,8.630000114440918,8.3100004196167,8.569999694824219,549200,8.569999694824219
12/14/2017,8.890000343322754,8.979999542236328,8.239999771118164,8.5,741100,8.5
12/13/2017,8.630000114440918,8.930000305175781,8.609999656677246,8.869999885559082,494600,8.869999885559082
12/12/2017,8.600000381469727,9.149999618530273,8.600000381469727,8.640000343322754,320300,8.640000343322754
12/11/2017,8.770000457763672,8.90999984741211,8.529999732971191,8.5600004196167,456700,8.5600004196167
12/8/2017,8.880000114440918,9.100000381469727,8.649999618530273,8.770000457763672,388600,8.770000457763672
12/7/2017,8.739999771118164,9.100000381469727,8.739999771118164,8.819999694824219,441100,8.819999694824219
12/6/2017,8.510000228881836,8.84000015258789,8.3100004196167,8.770000457763672,844900,8.770000457763672
12/5/2017,9.289999961853027,9.470000267028809,8.770000457763672,8.789999961853027,809100,8.789999961853027
12/4/2017,10.130000114440918,10.180000305175781,8.930000305175781,9.319999694824219,1323600,9.319999694824219
12/1/2017,9.640000343322754,10.390000343322754,9.359999656677246,9.899999618530273,1797300,9.899999618530273
11/30/2017,9.270000457763672,9.800000190734863,9.178000450134277,9.630000114440918,1319200,9.630000114440918
11/29/2017,9.399999618530273,9.6899995803833,9.149999618530273,9.239999771118164,780800,9.239999771118164
11/28/2017,9.579999923706055,9.65999984741211,9.25,9.390000343322754,719600,9.390000343322754
11/27/2017,9.489999771118164,9.739999771118164,9.350000381469727,9.539999961853027,613300,9.539999961853027
11/24/2017,9.520000457763672,9.645000457763672,9.380000114440918,9.4399995803833,277800,9.4399995803833
11/22/2017,9.399999618530273,9.979999542236328,9.09000015258789,9.520000457763672,1018100,9.520000457763672
11/21/2017,9.390000343322754,9.477999687194824,9.010000228881836,9.350000381469727,1078700,9.350000381469727
11/20/2017,9.859999656677246,9.899999618530273,9.279999732971191,9.289999961853027,1116700,9.289999961853027
11/17/2017,9.430000305175781,9.829999923706055,9.260000228881836,9.579999923706055,1640300,9.579999923706055
11/16/2017,8.199999809265137,9.59000015258789,8.180000305175781,9.430000305175781,2785300,9.430000305175781
11/15/2017,7.900000095367432,8.079999923706055,7.570000171661377,8.020000457763672,603300,8.020000457763672
11/13/2017,8.420000076293945,8.789999961853027,7.710000038146973,8.149999618530273,1905400,8.149999618530273
11/10/2017,8.100000381469727,8.550000190734863,8.079999923706055,8.510000228881836,973200,8.510000228881836
11/9/2017,7.96999979019165,8.109999656677246,7.699999809265137,8.050000190734863,625900,8.050000190734863
11/8/2017,8.229999542236328,8.329999923706055,7.849999904632568,8.069999694824219,710800,8.069999694824219
11/7/2017,8.420000076293945,8.420000076293945,8.109999656677246,8.3100004196167,630600,8.3100004196167
11/6/2017,8.350000381469727,8.649999618530273,8.050000190734863,8.399999618530273,841000,8.399999618530273
11/3/2017,7.480000019073486,8.65999984741211,7.25,8.3100004196167,2395900,8.3100004196167
11/2/2017,7.349999904632568,7.590000152587891,7.090000152587891,7.210000038146973,697500,7.210000038146973
11/1/2017,6.920000076293945,7.489999771118164,6.920000076293945,7.289999961853027,1162300,7.289999961853027
10/31/2017,6.699999809265137,6.909999847412109,6.610000133514404,6.889999866485596,344300,6.889999866485596
10/30/2017,6.949999809265137,6.949999809265137,6.519999980926514,6.699999809265137,608300,6.699999809265137
10/27/2017,6.760000228881836,7.019999980926514,6.760000228881836,6.96999979019165,804200,6.96999979019165
10/26/2017,6.880000114440918,6.880000114440918,6.599999904632568,6.75,572900,6.75
10/25/2017,6.460000038146973,7.039999961853027,6.460000038146973,6.820000171661377,1193100,6.820000171661377
10/24/2017,6.900000095367432,6.900000095367432,6.322999954223633,6.440000057220459,1000600,6.440000057220459
10/23/2017,6.760000228881836,6.900000095367432,6.539999961853027,6.889999866485596,869700,6.889999866485596
10/20/2017,6.369999885559082,6.809999942779541,6.289999961853027,6.699999809265137,1547100,6.699999809265137
10/19/2017,6.329999923706055,6.570000171661377,6.239999771118164,6.340000152587891,984700,6.340000152587891
10/18/2017,6.239999771118164,6.320000171661377,5.96999979019165,6.309999942779541,1132900,6.309999942779541
10/17/2017,5.53000020980835,6.199999809265137,5.5,6.170000076293945,1249900,6.170000076293945
10/16/2017,5.889999866485596,5.889999866485596,5.590000152587891,5.599999904632568,320200,5.599999904632568
10/13/2017,6.260000228881836,6.269999980926514,5.900000095367432,5.909999847412109,309500,5.909999847412109
10/12/2017,6.190000057220459,6.329999923706055,6.159999847412109,6.199999809265137,599800,6.199999809265137
10/10/2017,6.260000228881836,6.349999904632568,6.170000076293945,6.199999809265137,296100,6.199999809265137
10/9/2017,6.329999923706055,6.389999866485596,6.210000038146973,6.230000019073486,170700,6.230000019073486
10/6/2017,6.170000076293945,6.429999828338623,6.019999980926514,6.320000171661377,426700,6.320000171661377
10/5/2017,6.46999979019165,6.46999979019165,5.900000095367432,6.239999771118164,401900,6.239999771118164
10/4/2017,6.409999847412109,6.480000019073486,6.260000228881836,6.449999809265137,400500,6.449999809265137
10/3/2017,6.019999980926514,6.489999771118164,5.960000038146973,6.449999809265137,836100,6.449999809265137
9/29/2017,5.400000095367432,5.829999923706055,5.366000175476074,5.760000228881836,522400,5.760000228881836
9/28/2017,5.610000133514404,5.644000053405762,5.300000190734863,5.380000114440918,446500,5.380000114440918
9/27/2017,5.309999942779541,5.710000038146973,5.260000228881836,5.559999942779541,439200,5.559999942779541
9/26/2017,5.369999885559082,5.380000114440918,5.150000095367432,5.21999979019165,285000,5.21999979019165
9/25/2017,5.659999847412109,5.670000076293945,5.25,5.380000114440918,576900,5.380000114440918
9/22/2017,5.690000057220459,5.730000019073486,5.53000020980835,5.650000095367432,308900,5.650000095367432
9/21/2017,5.869999885559082,5.880000114440918,5.670000076293945,5.690000057220459,398100,5.690000057220459
9/20/2017,5.840000152587891,5.900000095367432,5.739999771118164,5.889999866485596,214000,5.889999866485596
9/19/2017,5.900000095367432,5.9629998207092285,5.760000228881836,5.849999904632568,183200,5.849999904632568
9/18/2017,5.940000057220459,5.989999771118164,5.800000190734863,5.900000095367432,261200,5.900000095367432
9/15/2017,6.090000152587891,6.090000152587891,5.880000114440918,5.940000057220459,597500,5.940000057220459
9/14/2017,6.150000095367432,6.21999979019165,6.059999942779541,6.070000171661377,293000,6.070000171661377
9/13/2017,6.050000190734863,6.230000019073486,6.019999980926514,6.159999847412109,398800,6.159999847412109
9/12/2017,6.099999904632568,6.159999847412109,5.989999771118164,6.130000114440918,274600,6.130000114440918
9/11/2017,6.150000095367432,6.324999809265137,6.090000152587891,6.119999885559082,400800,6.119999885559082
9/8/2017,6.130000114440918,6.260000228881836,5.888999938964844,6.130000114440918,318000,6.130000114440918
9/6/2017,5.730000019073486,5.800000190734863,5.630000114440918,5.789999961853027,353200,5.789999961853027
9/5/2017,5.510000228881836,5.739999771118164,5.5,5.730000019073486,545000,5.730000019073486
9/1/2017,5.260000228881836,5.510000228881836,5.260000228881836,5.5,640600,5.5
8/31/2017,5.309999942779541,5.329999923706055,5.170000076293945,5.260000228881836,417500,5.260000228881836
8/30/2017,5.199999809265137,5.440000057220459,5.110000133514404,5.260000228881836,476000,5.260000228881836
8/29/2017,5.269999980926514,5.349999904632568,5.159999847412109,5.210000038146973,299000,5.210000038146973
8/28/2017,5.28000020980835,5.389999866485596,5.28000020980835,5.329999923706055,181700,5.329999923706055
8/25/2017,5.489999771118164,5.53000020980835,5.300000190734863,5.300000190734863,249000,5.300000190734863
8/24/2017,5.369999885559082,5.639999866485596,5.369999885559082,5.53000020980835,646500,5.53000020980835
8/23/2017,5.340000152587891,5.550000190734863,5.28000020980835,5.380000114440918,328400,5.380000114440918
8/22/2017,5.289999961853027,5.5,5.289999961853027,5.400000095367432,514100,5.400000095367432
8/21/2017,5.210000038146973,5.329999923706055,5.210000038146973,5.28000020980835,298400,5.28000020980835
8/18/2017,5.28000020980835,5.380000114440918,5.210999965667725,5.300000190734863,405200,5.300000190734863
8/17/2017,5.519999980926514,5.599999904632568,5.260000228881836,5.289999961853027,372900,5.289999961853027
8/16/2017,5.659999847412109,5.754000186920166,5.519999980926514,5.539999961853027,285700,5.539999961853027
8/15/2017,5.739999771118164,5.829999923706055,5.599999904632568,5.699999809265137,475400,5.699999809265137
8/14/2017,5.489999771118164,5.769999980926514,5.489999771118164,5.730000019073486,450100,5.730000019073486
8/11/2017,5.429999828338623,5.590000152587891,5.429999828338623,5.489999771118164,404000,5.489999771118164
8/10/2017,5.519999980926514,5.559999942779541,5.389999866485596,5.449999809265137,361800,5.449999809265137
8/9/2017,5.699999809265137,5.8420000076293945,5.440000057220459,5.510000228881836,523000,5.510000228881836
8/8/2017,5.5,5.920000076293945,5.5,5.730000019073486,1804300,5.730000019073486
8/7/2017,5.239999771118164,5.289999961853027,5.119999885559082,5.25,747500,5.25
8/4/2017,5.110000133514404,5.300000190734863,5.010000228881836,5.210000038146973,632700,5.210000038146973
8/3/2017,5.170000076293945,5.230000019073486,4.960000038146973,5.130000114440918,1108200,5.130000114440918
8/2/2017,4.96999979019165,5.170000076293945,4.829999923706055,5.130000114440918,1214300,5.130000114440918
8/1/2017,4.760000228881836,4.940000057220459,4.610000133514404,4.889999866485596,1346000,4.889999866485596
7/31/2017,4.769999980926514,4.800000190734863,4.559999942779541,4.730000019073486,1059400,4.730000019073486
7/28/2017,4.599999904632568,4.789999961853027,4.400000095367432,4.730000019073486,818600,4.730000019073486
7/27/2017,4.75,4.949999809265137,4.559999942779541,4.599999904632568,1148400,4.599999904632568
7/26/2017,4.78000020980835,4.889999866485596,4.53000020980835,4.730000019073486,946300,4.730000019073486
7/25/2017,4.849999904632568,4.909999847412109,4.639999866485596,4.760000228881836,1047500,4.760000228881836
7/24/2017,5.059999942779541,5.150000095367432,4.690000057220459,4.889999866485596,1513500,4.889999866485596
7/21/2017,5.300000190734863,5.480000019073486,4.729000091552734,5.170000076293945,3204600,5.170000076293945
7/20/2017,6.309999942779541,6.340000152587891,5.389999866485596,5.599999904632568,2356800,5.599999904632568
7/19/2017,6.190000057220459,6.230000019073486,5.900000095367432,6.099999904632568,678200,6.099999904632568
7/18/2017,6.260000228881836,6.304999828338623,6.119999885559082,6.199999809265137,342600,6.199999809265137
7/17/2017,6.480000019073486,6.480000019073486,6.190000057220459,6.260000228881836,563200,6.260000228881836
7/14/2017,6.380000114440918,6.599999904632568,6.360000133514404,6.489999771118164,327100,6.489999771118164
7/13/2017,6.539999961853027,6.613999843597412,6.349999904632568,6.400000095367432,333600,6.400000095367432
7/12/2017,6.71999979019165,6.78000020980835,6.539999961853027,6.579999923706055,421200,6.579999923706055
7/11/2017,6.800000190734863,7.099999904632568,6.449999809265137,6.71999979019165,1033800,6.71999979019165
7/10/2017,6.25,6.800000190734863,6.179999828338623,6.710000038146973,834100,6.710000038146973
7/7/2017,6.230000019073486,6.309999942779541,6.210000038146973,6.289999961853027,204900,6.289999961853027
7/6/2017,6.260000228881836,6.327000141143799,6.159999847412109,6.230000019073486,313800,6.230000019073486
7/5/2017,6.400000095367432,6.400000095367432,6.199999809265137,6.309999942779541,335000,6.309999942779541
7/3/2017,6.489999771118164,6.550000190734863,6.329999923706055,6.409999847412109,229700,6.409999847412109
6/30/2017,6.539999961853027,6.539999961853027,6.369999885559082,6.46999979019165,468100,6.46999979019165
6/29/2017,6.420000076293945,6.449999809265137,6.199999809265137,6.380000114440918,366500,6.380000114440918
6/28/2017,6.320000171661377,6.5,6.199999809265137,6.489999771118164,360000,6.489999771118164
6/27/2017,6.260000228881836,6.500999927520752,6.260000228881836,6.309999942779541,293200,6.309999942779541
6/26/2017,6.690000057220459,6.771999835968018,6.300000190734863,6.300000190734863,694600,6.300000190734863
6/23/2017,6.539999961853027,6.769999980926514,6.449999809265137,6.619999885559082,3137300,6.619999885559082
6/22/2017,6.579999923706055,6.619999885559082,6.510000228881836,6.559999942779541,332100,6.559999942779541
6/21/2017,6.5,6.559999942779541,6.420000076293945,6.550000190734863,281100,6.550000190734863
6/20/2017,6.539999961853027,6.670000076293945,6.400000095367432,6.480000019073486,293500,6.480000019073486
6/19/2017,6.489999771118164,6.599999904632568,6.460000038146973,6.579999923706055,687300,6.579999923706055
6/16/2017,6.239999771118164,6.510000228881836,6.21999979019165,6.449999809265137,596600,6.449999809265137
6/15/2017,6.300000190734863,6.400000095367432,6.054999828338623,6.25,362800,6.25
6/14/2017,6.380000114440918,6.539999961853027,6.295000076293945,6.369999885559082,393800,6.369999885559082
6/13/2017,6.170000076293945,6.429999828338623,6.170000076293945,6.429999828338623,372700,6.429999828338623
6/12/2017,6.25,6.429999828338623,6.090000152587891,6.170000076293945,454600,6.170000076293945
6/9/2017,6.760000228881836,6.760000228881836,6.170000076293945,6.269999980926514,432100,6.269999980926514
6/8/2017,6.650000095367432,6.75,6.519999980926514,6.730000019073486,246300,6.730000019073486
6/7/2017,6.539999961853027,6.980000019073486,6.5,6.679999828338623,662900,6.679999828338623
6/6/2017,6.400000095367432,6.650000095367432,6.400000095367432,6.510000228881836,261900,6.510000228881836
6/5/2017,6.630000114440918,6.739999771118164,6.409999847412109,6.460000038146973,434400,6.460000038146973
6/2/2017,6.480000019073486,6.739999771118164,6.449999809265137,6.690000057220459,412200,6.690000057220459
6/1/2017,6.53000020980835,6.789999961853027,6.449999809265137,6.599999904632568,464500,6.599999904632568
5/31/2017,6.539999961853027,6.880000114440918,6.480000019073486,6.550000190734863,758600,6.550000190734863
5/30/2017,6.150000095367432,6.590000152587891,6.119999885559082,6.519999980926514,473700,6.519999980926514
5/25/2017,6.139999866485596,6.400000095367432,6.010000228881836,6.079999923706055,586200,6.079999923706055
5/24/2017,6.489999771118164,6.630000114440918,6.119999885559082,6.150000095367432,594300,6.150000095367432
5/23/2017,6.190000057220459,6.639999866485596,6.179999828338623,6.449999809265137,1097700,6.449999809265137
5/22/2017,5.869999885559082,6.210000038146973,5.849999904632568,6.179999828338623,401500,6.179999828338623
5/19/2017,5.96999979019165,6.039999961853027,5.820000171661377,5.869999885559082,615600,5.869999885559082
5/18/2017,5.769999980926514,5.989999771118164,5.610000133514404,5.929999828338623,768900,5.929999828338623
5/17/2017,6.050000190734863,6.090000152587891,5.650000095367432,5.800000190734863,983100,5.800000190734863
5/12/2017,6.599999904632568,6.639999866485596,6.431000232696533,6.559999942779541,380100,6.559999942779541
5/11/2017,6.599999904632568,6.691999912261963,6.329999923706055,6.590000152587891,377800,6.590000152587891
5/10/2017,6.539999961853027,6.679999828338623,6.324999809265137,6.630000114440918,471800,6.630000114440918
5/9/2017,6.320000171661377,6.590000152587891,6.25,6.559999942779541,561300,6.559999942779541
5/8/2017,6.5,6.53000020980835,6.230000019073486,6.329999923706055,734200,6.329999923706055
5/5/2017,6.690000057220459,6.730000019073486,6.510000228881836,6.53000020980835,533000,6.53000020980835
5/4/2017,6.900000095367432,7.019999980926514,6.53000020980835,6.679999828338623,892700,6.679999828338623
5/3/2017,6.809999942779541,7.22599983215332,6.800000190734863,6.869999885559082,1129400,6.869999885559082
5/2/2017,6.889999866485596,7.019999980926514,6.71999979019165,6.800000190734863,326600,6.800000190734863
5/1/2017,6.929999828338623,7.045000076293945,6.699999809265137,6.889999866485596,576200,6.889999866485596
4/28/2017,6.559999942779541,6.929999828338623,6.309999942779541,6.900000095367432,843600,6.900000095367432
4/27/2017,7.039999961853027,7.050000190734863,6.46999979019165,6.579999923706055,1041700,6.579999923706055
4/26/2017,6.889999866485596,7.289999961853027,6.889999866485596,7.039999961853027,1675700,7.039999961853027
4/25/2017,6.579999923706055,7.010000228881836,6.579999923706055,6.849999904632568,1271000,6.849999904632568
4/24/2017,6.619999885559082,6.699999809265137,6.25,6.599999904632568,1444000,6.599999904632568
4/21/2017,6.960000038146973,7.013000011444092,6.699999809265137,6.840000152587891,344500,6.840000152587891
4/20/2017,6.909999847412109,7.0289998054504395,6.699999809265137,6.96999979019165,740900,6.96999979019165
4/19/2017,6.989999771118164,7.050000190734863,6.869999885559082,6.900000095367432,448400,6.900000095367432
4/17/2017,7.71999979019165,7.860000133514404,7.130000114440918,7.300000190734863,841000,7.300000190734863
4/13/2017,7.340000152587891,7.820000171661377,7.25,7.639999866485596,1053200,7.639999866485596
4/12/2017,7.400000095367432,7.53000020980835,7.25,7.360000133514404,454700,7.360000133514404
4/11/2017,7.559999942779541,7.679999828338623,7.164000034332275,7.429999828338623,858000,7.429999828338623
4/10/2017,7.980000019073486,8.137999534606934,7.579999923706055,7.630000114440918,893500,7.630000114440918
4/7/2017,7.670000076293945,8.1899995803833,7.570000171661377,7.96999979019165,843300,7.96999979019165
4/6/2017,7.670000076293945,7.781000137329102,7.519999980926514,7.659999847412109,568700,7.659999847412109
4/5/2017,7.900000095367432,8.09000015258789,7.619999885559082,7.739999771118164,763000,7.739999771118164
4/4/2017,7.840000152587891,8.5,7.525000095367432,7.829999923706055,1748400,7.829999923706055
4/3/2017,8.510000228881836,8.550000190734863,7.800000190734863,7.960000038146973,1063600,7.960000038146973
3/31/2017,8.5,8.819999694824219,8.399999618530273,8.510000228881836,1516400,8.510000228881836
3/30/2017,8.5,8.569999694824219,8.229999542236328,8.380000114440918,770900,8.380000114440918
3/29/2017,8.739999771118164,8.739999771118164,7.989999771118164,8.59000015258789,1644600,8.59000015258789
3/28/2017,9.75,10.385000228881836,7.869999885559082,8.640000343322754,4717700,8.640000343322754
3/27/2017,8.34000015258789,9.949999809265137,8.329999923706055,9.470000267028809,2340700,9.470000267028809
3/24/2017,8.130000114440918,8.760000228881836,8.130000114440918,8.460000038146973,1156500,8.460000038146973
3/23/2017,7.5,8.25,7.5,8.100000381469727,1655200,8.100000381469727
3/22/2017,7.170000076293945,7.980000019073486,7.159999847412109,7.519999980926514,1588100,7.519999980926514
3/21/2017,6.789999961853027,7.300000190734863,6.599999904632568,7.159999847412109,1698800,7.159999847412109
3/20/2017,6.010000228881836,6.900000095367432,5.800000190734863,6.800000190734863,1603800,6.800000190734863
3/17/2017,5.949999809265137,6.172999858856201,5.599999904632568,6.019999980926514,1104100,6.019999980926514
3/16/2017,6.269999980926514,6.429999828338623,6.039999961853027,6.239999771118164,897800,6.239999771118164
3/15/2017,5.869999885559082,6.429999828338623,5.699999809265137,6.199999809265137,2689200,6.199999809265137
3/14/2017,5.460000038146973,5.980000019073486,5.309999942779541,5.829999923706055,739900,5.829999923706055
3/13/2017,5.550000190734863,5.579999923706055,5.380000114440918,5.480000019073486,245700,5.480000019073486
3/10/2017,5.519999980926514,5.550000190734863,5.480000019073486,5.53000020980835,295900,5.53000020980835
3/9/2017,5.5,5.610000133514404,5.420000076293945,5.519999980926514,714600,5.519999980926514
3/8/2017,5.5,5.71999979019165,5.449999809265137,5.53000020980835,243100,5.53000020980835
3/7/2017,5.610000133514404,5.610000133514404,5.400000095367432,5.46999979019165,314900,5.46999979019165
3/6/2017,5.849999904632568,5.849999904632568,5.519999980926514,5.570000171661377,709600,5.570000171661377
3/3/2017,6.190000057220459,6.199999809265137,5.46999979019165,5.710000038146973,2646900,5.710000038146973
3/2/2017,5.099999904632568,6.239999771118164,5.099999904632568,5.650000095367432,4309400,5.650000095367432
2/28/2017,5.550000190734863,5.659999847412109,5.199999809265137,5.25,969800,5.25
2/27/2017,4.78000020980835,6.440000057220459,4.710000038146973,5.710000038146973,3502600,5.710000038146973
2/24/2017,4.710000038146973,4.900000095367432,4.599999904632568,4.760000228881836,47100,4.760000228881836
2/23/2017,4.880000114440918,4.959000110626221,4.710999965667725,4.75,64100,4.75
2/22/2017,5.050000190734863,5.050000190734863,4.800000190734863,4.880000114440918,106100,4.880000114440918
2/17/2017,5.03000020980835,5.070000171661377,4.920000076293945,5.050000190734863,61600,5.050000190734863
2/16/2017,5.070000171661377,5.130000114440918,4.909999847412109,4.989999771118164,95600,4.989999771118164
2/15/2017,5.320000171661377,5.389999866485596,4.929999828338623,5.079999923706055,131600,5.079999923706055
2/14/2017,4.840000152587891,5.440000057220459,4.75,5.329999923706055,181800,5.329999923706055
2/13/2017,5.590000152587891,5.699999809265137,4.909999847412109,4.929999828338623,224200,4.929999828338623
2/10/2017,6.03000020980835,6.25,5.630000114440918,5.699999809265137,268000,5.699999809265137
2/9/2017,5.800000190734863,5.949999809265137,5.78000020980835,5.920000076293945,148700,5.920000076293945
2/8/2017,5.860000133514404,5.929999828338623,5.809999942779541,5.829999923706055,64700,5.829999923706055
2/7/2017,5.920000076293945,5.949999809265137,5.800000190734863,5.920000076293945,133700,5.920000076293945
2/6/2017,5.650000095367432,6.130000114440918,5.650000095367432,5.949999809265137,305900,5.949999809265137
2/3/2017,5.25,5.690000057220459,5.25,5.539999961853027,141300,5.539999961853027
2/2/2017,5.28000020980835,5.449999809265137,5.199999809265137,5.260000228881836,59700,5.260000228881836
2/1/2017,5.309999942779541,5.71999979019165,5.21999979019165,5.239999771118164,68400,5.239999771118164
1/31/2017,5.5,5.510000228881836,5.119999885559082,5.210000038146973,164900,5.210000038146973
1/30/2017,5.769999980926514,5.940000057220459,5.599999904632568,5.630000114440918,100400,5.630000114440918
1/25/2017,5.460000038146973,5.590000152587891,5.210000038146973,5.510000228881836,251700,5.510000228881836
1/24/2017,5.099999904632568,5.46999979019165,4.849999904632568,5.300000190734863,427900,5.300000190734863
1/20/2017,4.21999979019165,4.320000171661377,3.940000057220459,4.199999809265137,170100,4.199999809265137
1/18/2017,3.0299999713897705,3.190000057220459,3.009999990463257,3.140000104904175,31400,3.140000104904175
1/17/2017,3.1600000858306885,3.240000009536743,3.0399999618530273,3.059999942779541,30400,3.059999942779541
1/13/2017,3.25,3.25,3.049999952316284,3.190000057220459,7600,3.190000057220459
1/12/2017,3.200000047683716,3.25,3.200000047683716,3.200000047683716,12700,3.200000047683716
1/11/2017,3.124000072479248,3.200000047683716,3.124000072479248,3.180000066757202,10000,3.180000066757202
1/10/2017,3.2300000190734863,3.2300000190734863,3.0899999141693115,3.1500000953674316,13900,3.1500000953674316
1/9/2017,3.069999933242798,3.190000057220459,3.009999990463257,3.0399999618530273,39200,3.0399999618530273
1/6/2017,3.2850000858306885,3.359999895095825,3.0399999618530273,3.0999999046325684,19400,3.0999999046325684
1/5/2017,3.1600000858306885,3.309999942779541,3.1500000953674316,3.200000047683716,11200,3.200000047683716
1/4/2017,3.180000066757202,3.180000066757202,3.1419999599456787,3.1600000858306885,4900,3.1600000858306885
1/3/2017,3.130000114440918,3.3299999237060547,3.130000114440918,3.1600000858306885,6600,3.1600000858306885
12/30/2016,3.25,3.2799999713897705,3.0999999046325684,3.130000114440918,39200,3.130000114440918
12/29/2016,3.3299999237060547,3.359999895095825,3.25,3.259999990463257,35800,3.259999990463257
12/28/2016,3.3299999237060547,3.3399999141693115,3.3269999027252197,3.3299999237060547,13100,3.3299999237060547
12/27/2016,3.380000114440918,3.380000114440918,3.1700000762939453,3.3399999141693115,40400,3.3399999141693115
12/23/2016,3.3399999141693115,3.3499999046325684,3.319999933242798,3.3299999237060547,22200,3.3299999237060547
12/22/2016,3.309999942779541,3.4000000953674316,3.299999952316284,3.3299999237060547,28800,3.3299999237060547
12/21/2016,3.369999885559082,3.369999885559082,3.3299999237060547,3.3299999237060547,65400,3.3299999237060547
12/20/2016,3.3499999046325684,3.4000000953674316,3.3299999237060547,3.3499999046325684,16400,3.3499999046325684
12/19/2016,3.3299999237060547,3.390000104904175,3.3299999237060547,3.369999885559082,31700,3.369999885559082
12/16/2016,3.359999895095825,3.359999895095825,3.069999933242798,3.2100000381469727,83100,3.2100000381469727
12/15/2016,3.069999933242798,3.38100004196167,3.069999933242798,3.3299999237060547,65400,3.3299999237060547
12/14/2016,3.5299999713897705,3.5299999713897705,3.25,3.3299999237060547,29400,3.3299999237060547
12/13/2016,3.0799999237060547,3.5999999046325684,3.0799999237060547,3.359999895095825,51200,3.359999895095825
12/12/2016,3.559999942779541,3.630000114440918,3.25,3.369999885559082,44000,3.369999885559082
12/9/2016,3.490000009536743,3.630000114440918,3.380000114440918,3.5299999713897705,29900,3.5299999713897705
12/8/2016,3.5,3.5,3.194999933242798,3.3499999046325684,61800,3.3499999046325684
12/7/2016,3.450000047683716,3.799999952316284,3.450000047683716,3.690000057220459,40200,3.690000057220459
12/6/2016,3.630000114440918,3.765000104904175,3.4700000286102295,3.630000114440918,26800,3.630000114440918
12/5/2016,3.430000066757202,3.5899999141693115,3.2100000381469727,3.559999942779541,25000,3.559999942779541
12/2/2016,3.2200000286102295,3.369999885559082,3.2200000286102295,3.309999942779541,17700,3.309999942779541
12/1/2016,3.4549999237060547,3.4549999237060547,2.9800000190734863,3.200000047683716,26600,3.200000047683716
11/30/2016,3.4660000801086426,3.4700000286102295,3.2799999713897705,3.2899999618530273,18000,3.2899999618530273
11/29/2016,3.299999952316284,3.4000000953674316,3.299999952316284,3.3399999141693115,4100,3.3399999141693115
11/28/2016,3.2799999713897705,3.3499999046325684,3.0999999046325684,3.319999933242798,19100,3.319999933242798
11/25/2016,3.25,3.299999952316284,3.0799999237060547,3.2899999618530273,8700,3.2899999618530273
11/23/2016,3.1500000953674316,3.299999952316284,3.055999994277954,3.25,5700,3.25
11/22/2016,3.119999885559082,3.249000072479248,3.0799999237060547,3.1700000762939453,42600,3.1700000762939453
11/21/2016,3.2699999809265137,3.2699999809265137,3.0799999237060547,3.130000114440918,8900,3.130000114440918
11/18/2016,3.319999933242798,3.4800000190734863,3.1040000915527344,3.25,29000,3.25
11/17/2016,3.3399999141693115,3.6700000762939453,3.1600000858306885,3.299999952316284,174700,3.299999952316284
11/16/2016,2.813999891281128,3.440000057220459,2.7799999713897705,3.299999952316284,140300,3.299999952316284
11/15/2016,2.819999933242798,2.819999933242798,2.7799999713897705,2.7899999618530273,36000,2.7899999618530273
11/14/2016,2.799999952316284,2.890000104904175,2.680000066757202,2.7899999618530273,46200,2.7899999618530273
11/11/2016,2.740000009536743,2.7760000228881836,2.6700000762939453,2.75,55600,2.75
11/10/2016,2.7899999618530273,2.8399999141693115,2.680000066757202,2.740000009536743,128400,2.740000009536743
11/9/2016,2.7699999809265137,2.8299999237060547,2.740000009536743,2.799999952316284,31100,2.799999952316284
11/8/2016,2.890000104904175,2.950000047683716,2.740000009536743,2.7899999618530273,43800,2.7899999618530273
11/7/2016,2.869999885559082,2.890000104904175,2.8299999237060547,2.890000104904175,17000,2.890000104904175
11/4/2016,2.809999942779541,2.880000114440918,2.809999942779541,2.8499999046325684,17700,2.8499999046325684
11/3/2016,2.700000047683716,2.799999952316284,2.700000047683716,2.7799999713897705,19000,2.7799999713897705
11/2/2016,2.75,2.75,2.680000066757202,2.690000057220459,15700,2.690000057220459
11/1/2016,2.6700000762939453,2.7699999809265137,2.6700000762939453,2.75,39100,2.75
10/31/2016,2.7300000190734863,2.799999952316284,2.6600000858306885,2.680000066757202,34000,2.680000066757202
10/28/2016,2.7899999618530273,2.8399999141693115,2.640000104904175,2.7200000286102295,70000,2.7200000286102295
10/27/2016,2.9800000190734863,2.9800000190734863,2.75,2.7899999618530273,86100,2.7899999618530273
10/26/2016,3.0299999713897705,3.049999952316284,2.9000000953674316,2.930000066757202,127800,2.930000066757202
10/24/2016,3.9070000648498535,3.950000047683716,3.6500000953674316,3.680000066757202,38500,3.680000066757202
10/21/2016,3.9800000190734863,3.9800000190734863,3.880000114440918,3.880000114440918,21300,3.880000114440918
10/20/2016,3.9719998836517334,3.9800000190734863,3.9000000953674316,3.9700000286102295,17800,3.9700000286102295
10/19/2016,3.9000000953674316,3.990000009536743,3.7899999618530273,3.9000000953674316,29200,3.9000000953674316
10/18/2016,3.940000057220459,4.109000205993652,3.8499999046325684,3.880000114440918,23500,3.880000114440918
10/17/2016,3.940000057220459,4.176000118255615,3.880000114440918,3.890000104904175,71700,3.890000104904175
10/14/2016,4.239999771118164,4.239999771118164,3.7699999809265137,3.7699999809265137,95200,3.7699999809265137
10/13/2016,4.289999961853027,4.46999979019165,4.199999809265137,4.230000019073486,59000,4.230000019073486
10/12/2016,4.559999942779541,4.559999942779541,4.230000019073486,4.289999961853027,78700,4.289999961853027
10/11/2016,4.300000190734863,4.579999923706055,4.300000190734863,4.46999979019165,83500,4.46999979019165
10/10/2016,4.119999885559082,4.329999923706055,4.119999885559082,4.28000020980835,107200,4.28000020980835
10/7/2016,4.039999961853027,4.150000095367432,4.039999961853027,4.099999904632568,7900,4.099999904632568
10/6/2016,4.099999904632568,4.099999904632568,3.9700000286102295,4.019999980926514,15500,4.019999980926514
10/5/2016,3.86899995803833,4.21999979019165,3.865999937057495,4.119999885559082,35000,4.119999885559082
10/4/2016,4.349999904632568,4.429999828338623,3.9600000381469727,3.990000009536743,98100,3.990000009536743
10/3/2016,4.570000171661377,4.570000171661377,4.300000190734863,4.329999923706055,52900,4.329999923706055
9/30/2016,4.539999961853027,4.760000228881836,4.5,4.519999980926514,50300,4.519999980926514
9/29/2016,4.789999961853027,4.940000057220459,4.5,4.579999923706055,57800,4.579999923706055
9/28/2016,4.880000114440918,4.9039998054504395,4.75,4.800000190734863,41700,4.800000190734863
9/26/2016,4.739999771118164,5.190000057220459,4.739999771118164,5.03000020980835,90600,5.03000020980835
9/23/2016,5.309999942779541,5.423999786376953,4.630000114440918,4.699999809265137,163900,4.699999809265137
9/22/2016,5.25,5.449999809265137,5.199999809265137,5.309999942779541,213700,5.309999942779541
9/21/2016,4.949999809265137,5.25,4.949999809265137,5.190000057220459,169700,5.190000057220459
9/20/2016,4.519999980926514,5.489999771118164,4.519999980926514,4.809999942779541,375100,4.809999942779541
9/19/2016,4.5,4.809999942779541,4.269999980926514,4.559999942779541,222100,4.559999942779541
9/16/2016,3.8499999046325684,4.409999847412109,3.75,4.059999942779541,261400,4.059999942779541
9/15/2016,3.75,3.8299999237060547,3.6700000762939453,3.759999990463257,42100,3.759999990463257
9/14/2016,3.75,3.809999942779541,3.6600000858306885,3.7200000286102295,44800,3.7200000286102295
9/13/2016,3.5999999046325684,3.799999952316284,3.5799999237060547,3.5799999237060547,16000,3.5799999237060547
9/12/2016,3.5999999046325684,3.700000047683716,3.5999999046325684,3.619999885559082,45600,3.619999885559082
9/9/2016,3.5399999618530273,3.990000009536743,3.5399999618530273,3.5999999046325684,69500,3.5999999046325684
9/8/2016,3.4100000858306885,3.5299999713897705,3.359999895095825,3.380000114440918,16500,3.380000114440918
9/7/2016,3.5999999046325684,3.619999885559082,3.4100000858306885,3.4100000858306885,59700,3.4100000858306885
9/6/2016,4.019999980926514,4.019999980926514,3.559999942779541,3.5999999046325684,70700,3.5999999046325684
9/2/2016,4.050000190734863,4.119999885559082,4.019999980926514,4.050000190734863,19400,4.050000190734863
9/1/2016,4.300000190734863,4.329999923706055,4.010000228881836,4.050000190734863,49500,4.050000190734863
8/31/2016,4.039999961853027,4.315000057220459,3.990000009536743,4.199999809265137,76200,4.199999809265137
8/30/2016,3.6389999389648438,4.409999847412109,3.5999999046325684,3.990000009536743,191200,3.990000009536743
8/24/2016,3.3399999141693115,3.3399999141693115,2.9600000381469727,2.9700000286102295,76200,2.9700000286102295
8/23/2016,2.9200000762939453,3.25,2.9200000762939453,3.059999942779541,38000,3.059999942779541
8/22/2016,2.75,3.0199999809265137,2.690000057220459,2.9800000190734863,45200,2.9800000190734863
8/19/2016,3.009999990463257,3.0179998874664307,2.690000057220459,2.75,37900,2.75
8/17/2016,3.119999885559082,3.194000005722046,2.9800000190734863,2.990000009536743,18900,2.990000009536743
8/16/2016,3.3499999046325684,3.3499999046325684,2.9800000190734863,2.9800000190734863,42100,2.9800000190734863
8/15/2016,3.3399999141693115,3.569999933242798,3.1600000858306885,3.200000047683716,57100,3.200000047683716
8/12/2016,3.240000009536743,3.380000114440918,3.2300000190734863,3.299999952316284,25200,3.299999952316284
8/11/2016,3.25,3.25,3.200000047683716,3.240000009536743,2500,3.240000009536743
8/10/2016,3.4000000953674316,3.4000000953674316,3.2200000286102295,3.25,8400,3.25
8/9/2016,3.4000000953674316,3.4000000953674316,3.3299999237060547,3.369999885559082,14900,3.369999885559082
8/8/2016,3.296999931335449,3.296999931335449,3.1500000953674316,3.200000047683716,19000,3.200000047683716
8/5/2016,3.3499999046325684,3.4000000953674316,3.200000047683716,3.2899999618530273,34300,3.2899999618530273
8/4/2016,3.569999933242798,3.7279999256134033,3.380000114440918,3.380000114440918,49500,3.380000114440918
8/3/2016,3.5,3.559000015258789,3.4800000190734863,3.5199999809265137,12100,3.5199999809265137
8/2/2016,3.680000066757202,3.752000093460083,3.5399999618530273,3.5399999618530273,14900,3.5399999618530273
8/1/2016,3.7300000190734863,3.746000051498413,3.680000066757202,3.7100000381469727,10700,3.7100000381469727
7/29/2016,3.880000114440918,3.880000114440918,3.700000047683716,3.759999990463257,8000,3.759999990463257
7/28/2016,3.9000000953674316,3.9000000953674316,3.8239998817443848,3.859999895095825,14200,3.859999895095825
7/27/2016,3.8989999294281006,3.8989999294281006,3.7860000133514404,3.8299999237060547,4800,3.8299999237060547
7/26/2016,3.890000104904175,3.9000000953674316,3.799999952316284,3.9000000953674316,8700,3.9000000953674316
7/25/2016,3.822000026702881,3.8399999141693115,3.799999952316284,3.819999933242798,3600,3.819999933242798
7/22/2016,3.9000000953674316,3.9000000953674316,3.8289999961853027,3.8299999237060547,14800,3.8299999237060547
7/21/2016,3.9700000286102295,4.050000190734863,3.809999942779541,3.869999885559082,27700,3.869999885559082
7/20/2016,3.9000000953674316,3.9000000953674316,3.880000114440918,3.9000000953674316,6700,3.9000000953674316
7/19/2016,3.9000000953674316,3.950000047683716,3.869999885559082,3.890000104904175,7300,3.890000104904175
7/18/2016,3.9000000953674316,3.950000047683716,3.9000000953674316,3.930000066757202,2000,3.930000066757202
7/14/2016,3.999000072479248,4.070000171661377,3.9600000381469727,4.039999961853027,6500,4.039999961853027
7/12/2016,3.996000051498413,4.099999904632568,3.9000000953674316,4.090000152587891,13400,4.090000152587891
7/11/2016,4.039999961853027,4.090000152587891,3.819999933242798,4.050000190734863,14900,4.050000190734863
7/8/2016,3.930000066757202,4.059999942779541,3.8499999046325684,4.050000190734863,24600,4.050000190734863
7/7/2016,3.950000047683716,4.119999885559082,3.9200000762939453,4.039999961853027,22000,4.039999961853027
7/6/2016,4.059999942779541,4.139999866485596,4.039999961853027,4.039999961853027,12100,4.039999961853027
7/5/2016,3.9000000953674316,4.369999885559082,3.869999885559082,4.320000171661377,20500,4.320000171661377
7/1/2016,4.139999866485596,4.139999866485596,3.9700000286102295,4.070000171661377,26100,4.070000171661377
6/29/2016,3.984999895095825,4.199999809265137,3.984999895095825,4.179999828338623,17700,4.179999828338623
6/28/2016,3.809999942779541,4.050000190734863,3.7100000381469727,3.869999885559082,34100,3.869999885559082
6/27/2016,4.130000114440918,4.275000095367432,3.700000047683716,3.7100000381469727,47400,3.7100000381469727
6/24/2016,3.9800000190734863,4.46999979019165,3.799999952316284,4.130000114440918,461200,4.130000114440918
6/23/2016,4.5,4.5,3.9800000190734863,3.990000009536743,60900,3.990000009536743
6/22/2016,4.789999961853027,4.929999828338623,4.440000057220459,4.550000190734863,28500,4.550000190734863
6/21/2016,4.949999809265137,4.949999809265137,4.610000133514404,4.699999809265137,21100,4.699999809265137
6/17/2016,4.340000152587891,4.900000095367432,4.260000228881836,4.860000133514404,407400,4.860000133514404
6/16/2016,4.389999866485596,4.869999885559082,4.260000228881836,4.800000190734863,58900,4.800000190734863
6/15/2016,4.400000095367432,4.699999809265137,4.349999904632568,4.610000133514404,61100,4.610000133514404
6/14/2016,4.494999885559082,4.679999828338623,4.366000175476074,4.599999904632568,46900,4.599999904632568
6/13/2016,4.860000133514404,4.860000133514404,4.329999923706055,4.699999809265137,59800,4.699999809265137
6/10/2016,4.500999927520752,4.75,4.500999927520752,4.699999809265137,13500,4.699999809265137
6/9/2016,4.5,4.849999904632568,4.5,4.789999961853027,18700,4.789999961853027
6/8/2016,4.889999866485596,4.900000095367432,4.760000228881836,4.849999904632568,16500,4.849999904632568
6/6/2016,4.800000190734863,4.869999885559082,4.739999771118164,4.75,38600,4.75
6/3/2016,4.635000228881836,4.849999904632568,4.630000114440918,4.809999942779541,7100,4.809999942779541
6/2/2016,4.849999904632568,4.849999904632568,4.690000057220459,4.75,6000,4.75
6/1/2016,4.71999979019165,4.800000190734863,4.380000114440918,4.699999809265137,8000,4.699999809265137
5/31/2016,4.849999904632568,4.900000095367432,4.521999835968018,4.730000019073486,13500,4.730000019073486
5/27/2016,4.929999828338623,4.960000038146973,4.699999809265137,4.849999904632568,18900,4.849999904632568
5/26/2016,4.670000076293945,4.800000190734863,4.639999866485596,4.800000190734863,28400,4.800000190734863
5/25/2016,4.570000171661377,4.699999809265137,4.440000057220459,4.699999809265137,26100,4.699999809265137
5/24/2016,4.429999828338623,4.599999904632568,4.429999828338623,4.550000190734863,18900,4.550000190734863
5/23/2016,4.500999927520752,4.599999904632568,4.5,4.550000190734863,17600,4.550000190734863
5/20/2016,4.460000038146973,4.590000152587891,4.460000038146973,4.550000190734863,6700,4.550000190734863
5/19/2016,4.53000020980835,4.53000020980835,4.170000076293945,4.349999904632568,8700,4.349999904632568
5/18/2016,4.5,4.510000228881836,4.159999847412109,4.480000019073486,7800,4.480000019073486
5/17/2016,4.519999980926514,4.599999904632568,4.369999885559082,4.5,11300,4.5
5/16/2016,4.599999904632568,4.699999809265137,4.5,4.599999904632568,27200,4.599999904632568
5/13/2016,4.610000133514404,4.769999980926514,4.545000076293945,4.75,5300,4.75
5/12/2016,4.400000095367432,4.789999961853027,4.400000095367432,4.789999961853027,42700,4.789999961853027
5/11/2016,4.699999809265137,4.699999809265137,4.579999923706055,4.690000057220459,6500,4.690000057220459
5/10/2016,4.699999809265137,4.699999809265137,4.110000133514404,4.699999809265137,26100,4.699999809265137
5/9/2016,4.75,4.75,4.519999980926514,4.699999809265137,18600,4.699999809265137
5/6/2016,4.610000133514404,4.75,4.5,4.679999828338623,12600,4.679999828338623
5/5/2016,4.5,4.769999980926514,4.300000190734863,4.769999980926514,10200,4.769999980926514
5/4/2016,4.730000019073486,4.769999980926514,4.5,4.599999904632568,7300,4.599999904632568
5/3/2016,4.579999923706055,4.789999961853027,4.550000190734863,4.71999979019165,18100,4.71999979019165
5/2/2016,4.849999904632568,4.900000095367432,4.599999904632568,4.610000133514404,59800,4.610000133514404
4/29/2016,4.800000190734863,4.949999809265137,4.300000190734863,4.679999828338623,51300,4.679999828338623
4/28/2016,4.784999847412109,4.800000190734863,4.570000171661377,4.699999809265137,26200,4.699999809265137
4/27/2016,4.789999961853027,4.789999961853027,4.5,4.5,12700,4.5
4/26/2016,4.75,4.75,4.380000114440918,4.380000114440918,19100,4.380000114440918
4/25/2016,4.75,4.75,4.599999904632568,4.75,6800,4.75
4/22/2016,4.699999809265137,4.75,4.409999847412109,4.75,38900,4.75
4/21/2016,4.5,4.699999809265137,4.409999847412109,4.650000095367432,22900,4.650000095367432
4/20/2016,4.5,4.800000190734863,4.480000019073486,4.800000190734863,12000,4.800000190734863
4/19/2016,4.5,4.699999809265137,4.429999828338623,4.5,7500,4.5
4/18/2016,4.5,4.769999980926514,4.374000072479248,4.480000019073486,94700,4.480000019073486
4/14/2016,4.650000095367432,4.699999809265137,4.5,4.650000095367432,13800,4.650000095367432
4/13/2016,4.400000095367432,4.650000095367432,4.309999942779541,4.650000095367432,64400,4.650000095367432
4/12/2016,4.46999979019165,4.46999979019165,4.289999961853027,4.400000095367432,55600,4.400000095367432
4/11/2016,4.489999771118164,4.489999771118164,4.420000076293945,4.449999809265137,11600,4.449999809265137
4/8/2016,4.5,4.5,4.349999904632568,4.5,16900,4.5
4/7/2016,4.550000190734863,4.550000190734863,4.489999771118164,4.550000190734863,15300,4.550000190734863
4/6/2016,4.400000095367432,4.550000190734863,4.264999866485596,4.550000190734863,80700,4.550000190734863
4/5/2016,4.199999809265137,4.199999809265137,4.199999809265137,4.199999809265137,200,4.199999809265137
4/4/2016,4.400000095367432,4.400000095367432,4.11299991607666,4.25,26800,4.25
4/1/2016,4.289999961853027,4.289999961853027,4.289999961853027,4.289999961853027,2600,4.289999961853027
3/31/2016,4.400000095367432,4.510000228881836,3.690000057220459,4.300000190734863,7200,4.300000190734863
3/28/2016,4.300000190734863,4.300000190734863,3.5199999809265137,3.8299999237060547,27500,3.8299999237060547
3/24/2016,4.199999809265137,4.199999809265137,4.150000095367432,4.170000076293945,4100,4.170000076293945
3/23/2016,4.199999809265137,4.300000190734863,4.150000095367432,4.150000095367432,7300,4.150000095367432
3/22/2016,4.389999866485596,4.389999866485596,4.389999866485596,4.389999866485596,200,4.389999866485596
3/21/2016,4.579999923706055,4.590000152587891,4.5,4.5,10800,4.5
3/18/2016,4.550000190734863,4.550000190734863,4.550000190734863,4.550000190734863,1000,4.550000190734863
3/17/2016,4.800000190734863,4.800000190734863,4.739999771118164,4.789999961853027,2200,4.789999961853027
3/16/2016,4.775000095367432,4.775000095367432,4.715000152587891,4.71999979019165,2600,4.71999979019165
3/15/2016,4.800000190734863,4.800000190734863,4.800000190734863,4.800000190734863,200,4.800000190734863
3/14/2016,4.690000057220459,4.800000190734863,4.690000057220459,4.690000057220459,2900,4.690000057220459
3/11/2016,4.650000095367432,4.75,4.650000095367432,4.75,1400,4.75
3/10/2016,4.650000095367432,4.78000020980835,4.650000095367432,4.699999809265137,4000,4.699999809265137
3/9/2016,4.765999794006348,4.800000190734863,4.650000095367432,4.800000190734863,3900,4.800000190734863
3/8/2016,4.800000190734863,4.800000190734863,4.550000190734863,4.650000095367432,1000,4.650000095367432
3/7/2016,4.789999961853027,4.800000190734863,4.75,4.75,7000,4.75
3/4/2016,4.789999961853027,4.800000190734863,4.710000038146973,4.800000190734863,2100,4.800000190734863
3/3/2016,4.71999979019165,4.829999923706055,4.25,4.510000228881836,34400,4.510000228881836
3/2/2016,4.599999904632568,4.71999979019165,4.409999847412109,4.71999979019165,13200,4.71999979019165
3/1/2016,4.599999904632568,4.800000190734863,4.119999885559082,4.559999942779541,9000,4.559999942779541
2/29/2016,4.800000190734863,4.800000190734863,4.699999809265137,4.800000190734863,16600,4.800000190734863
2/26/2016,4.599999904632568,4.849999904632568,4.599999904632568,4.800000190734863,8500,4.800000190734863
2/25/2016,4.849999904632568,4.849999904632568,4.139999866485596,4.5,8800,4.5
2/24/2016,4.300000190734863,4.800000190734863,4.300000190734863,4.800000190734863,4200,4.800000190734863
2/23/2016,4.949999809265137,4.949999809265137,4.099999904632568,4.119999885559082,12900,4.119999885559082
2/17/2016,4.5,4.5,4.5,4.5,100,4.5
2/16/2016,4.900000095367432,4.900000095367432,4.900000095367432,4.900000095367432,2800,4.900000095367432
2/10/2016,4.900000095367432,4.900000095367432,4.900000095367432,4.900000095367432,100,4.900000095367432
1/28/2016,4.900000095367432,4.900000095367432,4.900000095367432,4.900000095367432,200,4.900000095367432
12/31/2015,5.050000190734863,5.5,5.050000190734863,5.5,200,5.5
12/30/2015,4.949999809265137,4.949999809265137,4.900000095367432,4.900000095367432,700,4.900000095367432
12/24/2015,5.099999904632568,5.099999904632568,5.099999904632568,5.099999904632568,600,5.099999904632568
12/18/2015,5.5,5.5,5.400000095367432,5.400000095367432,300,5.400000095367432
12/17/2015,5.5,5.75,5.5,5.619999885559082,2300,5.619999885559082
12/16/2015,5.5,5.5,5.5,5.5,2000,5.5
12/9/2015,4.5,4.5,4.5,4.5,2000,4.5
12/1/2015,4.099999904632568,4.099999904632568,3.75,3.75,300,3.75
11/30/2015,4.25,4.25,4.25,4.25,1000,4.25
11/27/2015,4.5,4.5,4.5,4.5,100,4.5
11/24/2015,4.5,4.5,4.5,4.5,400,4.5
11/12/2015,4.5,4.5,4.5,4.5,700,4.5
11/11/2015,4.5,4.5,4.5,4.5,500,4.5
11/5/2015,4.75,4.75,4.75,4.75,100,4.75
10/30/2015,4.5,4.5,4.5,4.5,100,4.5
10/29/2015,4.5,4.5,4.5,4.5,500,4.5
10/26/2015,4.5,4.5,4.5,4.5,200,4.5
10/22/2015,4.5,4.5,4.5,4.5,200,4.5
10/16/2015,4.5,4.5,4.5,4.5,200,4.5
10/12/2015,5.050000190734863,5.050000190734863,4.5,4.5,3400,4.5
10/8/2015,5.5,5.5,5.5,5.5,100,5.5
10/7/2015,5.5,5.5,5.5,5.5,800,5.5
10/6/2015,5.5,5.5,4.5,4.5,300,4.5
10/5/2015,5.050000190734863,5.050000190734863,5.050000190734863,5.050000190734863,100,5.050000190734863
10/2/2015,4.949999809265137,4.949999809265137,3.25,4.25,7600,4.25
9/24/2015,6.25,6.25,6.25,6.25,100,6.25
9/21/2015,6.599999904632568,6.599999904632568,6.599999904632568,6.599999904632568,800,6.599999904632568
9/16/2015,6.800000190734863,6.800000190734863,6.800000190734863,6.800000190734863,100,6.800000190734863
9/11/2015,6.75,6.800000190734863,6.75,6.800000190734863,1000,6.800000190734863
9/3/2015,6.650000095367432,6.800000190734863,6.650000095367432,6.800000190734863,1300,6.800000190734863
9/2/2015,6.800000190734863,6.849999904632568,6.800000190734863,6.849999904632568,400,6.849999904632568
8/31/2015,6.849999904632568,6.849999904632568,6.800000190734863,6.800000190734863,1800,6.800000190734863
8/28/2015,6.849999904632568,6.849999904632568,6.849999904632568,6.849999904632568,600,6.849999904632568
8/27/2015,6.800000190734863,6.800000190734863,6.800000190734863,6.800000190734863,200,6.800000190734863
8/26/2015,6.449999809265137,6.75,6.449999809265137,6.75,4800,6.75
8/18/2015,6.25,6.25,6.25,6.25,100,6.25
8/14/2015,7.5,7.5,6.25,6.25,700,6.25
