4/22/2019,17.1299991607666,17.1299991607666,16.950000762939453,17.040000915527344,503900,17.040000915527344
4/18/2019,17.31999969482422,17.3700008392334,17.110000610351562,17.209999084472656,972500,17.209999084472656
4/17/2019,17.1299991607666,17.30500030517578,17.100000381469727,17.200000762939453,706000,17.200000762939453
4/16/2019,17.079999923706055,17.15999984741211,16.969999313354492,17.049999237060547,658100,17.049999237060547
4/15/2019,16.770000457763672,17.040000915527344,16.690000534057617,16.989999771118164,779000,16.989999771118164
4/12/2019,16.649999618530273,16.90999984741211,16.639999389648438,16.760000228881836,622300,16.760000228881836
4/11/2019,16.56999969482422,16.780000686645508,16.5,16.520000457763672,656200,16.520000457763672
4/10/2019,16.440000534057617,16.670000076293945,16.350000381469727,16.559999465942383,624000,16.559999465942383
4/9/2019,16.610000610351562,16.69499969482422,16.375,16.399999618530273,958000,16.399999618530273
4/8/2019,16.780000686645508,16.850000381469727,16.520000457763672,16.709999084472656,897300,16.709999084472656
4/5/2019,16.940000534057617,17.040000915527344,16.809999465942383,16.989999771118164,1544400,16.989999771118164
4/4/2019,16.489999771118164,16.8700008392334,16.479999542236328,16.8700008392334,664000,16.8700008392334
4/3/2019,16.579999923706055,16.65999984741211,16.360000610351562,16.479999542236328,681500,16.479999542236328
4/2/2019,16.540000915527344,16.579999923706055,16.360000610351562,16.469999313354492,963500,16.469999313354492
4/1/2019,16.479999542236328,16.864999771118164,16.423999786376953,16.549999237060547,1060100,16.549999237060547
3/29/2019,16.309999465942383,16.5,16.219999313354492,16.3799991607666,895500,16.3799991607666
3/28/2019,15.960000038146973,16.280000686645508,15.9399995803833,16.200000762939453,756400,16.200000762939453
3/27/2019,16,16.104999542236328,15.729999542236328,16,655800,16
3/26/2019,15.729999542236328,16.065000534057617,15.649999618530273,16.010000228881836,971700,16.010000228881836
3/25/2019,15.619999885559082,15.890000343322754,15.529999732971191,15.609999656677246,1256200,15.609999656677246
3/22/2019,16.280000686645508,16.34000015258789,15.630000114440918,15.699999809265137,936300,15.699999809265137
3/21/2019,16.010000228881836,16.3700008392334,16.010000228881836,16.31999969482422,705800,16.31999969482422
3/20/2019,16.280000686645508,16.34000015258789,16.030000686645508,16.049999237060547,1102300,16.049999237060547
3/19/2019,16,16.375,15.9399995803833,16.31999969482422,1445700,16.31999969482422
3/18/2019,15.729999542236328,16.049999237060547,15.710000038146973,15.979999542236328,1080400,15.979999542236328
3/15/2019,15.539999961853027,15.869999885559082,15.520000457763672,15.699999809265137,1751000,15.699999809265137
3/14/2019,15.449999809265137,15.609999656677246,15.350000381469727,15.529999732971191,1260400,15.529999732971191
3/13/2019,15.479999542236328,15.59000015258789,15.420000076293945,15.449999809265137,1135300,15.449999809265137
3/12/2019,15.420000076293945,15.489999771118164,15.1899995803833,15.4399995803833,869500,15.4399995803833
3/11/2019,15.369999885559082,15.479999542236328,15.229999542236328,15.399999618530273,1480400,15.399999618530273
3/8/2019,15.270000457763672,15.399999618530273,15.130000114440918,15.34000015258789,730500,15.34000015258789
3/7/2019,15.600000381469727,15.630000114440918,15.260000228881836,15.449999809265137,1175900,15.449999809265137
3/6/2019,15.84000015258789,15.899999618530273,15.619999885559082,15.619999885559082,1545800,15.619999885559082
3/5/2019,15.949999809265137,16.030000686645508,15.789999961853027,15.859999656677246,969200,15.859999656677246
3/4/2019,16.010000228881836,16.079999923706055,15.699999809265137,15.949999809265137,1690400,15.949999809265137
3/1/2019,16.100000381469727,16.170000076293945,15.8100004196167,15.960000038146973,1220400,15.960000038146973
2/28/2019,15.949999809265137,16.079999923706055,15.880000114440918,15.970000267028809,2552200,15.970000267028809
2/27/2019,16,16.290000915527344,15.71500015258789,15.930000305175781,2027200,15.930000305175781
2/26/2019,15.850000381469727,16.219999313354492,15.710000038146973,16.049999237060547,1477600,16.049999237060547
2/25/2019,16.25,16.375,15.890000343322754,15.899999618530273,1051300,15.899999618530273
2/22/2019,15.930000305175781,16.239999771118164,15.84000015258789,15.979999542236328,1649000,15.979999542236328
2/21/2019,16,16.360000610351562,15.324999809265137,15.850000381469727,2911500,15.850000381469727
2/20/2019,15.75,16.09000015258789,15.5600004196167,16.06999969482422,2271900,16.06999969482422
2/19/2019,14.930000305175781,16.325000762939453,14.850000381469727,15.850000381469727,2489300,15.850000381469727
2/15/2019,15.119999885559082,15.378999710083008,14.9399995803833,15.229999542236328,4416100,15.229999542236328
2/14/2019,14.760000228881836,15.050000190734863,14.739999771118164,14.989999771118164,1903100,14.989999771118164
2/13/2019,14.979999542236328,15.055000305175781,14.739999771118164,14.8100004196167,1345500,14.8100004196167
2/12/2019,14.520000457763672,15.09000015258789,14.520000457763672,14.949999809265137,1534300,14.949999809265137
2/11/2019,14.670000076293945,14.949999809265137,14.25,14.4399995803833,1986100,14.4399995803833
2/8/2019,14.449999809265137,14.739999771118164,14.369999885559082,14.710000038146973,1214600,14.710000038146973
2/7/2019,14.5600004196167,14.649999618530273,14.350000381469727,14.489999771118164,817500,14.489999771118164
2/6/2019,14.529999732971191,14.770000457763672,14.449999809265137,14.699999809265137,919800,14.699999809265137
2/5/2019,14.390000343322754,14.739999771118164,14.390000343322754,14.5600004196167,813100,14.5600004196167
2/4/2019,14.130000114440918,14.380000114440918,14.069999694824219,14.34000015258789,713800,14.34000015258789
2/1/2019,14.039999961853027,14.289999961853027,13.885000228881836,14.149999618530273,889300,14.149999618530273
1/31/2019,13.789999961853027,14.020000457763672,13.619999885559082,14.020000457763672,970700,14.020000457763672
1/30/2019,13.789999961853027,13.970000267028809,13.5,13.819999694824219,753800,13.819999694824219
1/29/2019,13.5600004196167,13.949999809265137,13.510000228881836,13.699999809265137,1052000,13.699999809265137
1/28/2019,13.5,13.640000343322754,13.270000457763672,13.5600004196167,541000,13.5600004196167
1/25/2019,13.449999809265137,13.75,13.319999694824219,13.649999618530273,967700,13.649999618530273
1/24/2019,13.15999984741211,13.539999961853027,13.15999984741211,13.3100004196167,989900,13.3100004196167
1/23/2019,13.270000457763672,13.359999656677246,13.020000457763672,13.15999984741211,1010300,13.15999984741211
1/22/2019,13.109999656677246,13.319999694824219,12.800000190734863,13.210000038146973,1464000,13.210000038146973
1/18/2019,13.029999732971191,13.335000038146973,12.890000343322754,13.279999732971191,980500,13.279999732971191
1/17/2019,12.739999771118164,13.0649995803833,12.539999961853027,12.9399995803833,906500,12.9399995803833
1/16/2019,12.5600004196167,12.920000076293945,12.5600004196167,12.739999771118164,826100,12.739999771118164
1/15/2019,12.75,12.75,12.390000343322754,12.569999694824219,658400,12.569999694824219
1/14/2019,12.390000343322754,12.779999732971191,12.229999542236328,12.619999885559082,1211100,12.619999885559082
1/11/2019,12.59000015258789,12.670000076293945,11.859999656677246,12.390000343322754,2744700,12.390000343322754
1/10/2019,12.649999618530273,12.930000305175781,12.279999732971191,12.710000038146973,2318500,12.710000038146973
1/9/2019,12.470000267028809,12.880000114440918,12.4399995803833,12.770000457763672,1212200,12.770000457763672
1/8/2019,12.109999656677246,12.5,12.09000015258789,12.479999542236328,1163000,12.479999542236328
1/7/2019,11.6899995803833,12.220000267028809,11.460000038146973,12.050000190734863,2262500,12.050000190734863
1/4/2019,11.180000305175781,11.630000114440918,11.180000305175781,11.59000015258789,1574300,11.59000015258789
1/3/2019,11.229999542236328,11.529999732971191,10.944999694824219,10.989999771118164,1229600,10.989999771118164
1/2/2019,10.920000076293945,11.260000228881836,10.65999984741211,11.25,1508600,11.25
12/31/2018,11.229999542236328,11.27400016784668,10.850000381469727,11.109999656677246,1115900,11.109999656677246
12/28/2018,11.380000114440918,11.449999809265137,10.9399995803833,11.1899995803833,1201200,11.1899995803833
12/27/2018,11.319999694824219,11.399999618530273,11.020000457763672,11.399999618530273,1194000,11.399999618530273
12/26/2018,10.84000015258789,11.449999809265137,10.670000076293945,11.40999984741211,1541500,11.40999984741211
12/24/2018,11.149999618530273,11.199999809265137,10.75,10.819999694824219,1038300,10.819999694824219
12/21/2018,11.5600004196167,11.65999984741211,11.199999809265137,11.3100004196167,2022400,11.3100004196167
12/20/2018,11.8100004196167,12.069999694824219,11.5,11.529999732971191,1540900,11.529999732971191
12/19/2018,11.9399995803833,12.430000305175781,11.850000381469727,11.890000343322754,1540800,11.890000343322754
12/18/2018,11.90999984741211,12.119999885559082,11.739999771118164,11.9399995803833,1566200,11.9399995803833
12/17/2018,12.210000038146973,12.380000114440918,11.770000457763672,11.859999656677246,1986200,11.859999656677246
12/14/2018,12.25,12.460000038146973,12.100000381469727,12.260000228881836,1851200,12.260000228881836
12/13/2018,12.5,12.579999923706055,12.1899995803833,12.390000343322754,1389800,12.390000343322754
12/12/2018,13.15999984741211,13.15999984741211,12.229999542236328,12.4399995803833,1521800,12.4399995803833
12/11/2018,13.170000076293945,13.34000015258789,12.916999816894531,12.949999809265137,1505000,12.949999809265137
12/10/2018,12.899999618530273,13.140000343322754,12.229999542236328,13,1993800,13
12/7/2018,13.170000076293945,13.350000381469727,12.760000228881836,12.979999542236328,2551000,12.979999542236328
12/6/2018,12.779999732971191,13.154999732971191,12.604999542236328,13.149999618530273,1616900,13.149999618530273
12/4/2018,13.680000305175781,13.720000267028809,13,13.010000228881836,1409300,13.010000228881836
12/3/2018,14.020000457763672,14.09000015258789,13.489999771118164,13.65999984741211,1027600,13.65999984741211
11/30/2018,13.859999656677246,13.890000343322754,13.5600004196167,13.819999694824219,1008600,13.819999694824219
11/29/2018,14.010000228881836,14.300000190734863,13.864999771118164,13.930000305175781,1239600,13.930000305175781
11/28/2018,14.020000457763672,14.270000457763672,13.729999542236328,13.989999771118164,2182200,13.989999771118164
11/27/2018,13.75,14.149999618530273,13.630000114440918,13.829999923706055,1542200,13.829999923706055
11/26/2018,13.729999542236328,14.229999542236328,13.6899995803833,14.109999656677246,1758200,14.109999656677246
11/23/2018,13.890000343322754,13.920000076293945,13.5,13.739999771118164,598100,13.739999771118164
11/21/2018,13.109999656677246,13.539999961853027,12.880000114440918,13.34000015258789,1319400,13.34000015258789
11/20/2018,13,13.369999885559082,12.75,13.050000190734863,1855300,13.050000190734863
11/19/2018,13.279999732971191,13.460000038146973,13.130000114440918,13.149999618530273,1171400,13.149999618530273
11/16/2018,13.289999961853027,13.430000305175781,12.979999542236328,13.260000228881836,1032900,13.260000228881836
11/15/2018,13.09000015258789,13.319999694824219,12.819999694824219,13.289999961853027,1200000,13.289999961853027
11/14/2018,13.6899995803833,14.020000457763672,13.069999694824219,13.170000076293945,1373200,13.170000076293945
11/13/2018,13.390000343322754,13.885000228881836,13.109999656677246,13.539999961853027,2336700,13.539999961853027
11/12/2018,14.09000015258789,14.170000076293945,13.34000015258789,13.390000343322754,1636500,13.390000343322754
11/9/2018,14.0600004196167,14.399999618530273,13.729999542236328,14.180000305175781,2175900,14.180000305175781
11/8/2018,14.520000457763672,14.819999694824219,14,14.279999732971191,2573600,14.279999732971191
11/7/2018,14.114999771118164,14.6899995803833,13.850000381469727,14.619999885559082,4132900,14.619999885559082
11/6/2018,14.170000076293945,14.5,13.404999732971191,14,6003400,14
11/5/2018,17.8799991607666,18.260000228881836,13.890000343322754,14.260000228881836,9769700,14.260000228881836
11/2/2018,19.18000030517578,19.469999313354492,19.125,19.31999969482422,1191400,19.31999969482422
11/1/2018,18.770000457763672,19.270000457763672,18.760000228881836,19.020000457763672,1389800,19.020000457763672
10/31/2018,18.780000686645508,18.959999084472656,18.459999084472656,18.719999313354492,1163400,18.719999313354492
10/30/2018,18.59000015258789,19.020000457763672,18.479999542236328,18.6200008392334,1338900,18.6200008392334
10/29/2018,19.110000610351562,19.280000686645508,18.450000762939453,18.579999923706055,1554900,18.579999923706055
10/26/2018,18.790000915527344,19.200000762939453,18.700000762939453,19.020000457763672,606200,19.020000457763672
10/25/2018,18.600000381469727,19.084999084472656,18.549999237060547,19,526100,19
10/24/2018,19,19,18.469999313354492,18.489999771118164,686200,18.489999771118164
10/23/2018,18.950000762939453,18.950000762939453,18.469999313354492,18.649999618530273,1258000,18.649999618530273
10/22/2018,19.3799991607666,19.559999465942383,19.209999084472656,19.219999313354492,937300,19.219999313354492
10/19/2018,19.649999618530273,19.770000457763672,19.110000610351562,19.399999618530273,953200,19.399999618530273
10/18/2018,19.8700008392334,19.889999389648438,19.420000076293945,19.639999389648438,1218300,19.639999389648438
10/17/2018,19.459999084472656,20.1200008392334,19.329999923706055,19.979999542236328,1522500,19.979999542236328
10/16/2018,18.84000015258789,19.520000457763672,18.579999923706055,19.489999771118164,1157100,19.489999771118164
10/15/2018,18.549999237060547,18.899999618530273,18.399999618530273,18.790000915527344,538300,18.790000915527344
10/12/2018,19.34000015258789,19.3799991607666,18.309999465942383,18.549999237060547,1333400,18.549999237060547
10/11/2018,18.579999923706055,19.149999618530273,18.469999313354492,19.020000457763672,2568100,19.020000457763672
10/10/2018,18.610000610351562,18.8700008392334,18.530000686645508,18.610000610351562,1469700,18.610000610351562
10/9/2018,19.149999618530273,19.274999618530273,18.899999618530273,18.93000030517578,944000,18.93000030517578
10/8/2018,19.270000457763672,19.739999771118164,19.059999465942383,19.290000915527344,1450900,19.290000915527344
10/5/2018,19.850000381469727,19.959999084472656,19.420000076293945,19.459999084472656,847700,19.459999084472656
10/4/2018,20.420000076293945,20.459999084472656,19.31999969482422,19.860000610351562,1396900,19.860000610351562
10/3/2018,20.3799991607666,20.610000610351562,20.260000228881836,20.489999771118164,1106400,20.489999771118164
10/2/2018,20.34000015258789,20.469999313354492,20.1200008392334,20.290000915527344,1056300,20.290000915527344
10/1/2018,20.969999313354492,21.100000381469727,20.299999237060547,20.34000015258789,857500,20.34000015258789
9/28/2018,21.09000015258789,21.09000015258789,20.81999969482422,20.8799991607666,747800,20.8799991607666
9/27/2018,21.399999618530273,21.399999618530273,20.969999313354492,21.100000381469727,709500,21.100000381469727
9/26/2018,21.520000457763672,21.6200008392334,21.3700008392334,21.420000076293945,745400,21.420000076293945
9/25/2018,21.889999389648438,21.959999084472656,21.530000686645508,21.59000015258789,569600,21.59000015258789
9/24/2018,22.030000686645508,22.06999969482422,21.6200008392334,21.760000228881836,713800,21.760000228881836
9/21/2018,21.959999084472656,22.40999984741211,21.899999618530273,22.020000457763672,1386400,22.020000457763672
9/20/2018,21.920000076293945,22.049999237060547,21.6200008392334,21.90999984741211,764400,21.90999984741211
9/19/2018,21.829999923706055,22.09000015258789,21.719999313354492,21.780000686645508,679100,21.780000686645508
9/18/2018,21.690000534057617,22.020000457763672,21.415000915527344,21.84000015258789,1213200,21.84000015258789
9/17/2018,21.520000457763672,21.8700008392334,21.520000457763672,21.65999984741211,645600,21.65999984741211
9/14/2018,21.56999969482422,21.690000534057617,21.440000534057617,21.510000228881836,565900,21.510000228881836
9/13/2018,21.360000610351562,21.639999389648438,21.260000228881836,21.530000686645508,341600,21.530000686645508
9/12/2018,21.200000762939453,21.420000076293945,21.020000457763672,21.360000610351562,431200,21.360000610351562
9/11/2018,21.25,21.389999389648438,20.920000076293945,21.1299991607666,897000,21.1299991607666
9/10/2018,21.780000686645508,22.100000381469727,21.389999389648438,21.420000076293945,834700,21.420000076293945
9/7/2018,21.719999313354492,21.8700008392334,21.615999221801758,21.729999542236328,760300,21.729999542236328
9/6/2018,22,22.25,21.780000686645508,21.829999923706055,599100,21.829999923706055
9/5/2018,21.81999969482422,22.190000534057617,21.59000015258789,22.030000686645508,468100,22.030000686645508
9/4/2018,22.010000228881836,22.139999389648438,21.6299991607666,21.8700008392334,548000,21.8700008392334
8/31/2018,22.030000686645508,22.155000686645508,21.93000030517578,22.1299991607666,513000,22.1299991607666
8/30/2018,22.18000030517578,22.309999465942383,21.940000534057617,21.989999771118164,494100,21.989999771118164
8/29/2018,22.06999969482422,22.34000015258789,21.959999084472656,22.18000030517578,645000,22.18000030517578
8/28/2018,21.719999313354492,22.040000915527344,21.670000076293945,22.010000228881836,1036800,22.010000228881836
8/27/2018,21.579999923706055,21.790000915527344,21.469999313354492,21.709999084472656,1262400,21.709999084472656
8/24/2018,21.329999923706055,21.510000228881836,21.110000610351562,21.5,663000,21.5
8/23/2018,21.75,21.790000915527344,21.219999313354492,21.309999465942383,1014200,21.309999465942383
8/22/2018,22.049999237060547,22.059999465942383,21.780000686645508,21.81999969482422,487300,21.81999969482422
8/21/2018,21.889999389648438,22.059999465942383,21.739999771118164,22.020000457763672,715300,22.020000457763672
8/20/2018,21.639999389648438,22.05500030517578,21.520000457763672,21.860000610351562,1271700,21.860000610351562
8/17/2018,21.170000076293945,21.530000686645508,21.139999389648438,21.5,927200,21.5
8/16/2018,20.850000381469727,21.360000610351562,20.770000457763672,21.15999984741211,1540800,21.15999984741211
8/15/2018,20.15999984741211,20.799999237060547,20.010000228881836,20.760000228881836,1059200,20.760000228881836
8/14/2018,20.110000610351562,20.360000610351562,19.979999542236328,20.34000015258789,1155200,20.34000015258789
8/13/2018,20.3700008392334,20.3700008392334,19.860000610351562,20.110000610351562,1023200,20.110000610351562
8/10/2018,20.559999465942383,20.780000686645508,20.06999969482422,20.3700008392334,1421200,20.3700008392334
8/9/2018,22.239999771118164,22.729999542236328,20.700000762939453,20.770000457763672,3898000,20.770000457763672
8/8/2018,22.31999969482422,22.93000030517578,21.969999313354492,22.8799991607666,914400,22.8799991607666
8/7/2018,22.6299991607666,22.68000030517578,22.239999771118164,22.420000076293945,885900,22.420000076293945
8/6/2018,22.459999084472656,22.700000762939453,22.395000457763672,22.489999771118164,480500,22.489999771118164
8/3/2018,22.540000915527344,22.56999969482422,22.18000030517578,22.3799991607666,537700,22.3799991607666
8/2/2018,22.34000015258789,22.59000015258789,22.100000381469727,22.440000534057617,496600,22.440000534057617
8/1/2018,22.649999618530273,22.889999389648438,22.510000228881836,22.510000228881836,758400,22.510000228881836
7/31/2018,22.84000015258789,23.030000686645508,22.700000762939453,22.799999237060547,714300,22.799999237060547
7/30/2018,22.950000762939453,23.139999389648438,22.799999237060547,22.799999237060547,544900,22.799999237060547
7/27/2018,22.950000762939453,23.110000610351562,22.670000076293945,22.84000015258789,525400,22.84000015258789
7/26/2018,22.729999542236328,23.059999465942383,22.72800064086914,22.8799991607666,606700,22.8799991607666
7/25/2018,22.860000610351562,23.010000228881836,22.655000686645508,22.790000915527344,755400,22.790000915527344
7/24/2018,23.040000915527344,23.25,22.639999389648438,22.850000381469727,566000,22.850000381469727
7/23/2018,23.270000457763672,23.270000457763672,22.829999923706055,22.93000030517578,427900,22.93000030517578
7/20/2018,22.81999969482422,23.350000381469727,22.68000030517578,23.299999237060547,601200,23.299999237060547
7/19/2018,22.5,22.75,22.420000076293945,22.700000762939453,864900,22.700000762939453
7/18/2018,22.65999984741211,22.760000228881836,22.3799991607666,22.540000915527344,866800,22.540000915527344
7/17/2018,22.540000915527344,22.829999923706055,22.520000457763672,22.670000076293945,848400,22.670000076293945
7/16/2018,23.209999084472656,23.459999084472656,22.5,22.559999465942383,2002200,22.559999465942383
7/13/2018,23.56999969482422,23.850000381469727,23.34000015258789,23.450000762939453,1617900,23.450000762939453
7/12/2018,22.950000762939453,23.770000457763672,22.90999984741211,23.59000015258789,2008100,23.59000015258789
7/11/2018,22.399999618530273,22.885000228881836,22.280000686645508,22.8700008392334,819200,22.8700008392334
7/10/2018,22.809999465942383,22.8700008392334,22.43000030517578,22.530000686645508,591400,22.530000686645508
7/9/2018,22.969999313354492,23.040000915527344,22.709999084472656,22.739999771118164,1048900,22.739999771118164
7/6/2018,22.709999084472656,23.010000228881836,22.639999389648438,22.899999618530273,1129500,22.899999618530273
7/5/2018,22.299999237060547,22.764999389648438,22.299999237060547,22.739999771118164,1724300,22.739999771118164
7/3/2018,22.34000015258789,22.469999313354492,22.100000381469727,22.18000030517578,552400,22.18000030517578
7/2/2018,20.69499969482422,22.209999084472656,20.69499969482422,22.18000030517578,764300,22.18000030517578
6/29/2018,22.34000015258789,22.489999771118164,22.040000915527344,22.309999465942383,1257800,22.309999465942383
6/28/2018,22.100000381469727,22.389999389648438,21.989999771118164,22.329999923706055,906500,22.329999923706055
6/27/2018,22.110000610351562,22.329999923706055,22,22.139999389648438,1091100,22.139999389648438
6/26/2018,21.920000076293945,22.100000381469727,21.68000030517578,22.040000915527344,941400,22.040000915527344
6/25/2018,22.149999618530273,22.170000076293945,21.700000762939453,21.920000076293945,1056700,21.920000076293945
6/22/2018,21.8700008392334,22.399999618530273,21.860000610351562,22.299999237060547,1708900,22.299999237060547
6/21/2018,21.3700008392334,21.739999771118164,21.139999389648438,21.649999618530273,1296600,21.649999618530273
6/20/2018,21.610000610351562,21.610000610351562,21.1200008392334,21.389999389648438,1377400,21.389999389648438
6/19/2018,21.760000228881836,21.84000015258789,21.5,21.549999237060547,1111300,21.549999237060547
6/18/2018,21.799999237060547,22.030000686645508,21.760000228881836,21.90999984741211,642300,21.90999984741211
6/15/2018,21.670000076293945,21.940000534057617,21.559999465942383,21.90999984741211,909300,21.90999984741211
6/14/2018,21.690000534057617,21.80500030517578,21.520000457763672,21.770000457763672,590900,21.770000457763672
6/13/2018,21.75,22,21.489999771118164,21.540000915527344,847400,21.540000915527344
6/12/2018,21.149999618530273,21.799999237060547,21.149999618530273,21.75,1061200,21.75
6/11/2018,21.309999465942383,21.489999771118164,21.232999801635742,21.34000015258789,507500,21.34000015258789
6/8/2018,21.030000686645508,21.31999969482422,21.030000686645508,21.260000228881836,847700,21.260000228881836
6/7/2018,20.540000915527344,21.110000610351562,20.540000915527344,21.09000015258789,972700,21.09000015258789
6/6/2018,20.200000762939453,20.56999969482422,20.149999618530273,20.5,850000,20.5
6/5/2018,19.93000030517578,20.329999923706055,19.860000610351562,20.299999237060547,850300,20.299999237060547
6/4/2018,19.809999465942383,19.93000030517578,19.649999618530273,19.90999984741211,780500,19.90999984741211
6/1/2018,19.600000381469727,19.860000610351562,19.479999542236328,19.809999465942383,670300,19.809999465942383
5/31/2018,19.920000076293945,19.920000076293945,19.309999465942383,19.469999313354492,853500,19.469999313354492
5/30/2018,20.059999465942383,20.170000076293945,19.850000381469727,19.920000076293945,795100,19.920000076293945
5/29/2018,20.079999923706055,20.295000076293945,19.8799991607666,19.969999313354492,803800,19.969999313354492
5/25/2018,20.049999237060547,20.329999923706055,19.920000076293945,20.299999237060547,896000,20.299999237060547
5/24/2018,19.8700008392334,20.384000778198242,19.81999969482422,20.149999618530273,1496900,20.149999618530273
5/23/2018,19.610000610351562,19.84000015258789,19.579999923706055,19.81999969482422,1285600,19.81999969482422
5/22/2018,19.670000076293945,19.795000076293945,19.559999465942383,19.690000534057617,605500,19.690000534057617
5/21/2018,19.65999984741211,19.829999923706055,19.59000015258789,19.610000610351562,715600,19.610000610351562
5/18/2018,19.5,19.75,19.450000762939453,19.56999969482422,410800,19.56999969482422
5/17/2018,19.309999465942383,19.540000915527344,19.290000915527344,19.489999771118164,945800,19.489999771118164
5/16/2018,19.139999389648438,19.459999084472656,19.049999237060547,19.309999465942383,781800,19.309999465942383
5/15/2018,19.06999969482422,19.25,18.860000610351562,19.149999618530273,810800,19.149999618530273
5/14/2018,19.09000015258789,19.270000457763672,19.020000457763672,19.139999389648438,668600,19.139999389648438
5/11/2018,19.010000228881836,19.165000915527344,18.899999618530273,18.969999313354492,523700,18.969999313354492
5/10/2018,18.989999771118164,19.059999465942383,18.809999465942383,19.030000686645508,1699800,19.030000686645508
5/9/2018,19.209999084472656,19.209999084472656,18.8799991607666,19.010000228881836,998200,19.010000228881836
5/8/2018,19.31999969482422,19.440000534057617,18.700000762939453,19.040000915527344,1546400,19.040000915527344
5/7/2018,19.600000381469727,20.459999084472656,19.479999542236328,19.489999771118164,2362600,19.489999771118164
5/4/2018,18.5,19.040000915527344,18.3799991607666,18.850000381469727,1253400,18.850000381469727
5/3/2018,18.75,18.860000610351562,18.34000015258789,18.56999969482422,1108000,18.56999969482422
5/2/2018,19.15999984741211,19.3799991607666,18.760000228881836,18.780000686645508,1018800,18.780000686645508
5/1/2018,19.079999923706055,19.299999237060547,18.850000381469727,19.229999542236328,783800,19.229999542236328
4/30/2018,19.3700008392334,19.56999969482422,19.1299991607666,19.15999984741211,967400,19.15999984741211
4/27/2018,19.18000030517578,19.40999984741211,18.979999542236328,19.399999618530273,551500,19.399999618530273
4/26/2018,19.049999237060547,19.309999465942383,18.75,19.239999771118164,1327400,19.239999771118164
4/25/2018,18.920000076293945,19.219999313354492,18.764999389648438,19.030000686645508,819400,19.030000686645508
4/24/2018,19,19.360000610351562,18.760000228881836,18.8700008392334,1474600,18.8700008392334
4/23/2018,19.399999618530273,19.530000686645508,18.94499969482422,18.979999542236328,534300,18.979999542236328
4/20/2018,19.559999465942383,19.854999542236328,19.270000457763672,19.399999618530273,976600,19.399999618530273
4/19/2018,19.389999389648438,19.729999542236328,19.25,19.559999465942383,1194700,19.559999465942383
4/18/2018,19.25,19.989999771118164,19.1299991607666,19.40999984741211,2244000,19.40999984741211
4/17/2018,19.049999237060547,19.3799991607666,18.979999542236328,19.059999465942383,1637700,19.059999465942383
4/16/2018,19.110000610351562,19.110000610351562,18.860000610351562,18.959999084472656,575400,18.959999084472656
4/13/2018,19.1200008392334,19.139999389648438,18.829999923706055,18.93000030517578,371000,18.93000030517578
4/12/2018,18.959999084472656,19.18000030517578,18.93000030517578,18.989999771118164,727300,18.989999771118164
4/11/2018,19,19.059999465942383,18.81999969482422,18.8700008392334,331300,18.8700008392334
4/10/2018,19.170000076293945,19.270000457763672,19.049999237060547,19.09000015258789,469900,19.09000015258789
4/9/2018,19.299999237060547,19.299999237060547,18.889999389648438,18.899999618530273,373000,18.899999618530273
4/6/2018,19.559999465942383,19.579999923706055,18.850000381469727,19.100000381469727,503100,19.100000381469727
4/5/2018,19.299999237060547,19.81999969482422,19.229999542236328,19.670000076293945,953300,19.670000076293945
4/4/2018,18.729999542236328,19.239999771118164,18.67799949645996,19.239999771118164,511700,19.239999771118164
4/3/2018,19.219999313354492,19.360000610351562,18.940000534057617,19.010000228881836,702400,19.010000228881836
4/2/2018,19.299999237060547,19.354999542236328,18.719999313354492,18.959999084472656,507000,18.959999084472656
3/29/2018,19.350000381469727,19.579999923706055,19.260000228881836,19.450000762939453,865800,19.450000762939453
3/28/2018,19.25,19.34000015258789,19.15999984741211,19.25,647900,19.25
3/27/2018,19.690000534057617,19.690000534057617,19.149999618530273,19.200000762939453,653200,19.200000762939453
3/26/2018,19.549999237060547,19.75,19.450000762939453,19.639999389648438,486700,19.639999389648438
3/23/2018,20.15999984741211,20.15999984741211,19.329999923706055,19.350000381469727,673400,19.350000381469727
3/22/2018,20.15999984741211,20.290000915527344,19.65999984741211,19.670000076293945,854400,19.670000076293945
3/21/2018,20.450000762939453,20.459999084472656,20.209999084472656,20.3799991607666,501600,20.3799991607666
3/20/2018,20.290000915527344,20.700000762939453,20.290000915527344,20.40999984741211,805100,20.40999984741211
3/19/2018,20.530000686645508,20.530000686645508,20.06999969482422,20.25,1128300,20.25
3/16/2018,20.389999389648438,20.700000762939453,20.25,20.649999618530273,875400,20.649999618530273
3/15/2018,20.299999237060547,20.469999313354492,20.260000228881836,20.399999618530273,955400,20.399999618530273
3/14/2018,20.190000534057617,20.295000076293945,20.1299991607666,20.219999313354492,939000,20.219999313354492
3/13/2018,20.270000457763672,20.270000457763672,19.940000534057617,20.170000076293945,933600,20.170000076293945
3/12/2018,20.200000762939453,20.280000686645508,20.020000457763672,20.139999389648438,1255300,20.139999389648438
3/9/2018,19.809999465942383,20.389999389648438,19.639999389648438,20.149999618530273,3155500,20.149999618530273
3/8/2018,19.559999465942383,19.80500030517578,19.5,19.719999313354492,1057600,19.719999313354492
3/7/2018,19.280000686645508,19.790000915527344,19.25,19.469999313354492,1630000,19.469999313354492
3/6/2018,19.479999542236328,19.549999237060547,19.045000076293945,19.43000030517578,1587100,19.43000030517578
3/5/2018,19.329999923706055,19.540000915527344,19.110000610351562,19.43000030517578,981200,19.43000030517578
3/2/2018,19.420000076293945,19.600000381469727,19.290000915527344,19.43000030517578,1629200,19.43000030517578
3/1/2018,19.790000915527344,19.989999771118164,19.3799991607666,19.5,1390000,19.5
2/28/2018,20.040000915527344,20.350000381469727,19.739999771118164,19.809999465942383,2157600,19.809999465942383
2/27/2018,20.959999084472656,21.040000915527344,19.860000610351562,19.950000762939453,1774100,19.950000762939453
2/26/2018,20.940000534057617,22.200000762939453,19.799999237060547,20.90999984741211,1908700,20.90999984741211
2/23/2018,21.899999618530273,22.03499984741211,21.649999618530273,22.010000228881836,1228700,22.010000228881836
2/22/2018,21.829999923706055,22.110000610351562,21.65999984741211,21.780000686645508,559500,21.780000686645508
2/21/2018,21.850000381469727,22.100000381469727,21.709999084472656,21.770000457763672,655300,21.770000457763672
2/20/2018,21.829999923706055,22.200000762939453,21.719999313354492,21.8799991607666,528200,21.8799991607666
2/16/2018,21.489999771118164,22.239999771118164,21.489999771118164,21.940000534057617,785700,21.940000534057617
2/15/2018,21.420000076293945,21.670000076293945,21.219999313354492,21.579999923706055,456500,21.579999923706055
2/14/2018,20.739999771118164,21.329999923706055,20.540000915527344,21.260000228881836,507600,21.260000228881836
2/13/2018,20.950000762939453,21.190000534057617,20.68000030517578,20.760000228881836,464900,20.760000228881836
2/12/2018,20.8799991607666,21.190000534057617,20.719999313354492,21.010000228881836,306500,21.010000228881836
2/9/2018,20.90999984741211,21.219999313354492,20.110000610351562,20.75,673400,20.75
2/8/2018,21,21.020000457763672,20.520000457763672,20.68000030517578,1714400,20.68000030517578
2/7/2018,21.1200008392334,21.3700008392334,20.950000762939453,20.959999084472656,861400,20.959999084472656
2/6/2018,20.989999771118164,21.329999923706055,20.559999465942383,21.25,737100,21.25
2/5/2018,21.899999618530273,22.100000381469727,21.1200008392334,21.170000076293945,705100,21.170000076293945
2/2/2018,22.15999984741211,22.420000076293945,21.940000534057617,22.100000381469727,542700,22.100000381469727
2/1/2018,22.18000030517578,22.420000076293945,22.010000228881836,22.329999923706055,403200,22.329999923706055
1/31/2018,22.75,22.969999313354492,22.149999618530273,22.299999237060547,586800,22.299999237060547
1/30/2018,22.639999389648438,22.84000015258789,22.309999465942383,22.65999984741211,738100,22.65999984741211
1/29/2018,22.770000457763672,22.940000534057617,22.729999542236328,22.81999969482422,361300,22.81999969482422
1/26/2018,22.920000076293945,23.06999969482422,22.739999771118164,22.920000076293945,383200,22.920000076293945
1/25/2018,22.950000762939453,23.09000015258789,22.719999313354492,22.920000076293945,667000,22.920000076293945
1/24/2018,22.989999771118164,23.239999771118164,22.770000457763672,22.84000015258789,804000,22.84000015258789
1/23/2018,22.790000915527344,23.0049991607666,22.610000610351562,22.90999984741211,741100,22.90999984741211
1/22/2018,22.829999923706055,22.899999618530273,22.6200008392334,22.760000228881836,482200,22.760000228881836
1/19/2018,22.799999237060547,23.170000076293945,22.649999618530273,22.93000030517578,485000,22.93000030517578
1/18/2018,22.940000534057617,23.350000381469727,22.69499969482422,22.729999542236328,589500,22.729999542236328
1/17/2018,23,23.075000762939453,22.899999618530273,22.940000534057617,401800,22.940000534057617
1/16/2018,23.229999542236328,23.34000015258789,22.670000076293945,22.8700008392334,503500,22.8700008392334
1/12/2018,23.219999313354492,23.253999710083008,23.049999237060547,23.1299991607666,471500,23.1299991607666
1/11/2018,22.850000381469727,23.15999984741211,22.760000228881836,23.15999984741211,338600,23.15999984741211
1/10/2018,22.920000076293945,22.950000762939453,22.690000534057617,22.739999771118164,479100,22.739999771118164
1/9/2018,23.209999084472656,23.440000534057617,22.8799991607666,22.90999984741211,551200,22.90999984741211
1/8/2018,23.200000762939453,23.4950008392334,23.079999923706055,23.25,809700,23.25
1/5/2018,23.59000015258789,23.719999313354492,23.149999618530273,23.209999084472656,543900,23.209999084472656
1/4/2018,23.450000762939453,23.6200008392334,23.344999313354492,23.600000381469727,1529800,23.600000381469727
1/3/2018,23.440000534057617,23.690000534057617,23.149999618530273,23.399999618530273,823100,23.399999618530273
1/2/2018,23.65999984741211,23.770000457763672,23,23.360000610351562,913200,23.360000610351562
12/29/2017,23.579999923706055,23.670000076293945,23.389999389648438,23.510000228881836,450600,23.510000228881836
12/28/2017,23.350000381469727,23.55500030517578,23.229999542236328,23.510000228881836,406700,23.510000228881836
12/27/2017,23.100000381469727,23.329999923706055,23.100000381469727,23.260000228881836,346400,23.260000228881836
12/26/2017,22.90999984741211,23.15999984741211,22.90999984741211,23.110000610351562,255300,23.110000610351562
12/22/2017,22.709999084472656,22.93000030517578,22.56999969482422,22.90999984741211,418900,22.90999984741211
12/21/2017,22.5,22.770000457763672,22.43000030517578,22.719999313354492,676300,22.719999313354492
12/20/2017,22.739999771118164,22.75,22.399999618530273,22.450000762939453,498400,22.450000762939453
12/19/2017,22.450000762939453,22.65999984741211,22.200000762939453,22.600000381469727,1887500,22.600000381469727
12/18/2017,22.520000457763672,22.6200008392334,22.049999237060547,22.3700008392334,979600,22.3700008392334
12/15/2017,22.280000686645508,22.56999969482422,22.15999984741211,22.350000381469727,786500,22.350000381469727
12/14/2017,22.190000534057617,22.3700008392334,22.045000076293945,22.079999923706055,1227200,22.079999923706055
12/13/2017,22.350000381469727,22.6200008392334,22.18000030517578,22.190000534057617,572600,22.190000534057617
12/12/2017,22.360000610351562,22.479999542236328,22.15999984741211,22.290000915527344,575800,22.290000915527344
12/11/2017,22.25,22.440000534057617,22.1200008392334,22.290000915527344,1126800,22.290000915527344
12/8/2017,22.389999389648438,22.415000915527344,22.059999465942383,22.25,891000,22.25
12/7/2017,22.030000686645508,22.325000762939453,21.969999313354492,22.25,878400,22.25
12/6/2017,21.700000762939453,22.190000534057617,21.700000762939453,21.989999771118164,1049200,21.989999771118164
12/5/2017,22.219999313354492,22.329999923706055,21.65999984741211,21.809999465942383,532000,21.809999465942383
12/4/2017,22.25,22.5,22.084999084472656,22.15999984741211,723500,22.15999984741211
12/1/2017,22.5,22.5,21.709999084472656,22.079999923706055,751800,22.079999923706055
11/30/2017,22.1200008392334,22.719999313354492,22.1200008392334,22.440000534057617,986400,22.440000534057617
11/29/2017,22.1200008392334,22.1200008392334,21.8799991607666,22.049999237060547,595700,22.049999237060547
11/28/2017,21.950000762939453,22.149999618530273,21.780000686645508,22.079999923706055,661400,22.079999923706055
11/27/2017,22,22.209999084472656,21.899999618530273,21.950000762939453,521600,21.950000762939453
11/24/2017,22.219999313354492,22.25,21.719999313354492,21.950000762939453,275200,21.950000762939453
11/22/2017,21.93000030517578,22.229999542236328,21.790000915527344,22.219999313354492,732200,22.219999313354492
11/21/2017,21.860000610351562,22.059999465942383,21.790000915527344,21.8799991607666,616500,21.8799991607666
11/20/2017,21.549999237060547,21.889999389648438,21.549999237060547,21.809999465942383,943800,21.809999465942383
11/17/2017,21.399999618530273,21.68000030517578,21.110000610351562,21.610000610351562,795900,21.610000610351562
11/16/2017,21.280000686645508,21.559999465942383,21.280000686645508,21.3700008392334,665400,21.3700008392334
11/15/2017,21.1200008392334,21.40999984741211,21.010000228881836,21.299999237060547,732900,21.299999237060547
11/14/2017,21.209999084472656,21.450000762939453,21.190000534057617,21.360000610351562,984800,21.360000610351562
11/13/2017,20.90999984741211,21.469999313354492,20.90999984741211,21.309999465942383,1536200,21.309999465942383
11/10/2017,20.989999771118164,21.360000610351562,20.850000381469727,21.040000915527344,1352200,21.040000915527344
11/9/2017,20.979999542236328,21.1200008392334,20.8799991607666,20.899999618530273,1427600,20.899999618530273
11/8/2017,21.18000030517578,21.209999084472656,20.889999389648438,21.020000457763672,1307300,21.020000457763672
11/7/2017,21.020000457763672,21.360000610351562,20.950000762939453,21.290000915527344,1222400,21.290000915527344
11/6/2017,21.549999237060547,22.399999618530273,20.649999618530273,21,1716400,21
11/3/2017,21.780000686645508,22.170000076293945,21.649999618530273,21.989999771118164,1630900,21.989999771118164
11/2/2017,21.719999313354492,21.90999984741211,21.59000015258789,21.690000534057617,1054400,21.690000534057617
11/1/2017,22.170000076293945,22.360000610351562,21.645000457763672,21.799999237060547,723600,21.799999237060547
10/31/2017,21.729999542236328,22.079999923706055,21.700000762939453,22.059999465942383,1022400,22.059999465942383
10/30/2017,21.81999969482422,21.90999984741211,21.549999237060547,21.729999542236328,635100,21.729999542236328
10/27/2017,21.8700008392334,21.950000762939453,21.43000030517578,21.90999984741211,873200,21.90999984741211
10/26/2017,21.389999389648438,21.920000076293945,21.219999313354492,21.920000076293945,942200,21.920000076293945
10/25/2017,21.59000015258789,21.65999984741211,20.950000762939453,21.350000381469727,604000,21.350000381469727
10/24/2017,21.010000228881836,21.829999923706055,20.989999771118164,21.6299991607666,1393300,21.6299991607666
10/23/2017,21.5,21.575000762939453,20.90999984741211,20.920000076293945,744500,20.920000076293945
10/20/2017,21.600000381469727,21.760000228881836,21.420000076293945,21.5,615000,21.5
10/19/2017,21.6200008392334,21.639999389648438,21.309999465942383,21.540000915527344,816800,21.540000915527344
10/18/2017,22.06999969482422,22.270000457763672,21.739999771118164,21.780000686645508,1013100,21.780000686645508
10/17/2017,21.920000076293945,22.280000686645508,21.920000076293945,22.040000915527344,711300,22.040000915527344
10/16/2017,22.270000457763672,22.315000534057617,21.93000030517578,21.959999084472656,1018900,21.959999084472656
10/13/2017,22.270000457763672,22.329999923706055,22.010000228881836,22.280000686645508,386200,22.280000686645508
10/12/2017,22.079999923706055,22.209999084472656,22.010000228881836,22.1200008392334,842300,22.1200008392334
10/11/2017,22.18000030517578,22.229999542236328,22.06999969482422,22.139999389648438,1043200,22.139999389648438
10/10/2017,22.459999084472656,22.489999771118164,22.030000686645508,22.200000762939453,869100,22.200000762939453
10/9/2017,22.700000762939453,22.809999465942383,22.290000915527344,22.299999237060547,1753500,22.299999237060547
10/6/2017,22.579999923706055,22.81999969482422,22.469999313354492,22.579999923706055,882500,22.579999923706055
10/5/2017,22.760000228881836,22.989999771118164,22.489999771118164,22.670000076293945,458900,22.670000076293945
10/4/2017,23,23.079999923706055,22.65999984741211,22.719999313354492,1578300,22.719999313354492
10/3/2017,23.110000610351562,23.25,22.989999771118164,23,699200,23
10/2/2017,23.06999969482422,23.34000015258789,22.959999084472656,23,972300,23
9/29/2017,23.020000457763672,23.459999084472656,23.0049991607666,23.049999237060547,1193900,23.049999237060547
9/28/2017,22.989999771118164,23.167999267578125,22.799999237060547,23.09000015258789,649000,23.09000015258789
9/27/2017,22.829999923706055,23.1200008392334,22.6299991607666,22.989999771118164,525600,22.989999771118164
9/26/2017,22.649999618530273,23.030000686645508,22.6200008392334,22.739999771118164,966300,22.739999771118164
9/25/2017,22.489999771118164,22.65999984741211,22.450000762939453,22.649999618530273,363300,22.649999618530273
9/22/2017,22.5,22.559999465942383,22.3799991607666,22.510000228881836,659600,22.510000228881836
9/21/2017,22.760000228881836,22.809999465942383,22.34000015258789,22.5,781100,22.5
9/20/2017,23.010000228881836,23.184999465942383,22.690000534057617,22.770000457763672,1087200,22.770000457763672
9/19/2017,22.8799991607666,23.15999984741211,22.75,23.030000686645508,1186700,23.030000686645508
9/18/2017,22.510000228881836,22.959999084472656,22.290000915527344,22.84000015258789,1667100,22.84000015258789
9/15/2017,22.059999465942383,22.489999771118164,21.809999465942383,22.450000762939453,3501500,22.450000762939453
9/14/2017,22.219999313354492,22.360000610351562,21.825000762939453,21.940000534057617,1462600,21.940000534057617
9/13/2017,20.93000030517578,22.440000534057617,20.850000381469727,22.360000610351562,2145600,22.360000610351562
9/12/2017,20.34000015258789,20.93000030517578,20.270000457763672,20.93000030517578,1483200,20.93000030517578
9/11/2017,20.139999389648438,20.360000610351562,20.1200008392334,20.34000015258789,956400,20.34000015258789
9/8/2017,19.8799991607666,20.065000534057617,19.739999771118164,20,815900,20
9/7/2017,20,20,19.770000457763672,19.920000076293945,413100,19.920000076293945
9/6/2017,20.139999389648438,20.139999389648438,19.770000457763672,19.959999084472656,575200,19.959999084472656
9/5/2017,20.040000915527344,20.25,19.93000030517578,20,669200,20
9/1/2017,19.950000762939453,20.170000076293945,19.875,20.110000610351562,1181600,20.110000610351562
8/31/2017,20,20.079999923706055,19.790000915527344,19.899999618530273,863600,19.899999618530273
8/30/2017,19.809999465942383,20.209999084472656,19.739999771118164,19.959999084472656,588100,19.959999084472656
8/29/2017,19.6200008392334,19.899999618530273,19.549999237060547,19.860000610351562,474400,19.860000610351562
8/28/2017,19.530000686645508,19.93000030517578,19.48200035095215,19.790000915527344,409300,19.790000915527344
8/25/2017,19.56999969482422,19.65999984741211,19.1299991607666,19.459999084472656,690000,19.459999084472656
8/24/2017,19.700000762939453,19.700000762939453,19.450000762939453,19.489999771118164,878900,19.489999771118164
8/23/2017,19.540000915527344,19.780000686645508,19.540000915527344,19.670000076293945,440200,19.670000076293945
8/22/2017,19.579999923706055,19.709999084472656,19.402999877929688,19.68000030517578,360100,19.68000030517578
8/21/2017,19.670000076293945,19.674999237060547,19.3700008392334,19.479999542236328,263500,19.479999542236328
8/18/2017,19.610000610351562,19.84000015258789,19.493999481201172,19.670000076293945,335200,19.670000076293945
8/17/2017,19.790000915527344,19.989999771118164,19.68000030517578,19.690000534057617,918900,19.690000534057617
8/16/2017,19.75,19.920000076293945,19.600000381469727,19.889999389648438,381900,19.889999389648438
8/15/2017,20.100000381469727,20.18000030517578,19.59000015258789,19.639999389648438,559900,19.639999389648438
8/14/2017,19.690000534057617,20.149999618530273,19.690000534057617,20.100000381469727,2536500,20.100000381469727
8/11/2017,19.09000015258789,19.6299991607666,19.09000015258789,19.540000915527344,4013400,19.540000915527344
8/10/2017,19.56999969482422,19.57200050354004,19.360000610351562,19.40999984741211,602900,19.40999984741211
8/9/2017,19.700000762939453,19.959999084472656,19.440000534057617,19.510000228881836,1151900,19.510000228881836
8/8/2017,19.479999542236328,19.600000381469727,19.25,19.3700008392334,524200,19.3700008392334
8/7/2017,19.350000381469727,19.530000686645508,19.350000381469727,19.489999771118164,421200,19.489999771118164
8/4/2017,19.520000457763672,19.649999618530273,19.1299991607666,19.399999618530273,953300,19.399999618530273
8/3/2017,19.450000762939453,19.579999923706055,19.3700008392334,19.450000762939453,351100,19.450000762939453
8/2/2017,19.170000076293945,19.5049991607666,19.170000076293945,19.43000030517578,466100,19.43000030517578
8/1/2017,19.024999618530273,19.540000915527344,19.024999618530273,19.25,590600,19.25
7/31/2017,19.469999313354492,19.507999420166016,19.309999465942383,19.489999771118164,516400,19.489999771118164
7/28/2017,19.469999313354492,19.59000015258789,19.110000610351562,19.479999542236328,1366200,19.479999542236328
7/27/2017,19.530000686645508,19.59000015258789,19.440000534057617,19.469999313354492,600500,19.469999313354492
7/26/2017,19.489999771118164,19.56999969482422,19.280000686645508,19.479999542236328,613400,19.479999542236328
7/25/2017,19.510000228881836,19.549999237060547,19.350000381469727,19.440000534057617,721100,19.440000534057617
7/24/2017,19.469999313354492,19.540000915527344,19.280000686645508,19.399999618530273,612400,19.399999618530273
7/21/2017,19.309999465942383,19.520000457763672,19.239999771118164,19.510000228881836,372900,19.510000228881836
7/20/2017,19.59000015258789,19.670000076293945,19.30500030517578,19.43000030517578,363200,19.43000030517578
7/19/2017,19.469999313354492,19.59000015258789,19.40999984741211,19.540000915527344,1318800,19.540000915527344
7/18/2017,19.510000228881836,19.6299991607666,19.350000381469727,19.489999771118164,920000,19.489999771118164
7/17/2017,19.31999969482422,19.549999237060547,19.204999923706055,19.510000228881836,1821700,19.510000228881836
7/14/2017,19.25,19.399999618530273,19.110000610351562,19.389999389648438,340200,19.389999389648438
7/13/2017,19.290000915527344,19.420000076293945,19.15999984741211,19.229999542236328,423000,19.229999542236328
7/12/2017,19.530000686645508,19.530000686645508,18.959999084472656,19.309999465942383,584400,19.309999465942383
7/11/2017,19.34000015258789,19.520000457763672,19.260000228881836,19.34000015258789,1705300,19.34000015258789
7/10/2017,19.1299991607666,19.360000610351562,18.979999542236328,19.299999237060547,1353700,19.299999237060547
7/7/2017,19.010000228881836,19.225000381469727,18.93000030517578,19.149999618530273,380900,19.149999618530273
7/6/2017,19.1200008392334,19.290000915527344,18.915000915527344,19.020000457763672,2182200,19.020000457763672
7/5/2017,18.670000076293945,19.280000686645508,18.545000076293945,19.229999542236328,1236800,19.229999542236328
7/3/2017,18.790000915527344,18.850000381469727,18.51300048828125,18.68000030517578,652000,18.68000030517578
6/30/2017,18.649999618530273,18.979999542236328,18.610000610351562,18.850000381469727,901600,18.850000381469727
6/29/2017,18.920000076293945,19.010000228881836,18.549999237060547,18.639999389648438,1527000,18.639999389648438
6/28/2017,18.68000030517578,19.139999389648438,18.56999969482422,18.93000030517578,654300,18.93000030517578
6/27/2017,18.860000610351562,18.93000030517578,18.549999237060547,18.549999237060547,562000,18.549999237060547
6/26/2017,18.84000015258789,18.965999603271484,18.709999084472656,18.899999618530273,756500,18.899999618530273
6/23/2017,18.8700008392334,18.950000762939453,18.75,18.809999465942383,2019200,18.809999465942383
6/22/2017,18.739999771118164,18.959999084472656,18.614999771118164,18.8799991607666,761500,18.8799991607666
6/21/2017,18.979999542236328,19.020000457763672,18.719999313354492,18.780000686645508,765000,18.780000686645508
6/20/2017,19.100000381469727,19.139999389648438,18.7450008392334,18.90999984741211,530500,18.90999984741211
6/19/2017,18.950000762939453,19.170000076293945,18.920000076293945,19.139999389648438,420400,19.139999389648438
6/16/2017,19.1200008392334,19.1200008392334,18.700000762939453,18.889999389648438,846100,18.889999389648438
6/15/2017,19.06999969482422,19.15999984741211,18.969999313354492,19.110000610351562,305100,19.110000610351562
6/14/2017,19.309999465942383,19.3799991607666,19.139999389648438,19.239999771118164,307400,19.239999771118164
6/13/2017,19.3799991607666,19.5,19.209999084472656,19.3700008392334,436500,19.3700008392334
6/12/2017,19.559999465942383,19.670000076293945,19.190000534057617,19.34000015258789,344800,19.34000015258789
6/9/2017,19.65999984741211,19.690000534057617,19.479999542236328,19.559999465942383,553600,19.559999465942383
6/8/2017,19.350000381469727,19.65999984741211,19.290000915527344,19.540000915527344,342700,19.540000915527344
6/7/2017,19.190000534057617,19.450000762939453,19.139999389648438,19.360000610351562,630100,19.360000610351562
6/6/2017,19.280000686645508,19.3700008392334,19.010000228881836,19.25,721900,19.25
6/5/2017,19.389999389648438,19.5,19.09000015258789,19.3799991607666,964900,19.3799991607666
6/2/2017,19.139999389648438,19.549999237060547,19.06999969482422,19.459999084472656,787200,19.459999084472656
6/1/2017,19.31999969482422,19.34000015258789,18.889999389648438,19.139999389648438,744200,19.139999389648438
5/31/2017,19.59000015258789,19.59000015258789,19.040000915527344,19.34000015258789,1061600,19.34000015258789
5/30/2017,19.610000610351562,19.790000915527344,19.350000381469727,19.600000381469727,867900,19.600000381469727
5/26/2017,19.799999237060547,19.850000381469727,19.649999618530273,19.790000915527344,257000,19.790000915527344
5/25/2017,19.889999389648438,19.899999618530273,19.65999984741211,19.799999237060547,265600,19.799999237060547
5/24/2017,19.920000076293945,19.979999542236328,19.719999313354492,19.889999389648438,818300,19.889999389648438
5/23/2017,20,20,19.639999389648438,19.829999923706055,598200,19.829999923706055
5/22/2017,19.639999389648438,19.985000610351562,19.459999084472656,19.950000762939453,642500,19.950000762939453
5/19/2017,19.170000076293945,19.6200008392334,19.059999465942383,19.540000915527344,618200,19.540000915527344
5/18/2017,18.739999771118164,19.15999984741211,18.520000457763672,19.059999465942383,499500,19.059999465942383
5/17/2017,19.6200008392334,19.670000076293945,18.790000915527344,18.829999923706055,473500,18.829999923706055
5/16/2017,19.93000030517578,19.93000030517578,19.6200008392334,19.770000457763672,389500,19.770000457763672
5/15/2017,19.829999923706055,19.979999542236328,19.770000457763672,19.90999984741211,306700,19.90999984741211
5/12/2017,19.93000030517578,19.940000534057617,19.739999771118164,19.770000457763672,279100,19.770000457763672
5/11/2017,20.190000534057617,20.190000534057617,19.770000457763672,19.979999542236328,347400,19.979999542236328
5/10/2017,20.049999237060547,20.280000686645508,19.850000381469727,20.239999771118164,553700,20.239999771118164
5/9/2017,20.25,20.25,19.690000534057617,20.059999465942383,1392100,20.059999465942383
5/8/2017,20.040000915527344,21.1299991607666,19.889999389648438,20.260000228881836,1305500,20.260000228881836
5/5/2017,20.75,21.094999313354492,20.610000610351562,21.020000457763672,784100,21.020000457763672
5/4/2017,20.559999465942383,20.809999465942383,20.350000381469727,20.670000076293945,494800,20.670000076293945
5/3/2017,20.59000015258789,20.670000076293945,20.329999923706055,20.520000457763672,250900,20.520000457763672
5/2/2017,20.520000457763672,20.719999313354492,20.459999084472656,20.719999313354492,507200,20.719999313354492
5/1/2017,20.530000686645508,20.690000534057617,20.385000228881836,20.440000534057617,268600,20.440000534057617
4/28/2017,20.799999237060547,20.809999465942383,20.399999618530273,20.5,444800,20.5
4/27/2017,20.8799991607666,21.030000686645508,20.56999969482422,20.670000076293945,388000,20.670000076293945
4/26/2017,20.670000076293945,21.100000381469727,20.56999969482422,20.889999389648438,1417000,20.889999389648438
4/25/2017,20.450000762939453,20.829999923706055,20.450000762939453,20.68000030517578,983300,20.68000030517578
4/24/2017,20,20.344999313354492,19.979999542236328,20.329999923706055,747600,20.329999923706055
4/21/2017,19.729999542236328,19.899999618530273,19.559999465942383,19.8799991607666,347700,19.8799991607666
4/20/2017,19.34000015258789,19.75,19.290000915527344,19.75,478200,19.75
4/19/2017,19.209999084472656,19.34000015258789,19.040000915527344,19.229999542236328,406800,19.229999542236328
4/18/2017,18.969999313354492,19.190000534057617,18.940000534057617,19.139999389648438,484500,19.139999389648438
4/17/2017,18.739999771118164,19.06999969482422,18.719999313354492,19.049999237060547,548800,19.049999237060547
4/13/2017,18.979999542236328,19.149999618530273,18.65999984741211,18.790000915527344,417600,18.790000915527344
4/12/2017,19.100000381469727,19.1299991607666,18.65999984741211,19,724200,19
4/11/2017,19.309999465942383,19.489999771118164,18.950000762939453,19.149999618530273,486300,19.149999618530273
4/10/2017,19.31999969482422,19.68000030517578,19.25,19.389999389648438,511300,19.389999389648438
4/7/2017,19.1200008392334,19.3700008392334,19.049999237060547,19.31999969482422,615700,19.31999969482422
4/6/2017,19.040000915527344,19.3799991607666,18.90999984741211,19.15999984741211,507100,19.15999984741211
4/5/2017,19.25,19.389999389648438,18.8799991607666,19.020000457763672,1459000,19.020000457763672
4/4/2017,19.06999969482422,19.290000915527344,18.989999771118164,19.049999237060547,625000,19.049999237060547
4/3/2017,19.6299991607666,19.719999313354492,19.030000686645508,19.079999923706055,632600,19.079999923706055
3/31/2017,19.579999923706055,19.84000015258789,19.459999084472656,19.6299991607666,811900,19.6299991607666
3/30/2017,19.530000686645508,19.690000534057617,19.440000534057617,19.59000015258789,386800,19.59000015258789
3/29/2017,19.18000030517578,19.514999389648438,19.110000610351562,19.450000762939453,383600,19.450000762939453
3/28/2017,19.1200008392334,19.309999465942383,18.799999237060547,19.219999313354492,335700,19.219999313354492
3/27/2017,18.90999984741211,19.125,18.75,19.110000610351562,402800,19.110000610351562
3/24/2017,19.329999923706055,19.420000076293945,18.979999542236328,19.049999237060547,438300,19.049999237060547
3/23/2017,19.100000381469727,19.459999084472656,19.030000686645508,19.239999771118164,360000,19.239999771118164
3/22/2017,19.18000030517578,19.219999313354492,18.809999465942383,19.059999465942383,554500,19.059999465942383
3/21/2017,19.56999969482422,19.649999618530273,19.010000228881836,19.18000030517578,670300,19.18000030517578
3/20/2017,19.479999542236328,19.690000534057617,19.280000686645508,19.40999984741211,681700,19.40999984741211
3/17/2017,19.200000762939453,19.389999389648438,19.049999237060547,19.25,710600,19.25
3/16/2017,19.5,19.719999313354492,19.09000015258789,19.25,592000,19.25
3/15/2017,19.25,19.43000030517578,19,19.329999923706055,970200,19.329999923706055
3/14/2017,18.969999313354492,19.190000534057617,18.82900047302246,19.079999923706055,876600,19.079999923706055
3/13/2017,18.920000076293945,19.110000610351562,18.809999465942383,19.020000457763672,680600,19.020000457763672
3/10/2017,19.06999969482422,19.229999542236328,18.809999465942383,18.940000534057617,522200,18.940000534057617
3/9/2017,19.09000015258789,19.190000534057617,18.799999237060547,19.040000915527344,738400,19.040000915527344
3/8/2017,18.799999237060547,19.25,18.799999237060547,19.049999237060547,460800,19.049999237060547
3/7/2017,19.200000762939453,19.260000228881836,18.950000762939453,19.100000381469727,342100,19.100000381469727
3/6/2017,19.059999465942383,19.75,18.90999984741211,19.270000457763672,385800,19.270000457763672
3/3/2017,19.049999237060547,19.239999771118164,18.90999984741211,19.040000915527344,361000,19.040000915527344
3/2/2017,19.100000381469727,19.110000610351562,18.899999618530273,19.010000228881836,844100,19.010000228881836
3/1/2017,19.209999084472656,19.790000915527344,19.110000610351562,19.139999389648438,740700,19.139999389648438
2/28/2017,18.950000762939453,19.360000610351562,18.3799991607666,19.059999465942383,1044500,19.059999465942383
2/27/2017,18.34000015258789,19.34000015258789,18.34000015258789,19.18000030517578,1580300,19.18000030517578
2/24/2017,18.389999389648438,18.604999542236328,17.979999542236328,18.3700008392334,1222800,18.3700008392334
2/23/2017,18.969999313354492,19.350000381469727,18.559999465942383,18.600000381469727,462200,18.600000381469727
2/22/2017,19.260000228881836,19.520000457763672,18.600000381469727,18.829999923706055,884900,18.829999923706055
2/21/2017,18.31999969482422,19.5,18.309999465942383,19.399999618530273,1208100,19.399999618530273
2/17/2017,18.530000686645508,18.6299991607666,18.18000030517578,18.510000228881836,827300,18.510000228881836
2/16/2017,18.670000076293945,18.889999389648438,18.260000228881836,18.610000610351562,1615700,18.610000610351562
2/15/2017,18,18.5,17.551000595092773,18.25,2312200,18.25
2/14/2017,18.93000030517578,19.25,18.579999923706055,19.219999313354492,1204300,19.219999313354492
2/13/2017,19.329999923706055,19.5,19,19.010000228881836,473900,19.010000228881836
2/10/2017,19.209999084472656,19.360000610351562,19.1200008392334,19.25,259700,19.25
2/9/2017,18.940000534057617,19.274999618530273,18.90999984741211,19.200000762939453,538900,19.200000762939453
2/8/2017,18.8799991607666,19.010000228881836,18.639999389648438,18.90999984741211,469300,18.90999984741211
2/7/2017,18.84000015258789,19.049999237060547,18.719999313354492,18.8700008392334,374400,18.8700008392334
2/6/2017,19.299999237060547,19.31999969482422,18.795000076293945,18.8700008392334,297400,18.8700008392334
2/3/2017,19.270000457763672,19.469999313354492,19.170000076293945,19.360000610351562,381300,19.360000610351562
2/2/2017,19.559999465942383,19.770000457763672,19.040000915527344,19.219999313354492,404900,19.219999313354492
2/1/2017,19.229999542236328,19.559999465942383,19.229999542236328,19.309999465942383,476600,19.309999465942383
1/31/2017,19.360000610351562,19.395000457763672,19.059999465942383,19.18000030517578,312200,19.18000030517578
1/30/2017,19.31999969482422,19.510000228881836,19.200000762939453,19.329999923706055,497800,19.329999923706055
1/27/2017,19.56999969482422,19.68000030517578,18.700000762939453,19.610000610351562,595900,19.610000610351562
1/26/2017,19.809999465942383,19.90999984741211,19.549999237060547,19.579999923706055,555200,19.579999923706055
1/25/2017,19.399999618530273,19.770000457763672,19.3799991607666,19.75,723900,19.75
1/24/2017,18.729999542236328,19.299999237060547,18.729999542236328,19.260000228881836,939800,19.260000228881836
1/23/2017,18.790000915527344,19,18.639999389648438,18.75,610800,18.75
1/20/2017,18.8799991607666,19.030000686645508,18.729999542236328,18.850000381469727,227600,18.850000381469727
1/19/2017,18.979999542236328,19.209999084472656,18.790000915527344,18.8799991607666,616400,18.8799991607666
1/18/2017,18.90999984741211,19.21500015258789,18.780000686645508,18.969999313354492,443600,18.969999313354492
1/17/2017,19.3799991607666,19.3799991607666,18.8700008392334,18.899999618530273,610100,18.899999618530273
1/13/2017,19.25,19.5,19.25,19.350000381469727,350400,19.350000381469727
1/12/2017,19.600000381469727,19.719999313354492,19.239999771118164,19.309999465942383,240300,19.309999465942383
1/11/2017,19.479999542236328,19.719999313354492,19.350000381469727,19.600000381469727,813800,19.600000381469727
1/10/2017,19.399999618530273,19.59000015258789,19.229999542236328,19.450000762939453,942600,19.450000762939453
1/9/2017,19.25,19.3799991607666,19.1200008392334,19.290000915527344,292800,19.290000915527344
1/6/2017,19.3799991607666,19.5,19.110000610351562,19.270000457763672,1195300,19.270000457763672
1/5/2017,19.59000015258789,19.59000015258789,19.239999771118164,19.309999465942383,418200,19.309999465942383
1/4/2017,19.6200008392334,19.68000030517578,19.280000686645508,19.5,1118100,19.5
1/3/2017,19.260000228881836,19.68000030517578,19.2549991607666,19.530000686645508,1167700,19.530000686645508
12/30/2016,19,19.65999984741211,18.950000762939453,19.329999923706055,1677600,19.329999923706055
12/29/2016,18.059999465942383,18.969999313354492,18.040000915527344,18.950000762939453,1169700,18.950000762939453
12/28/2016,18.06999969482422,18.1200008392334,17.920000076293945,18.010000228881836,1155200,18.010000228881836
12/27/2016,18.06999969482422,18.1299991607666,17.950000762939453,18.040000915527344,369300,18.040000915527344
12/23/2016,17.959999084472656,18.06999969482422,17.93000030517578,18,441400,18
12/22/2016,17.889999389648438,18.049999237060547,17.760000228881836,18.010000228881836,1158300,18.010000228881836
12/21/2016,17.809999465942383,18.040000915527344,17.65999984741211,17.940000534057617,795700,17.940000534057617
12/20/2016,17.829999923706055,18.139999389648438,17.809999465942383,17.899999618530273,373400,17.899999618530273
12/19/2016,17.940000534057617,18.219999313354492,17.760000228881836,17.850000381469727,439900,17.850000381469727
12/16/2016,17.899999618530273,17.954999923706055,17.719999313354492,17.8799991607666,1802200,17.8799991607666
12/15/2016,17.899999618530273,18.079999923706055,17.854999542236328,17.8799991607666,279700,17.8799991607666
12/14/2016,17.860000610351562,18.059999465942383,17.860000610351562,17.90999984741211,653900,17.90999984741211
12/13/2016,17.950000762939453,18.09000015258789,17.65999984741211,17.920000076293945,643400,17.920000076293945
12/12/2016,17.8799991607666,17.989999771118164,17.58099937438965,17.81999969482422,467100,17.81999969482422
12/9/2016,17.979999542236328,18.1200008392334,17.8700008392334,17.889999389648438,541700,17.889999389648438
12/8/2016,17.959999084472656,18.040000915527344,17.8700008392334,18,807500,18
12/7/2016,17.8799991607666,18.110000610351562,17.739999771118164,18,822300,18
12/6/2016,17.709999084472656,17.90999984741211,17.610000610351562,17.8700008392334,432800,17.8700008392334
12/5/2016,17.690000534057617,17.90999984741211,17.56999969482422,17.81999969482422,673400,17.81999969482422
12/2/2016,17.559999465942383,17.6299991607666,17.18000030517578,17.530000686645508,804800,17.530000686645508
12/1/2016,17.84000015258789,17.959999084472656,17.459999084472656,17.530000686645508,979200,17.530000686645508
11/30/2016,17.43000030517578,17.844999313354492,17.399999618530273,17.739999771118164,758900,17.739999771118164
11/29/2016,17.760000228881836,17.81999969482422,17.399999618530273,17.440000534057617,419000,17.440000534057617
11/28/2016,17.84000015258789,17.950000762939453,17.760000228881836,17.809999465942383,647600,17.809999465942383
11/25/2016,17.81999969482422,17.989999771118164,17.729999542236328,17.899999618530273,804700,17.899999618530273
11/23/2016,17.809999465942383,17.979999542236328,17.700000762939453,17.790000915527344,771500,17.790000915527344
11/22/2016,17.459999084472656,17.920000076293945,17.389999389648438,17.780000686645508,784700,17.780000686645508
11/21/2016,17.510000228881836,17.670000076293945,17.43000030517578,17.459999084472656,1268000,17.459999084472656
11/18/2016,17.969999313354492,17.989999771118164,17.489999771118164,17.5,800500,17.5
11/17/2016,17.899999618530273,18,17.790000915527344,17.850000381469727,849534,17.850000381469727
11/16/2016,17.540000915527344,17.989999771118164,17.540000915527344,17.8799991607666,629400,17.8799991607666
11/15/2016,17.6299991607666,17.790000915527344,17.299999237060547,17.549999237060547,1332271,17.549999237060547
11/14/2016,17.760000228881836,18.030000686645508,17.510000228881836,17.56999969482422,1214800,17.56999969482422
11/11/2016,17.649999618530273,17.799999237060547,17.649999618530273,17.739999771118164,766800,17.739999771118164
11/10/2016,17.610000610351562,18.1200008392334,17.450000762939453,17.729999542236328,2352800,17.729999542236328
11/9/2016,17.18000030517578,18.209999084472656,17.09000015258789,17.610000610351562,2178600,17.610000610351562
11/8/2016,16.690000534057617,17.489999771118164,16.690000534057617,17.18000030517578,1143200,17.18000030517578
11/7/2016,16,16.889999389648438,15.460000038146973,16.729999542236328,1790000,16.729999542236328
11/4/2016,14.930000305175781,15.59000015258789,14.930000305175781,15.109999656677246,799200,15.109999656677246
11/3/2016,15.279999732971191,15.279999732971191,14.930000305175781,15.010000228881836,621900,15.010000228881836
11/2/2016,15.369999885559082,15.5600004196167,15.25,15.289999961853027,812800,15.289999961853027
11/1/2016,15.109999656677246,15.529999732971191,15.09000015258789,15.460000038146973,1308600,15.460000038146973
10/31/2016,15.210000038146973,15.380000114440918,15.100000381469727,15.109999656677246,582800,15.109999656677246
10/28/2016,15.34000015258789,15.446999549865723,15.15999984741211,15.210000038146973,638300,15.210000038146973
10/27/2016,15.5600004196167,15.630000114440918,15.1899995803833,15.239999771118164,1073300,15.239999771118164
10/26/2016,15.619999885559082,15.9399995803833,15.420000076293945,15.470000267028809,699600,15.470000267028809
10/25/2016,16.149999618530273,16.280000686645508,15.640000343322754,15.739999771118164,637300,15.739999771118164
10/24/2016,16.059999465942383,16.469999313354492,15.890000343322754,16.18000030517578,624500,16.18000030517578
10/21/2016,16.049999237060547,16.190000534057617,15.920000076293945,16.059999465942383,511300,16.059999465942383
10/20/2016,16.1200008392334,16.34000015258789,15.779999732971191,16.15999984741211,632200,16.15999984741211
10/19/2016,16.399999618530273,16.5,16.190000534057617,16.3700008392334,405100,16.3700008392334
10/18/2016,16.3799991607666,16.6200008392334,16.239999771118164,16.360000610351562,633200,16.360000610351562
10/17/2016,16.530000686645508,16.610000610351562,16.290000915527344,16.3799991607666,667300,16.3799991607666
10/14/2016,16.329999923706055,16.700000762939453,16.329999923706055,16.559999465942383,560800,16.559999465942383
10/13/2016,16.149999618530273,16.469999313354492,15.930000305175781,16.25,619800,16.25
10/12/2016,16.110000610351562,16.459999084472656,15.8100004196167,16.399999618530273,482900,16.399999618530273
10/11/2016,15.859999656677246,16.309999465942383,15.833499908447266,16.1200008392334,1633389,16.1200008392334
10/10/2016,16.739999771118164,16.739999771118164,15.720000267028809,15.84000015258789,2036000,15.84000015258789
10/7/2016,16.579999923706055,16.790000915527344,16.350000381469727,16.68000030517578,980400,16.68000030517578
10/6/2016,16.030000686645508,16.850000381469727,15.960000038146973,16.700000762939453,1383500,16.700000762939453
10/5/2016,16.190000534057617,16.270000457763672,15.949999809265137,16.040000915527344,833600,16.040000915527344
10/4/2016,16.299999237060547,16.510000228881836,16.06999969482422,16.149999618530273,422300,16.149999618530273
10/3/2016,16.200000762939453,16.280000686645508,15.979999542236328,16.229999542236328,324800,16.229999542236328
9/30/2016,16.290000915527344,16.299999237060547,16.1299991607666,16.219999313354492,324400,16.219999313354492
9/29/2016,16.459999084472656,16.459999084472656,16.100000381469727,16.200000762939453,547800,16.200000762939453
9/28/2016,16.3700008392334,16.489999771118164,16.1299991607666,16.450000762939453,420800,16.450000762939453
9/27/2016,16.459999084472656,16.59000015258789,16.114999771118164,16.31999969482422,317200,16.31999969482422
9/26/2016,16.5,16.6299991607666,16.3700008392334,16.489999771118164,290400,16.489999771118164
9/23/2016,16.93000030517578,16.969999313354492,16.579999923706055,16.600000381469727,290700,16.600000381469727
9/22/2016,17.040000915527344,17.209999084472656,16.871000289916992,17.020000457763672,451900,17.020000457763672
9/21/2016,17.170000076293945,17.290000915527344,16.860000610351562,16.920000076293945,603200,16.920000076293945
9/20/2016,16.59000015258789,17.270000457763672,16.579999923706055,17.030000686645508,789000,17.030000686645508
9/19/2016,16.139999389648438,16.770000457763672,16.040000915527344,16.6299991607666,526000,16.6299991607666
9/16/2016,16.110000610351562,16.190000534057617,15.850000381469727,15.930000305175781,1398800,15.930000305175781
9/15/2016,15.569999694824219,16.239999771118164,15.510000228881836,16.100000381469727,511900,16.100000381469727
9/14/2016,15.920000076293945,15.989999771118164,15.4399995803833,15.569999694824219,474100,15.569999694824219
9/13/2016,16.34000015258789,16.5,15.850000381469727,15.979999542236328,694800,15.979999542236328
9/12/2016,16.459999084472656,16.610000610351562,16.1299991607666,16.540000915527344,586900,16.540000915527344
9/9/2016,16.549999237060547,16.700000762939453,16.43000030517578,16.65999984741211,626712,16.65999984741211
9/8/2016,16.31999969482422,16.81999969482422,16.209999084472656,16.770000457763672,615200,16.770000457763672
9/7/2016,16.420000076293945,16.59000015258789,16.110000610351562,16.34000015258789,587200,16.34000015258789
9/6/2016,16.3799991607666,16.56999969482422,16.209999084472656,16.450000762939453,457700,16.450000762939453
9/2/2016,16.190000534057617,16.65999984741211,16.190000534057617,16.420000076293945,341100,16.420000076293945
9/1/2016,16.1200008392334,16.290000915527344,15.819999694824219,16.170000076293945,356000,16.170000076293945
8/31/2016,15.989999771118164,16.3799991607666,15.949999809265137,16.1299991607666,348400,16.1299991607666
8/30/2016,16.049999237060547,16.1200008392334,15.975000381469727,16.030000686645508,282700,16.030000686645508
8/29/2016,16,16.110000610351562,15.989999771118164,16.040000915527344,154000,16.040000915527344
8/26/2016,16.010000228881836,16.219999313354492,15.949999809265137,16.020000457763672,228800,16.020000457763672
8/25/2016,15.949999809265137,16.15999984741211,15.819999694824219,16,472500,16
8/24/2016,16.06999969482422,16.25,15.899999618530273,15.949999809265137,550500,15.949999809265137
8/23/2016,16.299999237060547,16.450000762939453,16.15999984741211,16.170000076293945,866100,16.170000076293945
8/22/2016,16.440000534057617,16.639999389648438,16.200000762939453,16.229999542236328,435000,16.229999542236328
8/19/2016,16.700000762939453,16.799999237060547,16.559999465942383,16.649999618530273,364600,16.649999618530273
8/18/2016,16.770000457763672,16.899999618530273,16.6299991607666,16.700000762939453,437700,16.700000762939453
8/17/2016,16.93000030517578,17.100000381469727,16.65999984741211,16.75,447400,16.75
8/16/2016,17.600000381469727,17.600000381469727,16.920000076293945,16.959999084472656,405900,16.959999084472656
8/15/2016,17.350000381469727,17.479999542236328,17.270000457763672,17.270000457763672,329300,17.270000457763672
8/12/2016,17.190000534057617,17.489999771118164,16.979999542236328,17.329999923706055,944347,17.329999923706055
8/11/2016,17.709999084472656,17.84000015258789,17.100000381469727,17.18000030517578,2904600,17.18000030517578
8/10/2016,18.299999237060547,18.3700008392334,18.079999923706055,18.299999237060547,569200,18.299999237060547
8/9/2016,18.389999389648438,18.479999542236328,18.149999618530273,18.329999923706055,547300,18.329999923706055
8/8/2016,18.760000228881836,18.8700008392334,18.149999618530273,18.420000076293945,1897500,18.420000076293945
8/5/2016,18.540000915527344,18.889999389648438,18.540000915527344,18.709999084472656,715400,18.709999084472656
8/4/2016,17.979999542236328,18.540000915527344,17.84000015258789,18.530000686645508,2211200,18.530000686645508
8/3/2016,17.959999084472656,18.03499984741211,17.799999237060547,17.920000076293945,828800,17.920000076293945
8/2/2016,18.200000762939453,18.940000534057617,17.740999221801758,17.979999542236328,769100,17.979999542236328
8/1/2016,18.309999465942383,18.40999984741211,18.030000686645508,18.170000076293945,281900,18.170000076293945
7/29/2016,18.34000015258789,18.3799991607666,18.1299991607666,18.34000015258789,555000,18.34000015258789
7/28/2016,18.290000915527344,18.420000076293945,18.170000076293945,18.309999465942383,405600,18.309999465942383
7/27/2016,18.149999618530273,18.3799991607666,18.149999618530273,18.290000915527344,444100,18.290000915527344
7/26/2016,17.81999969482422,18.270000457763672,17.809999465942383,18.15999984741211,479600,18.15999984741211
7/25/2016,17.719999313354492,17.8700008392334,17.549999237060547,17.780000686645508,671700,17.780000686645508
7/22/2016,17.760000228881836,17.8799991607666,17.709999084472656,17.790000915527344,715800,17.790000915527344
7/21/2016,17.90999984741211,17.989999771118164,17.59000015258789,17.700000762939453,609000,17.700000762939453
7/20/2016,17.229999542236328,17.940000534057617,17.229999542236328,17.75,701800,17.75
7/19/2016,17.860000610351562,17.959999084472656,17.469999313354492,17.540000915527344,520700,17.540000915527344
7/18/2016,17.899999618530273,18.040000915527344,17.690000534057617,17.950000762939453,1119300,17.950000762939453
7/15/2016,17.670000076293945,18.079999923706055,17.350000381469727,17.899999618530273,775000,17.899999618530273
7/14/2016,18.1200008392334,18.170000076293945,17.459999084472656,17.579999923706055,1537700,17.579999923706055
7/13/2016,18.1200008392334,18.190000534057617,17.881000518798828,17.940000534057617,513100,17.940000534057617
7/12/2016,18,18.309999465942383,17.8799991607666,18.010000228881836,1585100,18.010000228881836
7/11/2016,17.950000762939453,18.270000457763672,17.65999984741211,17.850000381469727,1355300,17.850000381469727
7/8/2016,17.440000534057617,17.600000381469727,16.81999969482422,16.850000381469727,875264,16.850000381469727
7/7/2016,17.100000381469727,17.5,17.030000686645508,17.25,795100,17.25
7/6/2016,16.84000015258789,17.170000076293945,16.780000686645508,17.1200008392334,691400,17.1200008392334
7/5/2016,17.399999618530273,17.459999084472656,16.829999923706055,17.049999237060547,653000,17.049999237060547
7/1/2016,17.40999984741211,17.899999618530273,17.329999923706055,17.489999771118164,601300,17.489999771118164
6/30/2016,16.8700008392334,17.6200008392334,16.760000228881836,17.6200008392334,1160600,17.6200008392334
6/29/2016,16.40999984741211,16.8799991607666,16.40999984741211,16.809999465942383,356600,16.809999465942383
6/28/2016,16,17.15999984741211,16,16.549999237060547,772200,16.549999237060547
6/27/2016,16.889999389648438,16.889999389648438,15.869999885559082,16.1200008392334,1018500,16.1200008392334
6/24/2016,16.399999618530273,17.229999542236328,16.399999618530273,17.010000228881836,3351800,17.010000228881836
6/23/2016,17.549999237060547,17.6200008392334,17.360000610351562,17.56999969482422,646300,17.56999969482422
6/22/2016,17.299999237060547,17.450000762939453,17.242000579833984,17.389999389648438,421400,17.389999389648438
6/21/2016,16.93000030517578,17.260000228881836,16.75,17.25,503600,17.25
6/20/2016,17,17.280000686645508,16.899999618530273,17.15999984741211,568400,17.15999984741211
6/17/2016,16.579999923706055,16.889999389648438,16.510000228881836,16.829999923706055,1021900,16.829999923706055
6/16/2016,16.639999389648438,16.78499984741211,16.219999313354492,16.559999465942383,338900,16.559999465942383
6/15/2016,16.75,16.950000762939453,16.649999618530273,16.75,781700,16.75
6/14/2016,17.010000228881836,17.18000030517578,16.309999465942383,16.739999771118164,716300,16.739999771118164
6/13/2016,17.139999389648438,17.450000762939453,17.040000915527344,17.170000076293945,785300,17.170000076293945
6/10/2016,16.81999969482422,17.280000686645508,16.75,17.280000686645508,1307200,17.280000686645508
6/9/2016,16.989999771118164,17.209999084472656,16.81999969482422,17.079999923706055,788600,17.079999923706055
6/8/2016,16.709999084472656,17.280000686645508,16.3799991607666,17.270000457763672,837300,17.270000457763672
6/7/2016,16.950000762939453,17.295000076293945,16.8700008392334,17.260000228881836,799300,17.260000228881836
6/6/2016,16.139999389648438,16.989999771118164,16.100000381469727,16.93000030517578,665600,16.93000030517578
6/3/2016,15.970000267028809,16.290000915527344,15.8100004196167,16.139999389648438,279519,16.139999389648438
6/2/2016,15.770000457763672,16.059999465942383,15.59000015258789,16.010000228881836,277200,16.010000228881836
6/1/2016,16.170000076293945,16.350000381469727,15.739999771118164,15.779999732971191,397800,15.779999732971191
5/31/2016,16.1299991607666,16.709999084472656,16.1299991607666,16.469999313354492,423600,16.469999313354492
5/27/2016,15.9399995803833,16.399999618530273,15.9399995803833,16.329999923706055,507100,16.329999923706055
5/26/2016,16.190000534057617,16.25,15.850000381469727,16,366200,16
5/25/2016,15.779999732971191,16.190000534057617,15.630000114440918,16.1299991607666,1192800,16.1299991607666
5/24/2016,15.720000267028809,15.8100004196167,15.569999694824219,15.6899995803833,984200,15.6899995803833
5/23/2016,15.640000343322754,15.800000190734863,15.5,15.640000343322754,533700,15.640000343322754
5/20/2016,15.680000305175781,15.8149995803833,15.399999618530273,15.670000076293945,342900,15.670000076293945
5/19/2016,15.800000190734863,16.049999237060547,15.260000228881836,15.680000305175781,1011200,15.680000305175781
5/18/2016,15.9399995803833,16.25,15.890000343322754,16.040000915527344,494900,16.040000915527344
5/17/2016,15.680000305175781,16.209999084472656,15.680000305175781,16.020000457763672,765100,16.020000457763672
5/16/2016,15.720000267028809,15.850000381469727,15.699999809265137,15.760000228881836,458000,15.760000228881836
5/13/2016,15.760000228881836,15.800000190734863,15.557999610900879,15.720000267028809,418716,15.720000267028809
5/12/2016,14.5600004196167,15.899999618530273,14.5600004196167,15.789999961853027,492700,15.789999961853027
5/11/2016,15.5600004196167,15.949999809265137,15.48069953918457,15.539999961853027,466621,15.539999961853027
5/10/2016,15.149999618530273,15.850000381469727,14.944000244140625,15.779999732971191,625100,15.779999732971191
5/9/2016,14.8100004196167,15.300000190734863,14.800000190734863,15.15999984741211,533600,15.15999984741211
5/6/2016,14.90999984741211,15.050000190734863,14.65999984741211,14.8100004196167,376300,14.8100004196167
5/5/2016,14.850000381469727,15.800000190734863,14.819999694824219,14.899999618530273,399300,14.899999618530273
5/4/2016,14.850000381469727,15.359999656677246,14.8100004196167,14.850000381469727,351900,14.850000381469727
5/3/2016,14.949999809265137,15.119999885559082,14.770000457763672,15.029999732971191,289300,15.029999732971191
5/2/2016,15.130000114440918,15.25,14.960000038146973,15.149999618530273,157500,15.149999618530273
4/29/2016,14.8100004196167,15.289999961853027,14.8100004196167,15.010000228881836,429600,15.010000228881836
4/28/2016,15.279999732971191,15.640000343322754,14.800000190734863,14.930000305175781,431100,14.930000305175781
4/27/2016,15.4399995803833,15.65999984741211,15.3100004196167,15.40999984741211,368200,15.40999984741211
4/26/2016,15.479999542236328,15.75,15.100000381469727,15.569999694824219,549200,15.569999694824219
4/25/2016,15.350000381469727,15.680000305175781,14.819999694824219,15.550000190734863,694400,15.550000190734863
4/22/2016,15.449999809265137,15.859999656677246,15.40999984741211,15.449999809265137,556300,15.449999809265137
4/21/2016,15.229999542236328,15.640000343322754,14.850000381469727,15.479999542236328,500700,15.479999542236328
4/20/2016,16.329999923706055,16.530000686645508,15.100000381469727,15.180000305175781,1128500,15.180000305175781
4/19/2016,16.079999923706055,16.600000381469727,16.065000534057617,16.399999618530273,982400,16.399999618530273
4/18/2016,16.280000686645508,16.639999389648438,16.2450008392334,16.3700008392334,1041900,16.3700008392334
4/15/2016,16.100000381469727,16.510000228881836,16.09000015258789,16.40999984741211,1683500,16.40999984741211
4/14/2016,15.600000381469727,16.1200008392334,15.319999694824219,16.09000015258789,985700,16.09000015258789
4/13/2016,15.15999984741211,15.65999984741211,14.9399995803833,15.630000114440918,701200,15.630000114440918
4/12/2016,15.130000114440918,15.359999656677246,14.949999809265137,14.979999542236328,409000,14.979999542236328
4/11/2016,15.0600004196167,15.449999809265137,15.020000457763672,15.210000038146973,818700,15.210000038146973
4/8/2016,14.489999771118164,15.020000457763672,14.342000007629395,15.020000457763672,866600,15.020000457763672
4/7/2016,14.100000381469727,14.520000457763672,14.100000381469727,14.40999984741211,869100,14.40999984741211
4/6/2016,14.029999732971191,14.34000015258789,13.770000457763672,14.210000038146973,501900,14.210000038146973
4/5/2016,14.229999542236328,14.5600004196167,13.760000228881836,14.069999694824219,564900,14.069999694824219
4/4/2016,14.539999961853027,14.770000457763672,14.270000457763672,14.380000114440918,466100,14.380000114440918
4/1/2016,14.550000190734863,14.890000343322754,14.420000076293945,14.600000381469727,831400,14.600000381469727
3/31/2016,14.90999984741211,15.5,14.65999984741211,14.739999771118164,1428400,14.739999771118164
3/30/2016,14.600000381469727,15.149999618530273,14.555000305175781,15,813400,15
3/29/2016,14.170000076293945,14.729999542236328,13.899999618530273,14.529999732971191,414900,14.529999732971191
3/28/2016,14.119999885559082,14.449999809265137,13.989999771118164,14.300000190734863,461900,14.300000190734863
3/24/2016,14.180000305175781,14.289999961853027,13.880000114440918,14.069999694824219,705200,14.069999694824219
3/23/2016,14.899999618530273,14.960000038146973,14.149999618530273,14.289999961853027,965500,14.289999961853027
3/22/2016,15,15.3100004196167,14.960000038146973,14.989999771118164,927600,14.989999771118164
3/21/2016,14.869999885559082,15.319999694824219,14.850000381469727,15.119999885559082,669600,15.119999885559082
3/18/2016,15.170000076293945,15.444999694824219,14.859999656677246,14.979999542236328,1117300,14.979999542236328
3/17/2016,14.520000457763672,15.479999542236328,14.289999961853027,14.90999984741211,1142900,14.90999984741211
3/16/2016,13.869999885559082,14.569999694824219,13.859999656677246,14.479999542236328,785300,14.479999542236328
3/15/2016,14.520000457763672,14.579999923706055,13.529999732971191,13.979999542236328,2193400,13.979999542236328
3/14/2016,14.359999656677246,14.789999961853027,14.3100004196167,14.670000076293945,963000,14.670000076293945
3/11/2016,14.15999984741211,15.069999694824219,14.11299991607666,14.609999656677246,1374000,14.609999656677246
3/10/2016,14.170000076293945,14.260000228881836,13.199999809265137,14.140000343322754,1197000,14.140000343322754
3/9/2016,14.84000015258789,14.970000267028809,14.085000038146973,14.170000076293945,788900,14.170000076293945
3/8/2016,14.600000381469727,15.229999542236328,13.859999656677246,14.800000190734863,1774900,14.800000190734863
2/25/2016,12.25,12.25,12,12.25,1299,12.25
2/22/2016,12.5,12.699999809265137,12.5,12.699999809265137,8200,12.699999809265137
2/19/2016,12.279999732971191,12.279999732971191,11.899999618530273,12.260000228881836,5500,12.260000228881836
2/18/2016,11.5,12.699999809265137,11.15999984741211,12.699999809265137,7310,12.699999809265137
