4/22/2019,53.540000915527344,54.119998931884766,53.5,53.689998626708984,717500,53.689998626708984
4/18/2019,54.650001525878906,54.650001525878906,53.52000045776367,53.7599983215332,829100,53.7599983215332
4/17/2019,54.61000061035156,55.26499938964844,54.439998626708984,54.529998779296875,946700,54.529998779296875
4/16/2019,53.58000183105469,54.66999816894531,53.5,54.599998474121094,678400,54.599998474121094
4/15/2019,53.709999084472656,54.16999816894531,53.224998474121094,53.5,759100,53.5
4/12/2019,53.61000061035156,54.349998474121094,53.61000061035156,53.77000045776367,788100,53.77000045776367
4/11/2019,53.16999816894531,53.869998931884766,53.04999923706055,53.5,723600,53.5
4/10/2019,52.689998626708984,53.45000076293945,52.66999816894531,53.0099983215332,1399600,53.0099983215332
4/9/2019,51.54999923706055,52.854000091552734,51.395999908447266,52.630001068115234,1449100,52.630001068115234
4/8/2019,51.220001220703125,51.880001068115234,50.54999923706055,51.81999969482422,954500,51.81999969482422
4/5/2019,51.06999969482422,51.869998931884766,50.720001220703125,51.34000015258789,576600,51.34000015258789
4/4/2019,51.060001373291016,51.56999969482422,50.875,50.91999816894531,1309800,50.91999816894531
4/3/2019,50.65999984741211,51.209999084472656,50.560001373291016,50.90999984741211,408700,50.90999984741211
4/2/2019,50.849998474121094,51.21500015258789,50.29999923706055,50.369998931884766,709300,50.369998931884766
4/1/2019,50.34000015258789,51.25,50.14500045776367,51.029998779296875,800800,51.029998779296875
3/29/2019,50.220001220703125,50.38999938964844,49.68000030517578,49.9900016784668,852500,49.9900016784668
3/28/2019,49.34000015258789,50.18000030517578,49.16999816894531,50.09000015258789,689600,50.09000015258789
3/27/2019,49.47999954223633,49.79999923706055,49.13999938964844,49.380001068115234,618000,49.380001068115234
3/26/2019,50.060001373291016,50.33000183105469,49.310001373291016,49.529998779296875,956600,49.529998779296875
3/25/2019,50.220001220703125,50.599998474121094,49.849998474121094,50.02000045776367,398600,50.02000045776367
3/22/2019,50.939998626708984,51.26499938964844,50.400001525878906,50.459999084472656,546000,50.459999084472656
3/21/2019,50.70000076293945,51.75,50.70000076293945,51.400001525878906,766100,51.400001525878906
3/20/2019,51.349998474121094,51.79999923706055,50.63999938964844,50.93000030517578,463100,50.93000030517578
3/19/2019,52.20000076293945,52.25,51.36000061035156,51.52000045776367,659500,51.52000045776367
3/18/2019,51.33000183105469,52.22999954223633,50.65999984741211,51.970001220703125,1342700,51.970001220703125
3/15/2019,51.06999969482422,51.90999984741211,50.970001220703125,51.2400016784668,1207600,51.2400016784668
3/14/2019,51.459999084472656,51.59000015258789,50.775001525878906,50.90999984741211,951800,50.90999984741211
3/13/2019,52,52.2400016784668,51.72999954223633,51.72999954223633,1667800,51.439998626708984
3/12/2019,51.720001220703125,52.220001220703125,51.5099983215332,51.86000061035156,549000,51.569271087646484
3/11/2019,52.130001068115234,52.5,51.349998474121094,51.66999816894531,429300,51.380332946777344
3/8/2019,51.81999969482422,52.25,51.4739990234375,52,513400,51.7084846496582
3/7/2019,53.060001373291016,53.14500045776367,52,52.16999816894531,629300,51.87752914428711
3/6/2019,53.619998931884766,53.68000030517578,53.209999084472656,53.279998779296875,724700,52.98130798339844
3/5/2019,53.25,54.029998779296875,53.16999816894531,53.54999923706055,708400,53.249794006347656
3/4/2019,53.599998474121094,54.4900016784668,52.72999954223633,53.130001068115234,2453700,52.832149505615234
3/1/2019,52.97999954223633,53.810001373291016,52.22999954223633,53.470001220703125,970600,53.17024612426758
2/28/2019,52.61000061035156,53.16999816894531,52.310001373291016,52.56999969482422,663800,52.27528762817383
2/27/2019,53.29999923706055,53.79499816894531,52.43000030517578,52.439998626708984,584300,52.146018981933594
2/26/2019,54.2599983215332,54.38999938964844,53.38999938964844,53.61000061035156,1836300,53.3094596862793
2/25/2019,54.52000045776367,54.869998931884766,53.959999084472656,54.36000061035156,2250300,54.05525588989258
2/22/2019,53.599998474121094,54.31999969482422,53.560001373291016,54.290000915527344,983100,53.98564910888672
2/21/2019,53.279998779296875,53.709999084472656,53.2400016784668,53.52000045776367,1261900,53.21996307373047
2/20/2019,52.43000030517578,53.40999984741211,52.04999923706055,53.220001220703125,962500,52.92164611816406
2/19/2019,51.810001373291016,52.40999984741211,51.79999923706055,52.290000915527344,1597000,51.99686050415039
2/15/2019,51.25,52.47999954223633,51,51.849998474121094,1435900,51.559326171875
2/14/2019,50.45000076293945,51.38999938964844,50.45000076293945,51,1399300,50.71409225463867
2/13/2019,52,52.31999969482422,50.310001373291016,50.81999969482422,2312400,50.535099029541016
2/12/2019,50.849998474121094,51.619998931884766,50.4900016784668,51.16999816894531,2561300,50.88313674926758
2/11/2019,50.459999084472656,50.970001220703125,50.16999816894531,50.34000015258789,1126600,50.05779266357422
2/8/2019,50.77000045776367,51.11000061035156,50.375,50.56999969482422,1354800,50.286502838134766
2/7/2019,50.880001068115234,51.310001373291016,50.56999969482422,51.130001068115234,1840100,50.84336471557617
2/6/2019,51.04999923706055,51.43000030517578,50.7599983215332,51.18000030517578,842100,50.89308166503906
2/5/2019,50.83000183105469,51.75,50.54999923706055,51.279998779296875,1393900,50.99251937866211
2/4/2019,50.77000045776367,51.310001373291016,50.43000030517578,50.83000183105469,2951800,50.545047760009766
2/1/2019,49.06999969482422,51.33000183105469,49.06999969482422,50.7400016784668,2717200,50.45555114746094
1/31/2019,49.31999969482422,50.04999923706055,49.0099983215332,49.09000015258789,1390000,48.81480026245117
1/30/2019,49.59000015258789,50.02000045776367,49.189998626708984,49.349998474121094,1692700,49.073341369628906
1/29/2019,48.709999084472656,49.86000061035156,48.2599983215332,49.2599983215332,1499400,48.98384475708008
1/28/2019,49.25,49.790000915527344,48.560001373291016,48.95000076293945,1831400,48.67558288574219
1/25/2019,49.72999954223633,49.88999938964844,49.0099983215332,49.45000076293945,1220900,49.17278289794922
1/24/2019,48.40999984741211,49.61000061035156,48.40999984741211,49.13999938964844,792700,48.86451721191406
1/23/2019,48.77000045776367,49.060001373291016,48.09000015258789,48.56999969482422,681600,48.29771423339844
1/22/2019,49.79999923706055,49.900001525878906,48.439998626708984,48.619998931884766,1098600,48.34743118286133
1/18/2019,49.58000183105469,50.15999984741211,48.816001892089844,49.97999954223633,726700,49.69981002807617
1/17/2019,48.90999984741211,49.540000915527344,48.709999084472656,49.119998931884766,349500,48.84463119506836
1/16/2019,49.04999923706055,49.95500183105469,48.90999984741211,48.91999816894531,403500,48.645748138427734
1/15/2019,48.56999969482422,49.150001525878906,48.130001068115234,49.04999923706055,695000,48.775020599365234
1/14/2019,48.119998931884766,48.77000045776367,48.11000061035156,48.52000045776367,430400,48.24799346923828
1/11/2019,48.11000061035156,48.77000045776367,47.869998931884766,48.599998474121094,427600,48.327545166015625
1/10/2019,47.849998474121094,48.63999938964844,47.66999816894531,48.40999984741211,659200,48.13861083984375
1/9/2019,48.61000061035156,48.779998779296875,47.66999816894531,48.36000061035156,664400,48.088890075683594
1/8/2019,48.16999816894531,48.790000915527344,48,48.619998931884766,794100,48.34743118286133
1/7/2019,46.630001068115234,47.90999984741211,46.5099983215332,47.63999938964844,755600,47.372928619384766
1/4/2019,45.02000045776367,46.83000183105469,44.70000076293945,46.66999816894531,969200,46.408363342285156
1/3/2019,45.34000015258789,45.34000015258789,43.98500061035156,44.27000045776367,613900,44.021820068359375
1/2/2019,44.81999969482422,45.63999938964844,43.59000015258789,45.4900016784668,561400,45.234981536865234
12/31/2018,45.04999923706055,45.84000015258789,44.09000015258789,45.369998931884766,882300,45.11565399169922
12/28/2018,45.40999984741211,45.7599983215332,44.58000183105469,45.04999923706055,779100,44.797447204589844
12/27/2018,44.22999954223633,45.33000183105469,43.810001373291016,45.310001373291016,648200,45.055992126464844
12/26/2018,43.38999938964844,44.9900016784668,43.029998779296875,44.86000061035156,960800,44.60851287841797
12/24/2018,43.560001373291016,44.0099983215332,43.33000183105469,43.5,651400,43.25613784790039
12/21/2018,45.09000015258789,45.599998474121094,43.72999954223633,44,1353700,43.753334045410156
12/20/2018,44.869998931884766,45.380001068115234,44.13999938964844,44.90999984741211,3503200,44.658233642578125
12/19/2018,46.810001373291016,47.88999938964844,44.79999923706055,45.18000030517578,862200,44.926719665527344
12/18/2018,47.400001525878906,47.93000030517578,46.790000915527344,46.939998626708984,698700,46.676849365234375
12/17/2018,47.650001525878906,48.47999954223633,46.93000030517578,47.25,1073600,46.98511505126953
12/14/2018,47.65999984741211,48.33000183105469,47.5099983215332,47.779998779296875,640600,47.512142181396484
12/13/2018,48.66999816894531,49.470001220703125,47.869998931884766,48.33000183105469,637600,48.05906295776367
12/12/2018,48.58000183105469,49.5099983215332,48.470001220703125,48.619998931884766,935200,48.09883117675781
12/11/2018,49.0099983215332,49.13999938964844,47.36000061035156,47.86000061035156,858300,47.346981048583984
12/10/2018,49.619998931884766,50.119998931884766,48.05500030517578,48.34000015258789,779000,47.82183837890625
12/7/2018,50.189998626708984,50.54999923706055,49.099998474121094,49.58000183105469,909900,49.04854965209961
12/6/2018,49.88999938964844,50.4900016784668,49.29999923706055,50.47999954223633,857600,49.93889617919922
12/4/2018,51.22999954223633,51.540000915527344,50.25,50.380001068115234,1353300,49.839969635009766
12/3/2018,50.5,51.47999954223633,50.40999984741211,51.040000915527344,1074700,50.492897033691406
11/30/2018,49.88999938964844,50.349998474121094,49.41999816894531,50.130001068115234,827000,49.592647552490234
11/29/2018,49.91999816894531,50.5,49.43000030517578,50.150001525878906,545200,49.6124382019043
11/28/2018,48.83000183105469,50.08000183105469,48.2400016784668,50.040000915527344,696500,49.50361633300781
11/27/2018,47.880001068115234,49.1150016784668,47.880001068115234,48.83000183105469,1629400,48.30658721923828
11/26/2018,48.04999923706055,48.86000061035156,47.7599983215332,48.7400016784668,781900,48.217552185058594
11/23/2018,47.33000183105469,47.970001220703125,47.31999969482422,47.380001068115234,169600,46.872127532958984
11/21/2018,47.150001525878906,47.90999984741211,46.709999084472656,47.529998779296875,680400,47.02051544189453
11/20/2018,46.34000015258789,47.29999923706055,46.119998931884766,46.939998626708984,576300,46.43684005737305
11/19/2018,47.16999816894531,47.5099983215332,46.5,47.150001525878906,412400,46.644596099853516
11/16/2018,46.41999816894531,47.86000061035156,46.08000183105469,47.36000061035156,907000,46.85234069824219
11/15/2018,46,47.27000045776367,45.689998626708984,46.7400016784668,946900,46.23898696899414
11/14/2018,47.04999923706055,47.11000061035156,46.099998474121094,46.5,745600,46.00156021118164
11/13/2018,46.86000061035156,47.665000915527344,46.38999938964844,46.650001525878906,760300,46.14995193481445
11/12/2018,47.68000030517578,47.95000076293945,46.650001525878906,46.650001525878906,702800,46.14995193481445
11/9/2018,48.45000076293945,48.9900016784668,47.619998931884766,47.779998779296875,773400,47.26783752441406
11/8/2018,48.849998474121094,49,47.79999923706055,48.650001525878906,562900,48.12851333618164
11/7/2018,48.70000076293945,49.4900016784668,48.2599983215332,49.119998931884766,895300,48.593475341796875
11/6/2018,48.52000045776367,48.86000061035156,47.84000015258789,48.22999954223633,1424800,47.7130126953125
11/5/2018,49.369998931884766,49.88800048828125,48.54999923706055,48.83000183105469,996600,48.30658721923828
11/2/2018,50.13999938964844,50.869998931884766,48.91999816894531,49.47999954223633,864700,48.94961929321289
11/1/2018,49.779998779296875,50.720001220703125,49.459999084472656,49.86000061035156,1102800,49.32554244995117
10/31/2018,48.119998931884766,49.5,48.095001220703125,49.290000915527344,1536400,48.761653900146484
10/30/2018,46.349998474121094,48.2400016784668,45.70000076293945,47.4900016784668,1676000,46.98094940185547
10/29/2018,46.060001373291016,46.54999923706055,44.970001220703125,45.31999969482422,1848800,44.83420944213867
10/26/2018,45.27000045776367,46.16999816894531,44.959999084472656,45.650001525878906,1131000,45.16067123413086
10/25/2018,45,46.310001373291016,44.5099983215332,45.95000076293945,911700,45.457454681396484
10/24/2018,46.529998779296875,47.33000183105469,43.540000915527344,44.369998931884766,1569600,43.89439010620117
10/23/2018,47.439998626708984,47.65999984741211,46.150001525878906,46.68000030517578,1539500,46.179630279541016
10/22/2018,48.22999954223633,48.70500183105469,47.880001068115234,48.15999984741211,914900,47.64376449584961
10/19/2018,50.13999938964844,50.15999984741211,47.939998626708984,48,1278300,47.48548126220703
10/18/2018,50.959999084472656,51.220001220703125,49.93000030517578,50.22999954223633,823400,49.69157409667969
10/17/2018,51.36000061035156,51.63999938964844,50.75,51.04999923706055,640600,50.502784729003906
10/16/2018,50.720001220703125,51.720001220703125,50.5,51.58000183105469,920800,51.02710723876953
10/15/2018,50.459999084472656,51.099998474121094,50.130001068115234,50.47999954223633,506300,49.93889617919922
10/12/2018,50.529998779296875,50.83000183105469,49.83000183105469,50.77000045776367,965500,50.225791931152344
10/11/2018,51.22999954223633,52.02000045776367,49.68000030517578,49.91999816894531,1276400,49.3848991394043
10/10/2018,52.849998474121094,52.849998474121094,51.34000015258789,51.40999984741211,1336500,50.85892868041992
10/9/2018,52.619998931884766,53.40999984741211,52.220001220703125,52.7599983215332,1000900,52.194454193115234
10/8/2018,52.18000030517578,53.400001525878906,51.58000183105469,52.939998626708984,1053500,52.372528076171875
10/5/2018,52.59000015258789,53.4900016784668,51.869998931884766,52.45000076293945,742600,51.88778305053711
10/4/2018,52.720001220703125,52.939998626708984,51.83000183105469,52.650001525878906,1208200,52.08563995361328
10/3/2018,54,54.47999954223633,52.70000076293945,52.84000015258789,1064900,52.27360153198242
10/2/2018,54.220001220703125,54.98500061035156,53.70000076293945,53.849998474121094,1036800,53.272769927978516
10/1/2018,55.779998779296875,56.31999969482422,54.189998626708984,54.45000076293945,665400,53.8663444519043
9/28/2018,55.95000076293945,56.7400016784668,55.560001373291016,55.56999969482422,685600,54.97433853149414
9/27/2018,56.0099983215332,56.59000015258789,55.70000076293945,56.22999954223633,841000,55.627262115478516
9/26/2018,55.290000915527344,56.290000915527344,55.290000915527344,56.09000015258789,633100,55.48876190185547
9/25/2018,55.27000045776367,56,54.5099983215332,55.27000045776367,587600,54.677555084228516
9/24/2018,55.130001068115234,55.56999969482422,54.11000061035156,55.16999816894531,696800,54.5786247253418
9/21/2018,56.59000015258789,57.11000061035156,54.9900016784668,55.130001068115234,1416500,54.53905487060547
9/20/2018,56.470001220703125,57.09000015258789,55.86000061035156,56.59000015258789,586200,55.98340606689453
9/19/2018,56.27000045776367,57.130001068115234,56.099998474121094,56.2599983215332,590900,55.65694046020508
9/18/2018,55.52000045776367,56.810001373291016,55.040000915527344,56.2400016784668,658300,55.63715744018555
9/17/2018,56.56999969482422,57.04999923706055,55.20000076293945,55.400001525878906,791000,54.8061637878418
9/14/2018,56.40999984741211,57.61000061035156,56.12099838256836,56.68000030517578,870700,56.07243728637695
9/13/2018,55.459999084472656,56.72999954223633,55.459999084472656,56.27000045776367,679600,55.66683578491211
9/12/2018,54.709999084472656,55.790000915527344,54.290000915527344,55.68000030517578,1081600,54.835838317871094
9/11/2018,54.66999816894531,54.95000076293945,54.560001373291016,54.709999084472656,717000,53.88054275512695
9/10/2018,55.56999969482422,55.57500076293945,54.619998931884766,54.9900016784668,904600,54.15629959106445
9/7/2018,56.189998626708984,56.3849983215332,54.9900016784668,55.27000045776367,1031000,54.43205261230469
9/6/2018,55.380001068115234,55.5099983215332,53.43000030517578,54.38999938964844,1057400,53.56539535522461
9/5/2018,56.400001525878906,56.439998626708984,55.290000915527344,55.349998474121094,536900,54.51083755493164
9/4/2018,56.58000183105469,57.15999984741211,56.04999923706055,56.709999084472656,427000,55.8502197265625
8/31/2018,56.869998931884766,57.73500061035156,56.43000030517578,56.75,792300,55.88961410522461
8/30/2018,56.400001525878906,57.16999816894531,56.09000015258789,56.90999984741211,508000,56.04718780517578
8/29/2018,56.630001068115234,57.099998474121094,56.060001373291016,56.459999084472656,483000,55.60401153564453
8/28/2018,56.33000183105469,56.900001525878906,56.02000045776367,56.630001068115234,420500,55.77143859863281
8/27/2018,55.88999938964844,56.66999816894531,55.529998779296875,56.290000915527344,368100,55.43659210205078
8/24/2018,55,55.970001220703125,54.90999984741211,55.599998474121094,341100,54.75704574584961
8/23/2018,55.79999923706055,56.04999923706055,54.86000061035156,54.939998626708984,916300,54.1070556640625
8/22/2018,56.75,56.90999984741211,55.970001220703125,56.040000915527344,511700,55.19038009643555
8/21/2018,57.31999969482422,57.70000076293945,55.939998626708984,56.75,594100,55.88961410522461
8/20/2018,57.459999084472656,58.029998779296875,57.22999954223633,57.540000915527344,312200,56.667640686035156
8/17/2018,57.189998626708984,57.45000076293945,56.86000061035156,57.43000030517578,398400,56.559303283691406
8/16/2018,57.08000183105469,57.66999816894531,56.810001373291016,57.40999984741211,491700,56.539608001708984
8/15/2018,56.41999816894531,56.9900016784668,56.099998474121094,56.7400016784668,446800,55.87976837158203
8/14/2018,55.650001525878906,56.849998474121094,55.220001220703125,56.619998931884766,956200,55.76158142089844
8/13/2018,56,56.34000015258789,54.4109992980957,55.599998474121094,893600,54.75704574584961
8/10/2018,56.650001525878906,57.5,55.790000915527344,56.310001373291016,1347200,55.4562873840332
8/9/2018,58.52000045776367,59.349998474121094,56.529998779296875,56.869998931884766,2166700,56.00779342651367
8/8/2018,60.91999816894531,61.18000030517578,58.255001068115234,58.470001220703125,951400,57.58354187011719
8/7/2018,61.970001220703125,62.04999923706055,60.5099983215332,60.91999816894531,589900,59.99639129638672
8/6/2018,60.7400016784668,62.380001068115234,60.54999923706055,61.95000076293945,569500,61.01077651977539
8/3/2018,59.16999816894531,61.439998626708984,59.16999816894531,60.779998779296875,574900,59.85851287841797
8/2/2018,59.16999816894531,61.880001068115234,58.76499938964844,61.15999984741211,1071000,60.23275375366211
8/1/2018,59.09000015258789,60.400001525878906,57.209999084472656,59.560001373291016,998500,58.657012939453125
7/31/2018,56.91999816894531,58.540000915527344,56.81999969482422,58,1258200,57.120662689208984
7/30/2018,57.29999923706055,57.5,56.52000045776367,56.97999954223633,325700,56.11613082885742
7/27/2018,58.970001220703125,58.970001220703125,57.099998474121094,57.41999816894531,469200,56.54945755004883
7/26/2018,57.369998931884766,58.8650016784668,56.529998779296875,58.790000915527344,639500,57.89868927001953
7/25/2018,57.52000045776367,57.83000183105469,55.869998931884766,57.41999816894531,1169000,56.54945755004883
7/24/2018,57.79999923706055,58.380001068115234,57.750999450683594,57.900001525878906,656600,57.02218246459961
7/23/2018,58.119998931884766,58.72999954223633,57.72999954223633,57.779998779296875,502100,56.903995513916016
7/20/2018,58.29999923706055,58.880001068115234,57.5,58.34000015258789,318600,57.455509185791016
7/19/2018,58.7400016784668,59.2599983215332,58,58.29999923706055,602900,57.416114807128906
7/18/2018,57.869998931884766,59.2400016784668,57.76499938964844,59.0099983215332,693600,58.11534881591797
7/17/2018,58.27000045776367,59.22999954223633,57.58000183105469,57.75,782600,56.87445068359375
7/16/2018,58.75,59.29999923706055,58,58.5,616200,57.61308670043945
7/13/2018,58.7599983215332,59.25,58.2599983215332,58.709999084472656,524500,57.81989669799805
7/12/2018,59.209999084472656,59.2400016784668,58.18000030517578,58.709999084472656,564000,57.81989669799805
7/11/2018,58.06999969482422,59.08000183105469,57.77000045776367,58.65999984741211,939500,57.77065658569336
7/10/2018,58.099998474121094,59.45000076293945,58.06999969482422,58.5,1602900,57.61308670043945
7/9/2018,59.810001373291016,60.4900016784668,58.7400016784668,58.970001220703125,681400,58.075958251953125
7/6/2018,59.27000045776367,60.099998474121094,59.060001373291016,59.459999084472656,629300,58.558528900146484
7/5/2018,57.77000045776367,59.38999938964844,57.310001373291016,59.04999923706055,1089000,58.15474319458008
7/3/2018,57.66999816894531,58.540000915527344,57.400001525878906,57.54999923706055,318300,56.677486419677734
7/2/2018,58.599998474121094,58.849998474121094,57.15999984741211,57.68000030517578,1040700,56.80551528930664
6/29/2018,58.849998474121094,60.150001525878906,58.540000915527344,58.83000183105469,2352300,57.938079833984375
6/28/2018,59.63999938964844,59.720001220703125,57.959999084472656,58.72999954223633,2183600,57.839595794677734
6/27/2018,60.900001525878906,61.61000061035156,59.56999969482422,59.93000030517578,1082700,59.02140426635742
6/26/2018,62.83000183105469,62.939998626708984,60.619998931884766,61.15999984741211,1871100,60.23275375366211
6/25/2018,62.43000030517578,63,60.84000015258789,61.900001525878906,1452700,60.96154022216797
6/22/2018,62.45000076293945,63.95000076293945,62.09000015258789,63.380001068115234,2364100,62.419097900390625
6/21/2018,61.70000076293945,62.5,60.91999816894531,62.09000015258789,1389000,61.14865493774414
6/20/2018,61.52000045776367,62.84000015258789,61.5,61.900001525878906,1335700,60.96154022216797
6/19/2018,61.369998931884766,61.65999984741211,60.810001373291016,61.5,1419400,60.567604064941406
6/18/2018,60.75,62.18000030517578,60.75,61.45000076293945,1343400,60.51835632324219
6/15/2018,60.04999923706055,62.32500076293945,59.840999603271484,61.84000015258789,3198600,60.902442932128906
6/14/2018,60.150001525878906,60.790000915527344,59.349998474121094,60.54999923706055,1200800,59.63200378417969
6/13/2018,60.650001525878906,60.959999084472656,59.4900016784668,59.65999984741211,2651400,58.50928497314453
6/12/2018,60.06999969482422,61.9900016784668,60.04999923706055,60.52000045776367,1810100,59.35270309448242
6/11/2018,62.459999084472656,62.86000061035156,61.2599983215332,61.31999969482422,1701100,60.13726806640625
6/8/2018,61.27000045776367,63.209999084472656,60.650001525878906,62.880001068115234,1922800,61.66718292236328
6/7/2018,61.900001525878906,62.459999084472656,60.29999923706055,61.88999938964844,3075900,60.69627380371094
6/6/2018,66,66.44999694824219,62.400001525878906,62.470001220703125,3606700,61.26509475708008
6/5/2018,64.41000366210938,66.94999694824219,63.54999923706055,66.43000030517578,2916300,65.1487045288086
6/4/2018,61.70000076293945,65.69000244140625,61.4900016784668,63.15999984741211,3044800,61.94178009033203
6/1/2018,59.54999923706055,63.150001525878906,58.54999923706055,61.400001525878906,5185500,60.21572494506836
5/31/2018,65,65,59.11000061035156,59.5,414200,58.35237503051758
5/30/2018,59.79999923706055,62.31999969482422,59.5,59.84000015258789,27500,58.685813903808594
5/29/2018,57.290000915527344,61.9900016784668,57.290000915527344,58.4900016784668,46300,57.361854553222656
5/25/2018,58,58.099998474121094,57.5,57.650001525878906,21300,56.538055419921875
5/24/2018,59.130001068115234,59.29999923706055,57.599998474121094,58.25,230800,57.126487731933594
5/23/2018,59.400001525878906,59.52000045776367,57.5,58.25,91200,57.126487731933594
5/21/2018,65,65,61.63999938964844,61.63999938964844,400,60.45109558105469
