4/22/2019,31.809999465942383,31.950000762939453,30.3799991607666,30.90999984741211,1827900,30.90999984741211
4/18/2019,31.690000534057617,33,31.299999237060547,32.529998779296875,1205300,32.529998779296875
4/17/2019,31.790000915527344,32.20000076293945,31,32.0099983215332,833200,32.0099983215332
4/16/2019,32.130001068115234,32.31999969482422,31,31.559999465942383,1081300,31.559999465942383
4/15/2019,31.079999923706055,32.099998474121094,30.510000228881836,32.040000915527344,690000,32.040000915527344
4/12/2019,32.7400016784668,32.880001068115234,30.5,30.950000762939453,1152700,30.950000762939453
4/11/2019,30.770000457763672,32.27000045776367,30.719999313354492,32,1766000,32
4/10/2019,29.93000030517578,30.670000076293945,29.670000076293945,30.200000762939453,912500,30.200000762939453
4/9/2019,29.350000381469727,30.670000076293945,29.100000381469727,29.8700008392334,1028600,29.8700008392334
4/8/2019,29.799999237060547,29.90999984741211,28.299999237060547,29.5,1033800,29.5
4/5/2019,29.6299991607666,30.270000457763672,29.049999237060547,29.600000381469727,983800,29.600000381469727
4/4/2019,29.729999542236328,30.479999542236328,29.5,29.59000015258789,842000,29.59000015258789
4/3/2019,30.979999542236328,31.84000015258789,29.649999618530273,30.139999389648438,1579900,30.139999389648438
4/2/2019,29.649999618530273,30.809999465942383,28.93000030517578,30.649999618530273,1034500,30.649999618530273
4/1/2019,30.149999618530273,30.170000076293945,27.850000381469727,29.989999771118164,2142200,29.989999771118164
3/29/2019,30.520000457763672,30.59000015258789,28.670000076293945,30.25,3084300,30.25
3/28/2019,33,34.43000030517578,30.68000030517578,31.889999389648438,3166400,31.889999389648438
3/27/2019,30.84000015258789,33.20000076293945,30.799999237060547,32.560001373291016,3616400,32.560001373291016
3/26/2019,30.65999984741211,31.459999084472656,30.440000534057617,30.729999542236328,2213200,30.729999542236328
3/25/2019,28.610000610351562,30.389999389648438,28.440000534057617,30.020000457763672,1518700,30.020000457763672
3/22/2019,29.299999237060547,31.440000534057617,28.280000686645508,28.6200008392334,3440300,28.6200008392334
3/21/2019,27.920000076293945,29.1200008392334,27.549999237060547,28.719999313354492,897500,28.719999313354492
3/20/2019,29.020000457763672,29.100000381469727,27.520000457763672,28.15999984741211,1405900,28.15999984741211
3/19/2019,29.899999618530273,31,28.6200008392334,29.280000686645508,1953600,29.280000686645508
3/18/2019,30.270000457763672,30.270000457763672,28.06999969482422,30.020000457763672,2284200,30.020000457763672
3/15/2019,28.190000534057617,29.790000915527344,28.010000228881836,29.790000915527344,2694400,29.790000915527344
3/14/2019,26.93000030517578,27.860000610351562,26,27.809999465942383,2105900,27.809999465942383
3/13/2019,24.600000381469727,27.110000610351562,24.3700008392334,26.270000457763672,2855000,26.270000457763672
3/12/2019,23.889999389648438,24.799999237060547,23.649999618530273,24.420000076293945,1326400,24.420000076293945
3/11/2019,24,24.309999465942383,23.5,24.149999618530273,791500,24.149999618530273
3/8/2019,22.43000030517578,23.950000762939453,22.350000381469727,23.950000762939453,1152600,23.950000762939453
3/7/2019,24,24,22.360000610351562,22.59000015258789,1333700,22.59000015258789
3/6/2019,24.06999969482422,24.68000030517578,23.719999313354492,24.020000457763672,741700,24.020000457763672
3/5/2019,23.610000610351562,24.489999771118164,23.25,24.079999923706055,1076700,24.079999923706055
3/4/2019,25.75,25.829999923706055,23.459999084472656,23.719999313354492,1408100,23.719999313354492
3/1/2019,24.219999313354492,25.920000076293945,24.06999969482422,25.09000015258789,1932000,25.09000015258789
2/28/2019,24.200000762939453,24.459999084472656,23.75,23.989999771118164,792100,23.989999771118164
2/27/2019,23.280000686645508,24.670000076293945,23.200000762939453,24.219999313354492,1285000,24.219999313354492
2/26/2019,23.639999389648438,24.190000534057617,22.920000076293945,23.139999389648438,1005100,23.139999389648438
2/25/2019,24.899999618530273,24.93000030517578,23.219999313354492,23.6200008392334,1053900,23.6200008392334
2/22/2019,23.790000915527344,24.549999237060547,23.399999618530273,24.469999313354492,1048200,24.469999313354492
2/21/2019,23,23.829999923706055,22.899999618530273,23.639999389648438,1666700,23.639999389648438
2/20/2019,24.190000534057617,24.93000030517578,22.540000915527344,23.15999984741211,3189800,23.15999984741211
2/19/2019,23.25,24.639999389648438,23.100000381469727,23.889999389648438,3550400,23.889999389648438
2/15/2019,22.260000228881836,23.6200008392334,21.809999465942383,22.84000015258789,3291200,22.84000015258789
2/14/2019,20.899999618530273,22.299999237060547,19.860000610351562,21.899999618530273,6439600,21.899999618530273
2/13/2019,18.59000015258789,18.84000015258789,18.3700008392334,18.65999984741211,1056700,18.65999984741211
2/12/2019,18.030000686645508,18.670000076293945,17.81999969482422,18.479999542236328,877300,18.479999542236328
2/11/2019,17.989999771118164,18.34000015258789,17.610000610351562,17.81999969482422,627200,17.81999969482422
2/8/2019,17.520000457763672,17.979999542236328,17.40999984741211,17.920000076293945,516000,17.920000076293945
2/7/2019,17.600000381469727,17.959999084472656,17.440000534057617,17.670000076293945,525500,17.670000076293945
2/6/2019,17.549999237060547,17.850000381469727,17.200000762939453,17.770000457763672,419800,17.770000457763672
2/5/2019,17.149999618530273,18.18000030517578,17.110000610351562,17.540000915527344,1012400,17.540000915527344
2/4/2019,16.739999771118164,17.309999465942383,16.739999771118164,17.06999969482422,998100,17.06999969482422
2/1/2019,17,17.059999465942383,16.31999969482422,16.799999237060547,1122200,16.799999237060547
1/31/2019,16.850000381469727,17.049999237060547,16.65999984741211,17.010000228881836,626700,17.010000228881836
1/30/2019,17.309999465942383,17.360000610351562,16.399999618530273,16.81999969482422,1427700,16.81999969482422
1/29/2019,17.709999084472656,17.8799991607666,16.559999465942383,16.770000457763672,1117900,16.770000457763672
1/28/2019,17.5,18.09000015258789,17.010000228881836,17.690000534057617,495400,17.690000534057617
1/25/2019,17.979999542236328,18.149999618530273,17.59000015258789,17.75,664100,17.75
1/24/2019,17.530000686645508,18,17.43000030517578,17.90999984741211,651900,17.90999984741211
1/23/2019,17.239999771118164,17.700000762939453,17.18000030517578,17.530000686645508,1087200,17.530000686645508
1/22/2019,17.969999313354492,18.31999969482422,16.770000457763672,17.170000076293945,1422400,17.170000076293945
1/18/2019,18.190000534057617,18.510000228881836,17.6200008392334,18.079999923706055,752400,18.079999923706055
1/17/2019,17.809999465942383,18.600000381469727,17.799999237060547,18.09000015258789,1298300,18.09000015258789
1/16/2019,17.579999923706055,18.06999969482422,17.149999618530273,17.5,986300,17.5
1/15/2019,18.049999237060547,18.649999618530273,17.280000686645508,17.549999237060547,1580700,17.549999237060547
1/14/2019,18.579999923706055,19.200000762939453,17.350000381469727,18.139999389648438,4197000,18.139999389648438
1/11/2019,16.239999771118164,16.940000534057617,16.239999771118164,16.719999313354492,726500,16.719999313354492
1/10/2019,16.549999237060547,16.739999771118164,16.079999923706055,16.350000381469727,852900,16.350000381469727
1/9/2019,16.829999923706055,17.18000030517578,16.56999969482422,16.709999084472656,706600,16.709999084472656
1/8/2019,16.700000762939453,17.18000030517578,16.139999389648438,16.829999923706055,897800,16.829999923706055
1/7/2019,15.470000267028809,16.329999923706055,15.319999694824219,16.260000228881836,663400,16.260000228881836
1/4/2019,15.239999771118164,15.739999771118164,15.050000190734863,15.300000190734863,469300,15.300000190734863
1/3/2019,15.989999771118164,16,14.609999656677246,15.039999961853027,874900,15.039999961853027
1/2/2019,14.729999542236328,16.350000381469727,14.579999923706055,16.170000076293945,1040600,16.170000076293945
12/31/2018,14.890000343322754,15.130000114440918,14.449999809265137,14.84000015258789,514800,14.84000015258789
12/28/2018,14.180000305175781,14.9399995803833,14,14.819999694824219,474900,14.819999694824219
12/27/2018,13.84000015258789,14.229999542236328,13.329999923706055,14.220000267028809,507500,14.220000267028809
12/26/2018,12.5600004196167,14.100000381469727,12.529999732971191,14.100000381469727,864600,14.100000381469727
12/24/2018,12.600000381469727,12.869999885559082,12.399999618530273,12.510000228881836,242000,12.510000228881836
12/21/2018,13.069999694824219,13.199999809265137,12.4399995803833,12.779999732971191,3338100,12.779999732971191
12/20/2018,13.5,13.729999542236328,12.760000228881836,12.979999542236328,660300,12.979999542236328
12/19/2018,13.880000114440918,14.4399995803833,13.449999809265137,13.5600004196167,521800,13.5600004196167
12/18/2018,13.300000190734863,14.180000305175781,13.300000190734863,13.75,625300,13.75
12/17/2018,13.649999618530273,13.779999732971191,13.0600004196167,13.25,821700,13.25
12/14/2018,13,13.949999809265137,12.880000114440918,13.770000457763672,812100,13.770000457763672
12/13/2018,13.829999923706055,13.899999618530273,12.579999923706055,13.050000190734863,1630800,13.050000190734863
12/12/2018,14.949999809265137,15.140000343322754,13.890000343322754,13.899999618530273,1176100,13.899999618530273
12/11/2018,15.390000343322754,15.729999542236328,14.5,14.850000381469727,801300,14.850000381469727
12/10/2018,15.449999809265137,15.5,14.449999809265137,15.130000114440918,988200,15.130000114440918
12/7/2018,16.649999618530273,16.989999771118164,15.399999618530273,15.4399995803833,859400,15.4399995803833
12/6/2018,16.479999542236328,16.850000381469727,15.5600004196167,16.829999923706055,1034300,16.829999923706055
12/4/2018,16.899999618530273,17.299999237060547,16.780000686645508,16.8700008392334,958500,16.8700008392334
12/3/2018,17.219999313354492,17.399999618530273,16.920000076293945,17.010000228881836,1278100,17.010000228881836
11/30/2018,16.40999984741211,17.350000381469727,16.25,16.84000015258789,2184800,16.84000015258789
11/29/2018,20.25,21.450000762939453,15.949999809265137,16.100000381469727,6776500,16.100000381469727
11/28/2018,18.1200008392334,19.209999084472656,18.040000915527344,19.200000762939453,1943400,19.200000762939453
11/27/2018,18.040000915527344,18.200000762939453,17.56999969482422,18.079999923706055,1091200,18.079999923706055
11/26/2018,18.209999084472656,18.479999542236328,17.360000610351562,17.920000076293945,1166900,17.920000076293945
11/23/2018,18.09000015258789,18.25,17.809999465942383,18.09000015258789,853100,18.09000015258789
11/21/2018,17.760000228881836,18.1200008392334,16.56999969482422,18.1200008392334,2638800,18.1200008392334
11/20/2018,18,18.25,17.280000686645508,17.479999542236328,3055900,17.479999542236328
11/19/2018,17.489999771118164,18.1200008392334,17.100000381469727,17.56999969482422,2743800,17.56999969482422
11/16/2018,16.790000915527344,17.1299991607666,16.75,17.020000457763672,410400,17.020000457763672
11/15/2018,16.610000610351562,17.149999618530273,16.510000228881836,16.889999389648438,444500,16.889999389648438
11/14/2018,16.75,17.170000076293945,16.700000762939453,16.889999389648438,322300,16.889999389648438
11/13/2018,16.469999313354492,17.170000076293945,16.3799991607666,16.75,402600,16.75
11/12/2018,16.389999389648438,16.700000762939453,16.209999084472656,16.530000686645508,366300,16.530000686645508
11/9/2018,16.329999923706055,16.520000457763672,15.359999656677246,16.510000228881836,800000,16.510000228881836
11/8/2018,16.790000915527344,16.829999923706055,16.280000686645508,16.309999465942383,254200,16.309999465942383
11/7/2018,17.06999969482422,17.299999237060547,16.559999465942383,16.649999618530273,465600,16.649999618530273
11/6/2018,17,17.440000534057617,16.709999084472656,17.200000762939453,704400,17.200000762939453
11/5/2018,16.65999984741211,17.149999618530273,16.5,17.010000228881836,525500,17.010000228881836
11/2/2018,16.25,16.549999237060547,16.010000228881836,16.5,711700,16.5
11/1/2018,16.09000015258789,16.3799991607666,15.75,16.15999984741211,708600,16.15999984741211
10/31/2018,15.289999961853027,16.510000228881836,15.289999961853027,15.930000305175781,1819200,15.930000305175781
10/30/2018,15.630000114440918,15.670000076293945,14.619999885559082,15.260000228881836,1135500,15.260000228881836
10/29/2018,16.450000762939453,16.690000534057617,15.25,15.40999984741211,1630700,15.40999984741211
10/26/2018,16.520000457763672,16.829999923706055,15.779999732971191,16.450000762939453,2498100,16.450000762939453
10/25/2018,16.75,17.450000762939453,16.479999542236328,17,9911600,17
3/14/2017,219,228,216,219,8991,219
3/13/2017,229,230,225,229,7422,229
3/9/2017,225,232,225,225,769,225
3/7/2017,232,237,229,232,1361,232
3/6/2017,237,237,227,237,1923,237
3/2/2017,230,233,226,230,2140,230
3/1/2017,229,233,225,229,3376,229
2/28/2017,229,233,225,229,3376,229
2/23/2017,230,234,230,230,1056,230
2/22/2017,229,229,223,229,20770,229
2/21/2017,225,235,225,225,2348,225
2/16/2017,233,242,233,233,1142,233
2/15/2017,235,235,214,235,6595,235
2/14/2017,218,220,218,218,900,218
2/13/2017,222,224,216,222,1601,222
2/9/2017,236,240,231,236,1421,236
2/8/2017,238,242,238,238,443,238
2/7/2017,242,245,242,242,511,242
2/6/2017,245,254,245,245,3738,245
2/2/2017,245,249,241,245,2412,245
2/1/2017,245,250,234,245,863,245
1/31/2017,230,243,230,230,1716,230
1/30/2017,235,250,226,235,2737,235
1/26/2017,248,259,245,248,1951,248
1/25/2017,258,262,258,258,151,258
1/24/2017,264,269,262,264,2659,264
1/23/2017,264,268,264,264,1140,264
1/19/2017,265,266,262,265,1489,265
1/18/2017,270,270,262,270,2090,270
1/17/2017,264,269,262,264,4979,264
1/12/2017,271,276,271,271,1005,271
1/11/2017,271,284,271,271,2380,271
1/10/2017,277,280,275,277,1140,277
1/9/2017,279,281,274,279,1869,279
1/5/2017,280,286,276,280,3199,280
1/4/2017,276,276,276,276,30,276
1/3/2017,281,290,281,281,2651,281
12/29/2016,285,295,280,285,1000,285
12/28/2016,280,280,270,280,1421,280
12/27/2016,275,300,270,275,4586,275
12/22/2016,292,295,285,292,2218,292
12/21/2016,295,298,286,295,2877,295
12/20/2016,291,298,289,291,2913,291
12/19/2016,299,305,293,299,3311,299
12/15/2016,290,290,270,290,3365,290
12/14/2016,275,277,270,275,1755,275
12/8/2016,284,288,283,284,265,284
12/7/2016,292,300,287,292,1003,292
12/6/2016,299,300,288,299,1408,299
12/5/2016,295,300,295,295,2900,295
12/1/2016,308,312,300,308,10372,308
11/30/2016,306,306,277,306,4298,306
11/29/2016,280,280,250,280,12081,280
11/28/2016,260,260,241,260,4536,260
11/23/2016,281,297,275,281,1285,281
11/22/2016,297,300,295,297,2761,297
11/21/2016,296,310,291,296,4155,296
11/17/2016,317,335,311,317,2853,317
11/16/2016,330,335,329,330,4125,330
11/15/2016,335,344,335,335,1703,335
11/14/2016,338,341,335,338,1262,338
11/10/2016,342,342,334,342,2656,342
11/9/2016,335,341,334,335,1320,335
11/8/2016,342,350,339,342,5106,342
11/7/2016,350,364,349,350,828,350
11/3/2016,350,365,343,350,1955,350
10/27/2016,360,367,358,360,4346,360
10/26/2016,367,379,345,367,5508,367
10/25/2016,375,379,343,375,5823,375
10/24/2016,351,358,351,351,1996,351
10/20/2016,348,351,344,348,1215,348
10/19/2016,344,353,344,344,2448,344
10/18/2016,353,360,353,353,1142,353
10/17/2016,358,358,357,358,475,358
10/6/2016,361,361,345,361,462,361
10/5/2016,348,353,348,348,840,348
10/4/2016,350,358,347,350,1710,350
10/3/2016,345,353,345,345,9386,345
9/29/2016,355,359,350,355,5383,355
9/28/2016,355,356,342,355,3461,355
9/27/2016,350,365,350,350,2579,350
9/26/2016,361,363,341,361,2261,361
9/22/2016,370,370,347,370,4467,370
9/21/2016,361,361,356,361,8632,361
9/20/2016,360,360,355,360,6741,360
9/19/2016,362,370,360,362,2145,362
9/15/2016,372,382,371,372,5239,372
9/14/2016,372,382,371,372,5239,372
9/12/2016,382,390,377,382,5207,382
9/8/2016,386,397,385,386,31314,386
9/7/2016,387,398,370,387,54590,387
9/6/2016,363,372,361,363,11534,363
9/1/2016,368,370,355,368,14488,368
8/31/2016,357,365,357,357,6677,357
8/30/2016,365,372,365,365,6158,365
8/29/2016,372,372,353,372,6295,372
8/25/2016,362,366,360,362,6672,362
8/24/2016,362,366,360,362,6672,362
8/23/2016,360,365,356,360,33187,360
8/22/2016,357,378,350,357,5806,357
8/18/2016,375,381,366,375,9928,375
8/17/2016,375,381,366,375,9928,375
8/16/2016,372,377,353,372,12360,372
8/15/2016,359,370,350,359,28582,359
8/11/2016,385,405,385,385,12758,385
8/10/2016,390,390,362,390,24044,390
8/8/2016,355,385,354,355,9968,355
8/4/2016,375,390,370,375,15597,375
8/3/2016,394,400,381,394,19264,394
8/2/2016,395,401,394,395,9306,395
8/1/2016,403,415,395,403,26721,403
7/28/2016,408,419,394,408,26583,408
7/27/2016,410,429,388,410,69612,410
7/26/2016,390,390,362,390,59459,390
7/25/2016,355,356,334,355,40523,355
7/21/2016,332,338,320,332,13572,332
7/20/2016,334,340,331,334,9934,334
7/19/2016,335,340,327,335,10165,335
7/18/2016,335,338,330,335,9273,335
7/14/2016,330,350,325,330,16633,330
7/13/2016,320,341,311,320,18696,320
7/12/2016,335,350,319,335,26780,335
7/11/2016,342,360,335,342,55110,342
7/5/2016,284,289,272,284,11698,284
6/30/2016,289,290,277,289,31673,289
6/29/2016,277,282,270,277,14063,277
6/28/2016,274,281,270,274,12532,274
6/27/2016,274,275,265,274,21055,274
6/23/2016,260,263,255,260,12286,260
6/22/2016,260,272,260,260,11576,260
6/21/2016,267,277,263,267,31328,267
6/20/2016,270,296,256,270,47113,270
6/16/2016,247,247,226,247,45944,247
6/15/2016,225,229,220,225,11218,225
6/14/2016,225,225,216,225,11358,225
6/13/2016,221,221,215,221,8948,221
6/9/2016,219,220,216,219,5387,219
6/8/2016,220,227,220,220,16651,220
6/7/2016,219,221,215,219,17442,219
6/6/2016,216,220,208,216,6483,216
6/2/2016,215,218,212,215,7315,215
6/1/2016,216,219,213,216,3457,216
5/31/2016,216,220,215,216,12306,216
5/26/2016,220,225,210,220,3933,220
5/25/2016,218,224,212,218,16297,218
5/24/2016,224,229,220,224,5470,224
5/23/2016,225,225,220,225,14462,225
5/19/2016,218,221,217,218,10469,218
5/18/2016,220,222,217,220,13900,220
5/17/2016,220,224,215,220,5626,220
5/16/2016,217,219,216,217,8905,217
5/12/2016,220,225,217,220,6337,220
5/11/2016,224,228,224,224,5689,224
5/10/2016,225,229,220,225,19646,225
5/9/2016,228,241,228,228,36770,228
5/5/2016,221,225,217,221,11783,221
5/4/2016,225,233,218,225,5886,225
5/3/2016,226,226,217,226,19173,226
5/2/2016,218,224,218,218,7101,218
4/28/2016,219,219,217,219,6742,219
4/27/2016,220,227,216,220,9578,220
4/26/2016,220,224,215,220,33012,220
4/25/2016,217,217,212,217,8606,217
4/21/2016,212,215,210,212,5726,212
4/20/2016,218,222,215,218,22074,218
4/19/2016,220,230,216,220,18216,220
4/18/2016,218,220,212,218,13014,218
4/12/2016,199,205,195,199,4651,199
4/11/2016,195,204,193,195,4923,195
4/6/2016,196,196,192,196,7029,196
4/5/2016,192,194,190,192,5544,192
3/31/2016,194,197,194,194,11436,194
3/30/2016,199,200,196,199,6859,199
3/29/2016,200,205,193,200,19210,200
3/28/2016,198,202,192,198,36389,198
3/24/2016,198,207,191,198,20769,198
3/23/2016,209,228,204,209,38472,209
3/21/2016,212,212,196,212,34009,212
3/17/2016,176,176,172,176,11654,176
3/16/2016,175,175,171,175,7379,175
3/15/2016,174,178,173,174,7091,174
3/14/2016,172,175,170,172,18758,172
3/10/2016,174,176,172,174,7738,174
3/3/2016,175,175,170,175,4580,175
3/2/2016,172,179,172,172,9099,172
3/1/2016,178,178,170,178,16477,178
2/29/2016,171,172,169,171,8522,171
2/25/2016,172,174,170,172,4060,172
2/24/2016,169,172,168,169,21529,169
2/23/2016,168,170,167,168,8145,168
2/22/2016,169,171,165,169,5211,169
2/18/2016,167,173,165,167,11697,167
2/17/2016,167,171,166,167,3165,167
2/16/2016,166,169,165,166,3579,166
2/11/2016,170,174,170,170,5893,170
2/8/2016,173,177,170,173,7797,173
2/4/2016,175,185,168,175,26409,175
2/3/2016,176,179,163,176,23962,176
2/2/2016,166,170,165,166,10751,166
2/1/2016,164,171,160,164,10267,164
1/28/2016,169,171,160,169,5314,169
1/27/2016,172,174,169,172,44473,172
1/26/2016,168,176,163,168,63734,168
1/25/2016,160,160,151,160,15603,160
1/21/2016,144,146,141,144,13619,144
1/20/2016,146,146,144,146,3703,146
1/19/2016,146,149,145,146,3548,146
1/14/2016,143,150,140,143,13634,143
1/13/2016,141,141,137,141,1181,141
1/12/2016,139,140,139,139,110,139
1/11/2016,138,140,138,138,1496,138
1/7/2016,143,143,139,143,4483,143
1/6/2016,139,139,135,139,1802,139
1/5/2016,137,139,137,137,1083,137
1/4/2016,140,143,140,140,1777,140
12/29/2015,140,140,136,140,482,140
12/28/2015,136,138,136,136,307,136
12/24/2015,136,138,132,136,614,136
12/23/2015,134,138,134,134,2915,134
12/22/2015,135,137,135,135,2795,135
12/17/2015,138,140,138,138,2880,138
12/16/2015,140,140,136,140,3283,140
12/15/2015,136,138,136,136,3497,136
12/14/2015,140,140,138,140,340,140
12/10/2015,140,142,140,140,649,140
12/9/2015,142,143,141,142,3790,142
12/8/2015,144,145,140,144,2099,144
12/7/2015,144,144,143,144,583,144
12/3/2015,142,142,140,142,3200,142
12/2/2015,140,141,137,140,1864,140
12/1/2015,139,141,137,139,3224,139
11/30/2015,135,135,132,135,290,135
11/24/2015,142,142,142,142,30,142
11/23/2015,142,144,136,142,2320,142
11/19/2015,144,145,141,144,3007,144
11/18/2015,140,141,139,140,2075,140
11/16/2015,141,141,139,141,1332,141
11/10/2015,142,143,141,142,1905,142
11/9/2015,141,149,141,141,8239,141
11/5/2015,141,144,141,141,2210,141
11/4/2015,142,144,142,142,3180,142
11/3/2015,144,144,142,144,2771,144
10/29/2015,148,148,145,148,3330,148
10/28/2015,143,151,143,143,8537,143
10/19/2015,154,154,148,154,3617,154
10/1/2015,165,167,163,165,2883,165
9/30/2015,167,175,167,167,2370,167
9/29/2015,178,178,166,178,3942,178
9/23/2015,172,174,168,172,9474,172
9/22/2015,165,171,164,165,9950,165
9/17/2015,168,171,165,168,11608,168
9/16/2015,168,178,165,168,28538,168
9/15/2015,181,181,161,181,19820,181
9/14/2015,165,165,161,165,1220,165
9/10/2015,159,164,159,159,7226,159
9/9/2015,160,160,158,160,2000,160
9/8/2015,155,160,155,155,11310,155
9/2/2015,183,193,181,183,6353,183
9/1/2015,185,185,172,185,12620,185
8/31/2015,169,169,157,169,10380,169
8/27/2015,154,154,142,154,750,154
8/24/2015,140,140,130,140,180,140
8/20/2015,130,134,130,130,30888,130
8/19/2015,132,134,127,132,14776,132
8/18/2015,130,133,129,130,21390,130
8/17/2015,132,133,122,132,24427,132
8/13/2015,124,129,121,124,7435,124
8/12/2015,124,127,120,124,4606,124
8/11/2015,125,127,122,125,23236,125
8/10/2015,124,135,124,124,8657,124
8/6/2015,134,136,125,134,6267,134
8/5/2015,133,135,128,133,7348,133
8/4/2015,134,134,128,134,9952,134
8/3/2015,130,132,122,130,10562,130
7/30/2015,128,135,128,128,23991,128
7/29/2015,132,135,130,132,3590,132
7/28/2015,137,137,130,137,5239,137
7/27/2015,135,147,135,135,17092,135
7/23/2015,132,132,123,132,6205,132
7/22/2015,125,131,124,125,5103,125
7/16/2015,133,135,129,133,232,133
7/15/2015,127,130,124,127,3035,127
7/14/2015,122,122,120,122,323,122
7/13/2015,121,122,118,121,1700,121
7/9/2015,122,124,122,122,7220,122
7/8/2015,123,125,122,123,9109,123
7/7/2015,123,124,119,123,1348,123
7/6/2015,123,127,121,123,2363,123
7/2/2015,124,126,122,124,2776,124
7/1/2015,123,127,122,123,269,123
6/30/2015,129,133,129,129,230,129
6/29/2015,129,129,125,129,4140,129
6/25/2015,129,129,125,129,3036,129
6/24/2015,125,130,125,125,1335,125
6/23/2015,125,129,125,125,877,125
6/22/2015,129,130,125,129,2274,129
6/18/2015,127,129,127,127,873,127
6/17/2015,127,130,65,127,10646,127
6/16/2015,128,130,127,128,502,128
6/15/2015,129,130,127,129,2069,129
6/11/2015,133,133,131,133,323,133
6/10/2015,134,137,132,134,2707,134
6/9/2015,136,148,135,136,18946,136
6/8/2015,142,144,142,142,812,142
6/4/2015,130,130,128,130,648,130
6/3/2015,130,130,126,130,1260,130
6/2/2015,124,124,121,124,1546,124
6/1/2015,122,122,120,122,93,122
5/28/2015,115,115,113,115,2582,115
5/27/2015,115,115,113,115,8810,115
5/26/2015,113,115,107,113,8923,113
4/23/2015,134,135,132,134,1781,134
4/22/2015,137,137,134,137,468,137
4/21/2015,137,138,135,137,3395,137
4/20/2015,135,137,135,135,686,135
4/16/2015,136,136,132,136,4004,136
4/15/2015,135,138,135,135,5355,135
4/13/2015,136,138,134,136,1398,136
4/9/2015,132,136,132,132,108,132
4/8/2015,138,138,130,138,2379,138
4/7/2015,132,135,132,132,11937,132
4/6/2015,135,137,132,135,6070,135
4/2/2015,134,140,134,134,2438,134
4/1/2015,140,140,134,140,2622,140
3/31/2015,137,139,132,137,1833,137
3/30/2015,133,135,131,133,2316,133
3/26/2015,133,137,133,133,1469,133
3/25/2015,134,137,134,134,5085,134
3/24/2015,134,136,131,134,1156,134
3/23/2015,134,136,133,134,1163,134
3/19/2015,133,136,133,133,2126,133
3/18/2015,134,136,132,134,11909,134
3/17/2015,134,136,132,134,4344,134
3/16/2015,134,135,133,134,3049,134
3/12/2015,137,141,133,137,14100,137
3/11/2015,137,138,132,137,4781,137
3/10/2015,136,136,132,136,1629,136
3/9/2015,136,140,135,136,7539,136
3/4/2015,137,140,129,137,11054,137
3/3/2015,135,140,134,135,3496,135
3/2/2015,134,134,129,134,1217,134
2/26/2015,128,129,125,128,3349,128
2/25/2015,128,130,126,128,1428,128
2/24/2015,131,131,128,131,5653,131
2/23/2015,130,130,124,130,5504,130
2/18/2015,130,135,129,130,2972,130
2/12/2015,134,134,133,134,3318,134
2/11/2015,134,136,134,134,2165,134
2/10/2015,136,137,133,136,4122,136
2/9/2015,135,135,131,135,2114,135
2/5/2015,139,139,132,139,14355,139
2/4/2015,134,136,128,134,2142,134
2/3/2015,136,141,136,136,5440,136
2/2/2015,137,139,133,137,5041,137
1/29/2015,136,148,136,136,8177,136
1/28/2015,138,139,135,138,4018,138
1/27/2015,134,137,128,134,7715,134
1/26/2015,128,130,126,128,4314,128
1/22/2015,124,126,123,124,1701,124
1/20/2015,125,127,121,125,1426,125
1/14/2015,128,128,121,128,2246,128
1/13/2015,123,124,120,123,956,123
1/12/2015,122,124,121,122,1330,122
1/8/2015,120,132,120,120,3801,120
1/7/2015,125,125,120,125,2529,125
1/6/2015,125,125,120,125,3614,125
1/5/2015,120,125,120,120,1544,120
12/31/2014,123,131,123,123,1147,123
12/29/2014,131,131,123,131,1343,131
12/24/2014,123,125,122,123,2068,123
12/23/2014,123,127,120,123,2463,123
12/22/2014,125,127,122,125,1404,125
12/18/2014,130,130,121,130,6278,130
12/17/2014,127,136,123,127,3142,127
12/16/2014,126,130,122,126,5737,126
12/15/2014,126,133,124,126,6575,126
12/11/2014,119,119,116,119,1750,119
12/10/2014,117,119,113,117,3123,117
12/8/2014,117,118,115,117,4218,117
12/4/2014,122,122,122,122,2462,122
12/3/2014,117,117,117,117,19404,117
12/2/2014,116,116,116,116,1514,116
12/1/2014,117,117,117,117,2378,117
11/25/2014,115,117,113,115,2083,115
11/24/2014,115,115,111,115,620,115
11/20/2014,118,120,116,118,6105,118
11/19/2014,117,118,115,117,792,117
11/18/2014,116,120,111,116,4947,116
11/17/2014,118,118,118,118,71,118
11/13/2014,118,119,117,118,883,118
11/12/2014,121,121,115,121,8596,121
11/11/2014,123,123,117,123,722,123
11/10/2014,119,120,118,119,2197,119
11/6/2014,123,127,123,123,799,123
11/5/2014,125,127,118,125,955,125
11/4/2014,120,122,119,120,386,120
11/3/2014,122,124,120,122,859,122
10/30/2014,126,128,125,126,224,126
10/28/2014,128,128,124,128,1395,128
10/27/2014,125,131,125,125,1089,125
10/22/2014,127,131,127,127,175,127
10/21/2014,128,129,124,128,3766,128
10/20/2014,125,128,121,125,1463,125
10/16/2014,130,132,121,130,3757,130
10/15/2014,125,125,123,125,3653,125
10/14/2014,126,126,117,126,4170,126
10/13/2014,122,125,118,122,4142,122
10/9/2014,132,132,121,132,764,132
10/8/2014,130,130,130,130,1061,130
9/30/2014,130,133,129,130,3205,130
9/29/2014,131,132,128,131,834,131
9/24/2014,128,131,123,128,6866,128
9/23/2014,125,125,118,125,2492,125
9/22/2014,120,122,115,120,3332,120
9/18/2014,127,128,123,127,1492,127
9/17/2014,128,131,126,128,3106,128
9/16/2014,131,131,127,131,2435,131
9/15/2014,129,134,128,129,2661,129
9/11/2014,129,131,128,129,1806,129
9/10/2014,131,135,128,131,978,131
9/9/2014,132,137,131,132,1259,132
9/4/2014,133,135,132,133,4068,133
9/3/2014,135,135,130,135,5253,135
8/28/2014,143,146,143,143,1046,143
8/27/2014,144,144,134,144,2716,144
8/26/2014,132,135,129,132,7986,132
8/25/2014,129,134,129,129,5700,129
8/21/2014,131,133,130,131,2224,131
8/20/2014,133,135,127,133,14119,133
8/19/2014,137,144,135,137,6653,137
8/18/2014,139,145,139,139,6832,139
8/14/2014,147,154,145,147,3303,147
8/13/2014,153,155,148,153,3273,153
8/12/2014,155,155,150,155,5838,155
8/7/2014,156,159,156,156,3006,156
8/6/2014,160,162,155,160,13380,160
8/5/2014,159,165,157,159,5795,159
8/4/2014,160,168,156,160,6183,160
7/31/2014,167,169,159,167,6664,167
7/30/2014,167,171,157,167,17015,167
7/28/2014,166,167,161,166,3623,166
7/24/2014,173,174,170,172,7194,172
7/23/2014,174,178,167,173,16916,173
7/22/2014,171,177,168,174,13557,174
7/21/2014,170,174,167,171,6246,171
7/17/2014,173,175,170,174,3747,174
7/16/2014,173,179,170,173,5302,173
7/15/2014,174,180,165,173,9717,173
7/14/2014,180,177,172,174,9189,174
7/10/2014,170,174,167,170,38018,170
7/9/2014,167,173,161,170,18991,170
7/8/2014,162,172,154,167,31403,167
7/7/2014,163,173,160,162,6887,162
7/3/2014,167,170,164,164,11812,164
7/2/2014,173,174,162,167,2390,167
7/1/2014,162,173,160,173,6644,173
6/30/2014,166,168,155,162,18250,162
6/26/2014,159,174,152,174,23593,174
6/25/2014,145,159,143,159,17529,159
6/24/2014,141,151,141,145,14378,145
6/23/2014,141,142,131,141,26337,141
6/19/2014,139,143,132,141,17825,141
6/18/2014,137,140,132,139,14219,139
6/17/2014,144,146,137,137,19627,137
6/16/2014,137,144,133,144,21101,144
6/12/2014,129,132,120,130,12320,130
6/11/2014,131,134,127,129,33661,129
6/10/2014,121,131,115,131,17700,131
6/9/2014,127,125,118,121,7318,121
6/5/2014,125,133,125,130,62546,130
6/4/2014,114,125,116,125,43148,125
6/3/2014,104,114,106,114,779,114
6/2/2014,95,104,96,104,1931,104
5/28/2014,86,87,87,87,100,87
5/27/2014,79,86,81,86,117,86
