4/22/2019,15.279999732971191,15.680000305175781,15.260000228881836,15.420000076293945,192600,15.420000076293945
4/18/2019,15.350000381469727,15.569999694824219,14.979999542236328,15.529999732971191,285300,15.529999732971191
4/17/2019,15.5,15.930000305175781,15.279999732971191,15.329999923706055,126000,15.329999923706055
4/16/2019,15.109999656677246,15.989999771118164,15.109999656677246,15.420000076293945,182200,15.420000076293945
4/15/2019,15.130000114440918,15.75,14.890000343322754,14.979999542236328,261200,14.979999542236328
4/12/2019,15.5,16.6200008392334,15.100000381469727,15.229999542236328,458600,15.229999542236328
4/11/2019,14.359999656677246,15.399999618530273,14.15999984741211,15.229999542236328,365500,15.229999542236328
4/10/2019,14.760000228881836,14.920000076293945,14.319999694824219,14.380000114440918,227100,14.380000114440918
4/9/2019,14.729999542236328,14.982999801635742,14.359999656677246,14.789999961853027,228000,14.789999961853027
4/8/2019,14.199999809265137,15.199999809265137,14.039999961853027,14.949999809265137,315800,14.949999809265137
4/5/2019,13.989999771118164,14.390000343322754,13.8100004196167,14.25,184100,14.25
4/4/2019,13.270000457763672,14.039999961853027,13.020000457763672,13.869999885559082,354300,13.869999885559082
4/3/2019,14.199999809265137,14.199999809265137,13.239999771118164,13.319999694824219,300300,13.319999694824219
4/2/2019,14.399999618530273,14.687999725341797,13.5600004196167,13.65999984741211,374800,13.65999984741211
4/1/2019,13.920000076293945,14.579999923706055,13.789999961853027,14.470000267028809,500400,14.470000267028809
3/29/2019,13.220000267028809,13.960000038146973,12.9399995803833,13.5600004196167,440000,13.5600004196167
3/28/2019,12.5,13.5,12.5,13.079999923706055,300900,13.079999923706055
3/27/2019,12.289999961853027,13.399999618530273,12.010000228881836,13.15999984741211,397000,13.15999984741211
3/26/2019,13.140000343322754,13.239999771118164,11.90999984741211,12.25,574500,12.25
3/25/2019,11.699999809265137,13.420000076293945,11.621999740600586,13.25,1038100,13.25
3/22/2019,12.029999732971191,12.289999961853027,11.380000114440918,11.449999809265137,471200,11.449999809265137
3/21/2019,12.210000038146973,12.470000267028809,12.039999961853027,12.300000190734863,232700,12.300000190734863
3/20/2019,12.699999809265137,12.710000038146973,12.142000198364258,12.380000114440918,172800,12.380000114440918
3/19/2019,13.170000076293945,13.369999885559082,12.718000411987305,12.84000015258789,156000,12.84000015258789
3/18/2019,13.100000381469727,13.52400016784668,13.010000228881836,13.229999542236328,211500,13.229999542236328
3/15/2019,12.800000190734863,12.989999771118164,12.4399995803833,12.899999618530273,149700,12.899999618530273
3/14/2019,13.579999923706055,13.579999923706055,12.5,12.640000343322754,200200,12.640000343322754
3/13/2019,13.510000228881836,13.550000190734863,12.850000381469727,12.920000076293945,141900,12.920000076293945
3/12/2019,13.569999694824219,13.760000228881836,13.119000434875488,13.5,127900,13.5
3/11/2019,13.020000457763672,13.850000381469727,12.916000366210938,13.479999542236328,254700,13.479999542236328
3/8/2019,12.4399995803833,12.829999923706055,12.289999961853027,12.630000114440918,238500,12.630000114440918
3/7/2019,13.619999885559082,13.699999809265137,12.723999977111816,12.770000457763672,224700,12.770000457763672
3/6/2019,14.229999542236328,14.329999923706055,13.5600004196167,13.699999809265137,213800,13.699999809265137
3/5/2019,14.100000381469727,14.420000076293945,13.942999839782715,14.199999809265137,157100,14.199999809265137
3/4/2019,14.5,14.65999984741211,13.600000381469727,14.079999923706055,220500,14.079999923706055
3/1/2019,14.529999732971191,14.75,14.149999618530273,14.180000305175781,178200,14.180000305175781
2/28/2019,15.289999961853027,15.300000190734863,13.770000457763672,14.020000457763672,391000,14.020000457763672
2/27/2019,14.5,15.538999557495117,14.449999809265137,15.300000190734863,246600,15.300000190734863
2/26/2019,14.399999618530273,14.84000015258789,14.350000381469727,14.680000305175781,203000,14.680000305175781
2/25/2019,15.100000381469727,15.970000267028809,14.3100004196167,14.75,902600,14.75
2/22/2019,12.579999923706055,14.0600004196167,12.550000190734863,14.039999961853027,470000,14.039999961853027
2/21/2019,12.800000190734863,12.800000190734863,12.170000076293945,12.369999885559082,177300,12.369999885559082
2/20/2019,12.6899995803833,12.979999542236328,12.359999656677246,12.819999694824219,175400,12.819999694824219
2/19/2019,12.5,13.09000015258789,12.5,12.65999984741211,283900,12.65999984741211
2/15/2019,12.100000381469727,12.850000381469727,12.100000381469727,12.3100004196167,234400,12.3100004196167
2/14/2019,11.729999542236328,12.699999809265137,11.5600004196167,12.050000190734863,385200,12.050000190734863
2/13/2019,10.84000015258789,12,10.829999923706055,11.760000228881836,349200,11.760000228881836
2/12/2019,10.710000038146973,10.9399995803833,10.649999618530273,10.739999771118164,104400,10.739999771118164
2/11/2019,10.550000190734863,10.84000015258789,10.430000305175781,10.720000267028809,66200,10.720000267028809
2/8/2019,10.260000228881836,10.550000190734863,10.0600004196167,10.390000343322754,97600,10.390000343322754
2/7/2019,10.930000305175781,10.930000305175781,10.180000305175781,10.380000114440918,150000,10.380000114440918
2/6/2019,11.079999923706055,11.109999656677246,10.880000114440918,10.880000114440918,59700,10.880000114440918
2/5/2019,10.880000114440918,11.145000457763672,10.770000457763672,10.989999771118164,63500,10.989999771118164
2/4/2019,11.270000457763672,11.529999732971191,10.789999961853027,10.800000190734863,105600,10.800000190734863
2/1/2019,11.149999618530273,11.295000076293945,11.010000228881836,11.229999542236328,140200,11.229999542236328
1/31/2019,10.989999771118164,11.270000457763672,10.91100025177002,11.170000076293945,90800,11.170000076293945
1/30/2019,10.84000015258789,11.260000228881836,10.84000015258789,10.989999771118164,175600,10.989999771118164
1/29/2019,10.90999984741211,10.949999809265137,10.699999809265137,10.890000343322754,150800,10.890000343322754
1/28/2019,11.003999710083008,11.109999656677246,10.829999923706055,10.9399995803833,139400,10.9399995803833
1/25/2019,10.899999618530273,11.260000228881836,10.829999923706055,11.149999618530273,169000,11.149999618530273
1/24/2019,10.729999542236328,10.869999885559082,10.609999656677246,10.800000190734863,84900,10.800000190734863
1/23/2019,10.880000114440918,10.954000473022461,10.649999618530273,10.680000305175781,159300,10.680000305175781
1/22/2019,11.489999771118164,11.583999633789062,10.789999961853027,10.84000015258789,255000,10.84000015258789
1/18/2019,11.800000190734863,11.979999542236328,11.430000305175781,11.729999542236328,221900,11.729999542236328
1/17/2019,11.550000190734863,11.779999732971191,11.430000305175781,11.6899995803833,216800,11.6899995803833
1/16/2019,11.930000305175781,12.100000381469727,11.699999809265137,11.779999732971191,168700,11.779999732971191
1/15/2019,11.630000114440918,11.9399995803833,11.550000190734863,11.819999694824219,154400,11.819999694824219
1/14/2019,11.600000381469727,12.029999732971191,11.449999809265137,11.5600004196167,186100,11.5600004196167
1/11/2019,11.430000305175781,12.260000228881836,11.329999923706055,11.829999923706055,259300,11.829999923706055
1/10/2019,11.239999771118164,11.470000267028809,11.130000114440918,11.4399995803833,166600,11.4399995803833
1/9/2019,11.319999694824219,11.600000381469727,10.979999542236328,11.430000305175781,224800,11.430000305175781
1/8/2019,11.550000190734863,11.899999618530273,10.880000114440918,11.199999809265137,239000,11.199999809265137
1/7/2019,11.479999542236328,11.699999809265137,11,11.420000076293945,218700,11.420000076293945
1/4/2019,10.640000343322754,11.479999542236328,10.479999542236328,11.260000228881836,303000,11.260000228881836
1/3/2019,10.569999694824219,10.75,10.300000190734863,10.329999923706055,113400,10.329999923706055
1/2/2019,10.430000305175781,11.010000228881836,10.225000381469727,10.710000038146973,216500,10.710000038146973
12/31/2018,10.59000015258789,10.760000228881836,10.020000457763672,10.75,243000,10.75
12/28/2018,10.369999885559082,10.864999771118164,10.270000457763672,10.399999618530273,277700,10.399999618530273
12/27/2018,10.15999984741211,10.817999839782715,9.920000076293945,10.3100004196167,415000,10.3100004196167
12/26/2018,10.5,10.6899995803833,9.9399995803833,10.359999656677246,416200,10.359999656677246
12/24/2018,10.460000038146973,10.779000282287598,10,10.5,243800,10.5
12/21/2018,11.90999984741211,11.90999984741211,9.609999656677246,10.350000381469727,840000,10.350000381469727
12/20/2018,12.960000038146973,13.210000038146973,11.859999656677246,11.960000038146973,241300,11.960000038146973
12/19/2018,13.210000038146973,13.75,12.899999618530273,12.989999771118164,334800,12.989999771118164
12/18/2018,13.149999618530273,13.482000350952148,13.140000343322754,13.140000343322754,189800,13.140000343322754
12/17/2018,12.779999732971191,13.699999809265137,12.699999809265137,13.029999732971191,302500,13.029999732971191
12/14/2018,13.5,13.859999656677246,12.760000228881836,12.770000457763672,376800,12.770000457763672
12/13/2018,14.170000076293945,14.600000381469727,13.59000015258789,13.789999961853027,495700,13.789999961853027
12/12/2018,14.600000381469727,14.880000114440918,14.029999732971191,14.029999732971191,224500,14.029999732971191
12/11/2018,15.010000228881836,15.010000228881836,13.949999809265137,14.050000190734863,353600,14.050000190734863
12/10/2018,14.550000190734863,15.789999961853027,14.550000190734863,14.850000381469727,290800,14.850000381469727
12/7/2018,15.239999771118164,15.359999656677246,14.4399995803833,14.619999885559082,302200,14.619999885559082
12/6/2018,15.699999809265137,15.75,14.979999542236328,15.390000343322754,300200,15.390000343322754
12/4/2018,17.600000381469727,17.600000381469727,16.010000228881836,16.030000686645508,242800,16.030000686645508
12/3/2018,17.049999237060547,17.770000457763672,16.610000610351562,17.639999389648438,723100,17.639999389648438
11/30/2018,16.280000686645508,16.940000534057617,15.920000076293945,16.639999389648438,333800,16.639999389648438
11/29/2018,16.5,16.809999465942383,15.699999809265137,16.280000686645508,219000,16.280000686645508
11/28/2018,16.600000381469727,17,16.200000762939453,16.989999771118164,154900,16.989999771118164
11/27/2018,16.030000686645508,16.809999465942383,16.030000686645508,16.489999771118164,125100,16.489999771118164
11/26/2018,17.270000457763672,17.270000457763672,16.020000457763672,16.110000610351562,234000,16.110000610351562
11/23/2018,16.010000228881836,17.31999969482422,16.010000228881836,17.31999969482422,187300,17.31999969482422
11/21/2018,16.06999969482422,16.530000686645508,15.885000228881836,16.399999618530273,281200,16.399999618530273
11/20/2018,15.850000381469727,16.200000762939453,15.229999542236328,15.550000190734863,221100,15.550000190734863
11/19/2018,17,17,16.06399917602539,16.260000228881836,193600,16.260000228881836
11/16/2018,17.15999984741211,17.15999984741211,16.639999389648438,16.989999771118164,173600,16.989999771118164
11/15/2018,17.15999984741211,17.700000762939453,17.049999237060547,17.5,265200,17.5
11/14/2018,16.09000015258789,17.479999542236328,16.09000015258789,17.420000076293945,424800,17.420000076293945
11/13/2018,14.5,17,14.5,15.989999771118164,664200,15.989999771118164
11/12/2018,17.09000015258789,17.270000457763672,15.399999618530273,15.430000305175781,379400,15.430000305175781
11/9/2018,16.84000015258789,17.420000076293945,16.6299991607666,17.110000610351562,198500,17.110000610351562
11/8/2018,17.600000381469727,18.010000228881836,17.059999465942383,17.3700008392334,167600,17.3700008392334
11/7/2018,17.889999389648438,17.959999084472656,17.260000228881836,17.829999923706055,154500,17.829999923706055
11/6/2018,17.729999542236328,17.729999542236328,17.084999084472656,17.450000762939453,187300,17.450000762939453
11/5/2018,17.59000015258789,18.31999969482422,17.309999465942383,17.68000030517578,170800,17.68000030517578
11/2/2018,17.770000457763672,18.610000610351562,17.309999465942383,17.799999237060547,438100,17.799999237060547
11/1/2018,15.800000190734863,17.770000457763672,15.800000190734863,17.3700008392334,355700,17.3700008392334
10/31/2018,15.149999618530273,15.762999534606934,15.029999732971191,15.5600004196167,153300,15.5600004196167
10/30/2018,15.819999694824219,15.979999542236328,13.75,14.90999984741211,883700,14.90999984741211
10/29/2018,18.020000457763672,18.479999542236328,15.640000343322754,15.710000038146973,447700,15.710000038146973
10/26/2018,16.809999465942383,18.190000534057617,16.75,17.809999465942383,192900,17.809999465942383
10/25/2018,16.770000457763672,17.479999542236328,16.649999618530273,17.270000457763672,196000,17.270000457763672
10/24/2018,16.81999969482422,17.315000534057617,16.719999313354492,16.81999969482422,256300,16.81999969482422
10/23/2018,16.559999465942383,17.469999313354492,16.5,16.959999084472656,327300,16.959999084472656
10/22/2018,17,17.43000030517578,16.770000457763672,17.229999542236328,408400,17.229999542236328
10/19/2018,16.709999084472656,16.760000228881836,16.34000015258789,16.549999237060547,240800,16.549999237060547
10/18/2018,16.350000381469727,16.860000610351562,16.200000762939453,16.40999984741211,194200,16.40999984741211
10/17/2018,16.6299991607666,16.889999389648438,16.25,16.709999084472656,161800,16.709999084472656
10/16/2018,16.260000228881836,16.888999938964844,15.90999984741211,16.600000381469727,197000,16.600000381469727
10/15/2018,15.859999656677246,16.700000762939453,15.800000190734863,16.280000686645508,150500,16.280000686645508
10/12/2018,16.270000457763672,16.399999618530273,15.65999984741211,16.100000381469727,234400,16.100000381469727
10/11/2018,15.630000114440918,16.309999465942383,15.444999694824219,15.5,352600,15.5
10/10/2018,17.889999389648438,18.139999389648438,16,16.049999237060547,444500,16.049999237060547
10/9/2018,17.93000030517578,18.729999542236328,17.809999465942383,17.920000076293945,231700,17.920000076293945
10/8/2018,17.610000610351562,18.850000381469727,17.610000610351562,18.030000686645508,281700,18.030000686645508
10/5/2018,18.100000381469727,18.520000457763672,17.639999389648438,18.079999923706055,324500,18.079999923706055
10/4/2018,18.350000381469727,18.3799991607666,17.65999984741211,18.18000030517578,280400,18.18000030517578
10/3/2018,17.549999237060547,18.780000686645508,17.40999984741211,18.520000457763672,347400,18.520000457763672
10/2/2018,17.940000534057617,17.979999542236328,17.079999923706055,17.56999969482422,426000,17.56999969482422
10/1/2018,18.65999984741211,19.05500030517578,18.049999237060547,18.149999618530273,314600,18.149999618530273
9/28/2018,19,19.31999969482422,18.295000076293945,18.399999618530273,267300,18.399999618530273
9/27/2018,19.469999313354492,19.799999237060547,19.09000015258789,19.170000076293945,220600,19.170000076293945
9/26/2018,19.719999313354492,19.850000381469727,19.190000534057617,19.3700008392334,219600,19.3700008392334
9/25/2018,19.729999542236328,19.90999984741211,18.670000076293945,19.6299991607666,464200,19.6299991607666
9/24/2018,19.3700008392334,19.950000762939453,18.959999084472656,19.770000457763672,355500,19.770000457763672
9/21/2018,19.229999542236328,20.959999084472656,18.93000030517578,19.780000686645508,1000500,19.780000686645508
9/20/2018,18.709999084472656,19,18.399999618530273,18.93000030517578,186400,18.93000030517578
9/19/2018,17.950000762939453,18.670000076293945,17.950000762939453,18.489999771118164,279600,18.489999771118164
9/18/2018,18.010000228881836,18.309999465942383,17.649999618530273,17.829999923706055,149600,17.829999923706055
9/17/2018,17.440000534057617,18.510000228881836,17.440000534057617,17.8799991607666,296100,17.8799991607666
9/14/2018,17.260000228881836,17.940000534057617,16.600000381469727,17.709999084472656,345900,17.709999084472656
9/13/2018,17.299999237060547,18.149999618530273,16.81999969482422,17.1299991607666,655700,17.1299991607666
9/12/2018,16.700000762939453,17.489999771118164,16.1299991607666,17,831900,17
9/11/2018,17.59000015258789,17.700000762939453,16.899999618530273,17,800900,17
9/10/2018,18.149999618530273,18.44499969482422,17.510000228881836,17.889999389648438,612500,17.889999389648438
9/7/2018,17.68000030517578,18.59000015258789,17.610000610351562,18.190000534057617,422000,18.190000534057617
9/6/2018,18.18000030517578,18.760000228881836,17.639999389648438,17.780000686645508,532600,17.780000686645508
9/5/2018,18.540000915527344,18.549999237060547,17.694000244140625,18.030000686645508,826000,18.030000686645508
9/4/2018,18.1299991607666,19.075000762939453,17.760000228881836,18.809999465942383,783700,18.809999465942383
8/31/2018,18.43000030517578,19.149999618530273,17.920000076293945,18.1299991607666,942900,18.1299991607666
8/30/2018,20.15999984741211,20.15999984741211,18.329999923706055,18.5,1096400,18.5
8/29/2018,16.31999969482422,21.549999237060547,16.211000442504883,20.15999984741211,2955100,20.15999984741211
8/28/2018,18.309999465942383,18.479999542236328,17.25200080871582,18.219999313354492,999700,18.219999313354492
8/27/2018,17.200000762939453,18.979999542236328,16.989999771118164,18.280000686645508,1267200,18.280000686645508
8/24/2018,17.270000457763672,17.530000686645508,16.649999618530273,17.059999465942383,612700,17.059999465942383
8/23/2018,17.479999542236328,18.25,16.950000762939453,17.149999618530273,557700,17.149999618530273
8/22/2018,17.43000030517578,17.889999389648438,16.764999389648438,17.649999618530273,732000,17.649999618530273
8/21/2018,17.18000030517578,17.780000686645508,17.010000228881836,17.170000076293945,672400,17.170000076293945
8/20/2018,18.59000015258789,19.329999923706055,16.399999618530273,16.940000534057617,2121300,16.940000534057617
8/17/2018,13.890000343322754,18.200000762939453,13.710000038146973,17.65999984741211,2191800,17.65999984741211
8/16/2018,13.699999809265137,14.4399995803833,13.270000457763672,13.970000267028809,860500,13.970000267028809
8/15/2018,12.779999732971191,13.970000267028809,12.600000381469727,13.529999732971191,924400,13.529999732971191
8/14/2018,13.050000190734863,13.5600004196167,12.390000343322754,13.300000190734863,699600,13.300000190734863
8/13/2018,13.699999809265137,13.710000038146973,12.710000038146973,13.119999885559082,771900,13.119999885559082
8/10/2018,15.170000076293945,15.25,13.8100004196167,13.850000381469727,657000,13.850000381469727
8/9/2018,15.619999885559082,15.779999732971191,15.15999984741211,15.529999732971191,293800,15.529999732971191
8/8/2018,15.789999961853027,16.139999389648438,15.039999961853027,15.319999694824219,245400,15.319999694824219
8/7/2018,15.539999961853027,15.930000305175781,15.020000457763672,15.579999923706055,460800,15.579999923706055
8/6/2018,15.800000190734863,15.949999809265137,15.40999984741211,15.59000015258789,222000,15.59000015258789
8/3/2018,16.170000076293945,16.90999984741211,15.829999923706055,15.979999542236328,525900,15.979999542236328
8/2/2018,15.930000305175781,16.190000534057617,15.25,16.110000610351562,407900,16.110000610351562
8/1/2018,17.760000228881836,18,16.010000228881836,16.020000457763672,518200,16.020000457763672
7/31/2018,17.989999771118164,18.350000381469727,17.649999618530273,17.950000762939453,339700,17.950000762939453
7/30/2018,19.329999923706055,19.594999313354492,16.030000686645508,18.010000228881836,1289000,18.010000228881836
7/27/2018,21.15999984741211,21.18000030517578,19.260000228881836,19.329999923706055,549000,19.329999923706055
7/26/2018,20.809999465942383,21.360000610351562,20.520999908447266,21.040000915527344,320400,21.040000915527344
7/25/2018,19.610000610351562,20.989999771118164,19.610000610351562,20.950000762939453,281000,20.950000762939453
7/24/2018,20.049999237060547,20.639999389648438,19.65999984741211,19.809999465942383,244300,19.809999465942383
7/23/2018,19.799999237060547,20.100000381469727,19.530000686645508,19.709999084472656,178500,19.709999084472656
7/20/2018,19.52400016784668,20.22599983215332,19.52400016784668,19.93000030517578,185200,19.93000030517578
7/19/2018,19.5,19.739999771118164,19.5,19.5,255100,19.5
7/18/2018,20.229999542236328,20.600000381469727,19.489999771118164,19.649999618530273,640300,19.649999618530273
7/17/2018,20.350000381469727,20.450000762939453,19.94499969482422,20.1200008392334,297400,20.1200008392334
7/16/2018,20.600000381469727,21.350000381469727,20.020000457763672,20.5,492900,20.5
7/13/2018,21.479999542236328,21.649999618530273,20.579999923706055,20.68000030517578,447200,20.68000030517578
7/12/2018,21.399999618530273,21.700000762939453,20.920000076293945,21.600000381469727,593100,21.600000381469727
7/11/2018,20.639999389648438,21.190000534057617,20.260000228881836,21.139999389648438,241800,21.139999389648438
7/10/2018,22.06999969482422,22.079999923706055,20.81999969482422,20.889999389648438,357600,20.889999389648438
7/9/2018,21.25,22.5,21.25,22.1200008392334,438200,22.1200008392334
7/6/2018,20.540000915527344,21.25,20.350000381469727,21.15999984741211,305600,21.15999984741211
7/5/2018,20.450000762939453,20.68000030517578,19.799999237060547,20.520000457763672,249300,20.520000457763672
7/3/2018,20.799999237060547,20.889999389648438,20.100000381469727,20.40999984741211,263900,20.40999984741211
7/2/2018,20.59000015258789,20.979000091552734,20.100000381469727,20.65999984741211,555200,20.65999984741211
6/29/2018,20.31999969482422,21.719999313354492,20.31999969482422,21.219999313354492,608200,21.219999313354492
6/28/2018,20.149999618530273,20.229999542236328,19.510000228881836,20.059999465942383,400800,20.059999465942383
6/27/2018,20.809999465942383,20.940000534057617,20.209999084472656,20.209999084472656,381700,20.209999084472656
6/26/2018,20.520000457763672,21.360000610351562,20.520000457763672,20.780000686645508,347600,20.780000686645508
6/25/2018,21.790000915527344,21.84000015258789,20.200000762939453,20.489999771118164,980200,20.489999771118164
6/22/2018,22.639999389648438,22.700000762939453,21.829999923706055,22.600000381469727,237300,22.600000381469727
6/21/2018,22.860000610351562,23.20800018310547,22.18000030517578,22.309999465942383,252400,22.309999465942383
6/20/2018,22.976999282836914,23.3700008392334,21.799999237060547,23.239999771118164,392700,23.239999771118164
6/19/2018,22.690000534057617,23.006999969482422,21.860000610351562,22.459999084472656,653500,22.459999084472656
6/18/2018,23.649999618530273,23.649999618530273,22.799999237060547,23.260000228881836,507300,23.260000228881836
6/15/2018,23.059999465942383,23.809999465942383,22.604000091552734,23.760000228881836,685600,23.760000228881836
6/14/2018,23.899999618530273,24.177000045776367,23.1299991607666,23.280000686645508,499300,23.280000686645508
6/13/2018,24.600000381469727,24.65399932861328,23.790000915527344,23.799999237060547,454800,23.799999237060547
6/12/2018,24.549999237060547,25.760000228881836,24.549999237060547,24.719999313354492,631700,24.719999313354492
6/11/2018,24.1200008392334,25.200000762939453,23.8799991607666,24.280000686645508,807300,24.280000686645508
6/8/2018,23.6299991607666,24.229999542236328,23.06999969482422,23.09000015258789,533100,23.09000015258789
6/7/2018,23.93000030517578,23.950000762939453,23.010000228881836,23.6299991607666,705200,23.6299991607666
6/6/2018,25.100000381469727,25.200000762939453,23.809999465942383,23.93000030517578,782600,23.93000030517578
6/5/2018,25.670000076293945,26.049999237060547,24.214000701904297,25.290000915527344,856200,25.290000915527344
6/4/2018,25.100000381469727,25.920000076293945,25,25.729999542236328,758400,25.729999542236328
6/1/2018,23.68000030517578,25.5,22.809999465942383,24.84000015258789,906000,24.84000015258789
5/31/2018,24.239999771118164,24.239999771118164,23.450000762939453,23.459999084472656,1200600,23.459999084472656
5/30/2018,24.440000534057617,24.81999969482422,24,24.239999771118164,683700,24.239999771118164
5/29/2018,26.90999984741211,27.209999084472656,24,24.309999465942383,1632500,24.309999465942383
5/25/2018,30.670000076293945,30.969999313354492,27.040000915527344,27.5,1624700,27.5
5/24/2018,28.420000076293945,29.309999465942383,27.764999389648438,28.579999923706055,972000,28.579999923706055
5/23/2018,29.899999618530273,30,28.34000015258789,28.829999923706055,543000,28.829999923706055
5/22/2018,30.43000030517578,30.655000686645508,29.709999084472656,30,296400,30
5/21/2018,31,31.489999771118164,29.790000915527344,30.389999389648438,263800,30.389999389648438
5/18/2018,31.280000686645508,31.459999084472656,30.5,30.719999313354492,185500,30.719999313354492
5/17/2018,30.969999313354492,31.959999084472656,30.466999053955078,31.280000686645508,191300,31.280000686645508
5/16/2018,30.670000076293945,31.15999984741211,30.459999084472656,31.110000610351562,304000,31.110000610351562
5/15/2018,30.899999618530273,30.899999618530273,30.1299991607666,30.59000015258789,724900,30.59000015258789
5/14/2018,30.799999237060547,31.5,30.600000381469727,31.15999984741211,222400,31.15999984741211
5/11/2018,31.110000610351562,31.493999481201172,30.68000030517578,30.780000686645508,183300,30.780000686645508
5/10/2018,31.030000686645508,31.65999984741211,30.959999084472656,30.969999313354492,191600,30.969999313354492
5/9/2018,30,31.56999969482422,30,30.8700008392334,534200,30.8700008392334
5/8/2018,30.06999969482422,30.149999618530273,29.649999618530273,29.8700008392334,230900,29.8700008392334
5/7/2018,30.530000686645508,30.899999618530273,29.280000686645508,30.09000015258789,605400,30.09000015258789
5/4/2018,30.010000228881836,30.8700008392334,29.93000030517578,30.420000076293945,311700,30.420000076293945
5/3/2018,31.459999084472656,31.520000457763672,29.5,30.040000915527344,470800,30.040000915527344
5/2/2018,32.40999984741211,32.869998931884766,31.235000610351562,31.600000381469727,333800,31.600000381469727
5/1/2018,35.16999816894531,35.16999816894531,31.850000381469727,32.290000915527344,629200,32.290000915527344
4/30/2018,35.34000015258789,35.54999923706055,35.060001373291016,35.27000045776367,304000,35.27000045776367
4/27/2018,35.90999984741211,35.91999816894531,34.900001525878906,35.15999984741211,552700,35.15999984741211
4/26/2018,36.34000015258789,36.34000015258789,35.369998931884766,36.02000045776367,340400,35.7400016784668
4/25/2018,36.08000183105469,36.31999969482422,35.61000061035156,36.04999923706055,270900,35.76976776123047
4/24/2018,36.7599983215332,36.7599983215332,35.209999084472656,36.290000915527344,430000,36.00790023803711
4/23/2018,35.9900016784668,36.439998626708984,35.68000030517578,36.38999938964844,172000,36.10712432861328
4/20/2018,36.439998626708984,36.4900016784668,35.5099983215332,35.970001220703125,262200,35.690391540527344
4/19/2018,36.61000061035156,37.400001525878906,36.25,36.65999984741211,222200,36.37502670288086
4/18/2018,36.369998931884766,36.790000915527344,36.08000183105469,36.63999938964844,202300,36.35517883300781
4/17/2018,35.25,36.68000030517578,35.099998474121094,36.290000915527344,237700,36.00790023803711
4/16/2018,35.119998931884766,35.459999084472656,34.70000076293945,35.08000183105469,324200,34.807308197021484
4/13/2018,35.630001068115234,35.88999938964844,35.08000183105469,35.209999084472656,432400,34.93629455566406
4/12/2018,35.72999954223633,36.189998626708984,35.25,35.470001220703125,324000,35.19427490234375
4/11/2018,34.66999816894531,35.849998474121094,34.66999816894531,35.68000030517578,389800,35.402645111083984
4/10/2018,35.86000061035156,36.0099983215332,34.5099983215332,34.869998931884766,554300,34.59893798828125
4/9/2018,36.0099983215332,36.41999816894531,34.93000030517578,35.029998779296875,663200,34.757694244384766
4/6/2018,35.84000015258789,36.25,35.029998779296875,35.56999969482422,606700,35.29349899291992
4/5/2018,37.5,38,35.86000061035156,35.9900016784668,398600,35.710235595703125
4/4/2018,37,37.97999954223633,35.79999923706055,36.97999954223633,654400,36.692535400390625
4/3/2018,40.08000183105469,40.189998626708984,38.25,38.93000030517578,206700,38.62738037109375
4/2/2018,40,40.619998931884766,38.900001525878906,39.810001373291016,262500,39.50054168701172
3/29/2018,38.400001525878906,40.47999954223633,38.400001525878906,40.22999954223633,504500,39.917274475097656
3/28/2018,39.70000076293945,39.70000076293945,37.86000061035156,38.77000045776367,641200,38.468624114990234
3/27/2018,39.47999954223633,41.400001525878906,39.47999954223633,39.869998931884766,653600,39.5600700378418
3/26/2018,39,39.25,38.470001220703125,39.119998931884766,380500,38.81590270996094
3/23/2018,41.5,41.5,38.20000076293945,38.33000183105469,387200,38.03204345703125
3/22/2018,41.5,41.5,38.5099983215332,38.59000015258789,631800,38.29002380371094
3/21/2018,42.59000015258789,42.599998474121094,41.720001220703125,42.09000015258789,326900,41.762813568115234
3/20/2018,42.41999816894531,42.9900016784668,41.34000015258789,42.970001220703125,632500,42.6359748840332
3/19/2018,42.869998931884766,43,41.58000183105469,42.439998626708984,324400,42.11009216308594
3/16/2018,42.189998626708984,43.43000030517578,42.0099983215332,43.130001068115234,589600,42.79473114013672
3/15/2018,42.849998474121094,43.38999938964844,41.04999923706055,42.040000915527344,965600,41.71320343017578
3/14/2018,42.2599983215332,42.2599983215332,40.31999969482422,41.720001220703125,806800,41.39569091796875
3/13/2018,43.650001525878906,43.7599983215332,41.007999420166016,42.279998779296875,1061800,41.95133590698242
3/12/2018,41.34000015258789,44.099998474121094,41.279998779296875,43.63999938964844,1008300,43.30076599121094
3/9/2018,40.130001068115234,40.7400016784668,39.11000061035156,40.68000030517578,492400,40.36377716064453
3/8/2018,40.630001068115234,41.529998779296875,39.20000076293945,39.52000045776367,579000,39.21279525756836
3/7/2018,40.220001220703125,40.8489990234375,39.61000061035156,40.630001068115234,378800,40.31416702270508
3/6/2018,38.79999923706055,41.22999954223633,38.630001068115234,40.470001220703125,604700,40.15541076660156
3/5/2018,37.91999816894531,39.599998474121094,37.91999816894531,38.650001525878906,435600,38.34955596923828
3/2/2018,38.13999938964844,39.220001220703125,37.42300033569336,39.11000061035156,204200,38.80598068237305
3/1/2018,38.22999954223633,39.11000061035156,37.31999969482422,38.68000030517578,492300,38.37932205200195
2/28/2018,38.04999923706055,38.83000183105469,37.7599983215332,37.869998931884766,585300,37.575618743896484
2/27/2018,37.849998474121094,38.400001525878906,37.11000061035156,37.790000915527344,415500,37.49624252319336
2/26/2018,38.81999969482422,39.869998931884766,37.20000076293945,37.75,455900,37.45655059814453
2/23/2018,38.75,38.9900016784668,37.90999984741211,38.56999969482422,278500,38.27017593383789
2/22/2018,39.689998626708984,39.91999816894531,38.15999984741211,38.279998779296875,418700,37.98242950439453
2/21/2018,40.279998779296875,41.02000045776367,39.380001068115234,39.68000030517578,410800,39.37154769897461
2/20/2018,38.83000183105469,41.029998779296875,38.7599983215332,40.16999816894531,298100,39.85773849487305
2/16/2018,40.16999816894531,40.770999908447266,39.560001373291016,39.599998474121094,271200,39.29216766357422
2/15/2018,40.130001068115234,41.189998626708984,39.900001525878906,40.150001525878906,239000,39.83789825439453
2/14/2018,38,40.68000030517578,37.900001525878906,39.97999954223633,446500,39.66921615600586
2/13/2018,37.900001525878906,38.75,37.619998931884766,38.15999984741211,253400,37.863365173339844
2/12/2018,36.029998779296875,38.349998474121094,36,37.849998474121094,373900,37.5557746887207
2/9/2018,36.130001068115234,36.689998626708984,34.779998779296875,35.4900016784668,605800,35.2141227722168
2/8/2018,37.13999938964844,37.310001373291016,35.209999084472656,35.5,610800,35.22404098510742
2/7/2018,37.70000076293945,38.099998474121094,36.849998474121094,36.91999816894531,288500,36.63300323486328
2/6/2018,36.540000915527344,38.4900016784668,36.029998779296875,37.290000915527344,662900,37.00012969970703
2/5/2018,38.040000915527344,39.3390007019043,37.040000915527344,37.20000076293945,643600,36.91082763671875
2/2/2018,40.33000183105469,40.68000030517578,38.040000915527344,38.380001068115234,564900,38.08165740966797
2/1/2018,39.79999923706055,41.2599983215332,39.349998474121094,40.70000076293945,620800,40.38362121582031
1/31/2018,41.5099983215332,42.349998474121094,40.119998931884766,40.41999816894531,365000,40.105796813964844
1/30/2018,42.68000030517578,42.68000030517578,41,41.2400016784668,604800,40.91942596435547
1/29/2018,43.11000061035156,44.5,42.45000076293945,43.18000030517578,521800,42.84434127807617
1/26/2018,43.11000061035156,44.66999816894531,42.709999084472656,43.58000183105469,554600,43.241233825683594
1/25/2018,41.52000045776367,43.86000061035156,41.349998474121094,42.90999984741211,748500,42.576438903808594
1/24/2018,39.0099983215332,41.45000076293945,38.040000915527344,41.34000015258789,555100,41.018646240234375
1/23/2018,38.79999923706055,39.880001068115234,38.4900016784668,38.779998779296875,411800,38.47854232788086
1/22/2018,38.29999923706055,39.189998626708984,37.81999969482422,38.54999923706055,603900,38.25033187866211
1/19/2018,39.220001220703125,39.38999938964844,37.369998931884766,38.04999923706055,555700,37.75421905517578
1/18/2018,41.880001068115234,42.209999084472656,38.599998474121094,38.81999969482422,778300,38.51823425292969
1/17/2018,39.939998626708984,42.7599983215332,39.939998626708984,41.65999984741211,567200,41.336158752441406
1/16/2018,40.470001220703125,40.775001525878906,39.34000015258789,39.93000030517578,582200,39.619606018066406
1/12/2018,41.40999984741211,41.599998474121094,39.5,40,398500,39.68906021118164
1/11/2018,40.84000015258789,41.9900016784668,40.20000076293945,41.349998474121094,240900,41.028564453125
1/10/2018,42.7599983215332,43.59000015258789,40.88999938964844,41.33000183105469,473600,41.008724212646484
1/9/2018,42.27000045776367,42.9900016784668,40,42.75,620500,42.417686462402344
1/8/2018,44.65999984741211,44.65999984741211,41.5099983215332,41.970001220703125,576800,41.64374923706055
1/5/2018,46.38999938964844,46.38999938964844,43.599998474121094,44.65999984741211,427200,44.312835693359375
1/4/2018,47,47.70000076293945,44.76499938964844,45.439998626708984,483200,45.08677291870117
1/3/2018,46.900001525878906,47.93000030517578,46.40999984741211,47.0099983215332,512000,46.644569396972656
1/2/2018,43.79999923706055,47.75,43.79999923706055,47.58000183105469,459500,47.210140228271484
12/29/2017,43.5,44.66999816894531,43.220001220703125,43.970001220703125,162500,43.62820053100586
12/28/2017,43.45000076293945,43.95000076293945,43.2599983215332,43.5,236800,43.1618537902832
12/27/2017,43.61000061035156,43.86000061035156,42.84000015258789,43.380001068115234,256100,43.042789459228516
12/26/2017,43.02000045776367,44.040000915527344,41.90999984741211,43.599998474121094,331800,43.26107406616211
12/22/2017,43.95000076293945,43.95000076293945,42.79999923706055,43.0099983215332,131200,42.675662994384766
12/21/2017,44.81999969482422,45,43.189998626708984,43.689998626708984,360100,43.35037612915039
12/20/2017,42.099998474121094,44.880001068115234,42.060001373291016,44.79999923706055,439200,44.45174789428711
12/19/2017,41.54999923706055,43.95000076293945,41.040000915527344,42.25,525500,41.92156982421875
12/18/2017,41.400001525878906,41.900001525878906,40.5,41.72999954223633,348200,41.40561294555664
12/15/2017,41.060001373291016,41.38999938964844,39.599998474121094,41.38999938964844,562000,41.06825637817383
12/14/2017,39.88999938964844,41.31999969482422,39.27000045776367,41.04999923706055,487500,40.730899810791016
12/13/2017,38.47999954223633,40.18199920654297,38.220001220703125,40.04999923706055,301300,39.738670349121094
12/12/2017,39.70000076293945,40.209999084472656,37.95000076293945,38.13999938964844,497600,37.84352111816406
12/11/2017,38.040000915527344,39.939998626708984,37.84000015258789,39.7599983215332,476700,39.450923919677734
12/8/2017,36.189998626708984,38.560001373291016,36.189998626708984,38.119998931884766,1016800,37.823673248291016
12/7/2017,36.040000915527344,36.86000061035156,35.599998474121094,36.04999923706055,725600,35.76976776123047
12/6/2017,35.16999816894531,37.34000015258789,35.02000045776367,36.04999923706055,751900,35.76976776123047
12/5/2017,33.869998931884766,35.06999969482422,32.534000396728516,35.06999969482422,942100,34.797386169433594
12/4/2017,37.41999816894531,37.77000045776367,33.029998779296875,33.90999984741211,1005800,33.646400451660156
12/1/2017,36.9900016784668,38.88999938964844,35.43000030517578,37.439998626708984,626700,37.14896011352539
11/30/2017,39.47999954223633,40.029998779296875,38.650001525878906,39.86000061035156,583200,39.55015182495117
11/29/2017,40.310001373291016,40.599998474121094,39.130001068115234,39.45000076293945,608300,39.14333724975586
11/28/2017,39.02000045776367,40.5,38.220001220703125,40.31999969482422,594900,40.00657272338867
11/27/2017,39.0099983215332,39.5,37.75,39.2400016784668,1091500,38.93497085571289
11/24/2017,42,42,38.27000045776367,38.290000915527344,1443300,37.99235534667969
11/22/2017,44.4900016784668,44.5,41.5099983215332,42.709999084472656,951900,42.377994537353516
11/21/2017,43.150001525878906,44.91999816894531,40.810001373291016,44.900001525878906,1606600,44.55097198486328
11/20/2017,40.7400016784668,45.220001220703125,40.470001220703125,45.099998474121094,978100,44.74941635131836
11/17/2017,40.650001525878906,41.65999984741211,39.79999923706055,41.54999923706055,780300,41.227012634277344
11/16/2017,41.209999084472656,42,40.20000076293945,40.650001525878906,717400,40.33401107788086
11/15/2017,39.560001373291016,41.599998474121094,37.20000076293945,41.06999969482422,1297600,40.7507438659668
11/14/2017,42.22999954223633,42.31999969482422,40.400001525878906,41.75,743100,41.42545700073242
11/13/2017,43.13999938964844,43.790000915527344,41.189998626708984,41.849998474121094,525900,41.524681091308594
11/10/2017,42.869998931884766,43.59600067138672,41.72999954223633,42.709999084472656,506700,42.377994537353516
11/9/2017,41,42.709999084472656,39.459999084472656,42.4900016784668,682500,42.159706115722656
11/8/2017,41.79999923706055,42.08000183105469,40.5,41.27000045776367,343900,40.949188232421875
11/7/2017,42.5,43.43000030517578,41.0099983215332,41.630001068115234,432100,41.306392669677734
11/6/2017,41.861000061035156,43.15999984741211,41,42.63999938964844,494200,42.30854034423828
11/3/2017,42.45000076293945,43.25,41.2400016784668,41.810001373291016,317200,41.48499298095703
11/2/2017,42.5,43.7400016784668,41.689998626708984,42.54999923706055,439600,42.21923828125
11/1/2017,43.5099983215332,45.29999923706055,42.08000183105469,42.52000045776367,627400,42.18947219848633
10/31/2017,42.150001525878906,44.029998779296875,41.599998474121094,43.38999938964844,668700,43.05270767211914
10/30/2017,43.380001068115234,43.4900016784668,40.29999923706055,42.06999969482422,965600,41.74296951293945
10/27/2017,46.900001525878906,46.900001525878906,41.45000076293945,43.7599983215332,1281300,43.419830322265625
10/26/2017,47.31999969482422,48.2400016784668,45.25,45.52000045776367,680000,45.16615295410156
10/25/2017,50.52000045776367,51.2599983215332,46.22999954223633,47.099998474121094,815200,46.73386764526367
10/24/2017,50,50.959999084472656,49.099998474121094,50.779998779296875,398800,50.38526153564453
10/23/2017,50.56999969482422,50.939998626708984,48.68000030517578,50.130001068115234,336800,49.740318298339844
10/20/2017,51.400001525878906,52.77000045776367,50.20000076293945,50.529998779296875,615000,50.13720703125
10/19/2017,50.70000076293945,50.97999954223633,48.15999984741211,50.7400016784668,748300,50.345577239990234
10/18/2017,53,53.5,50.61000061035156,52.27000045776367,827900,51.86368179321289
10/17/2017,51.349998474121094,53.4900016784668,50.599998474121094,51.810001373291016,678000,51.407257080078125
10/16/2017,50.290000915527344,51.400001525878906,49.290000915527344,51.29999923706055,413600,50.901222229003906
10/13/2017,50.29999923706055,51.279998779296875,48.349998474121094,49.79999923706055,565800,49.412879943847656
10/12/2017,49.2400016784668,50.869998931884766,48.84000015258789,50.619998931884766,471300,50.226505279541016
10/11/2017,47.130001068115234,49.810001373291016,47.130001068115234,48.79999923706055,593800,48.420654296875
10/10/2017,47.20000076293945,50.59000015258789,46.65999984741211,46.91999816894531,1097500,46.555267333984375
10/9/2017,46.040000915527344,48.439998626708984,45.70000076293945,47.220001220703125,654200,46.85293960571289
10/6/2017,44.349998474121094,45.68000030517578,44.0099983215332,45.599998474121094,229300,45.24552917480469
10/5/2017,45,45.279998779296875,43.68000030517578,44.7400016784668,209600,44.392215728759766
10/4/2017,45.36000061035156,45.36000061035156,43.439998626708984,44.459999084472656,422200,44.1143913269043
10/3/2017,42.650001525878906,45.779998779296875,42.492000579833984,45.529998779296875,606500,45.17607498168945
10/2/2017,42.599998474121094,42.88999938964844,41.849998474121094,42.380001068115234,223200,42.050559997558594
9/29/2017,43.13999938964844,43.880001068115234,41.54399871826172,41.939998626708984,326100,41.61397933959961
9/28/2017,43.849998474121094,43.849998474121094,42.2400016784668,43.13999938964844,288600,42.80465316772461
9/27/2017,42.70000076293945,45.06999969482422,42.599998474121094,44.709999084472656,496600,42.87411117553711
9/26/2017,42.61000061035156,43.88999938964844,42,42.52000045776367,254400,40.7740364074707
9/25/2017,44.95000076293945,45.220001220703125,41.79999923706055,42.459999084472656,525800,40.716495513916016
9/22/2017,43.5099983215332,44.95000076293945,43.209999084472656,44.75,358300,42.91246795654297
9/21/2017,44.529998779296875,44.678001403808594,42.20000076293945,43.709999084472656,481300,41.91516876220703
9/20/2017,45.5,45.59000015258789,44.11000061035156,44.90999984741211,408900,43.065895080566406
9/19/2017,45.869998931884766,45.90999984741211,44.529998779296875,45.84000015258789,391300,43.95771026611328
9/18/2017,44.880001068115234,45.46699905395508,44.25,45.38999938964844,343200,43.526187896728516
9/15/2017,44.650001525878906,44.86899948120117,44,44.720001220703125,241300,42.883697509765625
9/14/2017,43.59000015258789,44.88999938964844,43.38999938964844,44.540000915527344,265700,42.711090087890625
9/13/2017,44.599998474121094,45,43.619998931884766,44.06999969482422,361600,42.2603874206543
9/12/2017,42.790000915527344,45,42.35599899291992,44.59000015258789,668200,42.759037017822266
9/11/2017,41.65999984741211,42.689998626708984,41.34000015258789,42.65999984741211,361600,40.908287048339844
9/8/2017,41.790000915527344,42.02000045776367,41.06999969482422,41.130001068115234,255600,39.44111251831055
9/7/2017,40.59000015258789,42,40.59000015258789,41.790000915527344,375900,40.074012756347656
9/6/2017,39.9900016784668,41.06999969482422,39.88999938964844,40.59000015258789,499300,38.92328643798828
9/5/2017,41.45000076293945,41.869998931884766,39.150001525878906,39.380001068115234,472200,37.76297378540039
9/1/2017,39.959999084472656,41.61000061035156,39.7599983215332,41.45000076293945,516500,39.74797439575195
8/31/2017,39.9900016784668,40,39.380001068115234,40,222400,38.35750961303711
8/30/2017,39.4900016784668,40,38.650001525878906,39.790000915527344,274700,38.15613555908203
8/29/2017,36.45000076293945,39.68000030517578,36.380001068115234,39.119998931884766,391800,37.51364517211914
8/28/2017,38.349998474121094,38.42499923706055,36.400001525878906,37.2599983215332,521400,35.73002243041992
8/25/2017,38.349998474121094,38.95000076293945,37.96099853515625,38.349998474121094,430000,36.775264739990234
8/24/2017,39.11000061035156,39.849998474121094,37.5,37.9900016784668,735700,36.43004608154297
8/23/2017,38.43000030517578,39.709999084472656,37.41999816894531,39.369998931884766,561800,37.753379821777344
8/22/2017,39.970001220703125,40.499000549316406,38.54999923706055,38.84000015258789,468800,37.24514389038086
8/21/2017,40,40.9900016784668,39.41999816894531,40.06999969482422,286800,38.42463684082031
8/18/2017,39.83000183105469,40.4900016784668,38.2140007019043,40.0099983215332,497900,38.36709976196289
8/17/2017,40.36000061035156,40.970001220703125,39.400001525878906,39.45000076293945,397700,37.83009719848633
8/16/2017,40.04999923706055,41.349998474121094,39.79999923706055,40.810001373291016,483500,39.134254455566406
8/15/2017,41.16999816894531,42.099998474121094,39.611000061035156,40.41999816894531,644900,38.7602653503418
8/14/2017,39.38999938964844,41.849998474121094,39.31999969482422,41.11000061035156,1026700,39.421932220458984
8/11/2017,35.20000076293945,38.72999954223633,35.13999938964844,38.63999938964844,705900,37.0533561706543
8/10/2017,35.880001068115234,36.76100158691406,35.029998779296875,35.68000030517578,540400,34.214900970458984
8/9/2017,36.20000076293945,37.06999969482422,35.20000076293945,36.790000915527344,529300,35.27932357788086
8/8/2017,37.33000183105469,39.900001525878906,36.0369987487793,37.040000915527344,1214400,35.5190544128418
8/7/2017,33.43000030517578,37.400001525878906,33.15999984741211,37.27000045776367,1102100,35.73960876464844
8/4/2017,32.52000045776367,33.16999816894531,31.850000381469727,33.04999923706055,362000,31.692893981933594
8/3/2017,30.260000228881836,32.38999938964844,30,32.150001525878906,763000,30.829851150512695
8/2/2017,33.4900016784668,34.41999816894531,29.079999923706055,30.56999969482422,2006300,29.314727783203125
8/1/2017,36.279998779296875,36.70000076293945,32.099998474121094,33.59000015258789,2543300,32.21072006225586
7/31/2017,35.43000030517578,38.4900016784668,35.29999923706055,38.2599983215332,1284400,36.68895721435547
7/28/2017,35.43000030517578,35.979000091552734,34.88999938964844,35.119998931884766,477900,33.677894592285156
7/27/2017,35.66999816894531,36.310001373291016,35.31999969482422,35.459999084472656,644900,34.00393295288086
7/26/2017,35.68000030517578,36.470001220703125,35,35.4900016784668,373600,34.0327033996582
7/25/2017,35.61000061035156,35.97999954223633,34.2400016784668,35.599998474121094,565100,34.138187408447266
7/24/2017,32.9900016784668,35.75,32.5,34.869998931884766,898300,33.43815994262695
7/21/2017,33.5,33.70000076293945,32.68000030517578,33.18000030517578,420500,31.817556381225586
7/20/2017,34.900001525878906,35.47999954223633,32.04999923706055,33.790000915527344,1190500,32.40250778198242
7/19/2017,35.0099983215332,36.91999816894531,33.599998474121094,34.7599983215332,1523400,33.33267593383789
7/18/2017,31.979999542236328,35,31.979999542236328,34.869998931884766,1092400,33.43815994262695
7/17/2017,30.719999313354492,32.900001525878906,30.5,31.979999542236328,1055100,30.66683006286621
7/14/2017,28.760000228881836,30.989999771118164,28.760000228881836,30.889999389648438,720700,29.6215877532959
7/13/2017,29.719999313354492,30.100000381469727,28.329999923706055,28.56999969482422,729800,27.396852493286133
7/12/2017,28.860000610351562,30,28.829999923706055,29.719999313354492,864000,28.499629974365234
7/11/2017,26.350000381469727,28.790000915527344,26.350000381469727,28.719999313354492,1076300,27.540693283081055
7/10/2017,26.219999313354492,26.339000701904297,25.760000228881836,26.219999313354492,199100,25.143348693847656
7/7/2017,25.75,26.290000915527344,25.739999771118164,26.079999923706055,238900,25.009098052978516
7/6/2017,25.860000610351562,25.860000610351562,25.100000381469727,25.549999237060547,187000,24.5008602142334
7/5/2017,25.290000915527344,25.950000762939453,25.176000595092773,25.889999389648438,168800,24.8268985748291
7/3/2017,24.959999084472656,25.709999084472656,24.770000457763672,25.209999084472656,198800,24.174821853637695
6/30/2017,24.850000381469727,25.290000915527344,24.770000457763672,25,243200,23.973445892333984
6/29/2017,25.56999969482422,25.68000030517578,24.549999237060547,24.829999923706055,215500,23.810426712036133
6/28/2017,25.649999618530273,26.5,24.8700008392334,25.450000762939453,400900,24.40496826171875
6/27/2017,25.170000076293945,26.579999923706055,24.889999389648438,25.579999923706055,735400,24.52962875366211
6/26/2017,24.709999084472656,25.339000701904297,24.649999618530273,25.190000534057617,406300,24.155643463134766
6/23/2017,23.84000015258789,24.700000762939453,23.84000015258789,24.549999237060547,307000,23.541921615600586
6/22/2017,23.950000762939453,24.25,23.799999237060547,23.90999984741211,138800,22.92820167541504
6/21/2017,24.100000381469727,24.299999237060547,23.8700008392334,24.18000030517578,187700,23.187116622924805
6/20/2017,24.06999969482422,24.469999313354492,24.020000457763672,24.020000457763672,180500,23.0336856842041
6/19/2017,23.670000076293945,24.040000915527344,23.649999618530273,24,135000,23.014507293701172
6/16/2017,23.719999313354492,24,23.399999618530273,23.600000381469727,288700,22.630931854248047
6/15/2017,23.899999618530273,24.139999389648438,23.6299991607666,23.920000076293945,223300,22.93779182434082
6/14/2017,24.5,24.8799991607666,24.15999984741211,24.34000015258789,183600,23.340547561645508
6/13/2017,24.190000534057617,24.81999969482422,24.190000534057617,24.489999771118164,130700,23.484386444091797
6/12/2017,24.040000915527344,24.44499969482422,23.56999969482422,24.15999984741211,232800,23.167936325073242
6/9/2017,24.950000762939453,25.040000915527344,23.739999771118164,23.93000030517578,427200,22.9473819732666
6/8/2017,25.139999389648438,25.200000762939453,24.163999557495117,24.850000381469727,285500,23.829605102539062
6/7/2017,24.549999237060547,25.049999237060547,24.5,24.790000915527344,527600,23.772069931030273
6/6/2017,24.149999618530273,24.780000686645508,24.1200008392334,24.3799991607666,331400,23.378902435302734
6/5/2017,23.43000030517578,24.200000762939453,23.399999618530273,24.149999618530273,254100,23.158348083496094
6/2/2017,23.920000076293945,23.920000076293945,23.25,23.440000534057617,256900,22.477502822875977
6/1/2017,23.260000228881836,23.989999771118164,23.18000030517578,23.829999923706055,358400,22.85148811340332
5/31/2017,23.940000534057617,23.950000762939453,23,23.18000030517578,485300,22.228178024291992
5/30/2017,23.670000076293945,23.899999618530273,23.399999618530273,23.889999389648438,265600,22.90902328491211
5/26/2017,24.010000228881836,24.139999389648438,23.770000457763672,23.829999923706055,260500,22.85148811340332
5/25/2017,24.18000030517578,24.59000015258789,23.889999389648438,24.09000015258789,293700,23.100811004638672
5/24/2017,23.760000228881836,24.3700008392334,23.610000610351562,24.1200008392334,438300,23.129579544067383
5/23/2017,24,24.549999237060547,23.5,23.700000762939453,768400,22.726825714111328
5/22/2017,25.5,26.6200008392334,23.309999465942383,23.6299991607666,2479600,22.659698486328125
5/19/2017,23.979999542236328,24.530000686645508,23.719999313354492,24.010000228881836,778900,23.02409553527832
5/18/2017,23.1200008392334,24.110000610351562,23.020000457763672,23.450000762939453,545500,22.487092971801758
5/17/2017,24.51099967956543,24.649999618530273,22.760000228881836,23.010000228881836,588500,22.06515884399414
5/16/2017,24,24.860000610351562,23.899999618530273,24.690000534057617,639400,23.67617416381836
5/15/2017,24,24.1200008392334,23.75,23.989999771118164,393500,23.00491714477539
5/12/2017,23.790000915527344,24,23.709999084472656,23.899999618530273,304800,22.91861343383789
5/11/2017,24.34000015258789,24.34000015258789,23.600000381469727,23.790000915527344,443300,22.81313133239746
5/10/2017,24.200000762939453,24.950000762939453,24.190000534057617,24.350000381469727,432600,23.350135803222656
5/9/2017,23.829999923706055,25.399999618530273,23.780000686645508,24.239999771118164,479300,23.244651794433594
5/8/2017,24.290000915527344,24.329999923706055,23.700000762939453,23.899999618530273,193000,22.91861343383789
5/5/2017,24.059999465942383,24.31599998474121,23.93000030517578,24.229999542236328,315900,23.235061645507812
5/4/2017,24.079999923706055,24.454999923706055,23.899999618530273,24.059999465942383,377700,23.07204246520996
5/3/2017,24.93000030517578,25.15999984741211,24,24.1200008392334,413700,23.129579544067383
5/2/2017,24.899999618530273,25.309999465942383,24.739999771118164,24.799999237060547,418300,23.78165626525879
5/1/2017,25.209999084472656,25.399999618530273,24.600000381469727,24.850000381469727,325000,23.829605102539062
4/28/2017,24.799999237060547,25.139999389648438,24.639999389648438,24.959999084472656,306200,23.935087203979492
4/27/2017,24.1200008392334,24.770000457763672,24.1200008392334,24.600000381469727,133900,23.58987045288086
4/26/2017,24.709999084472656,25,24.06999969482422,24.079999923706055,201300,23.09122085571289
4/25/2017,24.329999923706055,25,24.25,24.639999389648438,232100,23.62822723388672
4/24/2017,23.989999771118164,24.25,23.665000915527344,24.15999984741211,134100,23.167936325073242
4/21/2017,23.280000686645508,23.850000381469727,23.18000030517578,23.6299991607666,240200,22.659698486328125
4/20/2017,23.43000030517578,23.780000686645508,23.18000030517578,23.209999084472656,195200,22.25694465637207
4/19/2017,23.450000762939453,23.75,23.200000762939453,23.3700008392334,228100,22.410377502441406
4/18/2017,23.729999542236328,23.75,23.299999237060547,23.469999313354492,129200,22.506269454956055
4/17/2017,24,24.290000915527344,23.270000457763672,23.920000076293945,308800,22.93779182434082
4/13/2017,24.520000457763672,24.520000457763672,24,24.010000228881836,175800,23.02409553527832
4/12/2017,24.489999771118164,24.780000686645508,24.219999313354492,24.329999923706055,136500,23.330955505371094
4/11/2017,25.299999237060547,25.365999221801758,24.43000030517578,24.610000610351562,255800,23.599458694458008
4/10/2017,24.81999969482422,25.457000732421875,24.77199935913086,25.31999969482422,187200,24.280305862426758
4/7/2017,24.5,25.15999984741211,24.40999984741211,24.899999618530273,322000,23.87755012512207
4/6/2017,24.969999313354492,24.969999313354492,24.5,24.610000610351562,167200,23.599458694458008
4/5/2017,25.43000030517578,25.889999389648438,24.65999984741211,24.65999984741211,222600,23.64740562438965
4/4/2017,26.100000381469727,26.100000381469727,24.75,25.420000076293945,282900,24.376197814941406
4/3/2017,25.200000762939453,26.15999984741211,25.06999969482422,25.68000030517578,445400,24.62552261352539
3/31/2017,24.90999984741211,25.190000534057617,24.5,25.09000015258789,258800,24.059749603271484
3/30/2017,25.020000457763672,25.18000030517578,24.6200008392334,25.040000915527344,245700,24.011804580688477
3/29/2017,24.690000534057617,25.290000915527344,24.600000381469727,24.760000228881836,327800,23.74329948425293
3/28/2017,25,25.39900016784668,24.360000610351562,24.559999465942383,425500,23.551511764526367
3/27/2017,24.700000762939453,25.3799991607666,24.059999465942383,25.049999237060547,370900,24.021390914916992
3/24/2017,25,25.579999923706055,24.31999969482422,24.940000534057617,570200,23.915908813476562
3/23/2017,24.25,24.989999771118164,23.600000381469727,24.850000381469727,552000,23.829605102539062
3/22/2017,24.18000030517578,24.43000030517578,23.459999084472656,24.3700008392334,370700,23.369314193725586
3/21/2017,25.100000381469727,25.440000534057617,23.329999923706055,23.799999237060547,833300,22.822717666625977
3/20/2017,23.440000534057617,25,23.350000381469727,24.770000457763672,926200,23.75288963317871
3/17/2017,26.200000762939453,26.670000076293945,23.149999618530273,23.31999969482422,1728800,22.362430572509766
3/16/2017,28.139999389648438,30.5,25.540000915527344,25.649999618530273,2303500,24.59675407409668
3/15/2017,28.450000762939453,29.5,28.059999465942383,29.290000915527344,730100,28.087289810180664
3/14/2017,28.68000030517578,28.90999984741211,27.799999237060547,28.649999618530273,721200,27.473567962646484
3/13/2017,28.6299991607666,28.979999542236328,27.610000610351562,28.139999389648438,528100,26.98451042175293
3/10/2017,27.8700008392334,29.450000762939453,27.81999969482422,28.260000228881836,590900,27.099580764770508
3/9/2017,31,31.639999389648438,27.610000610351562,27.829999923706055,1021900,26.687238693237305
3/8/2017,29.360000610351562,31.200000762939453,29.360000610351562,30.389999389648438,776800,29.142120361328125
3/7/2017,28.200000762939453,29.389999389648438,27.926000595092773,29.31999969482422,867100,28.11605453491211
3/6/2017,27.059999465942383,28,26.235000610351562,27.860000610351562,624800,26.716007232666016
3/3/2017,25.149999618530273,27,25.049999237060547,26.780000686645508,898700,25.680355072021484
3/2/2017,24.5,25.450000762939453,24.34000015258789,25.399999618530273,376300,24.35702133178711
3/1/2017,24.059999465942383,24.645000457763672,24.010000228881836,24.450000762939453,191300,23.446029663085938
2/28/2017,23.75,24.229999542236328,23.229999542236328,23.799999237060547,257800,22.822717666625977
2/27/2017,24.690000534057617,24.829999923706055,23.860000610351562,24,380200,23.014507293701172
2/24/2017,23.75,24.579999923706055,23.3799991607666,24.579999923706055,462300,23.570690155029297
2/23/2017,25.479999542236328,25.790000915527344,23.40999984741211,23.889999389648438,760500,22.90902328491211
2/22/2017,24.719999313354492,25.799999237060547,24.059999465942383,25.709999084472656,630800,24.65428924560547
2/21/2017,24.989999771118164,25,24.350000381469727,24.770000457763672,471700,23.75288963317871
2/17/2017,24.40999984741211,24.84000015258789,23.93000030517578,24.84000015258789,379800,23.82001495361328
2/16/2017,23.75,24.5,23.579999923706055,24.389999389648438,799000,23.388492584228516
2/15/2017,23.989999771118164,24.010000228881836,23.299999237060547,23.649999618530273,282400,22.678878784179688
2/14/2017,23.3799991607666,24.399999618530273,23.3799991607666,23.8700008392334,478100,22.88984489440918
2/13/2017,22.899999618530273,24.440000534057617,22.65999984741211,23.389999389648438,743100,22.429553985595703
2/10/2017,22.3700008392334,22.959999084472656,22.139999389648438,22.899999618530273,332800,21.959674835205078
2/9/2017,22.799999237060547,22.8700008392334,21.899999618530273,22.479999542236328,282700,21.556921005249023
2/8/2017,21.979999542236328,22.950000762939453,21.520999908447266,22.670000076293945,688200,21.739120483398438
2/7/2017,22.06999969482422,22.5,21.450000762939453,22.040000915527344,500400,21.13498878479004
2/6/2017,23.350000381469727,23.84000015258789,21.510000228881836,21.649999618530273,718500,20.761003494262695
2/3/2017,24.600000381469727,24.600000381469727,23.139999389648438,23.3799991607666,553400,22.419963836669922
2/2/2017,23.200000762939453,24.770000457763672,22.799999237060547,24.469999313354492,666300,23.465208053588867
2/1/2017,21.139999389648438,23.219999313354492,21.139999389648438,23.149999618530273,696800,22.19940948486328
1/31/2017,20.040000915527344,21.1299991607666,19.899999618530273,21.1299991607666,568000,20.262353897094727
1/30/2017,21.229999542236328,21.389999389648438,20.010000228881836,20.1299991607666,431300,19.303417205810547
1/27/2017,21.56999969482422,21.56999969482422,21.030000686645508,21.229999542236328,522100,20.358247756958008
1/26/2017,21.360000610351562,21.579999923706055,21.18000030517578,21.280000686645508,360500,20.40619659423828
1/25/2017,21.200000762939453,21.57699966430664,21.033000946044922,21.229999542236328,225800,20.358247756958008
1/24/2017,21.780000686645508,21.989999771118164,21.229999542236328,21.299999237060547,384600,20.425373077392578
1/23/2017,20.799999237060547,21.65999984741211,19.850000381469727,21.65999984741211,700300,20.770591735839844
1/20/2017,21.040000915527344,21.18000030517578,20.649999618530273,20.8799991607666,221800,20.022621154785156
1/19/2017,21.200000762939453,21.6299991607666,20.739999771118164,20.979999542236328,374000,20.118513107299805
1/18/2017,21.799999237060547,22.200000762939453,20.899999618530273,20.920000076293945,489700,20.060977935791016
1/17/2017,22.270000457763672,22.299999237060547,21.700000762939453,21.760000228881836,185400,20.866485595703125
1/13/2017,22.030000686645508,22.690000534057617,21.559999465942383,21.940000534057617,484100,21.03909683227539
1/12/2017,22.530000686645508,22.639999389648438,21.31999969482422,22.09000015258789,428600,21.182937622070312
1/11/2017,22.6200008392334,23,22.299999237060547,22.68000030517578,185900,21.748708724975586
1/10/2017,22.5,23.190000534057617,22.020000457763672,22.649999618530273,448900,21.719940185546875
1/9/2017,22.5,22.864999771118164,21.959999084472656,22.31999969482422,438300,21.40349006652832
1/6/2017,22.600000381469727,22.652000427246094,21.709999084472656,22.3799991607666,435400,21.461027145385742
1/5/2017,22.299999237060547,22.875999450683594,21.760000228881836,22.700000762939453,544800,21.767887115478516
1/4/2017,21.770000457763672,21.979999542236328,21.149999618530273,21.860000610351562,322600,20.96238136291504
1/3/2017,21.65999984741211,21.899999618530273,21.09000015258789,21.34000015258789,315000,20.46373176574707
12/30/2016,21.5,21.73900032043457,20.5,20.719999313354492,477100,19.869190216064453
12/29/2016,22.25,22.799999237060547,21.239999771118164,21.5,321400,20.617162704467773
12/28/2016,22.3700008392334,22.90999984741211,22.049999237060547,22.450000762939453,285100,21.528154373168945
12/27/2016,22,22.636999130249023,21.950000762939453,22.299999237060547,168000,21.38431167602539
12/23/2016,22.690000534057617,22.97100067138672,21.809999465942383,22.190000534057617,279500,21.27882957458496
12/22/2016,23.149999618530273,23.850000381469727,22.600000381469727,22.719999313354492,504300,21.787065505981445
12/21/2016,21.350000381469727,23.670000076293945,21.219999313354492,22.799999237060547,885400,21.863780975341797
12/20/2016,23.610000610351562,23.610000610351562,21.3799991607666,21.5,959900,20.617162704467773
12/19/2016,25.90999984741211,25.90999984741211,22.920000076293945,23.1200008392334,849100,22.170642852783203
12/16/2016,27.170000076293945,27.329999923706055,25.469999313354492,25.469999313354492,551500,24.424144744873047
12/15/2016,26.959999084472656,27.48900032043457,26.621000289916992,26.780000686645508,324000,25.680355072021484
12/14/2016,27.02899932861328,27.35700035095215,26.549999237060547,26.8799991607666,254100,25.776247024536133
12/13/2016,28.100000381469727,28.3700008392334,26.770000457763672,26.940000534057617,729700,25.833784103393555
12/12/2016,27.84000015258789,28.239999771118164,26.1200008392334,28.139999389648438,369000,26.98451042175293
12/9/2016,29.049999237060547,29.5,27.920000076293945,28.100000381469727,609300,26.94615364074707
12/8/2016,27.1299991607666,29.100000381469727,27.040000915527344,28.770000457763672,729800,27.588640213012695
12/7/2016,26.93000030517578,28.200000762939453,26.6299991607666,27.18000030517578,299600,26.063928604125977
12/6/2016,27.200000762939453,27.829999923706055,26.530000686645508,26.979999542236328,459700,25.872140884399414
12/5/2016,26.520000457763672,27.780000686645508,26.049999237060547,27.34000015258789,317300,26.21735954284668
12/2/2016,27.510000228881836,27.959999084472656,25.889999389648438,26.549999237060547,497900,25.45979881286621
12/1/2016,28.34000015258789,29.200000762939453,27.219999313354492,27.360000610351562,337300,26.23653793334961
11/30/2016,29.81999969482422,30.200000762939453,28.260000228881836,28.3700008392334,541600,27.20506477355957
11/29/2016,28.25,30.5,27.59000015258789,29.170000076293945,1066300,27.97221565246582
11/28/2016,27.600000381469727,28.349000930786133,27.200000762939453,27.860000610351562,427500,26.716007232666016
11/25/2016,28.25,28.440000534057617,27.58799934387207,27.84000015258789,97500,26.696826934814453
11/23/2016,28.299999237060547,28.40999984741211,27.121000289916992,28.190000534057617,316800,27.03245735168457
11/22/2016,29.6200008392334,29.937999725341797,27.899999618530273,28,672700,26.850257873535156
11/21/2016,29.1200008392334,29.950000762939453,28.09000015258789,29.3799991607666,428600,28.17359161376953
11/18/2016,28.5,29.770000457763672,28.309999465942383,29.389999389648438,657400,28.18317985534668
11/17/2016,29.110000610351562,29.639999389648438,27.510000228881836,28.270000457763672,565300,27.109172821044922
11/16/2016,32.880001068115234,33.619998931884766,28.5,29,1460800,27.80919647216797
11/15/2016,31,31.290000915527344,29.229999542236328,30.299999237060547,851700,29.05581283569336
11/14/2016,29.43000030517578,30.600000381469727,29.43000030517578,30.549999237060547,457500,29.295549392700195
11/11/2016,29.079999923706055,29.489999771118164,27.90999984741211,29.43000030517578,337600,28.221538543701172
11/10/2016,29.540000915527344,30.790000915527344,28.31999969482422,29.219999313354492,617500,28.020160675048828
11/9/2016,27.34000015258789,29.56999969482422,27.239999771118164,29.18000030517578,280100,27.9818058013916
11/8/2016,29.600000381469727,30.200000762939453,28.110000610351562,28.600000381469727,356600,27.425621032714844
11/7/2016,28.399999618530273,29.68000030517578,28.399999618530273,29.600000381469727,470300,28.384557723999023
11/4/2016,26.81999969482422,27.809999465942383,26.649999618530273,27.530000686645508,344600,26.399559020996094
11/3/2016,25.780000686645508,27.200000762939453,25.649999618530273,26.809999465942383,327500,25.709121704101562
11/2/2016,26.540000915527344,26.540000915527344,25,26,432100,24.932382583618164
11/1/2016,29.360000610351562,29.763999938964844,25.440000534057617,26.040000915527344,809100,24.970741271972656
10/31/2016,28.399999618530273,29.5,28.319000244140625,29,330400,27.80919647216797
10/28/2016,27.989999771118164,28.309999465942383,26.600000381469727,28.229999542236328,432700,27.07081413269043
10/27/2016,29.540000915527344,29.850000381469727,27.5,28.1299991607666,605800,26.974918365478516
10/26/2016,31.34000015258789,31.549999237060547,29.190000534057617,29.459999084472656,697100,28.250307083129883
10/25/2016,30.989999771118164,31.860000610351562,30.209999084472656,30.850000381469727,380000,29.58323097229004
10/24/2016,30.31999969482422,32,30.31999969482422,30.940000534057617,624200,29.66953468322754
10/21/2016,29.81999969482422,30.476999282836914,29.360000610351562,30.270000457763672,199600,29.027048110961914
10/20/2016,29.489999771118164,30.57900047302246,28.722999572753906,29.81999969482422,428700,28.59552574157715
10/19/2016,28.940000534057617,30.649999618530273,28.299999237060547,29.270000457763672,635400,28.0681095123291
10/18/2016,29.450000762939453,31.139999389648438,27.809999465942383,28.040000915527344,1040000,26.88861656188965
10/17/2016,28.5,29.75,28.25,28.8700008392334,539000,27.684534072875977
10/14/2016,27.420000076293945,29.18000030517578,26.799999237060547,28.899999618530273,1088400,27.713300704956055
10/13/2016,25.209999084472656,27.159000396728516,24.117000579833984,26.75,580000,25.651586532592773
10/12/2016,27.149999618530273,27.8799991607666,26.21299934387207,26.3700008392334,628600,25.287189483642578
10/11/2016,28.030000686645508,28.030000686645508,26.399999618530273,27.09000015258789,677500,25.977624893188477
10/10/2016,26.389999389648438,28.079999923706055,26.389999389648438,28.040000915527344,748000,26.88861656188965
10/7/2016,27.719999313354492,27.829999923706055,25.639999389648438,26.389999389648438,905100,25.306367874145508
10/6/2016,25.979999542236328,27.559999465942383,25.979999542236328,27.299999237060547,1695400,26.179000854492188
10/5/2016,24.200000762939453,26.39900016784668,24.200000762939453,25.889999389648438,1217600,24.8268985748291
10/4/2016,25,25.301000595092773,24,24.09000015258789,624800,23.100811004638672
10/3/2016,23.760000228881836,25.700000762939453,23.43000030517578,24.969999313354492,878700,23.94467544555664
9/30/2016,23.940000534057617,25.190000534057617,23.200000762939453,23.68000030517578,1056500,22.7076473236084
9/29/2016,24.299999237060547,24.93000030517578,23.200000762939453,24.049999237060547,962700,23.06245231628418
9/28/2016,25.149999618530273,26.989999771118164,23.25,24.06999969482422,2841900,23.081632614135742
9/27/2016,21.360000610351562,25.350000381469727,21.06999969482422,25,2789600,23.973445892333984
9/26/2016,20.34000015258789,21.575000762939453,20.15999984741211,21.170000076293945,973500,20.30071258544922
9/23/2016,20.979999542236328,20.979999542236328,20.34000015258789,20.739999771118164,621300,19.888368606567383
9/22/2016,20.739999771118164,20.989999771118164,20.100000381469727,20.799999237060547,811600,19.945905685424805
9/21/2016,21.43000030517578,21.68000030517578,19.739999771118164,20.709999084472656,1312000,19.859601974487305
9/20/2016,21.6200008392334,21.700000762939453,21.030000686645508,21.440000534057617,591500,20.559627532958984
9/19/2016,22.600000381469727,23.5,21.09000015258789,21.170000076293945,1161300,20.30071258544922
9/16/2016,20.65999984741211,22.299999237060547,20.625,22.229999542236328,1260700,21.31718635559082
9/15/2016,20.739999771118164,21.389999389648438,20.329999923706055,20.940000534057617,453400,20.080156326293945
9/14/2016,20.979999542236328,21.84000015258789,20.55900001525879,20.84000015258789,466000,19.984264373779297
9/13/2016,21.649999618530273,22.170000076293945,20.209999084472656,20.979999542236328,751900,20.118513107299805
9/12/2016,20,22,18.799999237060547,21.8799991607666,845100,20.981557846069336
9/9/2016,20.959999084472656,20.979999542236328,20.299999237060547,20.510000228881836,511600,19.667814254760742
9/8/2016,22.510000228881836,22.510000228881836,21.209999084472656,21.25,588600,20.37742805480957
9/7/2016,22.8700008392334,23.979999542236328,22.459999084472656,22.65999984741211,715700,21.729528427124023
9/6/2016,22.520000457763672,23.739999771118164,21.399999618530273,23.059999465942383,1066700,22.11310386657715
9/2/2016,20.559999465942383,22.219999313354492,20.549999237060547,21.860000610351562,1622100,20.96238136291504
9/1/2016,24.149999618530273,24.204999923706055,20.100000381469727,20.399999618530273,2538200,19.56233024597168
8/31/2016,26.489999771118164,26.489999771118164,23.84000015258789,24.09000015258789,1620300,23.100811004638672
8/30/2016,28.829999923706055,29.489999771118164,26.229999542236328,26.899999618530273,1802700,25.795425415039062
8/29/2016,26.899999618530273,29.219999313354492,26.649999618530273,27.440000534057617,1751500,26.31325340270996
8/26/2016,23.809999465942383,26.5,23.590999603271484,25.84000015258789,1482700,24.77895164489746
8/25/2016,23.860000610351562,27.989999771118164,22.049999237060547,24.530000686645508,4084800,23.52274513244629
8/24/2016,31.200000762939453,31.200000762939453,24.350000381469727,24.520000457763672,5081100,23.513154983520508
8/23/2016,33.93000030517578,35.5,31.100000381469727,31.440000534057617,1546600,30.149003982543945
8/22/2016,36.15999984741211,36.599998474121094,33.56999969482422,33.79999923706055,1053800,32.4120979309082
8/19/2016,37.470001220703125,38.06999969482422,35.83000183105469,36.650001525878906,863200,35.14507293701172
8/18/2016,37.7400016784668,38.68000030517578,36,37.5,1215900,35.960166931152344
8/17/2016,34.400001525878906,37.689998626708984,34.04999923706055,35.619998931884766,1232600,34.15736389160156
8/16/2016,34.84000015258789,42.34000015258789,31.969999313354492,33.400001525878906,2863700,32.028526306152344
8/15/2016,28.510000228881836,35.4900016784668,28.381000518798828,35.25,1392800,33.80255889892578
8/12/2016,29,29.309999465942383,27.200000762939453,27.950000762939453,748200,26.80231285095215
8/11/2016,31.65999984741211,32.5,28.59000015258789,28.59000015258789,1102400,27.416032791137695
8/10/2016,30.18000030517578,32.849998474121094,28.309999465942383,30.6299991607666,1980400,29.372262954711914
8/9/2016,24.25,27.510000228881836,23.5,27,974800,25.891321182250977
8/8/2016,24.940000534057617,25.040000915527344,23.010000228881836,23.479999542236328,424900,22.515859603881836
8/5/2016,25.489999771118164,25.89900016784668,23.889999389648438,24.299999237060547,741800,23.302188873291016
8/4/2016,24.399999618530273,25.871999740600586,23.540000915527344,25.06999969482422,548700,24.040569305419922
8/3/2016,25.350000381469727,27,23.700000762939453,23.860000610351562,957400,22.88025665283203
8/2/2016,29.389999389648438,30.6299991607666,25.010000228881836,25.219999313354492,1487500,24.184410095214844
8/1/2016,26.600000381469727,29.8799991607666,26.229999542236328,28.299999237060547,1084700,27.137937545776367
7/29/2016,23.5,26,23.399999618530273,25.639999389648438,796300,24.5871639251709
7/28/2016,22,23.440000534057617,22,23.34000015258789,372400,22.381607055664062
7/27/2016,22.600000381469727,22.739999771118164,21.690000534057617,21.889999389648438,286600,20.991147994995117
7/26/2016,21,22.799999237060547,21,22.09000015258789,750100,21.182937622070312
7/25/2016,21.329999923706055,21.420000076293945,20.780000686645508,20.979999542236328,245900,20.118513107299805
7/22/2016,21.84000015258789,22.270000457763672,20.760000228881836,21.450000762939453,495300,20.569215774536133
7/21/2016,21.809999465942383,23.25,21.010000228881836,21.6200008392334,757100,20.732234954833984
7/20/2016,20.600000381469727,21.84000015258789,20.275999069213867,21.809999465942383,572800,20.914432525634766
7/19/2016,19.079999923706055,20.8700008392334,18.81999969482422,20.139999389648438,619900,19.313007354736328
7/18/2016,20.829999923706055,22.299999237060547,18.639999389648438,18.889999389648438,1225000,18.114334106445312
7/15/2016,19.010000228881836,21.18000030517578,18.299999237060547,20.3700008392334,757800,19.5335636138916
7/14/2016,18.81999969482422,19.290000915527344,18.110000610351562,18.229999542236328,331600,17.481435775756836
7/13/2016,17.579999923706055,19.3700008392334,17.579999923706055,19.059999465942383,879800,18.277353286743164
7/12/2016,16.149999618530273,18.18000030517578,15.550000190734863,17.860000610351562,1201900,17.126628875732422
7/11/2016,16.34000015258789,16.610000610351562,15.5,15.770000457763672,290100,15.12244987487793
7/8/2016,15.15999984741211,15.949999809265137,15.050000190734863,15.789999961853027,295500,15.14162826538086
7/7/2016,16.59000015258789,16.959999084472656,15,15.140000343322754,439900,14.518318176269531
7/6/2016,15.789999961853027,16.75,15.520000457763672,16.399999618530273,680300,15.726578712463379
7/5/2016,14.550000190734863,15.829999923706055,14.300000190734863,15.8100004196167,572900,15.160807609558105
7/1/2016,13.729999542236328,14.800000190734863,13.729999542236328,14.5,344000,13.904598236083984
6/30/2016,13.649999618530273,13.9399995803833,13.520000457763672,13.899999618530273,187000,13.329235076904297
6/29/2016,14,14.199999809265137,13.510000228881836,13.640000343322754,332500,13.079912185668945
6/28/2016,13.859999656677246,14,12.8100004196167,13.979999542236328,445800,13.405949592590332
6/27/2016,13.529999732971191,14.086000442504883,12.880000114440918,13.34000015258789,320500,12.792230606079102
6/24/2016,13.880000114440918,14.979000091552734,13,13.350000381469727,764400,12.801819801330566
6/23/2016,14.630000114440918,15,14.579999923706055,14.819999694824219,282700,14.211457252502441
6/22/2016,15.229999542236328,15.229999542236328,14.510000228881836,14.5600004196167,238900,13.962135314941406
6/21/2016,14.779999732971191,15.300000190734863,14.399999618530273,15.09000015258789,428200,14.47037124633789
6/20/2016,14,15.239999771118164,14,14.479999542236328,333000,13.885418891906738
6/17/2016,14.079999923706055,14.149999618530273,13.789999961853027,14.020000457763672,371600,13.444308280944824
6/16/2016,14,14.25,13.600000381469727,13.850000381469727,373300,13.281289100646973
6/15/2016,13.199999809265137,14.399999618530273,13.1899995803833,14.390000343322754,541000,13.799115180969238
6/14/2016,13.369999885559082,13.741999626159668,12.899999618530273,13.1899995803833,428100,12.648388862609863
6/13/2016,14.800000190734863,15,13.199999809265137,13.380000114440918,698000,12.830588340759277
6/10/2016,15.6899995803833,15.920999526977539,15.109999656677246,15.170000076293945,308000,14.547085762023926
6/9/2016,16.459999084472656,17.1299991607666,15.65999984741211,15.770000457763672,362600,15.12244987487793
6/8/2016,15,16.700000762939453,14.760000228881836,16.700000762939453,581800,16.014263153076172
6/7/2016,15.069999694824219,15.534000396728516,14.75,14.859999656677246,286300,14.249814987182617
6/6/2016,16.059999465942383,16.850000381469727,14.5,15.069999694824219,581500,14.451191902160645
6/3/2016,16.549999237060547,17.399999618530273,15.640000343322754,15.930000305175781,701500,15.275879859924316
6/2/2016,15.300000190734863,16.639999389648438,14.979999542236328,16.5,725200,15.822474479675293
6/1/2016,14.760000228881836,15.619999885559082,14.611000061035156,15.350000381469727,597900,14.719695091247559
5/31/2016,14.680000305175781,15.800000190734863,14.010000228881836,14.5,969100,13.904598236083984
5/27/2016,13.5600004196167,14.850000381469727,13.220000267028809,14.34000015258789,680300,13.751168251037598
5/26/2016,13.539999961853027,13.989999771118164,13.220000267028809,13.600000381469727,478100,13.04155445098877
5/25/2016,12.75,13.739999771118164,12.75,13.539999961853027,741000,12.984018325805664
5/24/2016,12.5,12.779999732971191,12.119999885559082,12.75,557800,12.226456642150879
5/23/2016,11.899999618530273,12.5,11.899999618530273,12.420000076293945,647800,11.91000747680664
5/20/2016,11.239999771118164,12.100000381469727,11.050000190734863,11.800000190734863,634700,11.315465927124023
5/19/2016,10.529999732971191,11.369999885559082,10.282999992370605,11.050000190734863,444600,10.59626293182373
5/18/2016,10.289999961853027,10.920000076293945,10.100000381469727,10.619999885559082,404300,10.183919906616211
5/17/2016,10.399999618530273,10.479999542236328,10.109999656677246,10.210000038146973,213900,9.790755271911621
5/16/2016,10.680000305175781,10.789999961853027,10.199999809265137,10.399999618530273,229100,9.972952842712402
5/13/2016,11.180000305175781,11.199999809265137,10.022000312805176,10.369999885559082,915400,9.944184303283691
5/12/2016,12.210000038146973,12.800000190734863,10.899999618530273,11.180000305175781,1552000,10.720924377441406
5/11/2016,10.739999771118164,11.390000343322754,10.319999694824219,11.25,496900,10.788050651550293
5/10/2016,10.789999961853027,11.399999618530273,10.609999656677246,10.630000114440918,518800,10.193509101867676
5/9/2016,11.770000457763672,11.9399995803833,10.609999656677246,10.6899995803833,670900,10.251044273376465
5/6/2016,11.880000114440918,12.199999809265137,11.779999732971191,11.949999809265137,167700,11.459306716918945
5/5/2016,11.779999732971191,12.069999694824219,11.609000205993652,11.84000015258789,310600,11.3538236618042
5/4/2016,11.550000190734863,12.3100004196167,11.470000267028809,11.710000038146973,225900,11.229161262512207
5/3/2016,11.600000381469727,11.899999618530273,11.399999618530273,11.5600004196167,201100,11.085321426391602
5/2/2016,12.359999656677246,12.489999771118164,11.449999809265137,11.510000228881836,373100,11.037373542785645
4/29/2016,12.151000022888184,12.5,12.010000228881836,12.34000015258789,310300,11.833292961120605
4/28/2016,11.989999771118164,12.829999923706055,11.800000190734863,12.109999656677246,532600,11.612736701965332
4/27/2016,12.260000228881836,12.319999694824219,11.670000076293945,11.770000457763672,230900,11.286698341369629
4/26/2016,12.800000190734863,12.9399995803833,11.75,12.3100004196167,438800,11.804524421691895
4/25/2016,11.699999809265137,13.09000015258789,11.699999809265137,12.470000267028809,1236400,11.957954406738281
4/22/2016,10.710000038146973,12,10.710000038146973,11.630000114440918,814900,11.152446746826172
4/21/2016,10.5,10.869999885559082,10.300000190734863,10.649999618530273,372600,10.212686538696289
4/20/2016,10.619999885559082,11.15999984741211,10.369999885559082,10.369999885559082,403700,9.944184303283691
4/19/2016,11.039999961853027,11.039999961853027,10.40999984741211,10.8100004196167,404600,10.366117477416992
4/18/2016,11.8100004196167,11.8100004196167,10.079999923706055,10.8100004196167,1631200,10.366117477416992
4/15/2016,12.020000457763672,12.380000114440918,12.020000457763672,12.09000015258789,225100,11.593558311462402
4/14/2016,12.25,12.649999618530273,11.789999961853027,12.25,525200,11.746987342834473
4/13/2016,11.90999984741211,12.100000381469727,11.399999618530273,12.069999694824219,556400,11.574378967285156
4/12/2016,11.239999771118164,11.75,11.239999771118164,11.5600004196167,617100,11.085321426391602
4/11/2016,10.989999771118164,12.449999809265137,10.930000305175781,11.170000076293945,1188800,10.711335182189941
4/8/2016,11.239999771118164,11.65999984741211,10.329999923706055,11,1161300,10.548315048217773
4/7/2016,12.699999809265137,12.859999656677246,10.979999542236328,11.050000190734863,912200,10.59626293182373
4/6/2016,12.510000228881836,13.350000381469727,11.880000114440918,12.619999885559082,1056600,12.101795196533203
4/5/2016,14.109999656677246,14.869999885559082,12.119999885559082,12.40999984741211,989300,11.90041732788086
4/4/2016,12.869999885559082,14.5,12.75,14.119999885559082,1081100,13.540201187133789
4/1/2016,11.319999694824219,12.979999542236328,11.109999656677246,12.8100004196167,664600,12.2839937210083
3/31/2016,11.899999618530273,11.899999618530273,11.22599983215332,11.640000343322754,397200,11.162036895751953
3/30/2016,9.979999542236328,11.979999542236328,9.960000038146973,11.850000381469727,1511500,11.363412857055664
3/29/2016,9.899999618530273,9.989999771118164,9.630000114440918,9.989999771118164,328000,9.579788208007812
3/28/2016,9.510000228881836,9.989999771118164,9.45300006866455,9.960000038146973,329600,9.551019668579102
3/24/2016,8.779999732971191,9.800000190734863,8.619999885559082,9.59000015258789,415500,9.196213722229004
3/23/2016,9.649999618530273,9.699999809265137,8.899999618530273,9.15999984741211,290900,8.783869743347168
3/22/2016,9.199999809265137,9.680000305175781,8.699999809265137,9.569999694824219,447500,9.177034378051758
3/21/2016,8.649999618530273,10.039999961853027,8.649999618530273,9.300000190734863,1235800,8.918121337890625
3/18/2016,7.769999980926514,8.9399995803833,7.699999809265137,8.649999618530273,669000,8.294811248779297
3/17/2016,7.25,7.869999885559082,7.25,7.699999809265137,316900,7.3838210105896
3/16/2016,7.630000114440918,7.708000183105469,7.28000020980835,7.380000114440918,168600,7.076961040496826
3/15/2016,7.75,7.989999771118164,7.408999919891357,7.5,244500,7.192033290863037
3/14/2016,8.020000457763672,8.140000343322754,7.5,7.699999809265137,475800,7.3838210105896
3/11/2016,8.029999732971191,8.4399995803833,7.619999885559082,8.09000015258789,665200,7.757806777954102
3/10/2016,6.300000190734863,8.479999542236328,6.239999771118164,7.949999809265137,1706300,7.6235551834106445
3/9/2016,5.860000133514404,6.300000190734863,5.625,6.239999771118164,591900,5.983771800994873
3/8/2016,5.429999828338623,5.889999866485596,5.429999828338623,5.829999923706055,243100,5.590607643127441
3/7/2016,5.429999828338623,5.679999828338623,5.380000114440918,5.5,272200,5.274157524108887
3/4/2016,5.940000057220459,5.980000019073486,5.334000110626221,5.369999885559082,155100,5.149496078491211
3/1/2016,6.039999961853027,6.070000171661377,5.809999942779541,5.900000095367432,53300,5.657732963562012
2/29/2016,6.179999828338623,6.25,5.824999809265137,5.949999809265137,131100,5.705679416656494
2/26/2016,5.849999904632568,6.28000020980835,5.833000183105469,6.179999828338623,364600,5.926235198974609
2/25/2016,5.380000114440918,5.840000152587891,5.190000057220459,5.840000152587891,269300,5.600196838378906
2/24/2016,5.510000228881836,5.599999904632568,5.269999980926514,5.5,283600,5.274157524108887
2/23/2016,5.480000019073486,5.889999866485596,5.449999809265137,5.71999979019165,355400,5.485124111175537
2/22/2016,4.940000057220459,5.75,4.864999771118164,5.53000020980835,466200,5.302926063537598
2/19/2016,4.489999771118164,4.869999885559082,4.340000152587891,4.800000190734863,528000,4.602901458740234
2/18/2016,4.260000228881836,4.489999771118164,4.010000228881836,4.420000076293945,594000,4.2385053634643555
2/17/2016,4.489999771118164,4.789999961853027,4.230000019073486,4.260000228881836,514000,4.085075378417969
2/16/2016,3.9000000953674316,4.559999942779541,3.799999952316284,4.320000171661377,436900,4.142611503601074
2/12/2016,3.619999885559082,3.75,3.3499999046325684,3.680000066757202,347100,3.528891086578369
2/11/2016,3.7100000381469727,3.7100000381469727,3.4000000953674316,3.559999942779541,400700,3.413818597793579
2/9/2016,4.03000020980835,4.110000133514404,3.7100000381469727,3.8299999237060547,478200,3.672731637954712
2/8/2016,4.199999809265137,4.644999980926514,4.019999980926514,4.110000133514404,223400,3.9412343502044678
2/5/2016,4.699999809265137,4.699999809265137,4.300000190734863,4.360000133514404,188000,4.18096923828125
2/4/2016,4.880000114440918,5.050000190734863,4.599999904632568,4.699999809265137,531900,4.507007598876953
2/3/2016,5.329999923706055,5.329999923706055,4.659999847412109,4.840000152587891,828600,4.64125919342041
2/2/2016,6.159999847412109,6.28000020980835,4.699999809265137,4.880000114440918,626800,4.679616928100586
2/1/2016,6.800000190734863,6.880000114440918,6.110000133514404,6.150000095367432,334300,5.897467613220215
1/29/2016,6.800000190734863,6.940000057220459,6.730000019073486,6.820000171661377,47300,6.539956092834473
1/28/2016,6.960000038146973,6.96999979019165,6.760000228881836,6.78000020980835,70500,6.501598834991455
1/27/2016,6.980000019073486,6.980000019073486,6.769999980926514,6.929999828338623,64600,6.6454386711120605
1/22/2016,7.119999885559082,7.150000095367432,7.019000053405762,7.070000171661377,38500,6.779690265655518
1/20/2016,7.199999809265137,7.300000190734863,6.599999904632568,7.059999942779541,146000,6.7701005935668945
1/19/2016,7.400000095367432,7.5,7.210000038146973,7.389999866485596,62300,7.086550235748291
1/15/2016,7.130000114440918,7.489999771118164,6.340000152587891,7.480000019073486,189700,7.172854423522949
1/14/2016,7.239999771118164,7.5,6.88700008392334,7.409999847412109,154800,7.105728626251221
1/13/2016,7.079999923706055,7.25,6.900000095367432,6.980000019073486,155400,6.693385601043701
1/12/2016,6.699999809265137,7.150000095367432,6.699999809265137,7.090000152587891,244200,6.7988691329956055
1/11/2016,7.409999847412109,7.409999847412109,6.599999904632568,6.599999904632568,574200,6.328989505767822
1/7/2016,8.359999656677246,8.399999618530273,7.5,7.639999866485596,1022600,7.326284885406494
1/6/2016,8.479999542236328,8.800000190734863,8.350000381469727,8.4399995803833,662700,8.09343433380127
1/5/2016,9.010000228881836,9.319999694824219,8.300000190734863,8.430000305175781,393800,8.083846092224121
1/4/2016,9.279999732971191,9.489999771118164,8.899999618530273,8.960000038146973,402600,8.592082023620605
12/31/2015,9.5,9.760000228881836,9.329999923706055,9.449999809265137,304500,9.06196117401123
12/30/2015,9.819999694824219,9.819999694824219,9.289999961853027,9.529999732971191,199900,9.138676643371582
12/29/2015,9.899999618530273,10.279999732971191,9.8100004196167,9.850000381469727,556900,9.445537567138672
12/28/2015,9.40999984741211,9.979999542236328,9.40999984741211,9.949999809265137,336200,9.541430473327637
12/24/2015,9.550000190734863,9.59000015258789,9.350000381469727,9.5,61700,9.109909057617188
12/23/2015,9.520000457763672,9.600000381469727,9.350000381469727,9.449999809265137,137600,9.06196117401123
12/22/2015,9.449999809265137,9.600000381469727,9.229999542236328,9.600000381469727,192900,9.205802917480469
12/21/2015,9.300000190734863,9.489999771118164,9.100000381469727,9.3100004196167,471000,8.927711486816406
12/18/2015,10,10.390000343322754,8.350000381469727,9.100000381469727,5366800,8.726333618164062
