4/22/2019,45.06999969482422,45.15999984741211,44.19300079345703,44.40999984741211,1193100,44.40999984741211
4/18/2019,44.61000061035156,45.369998931884766,44.400001525878906,45.2400016784668,1684700,45.2400016784668
4/17/2019,45.47999954223633,45.619998931884766,44.11000061035156,44.34000015258789,1680100,44.34000015258789
4/16/2019,43.880001068115234,44.380001068115234,43.720001220703125,44.2599983215332,1903300,44.2599983215332
4/15/2019,44.34000015258789,44.400001525878906,43.7400016784668,43.75,1804400,43.75
4/12/2019,44.0099983215332,44.88999938964844,43.9900016784668,44.5,3137600,44.5
4/11/2019,44.02000045776367,44.130001068115234,43.39500045776367,43.68000030517578,4872500,43.68000030517578
4/10/2019,43.84000015258789,44.0099983215332,42.529998779296875,43.599998474121094,2991300,43.599998474121094
4/9/2019,43.91999816894531,44.22999954223633,43.525001525878906,43.68000030517578,2067400,43.68000030517578
4/8/2019,44.5,44.5,44.11000061035156,44.150001525878906,1600400,44.150001525878906
4/5/2019,44.72999954223633,44.90999984741211,44.38999938964844,44.65999984741211,1802500,44.65999984741211
4/4/2019,45.38999938964844,45.38999938964844,44.29999923706055,44.529998779296875,2080100,44.529998779296875
4/3/2019,45.689998626708984,46.189998626708984,45.04999923706055,45.31999969482422,2255900,45.31999969482422
4/2/2019,45.599998474121094,45.619998931884766,45.22999954223633,45.41999816894531,1594100,45.41999816894531
4/1/2019,45.06999969482422,45.880001068115234,44.810001373291016,45.599998474121094,2930300,45.599998474121094
3/29/2019,44,44.939998626708984,43.95500183105469,44.90999984741211,2577000,44.90999984741211
3/28/2019,44.209999084472656,44.43000030517578,43.08000183105469,43.75,2477200,43.75
3/27/2019,43.45000076293945,44.41999816894531,43.34000015258789,44.18000030517578,2504400,44.18000030517578
3/26/2019,43.29999923706055,43.83000183105469,43.029998779296875,43.34000015258789,1956000,43.34000015258789
3/25/2019,43.279998779296875,43.43000030517578,42.83000183105469,43.310001373291016,1918600,43.310001373291016
3/22/2019,42.900001525878906,43.650001525878906,42.84000015258789,43.439998626708984,3786700,43.439998626708984
3/21/2019,43.16999816894531,43.76499938964844,42.91999816894531,43.22999954223633,1492400,43.22999954223633
3/20/2019,43.2599983215332,43.56999969482422,42.54999923706055,43.189998626708984,2187300,43.189998626708984
3/19/2019,43.68000030517578,44.06100082397461,43.45000076293945,43.5,2911100,43.5
3/18/2019,43.09000015258789,43.95000076293945,42.060001373291016,43.5,6545300,43.5
3/15/2019,41.439998626708984,42.79999923706055,41.31999969482422,42.70000076293945,7581100,42.70000076293945
3/14/2019,41.150001525878906,41.2599983215332,40.7599983215332,41.13999938964844,3834400,41.13999938964844
3/13/2019,40.59000015258789,41.279998779296875,40.59000015258789,41,3280400,41
3/12/2019,41.02000045776367,41.84000015258789,41,41.13999938964844,2358700,41.13999938964844
3/11/2019,40.31999969482422,41.040000915527344,40.279998779296875,40.7599983215332,2105100,40.7599983215332
3/8/2019,40.7599983215332,40.79999923706055,39.970001220703125,40.29999923706055,2093200,40.29999923706055
3/7/2019,41.5,41.59000015258789,40.7599983215332,40.880001068115234,1958400,40.880001068115234
3/6/2019,41.7400016784668,42.529998779296875,41.439998626708984,41.630001068115234,3186100,41.630001068115234
3/5/2019,41,42,40.720001220703125,41.599998474121094,2962900,41.599998474121094
3/4/2019,41.75,41.79999923706055,40.584999084472656,40.93000030517578,1924200,40.93000030517578
3/1/2019,42.08000183105469,42.08000183105469,41.38999938964844,41.400001525878906,1546400,41.400001525878906
2/28/2019,41.08000183105469,41.900001525878906,41.0099983215332,41.720001220703125,3078500,41.720001220703125
2/27/2019,41.95000076293945,42.189998626708984,41.470001220703125,41.540000915527344,2353400,41.540000915527344
2/26/2019,41.689998626708984,42.2400016784668,41.56999969482422,42.060001373291016,2311200,41.939998626708984
2/25/2019,41.72999954223633,42.04499816894531,41.099998474121094,41.650001525878906,1720600,41.53116989135742
2/22/2019,41.790000915527344,42.06999969482422,41.369998931884766,41.52000045776367,2681000,41.40153884887695
2/21/2019,41.619998931884766,41.900001525878906,41.38999938964844,41.7400016784668,1935300,41.620914459228516
2/20/2019,41.2400016784668,42.2400016784668,41.2400016784668,41.880001068115234,3659500,41.76051330566406
2/19/2019,40.790000915527344,41.439998626708984,40.540000915527344,41.189998626708984,2160700,41.072479248046875
2/15/2019,41,41.06999969482422,40.48500061035156,40.689998626708984,3217800,40.57390594482422
2/14/2019,41.040000915527344,41.349998474121094,40.470001220703125,40.970001220703125,3184400,40.853111267089844
2/13/2019,41.43000030517578,41.63999938964844,41.01499938964844,41.290000915527344,2460400,41.17219543457031
2/12/2019,41.02000045776367,41.599998474121094,41.02000045776367,41.31999969482422,2722100,41.202110290527344
2/11/2019,40.38999938964844,41.400001525878906,40.38999938964844,41.130001068115234,2709500,41.01265335083008
2/8/2019,41.31999969482422,41.5,40.08000183105469,40.45000076293945,3318100,40.3345947265625
2/7/2019,41,41.7400016784668,40.790000915527344,41.65999984741211,1752100,41.541141510009766
2/6/2019,40.5,41.48500061035156,40.459999084472656,41.11000061035156,2516800,40.99271011352539
2/5/2019,39.130001068115234,40.61000061035156,38.689998626708984,40.52000045776367,2808000,40.40439224243164
2/4/2019,39.709999084472656,40.29999923706055,38.93000030517578,39.25,2302800,39.13801574707031
2/1/2019,37.650001525878906,40.56999969482422,37.630001068115234,39.349998474121094,4764600,39.237728118896484
1/31/2019,36.060001373291016,36.54899978637695,35.70000076293945,36.45000076293945,2552500,36.346004486083984
1/30/2019,36.16999816894531,36.75,35.279998779296875,35.88999938964844,1783500,35.787601470947266
1/29/2019,35.70000076293945,36.25,35.41999816894531,35.9900016784668,1765100,35.8873176574707
1/28/2019,35.119998931884766,35.970001220703125,34.893001556396484,35.61000061035156,2267600,35.50840377807617
1/25/2019,35.5,36.279998779296875,35.06999969482422,35.40999984741211,1451400,35.3089714050293
1/24/2019,34.2599983215332,35.310001373291016,34.2599983215332,35.290000915527344,1848800,35.18931579589844
1/23/2019,35,35.119998931884766,33.81999969482422,34.2400016784668,1851600,34.142311096191406
1/22/2019,35.81999969482422,35.849998474121094,34.560001373291016,35.02000045776367,2393800,34.92008590698242
1/18/2019,35.75,36.63999938964844,35.459999084472656,36.15999984741211,1852200,36.05683135986328
1/17/2019,34.79999923706055,35.7400016784668,34.59000015258789,35.43000030517578,2365300,35.328914642333984
1/16/2019,34.72999954223633,35.349998474121094,34.5099983215332,34.939998626708984,1253200,34.84031295776367
1/15/2019,34.119998931884766,35.279998779296875,34.119998931884766,34.66999816894531,1559600,34.571083068847656
1/14/2019,34.459999084472656,34.709999084472656,33.75,34.09000015258789,1296400,33.99273681640625
1/11/2019,34.31999969482422,35,34.099998474121094,34.900001525878906,1197400,34.80043029785156
1/10/2019,34.4900016784668,34.83000183105469,34.060001373291016,34.459999084472656,1570300,34.3616828918457
1/9/2019,33.5099983215332,34.654998779296875,33.33000183105469,34.58000183105469,2176000,34.48134231567383
1/8/2019,34.47999954223633,34.5,33.29999923706055,33.58000183105469,1997500,33.484195709228516
1/7/2019,34.099998474121094,34.540000915527344,33.58000183105469,34.20000076293945,1820300,34.10242462158203
1/4/2019,33.43000030517578,34,33.36000061035156,33.810001373291016,1646500,33.713539123535156
1/3/2019,34,34,32.84000015258789,32.880001068115234,1246500,32.786190032958984
1/2/2019,33.22999954223633,34.47999954223633,33.189998626708984,34.220001220703125,1265600,34.12236785888672
12/31/2018,33.560001373291016,33.86000061035156,33.16999816894531,33.529998779296875,795700,33.43433380126953
12/28/2018,33.40999984741211,33.79499816894531,32.847999572753906,33.43000030517578,1199900,33.33462142944336
12/27/2018,32.56999969482422,33.38999938964844,32.310001373291016,33.38999938964844,994100,33.294734954833984
12/26/2018,32.16999816894531,32.9900016784668,31.350000381469727,32.959999084472656,1303000,32.86595916748047
12/24/2018,32.310001373291016,32.84000015258789,31.940000534057617,32.27000045776367,825000,32.17793273925781
12/21/2018,32.959999084472656,33.4900016784668,32.22999954223633,32.2599983215332,2094800,32.1679573059082
12/20/2018,33.86000061035156,34.150001525878906,32.790000915527344,33.060001373291016,1710500,32.96567916870117
12/19/2018,35,35.459999084472656,33.709999084472656,33.970001220703125,1312300,33.87308120727539
12/18/2018,35.33000183105469,35.40999984741211,34.810001373291016,34.84000015258789,1239800,34.740596771240234
12/17/2018,35.40999984741211,35.779998779296875,34.75,35,1361800,34.900142669677734
12/14/2018,36.0099983215332,36.5099983215332,35.47999954223633,35.63999938964844,871700,35.53831481933594
12/13/2018,36.349998474121094,36.939998626708984,36.130001068115234,36.459999084472656,1582100,36.35597610473633
12/12/2018,34.880001068115234,36.689998626708984,34.65999984741211,36.16999816894531,1999600,36.066802978515625
12/11/2018,35.15999984741211,35.66999816894531,34.75,34.7599983215332,1769400,34.660823822021484
12/10/2018,34.810001373291016,35.130001068115234,34.40999984741211,34.959999084472656,1256700,34.86025619506836
12/7/2018,35.310001373291016,35.65999984741211,34.90999984741211,34.97999954223633,1521000,34.88019943237305
12/6/2018,34.900001525878906,35.584999084472656,34.54999923706055,35.43000030517578,1594300,35.328914642333984
12/4/2018,36.439998626708984,36.810001373291016,35.400001525878906,35.619998931884766,1597000,35.51837158203125
12/3/2018,37.15999984741211,37.22999954223633,36.06999969482422,36.529998779296875,1688800,36.42577362060547
11/30/2018,35.779998779296875,36.11000061035156,35.349998474121094,35.83000183105469,2832200,35.72777557373047
11/29/2018,36.27000045776367,36.79999923706055,35.08000183105469,35.779998779296875,2643800,35.677913665771484
11/28/2018,35.189998626708984,36.709999084472656,35.189998626708984,36.52000045776367,3257500,36.41580581665039
11/27/2018,34.84000015258789,35.84000015258789,34.84000015258789,35.349998474121094,2614500,35.249141693115234
11/26/2018,35.119998931884766,35.7400016784668,34.93000030517578,35.06999969482422,1139300,34.969940185546875
11/23/2018,34.540000915527344,35.15999984741211,34.349998474121094,35.02000045776367,626300,34.8004264831543
11/21/2018,35,35.25,34.80500030517578,34.849998474121094,1097900,34.631492614746094
11/20/2018,34.65999984741211,34.880001068115234,34.18000030517578,34.61000061035156,2147600,34.39299774169922
11/19/2018,34.810001373291016,35.279998779296875,34.77000045776367,35.02000045776367,2466000,34.8004264831543
11/16/2018,35.459999084472656,35.720001220703125,35,35.16999816894531,1834700,34.949485778808594
11/15/2018,35.7599983215332,35.95000076293945,35.28099822998047,35.79999923706055,1386200,35.57553482055664
11/14/2018,35.869998931884766,36.52000045776367,35.60499954223633,35.779998779296875,1637300,35.555660247802734
11/13/2018,36.84000015258789,36.900001525878906,35.400001525878906,35.58000183105469,2502000,35.35691833496094
11/12/2018,36.439998626708984,36.689998626708984,35.97999954223633,36.36000061035156,2183900,36.13202667236328
11/9/2018,36.75,37.22999954223633,36.36000061035156,36.5,3272200,36.271148681640625
11/8/2018,36.88999938964844,37.72999954223633,36.689998626708984,37.279998779296875,1603000,37.0462532043457
11/7/2018,37,37.849998474121094,36.43000030517578,37.060001373291016,3271800,36.82763671875
11/6/2018,35.900001525878906,37.689998626708984,35.88999938964844,37.29999923706055,3614800,37.066131591796875
11/5/2018,36.09000015258789,36.36000061035156,35.5099983215332,36.040000915527344,3065500,35.81403350830078
11/2/2018,36,36.665000915527344,35.47999954223633,36.0099983215332,3449600,35.784217834472656
11/1/2018,36.06999969482422,36.06999969482422,34.880001068115234,35.84000015258789,3209400,35.61528396606445
10/31/2018,34.18000030517578,36.83000183105469,33.900001525878906,36.08000183105469,5912700,35.853782653808594
10/30/2018,31.360000610351562,31.79400062561035,30.950000762939453,31.690000534057617,2672100,31.49130630493164
10/29/2018,32.029998779296875,32.209999084472656,30.600000381469727,31.200000762939453,2900900,31.004379272460938
10/26/2018,31.1299991607666,32.099998474121094,30.81999969482422,31.729999542236328,1885000,31.531055450439453
10/25/2018,31.31999969482422,32.0099983215332,31.21500015258789,31.31999969482422,2290500,31.123624801635742
10/24/2018,31.700000762939453,31.954999923706055,31.229999542236328,31.31999969482422,1971200,31.123624801635742
10/23/2018,31.709999084472656,32.15999984741211,31.309999465942383,32.0099983215332,1583600,31.809297561645508
10/22/2018,32.369998931884766,32.959999084472656,32.310001373291016,32.380001068115234,1299300,32.176979064941406
10/19/2018,33.0099983215332,33.349998474121094,31.799999237060547,31.850000381469727,1902100,31.65030288696289
10/18/2018,32.459999084472656,32.97999954223633,32.130001068115234,32.849998474121094,3164500,32.6440315246582
10/17/2018,32.54999923706055,32.75,32.099998474121094,32.61000061035156,3300400,32.40553665161133
10/16/2018,32.25,32.8650016784668,32.150001525878906,32.849998474121094,2220900,32.6440315246582
10/15/2018,32.779998779296875,32.779998779296875,32.20000076293945,32.25,1505400,32.04779815673828
10/12/2018,32.47999954223633,33.220001220703125,32.369998931884766,32.900001525878906,2172700,32.69371795654297
10/11/2018,31.889999389648438,32.79999923706055,31.760000228881836,32.04999923706055,3664200,31.84904670715332
10/10/2018,33.349998474121094,33.470001220703125,32.15999984741211,32.18000030517578,2730400,31.978235244750977
10/9/2018,33.18000030517578,33.9900016784668,33.119998931884766,33.470001220703125,1438400,33.26014709472656
10/8/2018,32.779998779296875,33.439998626708984,32.52000045776367,33.29999923706055,2235700,33.091209411621094
10/5/2018,34.02000045776367,34.189998626708984,33.0359992980957,33.27000045776367,1820400,33.0614013671875
10/4/2018,33.630001068115234,34.72999954223633,33.27000045776367,33.90999984741211,1381500,33.6973876953125
10/3/2018,34.16999816894531,34.47999954223633,33.80500030517578,33.90999984741211,2015200,33.6973876953125
10/2/2018,34.11000061035156,34.39500045776367,33.599998474121094,34,2662900,33.78682327270508
10/1/2018,35.220001220703125,35.2599983215332,34.369998931884766,34.5,1522000,34.283687591552734
9/28/2018,34.91999816894531,35.45000076293945,34.91999816894531,35.11000061035156,1451700,34.889862060546875
9/27/2018,35.09000015258789,35.150001525878906,34.70500183105469,34.939998626708984,1430300,34.72092819213867
9/26/2018,34.900001525878906,35.29999923706055,34.75,35.06999969482422,1477500,34.85011291503906
9/25/2018,34.810001373291016,35.380001068115234,34.7599983215332,34.86000061035156,2877400,34.64142990112305
9/24/2018,34.83000183105469,34.83000183105469,34.189998626708984,34.709999084472656,2425600,34.49237060546875
9/21/2018,35.290000915527344,35.56999969482422,35.189998626708984,35.2599983215332,3154400,35.03892135620117
9/20/2018,35.02000045776367,35.369998931884766,34.95000076293945,35.119998931884766,1805400,34.89979934692383
9/19/2018,33.59000015258789,35.15999984741211,33.59000015258789,34.810001373291016,2840300,34.59174728393555
9/18/2018,33.310001373291016,33.900001525878906,33.310001373291016,33.66999816894531,3156800,33.45888900756836
9/17/2018,33.189998626708984,33.66999816894531,32.93000030517578,33.310001373291016,2310800,33.10115051269531
9/14/2018,33.279998779296875,33.77000045776367,33.18000030517578,33.18000030517578,2315900,32.97196578979492
9/13/2018,33.099998474121094,33.45000076293945,32.880001068115234,33.150001525878906,3504300,32.9421501159668
9/12/2018,32.119998931884766,32.823001861572266,31.93000030517578,32.470001220703125,6028300,32.26641845703125
9/11/2018,31.979999542236328,32.470001220703125,30.100000381469727,31.940000534057617,16030100,31.7397403717041
9/10/2018,38.04999923706055,38.04999923706055,36.70000076293945,36.86000061035156,3485600,36.62889099121094
9/7/2018,38,38.33000183105469,37.86000061035156,38.040000915527344,1272900,37.801490783691406
9/6/2018,38,38.21500015258789,37.84000015258789,38.02000045776367,1722200,37.7816162109375
9/5/2018,38.119998931884766,38.5,37.84000015258789,38.09000015258789,2097700,37.85118103027344
9/4/2018,38.439998626708984,38.75199890136719,37.83000183105469,38.5099983215332,1876200,38.2685432434082
8/31/2018,38.4900016784668,38.880001068115234,38.064998626708984,38.68000030517578,3505300,38.437477111816406
8/30/2018,38.7400016784668,39.290000915527344,38.17499923706055,38.470001220703125,5352800,38.22879409790039
8/29/2018,38.119998931884766,39.599998474121094,37.65999984741211,39.22999954223633,6841200,38.984031677246094
8/28/2018,36.02000045776367,40.189998626708984,35.599998474121094,37.16999816894531,9463200,36.936946868896484
8/27/2018,35.459999084472656,35.959999084472656,35.25,35.88999938964844,1169100,35.56559753417969
8/24/2018,35.150001525878906,35.459999084472656,34.970001220703125,35.33000183105469,2083800,35.01066589355469
8/23/2018,35.36000061035156,35.529998779296875,34.959999084472656,35.0099983215332,1922800,34.69355010986328
8/22/2018,35.779998779296875,36.47999954223633,35.51499938964844,35.560001373291016,1684200,35.23858642578125
8/21/2018,35.220001220703125,35.814998626708984,35.21500015258789,35.529998779296875,3766000,35.2088508605957
8/20/2018,34.81999969482422,35.349998474121094,34.790000915527344,35.06999969482422,1486200,34.75300979614258
8/17/2018,34.290000915527344,35.27000045776367,34,34.86000061035156,2570100,34.5449104309082
8/16/2018,35.43000030517578,35.63999938964844,35.150001525878906,35.33000183105469,1912700,35.01066589355469
8/15/2018,35.119998931884766,35.33000183105469,34.77000045776367,35.02000045776367,2563500,34.70346450805664
8/14/2018,36.43000030517578,36.77000045776367,35.459999084472656,35.58000183105469,4434100,35.25840377807617
8/13/2018,34.29999923706055,34.380001068115234,33.755001068115234,34.220001220703125,2286500,33.91069412231445
8/10/2018,34.29999923706055,34.54999923706055,33.93000030517578,34.439998626708984,1755600,34.12870788574219
8/9/2018,34.88999938964844,35.20000076293945,34.380001068115234,34.72999954223633,1737400,34.41608428955078
8/8/2018,34.970001220703125,35,34.11000061035156,34.70000076293945,2692700,34.386356353759766
8/7/2018,34.869998931884766,35.27000045776367,34.4900016784668,34.70000076293945,2068400,34.386356353759766
8/6/2018,35.0099983215332,35.119998931884766,34.38999938964844,34.43000030517578,2227500,34.118797302246094
8/3/2018,35.25,35.595001220703125,34.79999923706055,35.099998474121094,2983500,34.782737731933594
8/2/2018,34.11000061035156,36.599998474121094,33.79999923706055,35.29999923706055,4720000,34.98093032836914
8/1/2018,35.869998931884766,36.25,35.5,35.63999938964844,2939600,35.3178596496582
7/31/2018,35.880001068115234,36.689998626708984,35.590999603271484,36.08000183105469,1951500,35.753883361816406
7/30/2018,37.06999969482422,37.06999969482422,35.709999084472656,36.04999923706055,3439600,35.724151611328125
7/27/2018,38.58000183105469,38.599998474121094,36.369998931884766,37.209999084472656,10248600,36.8736686706543
7/26/2018,32.2400016784668,41.459999084472656,32.099998474121094,35.790000915527344,20165700,35.46650695800781
7/25/2018,33.59000015258789,33.59000015258789,32.279998779296875,32.29999923706055,9318000,32.00804901123047
7/24/2018,34.459999084472656,34.54999923706055,33.32500076293945,33.5,4030000,33.19720458984375
7/23/2018,33.70000076293945,34.58000183105469,33.68000030517578,34.209999084472656,4915400,33.90078353881836
7/20/2018,34.70000076293945,34.790000915527344,33.58000183105469,33.709999084472656,5474100,33.405303955078125
7/19/2018,36.5,36.66999816894531,35.95000076293945,36,2781500,35.67460632324219
7/18/2018,36.709999084472656,36.97999954223633,36.31999969482422,36.810001373291016,1970800,36.4772834777832
7/17/2018,36.209999084472656,36.810001373291016,36.189998626708984,36.650001525878906,1712800,36.318729400634766
7/16/2018,36.5099983215332,36.58000183105469,36.2400016784668,36.5,2303300,36.17008590698242
7/13/2018,36.16999816894531,37.099998474121094,36.099998474121094,36.619998931884766,3003600,36.288997650146484
7/12/2018,36.630001068115234,36.93000030517578,36.43000030517578,36.56999969482422,3438800,36.23945236206055
7/11/2018,36.22999954223633,36.790000915527344,35.849998474121094,36.29999923706055,4112100,35.97188949584961
7/10/2018,37.279998779296875,37.41999816894531,36.66999816894531,36.7400016784668,3468800,36.40791702270508
7/9/2018,37.400001525878906,37.47999954223633,36.7599983215332,37.349998474121094,3063100,37.01240158081055
7/6/2018,36.220001220703125,37.525001525878906,36.11000061035156,37.34000015258789,2385300,37.00249481201172
7/5/2018,37.189998626708984,37.189998626708984,35.9900016784668,36.43000030517578,2954800,36.1007194519043
7/3/2018,38.43000030517578,38.71500015258789,37.11000061035156,37.13999938964844,1195300,36.80430221557617
7/2/2018,37.95000076293945,38.09000015258789,37.349998474121094,37.9900016784668,2068700,37.6466178894043
6/29/2018,38.900001525878906,39.029998779296875,38.39500045776367,38.459999084472656,1639900,38.112369537353516
6/28/2018,37.20000076293945,38.915000915527344,37.18000030517578,38.70000076293945,4138500,38.35020065307617
6/27/2018,39.77000045776367,39.90999984741211,37.349998474121094,37.56999969482422,4432400,37.23041534423828
6/26/2018,39.290000915527344,40.11000061035156,38.93000030517578,39.7599983215332,2487200,39.40061950683594
6/25/2018,40.02000045776367,40.04499816894531,38.810001373291016,39.18000030517578,3039600,38.82585906982422
6/22/2018,40.41999816894531,40.709999084472656,40.08000183105469,40.459999084472656,4352500,40.09429168701172
6/21/2018,40.20000076293945,40.500999450683594,39.88999938964844,40.18000030517578,1640700,39.81682205200195
6/20/2018,40.5099983215332,40.869998931884766,40.0099983215332,40.06999969482422,1685900,39.70781707763672
6/19/2018,40.0099983215332,40.40999984741211,39.40999984741211,40.290000915527344,3740500,39.92582702636719
6/18/2018,40.52000045776367,40.775001525878906,39.845001220703125,40.7400016784668,1446900,40.37176513671875
6/15/2018,40.65999984741211,40.77000045776367,39.86000061035156,40.720001220703125,2837800,40.35194396972656
6/14/2018,41.25,41.36000061035156,40.84000015258789,41.0099983215332,1952700,40.639320373535156
6/13/2018,42.209999084472656,42.33000183105469,41.29999923706055,41.310001373291016,2085400,40.93661117553711
6/12/2018,41.7400016784668,42.40999984741211,41.689998626708984,42.040000915527344,3477400,41.660011291503906
6/11/2018,41.650001525878906,41.83000183105469,41.220001220703125,41.72999954223633,2101400,41.35280990600586
6/8/2018,41.40999984741211,41.779998779296875,40.88999938964844,41.70000076293945,3164600,41.32308578491211
6/7/2018,41.290000915527344,41.369998931884766,40.939998626708984,41.15999984741211,1382000,40.787967681884766
6/6/2018,40.689998626708984,41.29999923706055,40.689998626708984,41.220001220703125,1869000,40.8474235534668
6/5/2018,39.790000915527344,40.599998474121094,39.47999954223633,40.29999923706055,1686500,39.93573760986328
6/4/2018,38.88999938964844,39.619998931884766,38.650001525878906,39.4900016784668,2098600,39.13306427001953
6/1/2018,39.59000015258789,39.90999984741211,39.27000045776367,39.34000015258789,2609100,38.98441696166992
5/31/2018,39.220001220703125,39.90999984741211,38.92499923706055,39.29999923706055,7363400,38.94477844238281
5/30/2018,38.75,39.63999938964844,38.619998931884766,39.40999984741211,2044700,39.05377960205078
5/29/2018,38.29999923706055,39.040000915527344,38.150001525878906,38.5,2171600,38.152008056640625
5/25/2018,38.75,39.119998931884766,38.66999816894531,38.77000045776367,1335700,38.32046890258789
5/24/2018,38.689998626708984,39.22999954223633,38.59000015258789,38.779998779296875,1791500,38.330352783203125
5/23/2018,38.459999084472656,38.65999984741211,38.20000076293945,38.560001373291016,1633700,38.11290740966797
5/22/2018,38.959999084472656,38.959999084472656,38.380001068115234,38.5,2249500,38.0536003112793
5/21/2018,38.290000915527344,38.96500015258789,38.28099822998047,38.900001525878906,3086400,38.44896697998047
5/18/2018,37.599998474121094,38.290000915527344,37.16999816894531,38.150001525878906,2737100,37.70766067504883
5/17/2018,37.380001068115234,37.790000915527344,37.31999969482422,37.58000183105469,2220000,37.14427185058594
5/16/2018,37.15999984741211,37.61000061035156,36.630001068115234,37.58000183105469,1864600,37.14427185058594
5/15/2018,37.189998626708984,37.189998626708984,36.7400016784668,37.060001373291016,2108200,36.63029861450195
5/14/2018,37.56999969482422,37.619998931884766,37.08000183105469,37.380001068115234,1730400,36.946590423583984
5/11/2018,37.97999954223633,38.130001068115234,37.314998626708984,37.43000030517578,1902900,36.99600601196289
5/10/2018,37.869998931884766,38.31999969482422,37.70000076293945,37.97999954223633,5230500,37.53963088989258
5/9/2018,37.68000030517578,38,37.2599983215332,37.66999816894531,2918600,37.23322677612305
5/8/2018,38.150001525878906,38.349998474121094,37.40999984741211,37.630001068115234,1602300,37.193695068359375
5/7/2018,38.099998474121094,38.290000915527344,37.630001068115234,37.88999938964844,2150500,37.4506721496582
5/4/2018,36.7599983215332,38.689998626708984,36.61000061035156,38.189998626708984,4210600,37.7471923828125
5/3/2018,36.90999984741211,38.2400016784668,36.525001525878906,36.90999984741211,6353400,36.48203659057617
5/2/2018,37.65999984741211,38.290000915527344,35.880001068115234,37,12614000,36.57099533081055
5/1/2018,42.33000183105469,42.630001068115234,41.34000015258789,42.470001220703125,2417900,41.977577209472656
4/30/2018,42.38999938964844,43.189998626708984,42.279998779296875,42.7599983215332,4710000,42.26420974731445
4/27/2018,41.380001068115234,42.13999938964844,41.2400016784668,42.04999923706055,2550300,41.562442779541016
4/26/2018,39.93000030517578,41.7400016784668,39.86000061035156,41.41999816894531,2562300,40.93974685668945
4/25/2018,39.869998931884766,40.099998474121094,39.40999984741211,39.459999084472656,1856200,39.002471923828125
4/24/2018,40.25,40.66999816894531,39.33000183105469,39.880001068115234,1987100,39.417606353759766
4/23/2018,40.66999816894531,40.709999084472656,39.439998626708984,39.75,2263000,39.28910827636719
4/20/2018,40.36000061035156,40.88999938964844,40.310001373291016,40.72999954223633,1850100,40.25774383544922
4/19/2018,40.27000045776367,40.90999984741211,40.209999084472656,40.68000030517578,1288300,40.20832824707031
4/18/2018,40.7599983215332,40.9900016784668,40,40.34000015258789,1517700,39.87227249145508
4/17/2018,40.150001525878906,40.79999923706055,40,40.72999954223633,1871500,40.25774383544922
4/16/2018,40.529998779296875,40.59000015258789,39.935001373291016,40.09000015258789,1508700,39.62516784667969
4/13/2018,41.209999084472656,41.25,40.16999816894531,40.27000045776367,1258800,39.803077697753906
4/12/2018,41.40999984741211,41.72999954223633,40.779998779296875,41.04999923706055,1536400,40.57403564453125
4/11/2018,40.869998931884766,41.599998474121094,40.529998779296875,41.22999954223633,2583600,40.75194549560547
4/10/2018,40.36000061035156,41.20000076293945,40.150001525878906,40.91999816894531,3960500,40.44554138183594
4/9/2018,39.16999816894531,39.810001373291016,38.810001373291016,39.22999954223633,2272500,38.7751350402832
4/6/2018,39.7599983215332,40.02000045776367,38.44499969482422,38.54999923706055,4377700,38.10302734375
4/5/2018,40,40.36000061035156,39.779998779296875,40,1535900,39.53620910644531
4/4/2018,38.720001220703125,39.95000076293945,38,39.869998931884766,3906400,39.40771484375
4/3/2018,40.13999938964844,40.630001068115234,39.130001068115234,39.560001373291016,2563800,39.10131072998047
4/2/2018,41.29999923706055,41.36000061035156,39.26599884033203,39.630001068115234,1754700,39.170501708984375
3/29/2018,40.900001525878906,41.86000061035156,40.79999923706055,41.5,2109300,41.01881790161133
3/28/2018,40.7599983215332,41.119998931884766,40.439998626708984,40.720001220703125,3934500,40.24786376953125
3/27/2018,41.209999084472656,41.31999969482422,40.56999969482422,40.7599983215332,2722400,40.28739929199219
3/26/2018,40.83000183105469,41.310001373291016,40.529998779296875,41.279998779296875,2382400,40.801368713378906
3/23/2018,40.2400016784668,40.5,39.75,40.099998474121094,2892100,39.63504409790039
3/22/2018,40.90999984741211,41.130001068115234,39.93000030517578,40,2622000,39.53620910644531
3/21/2018,41.279998779296875,42.349998474121094,41.1349983215332,41.54999923706055,3148900,41.068241119384766
3/20/2018,40.81999969482422,41.40999984741211,40.790000915527344,41.16999816894531,2884400,40.69264221191406
3/19/2018,41.400001525878906,41.459999084472656,40.459999084472656,40.689998626708984,1877800,40.21820831298828
3/16/2018,41.369998931884766,41.65999984741211,41.20000076293945,41.529998779296875,2390200,41.048465728759766
3/15/2018,41.849998474121094,41.95000076293945,41.154998779296875,41.279998779296875,1323500,40.801368713378906
3/14/2018,41.61000061035156,41.849998474121094,40.970001220703125,41.619998931884766,1788700,41.13742446899414
3/13/2018,42.220001220703125,42.529998779296875,41.2599983215332,41.2599983215332,1865300,40.78160095214844
3/12/2018,41.439998626708984,42.189998626708984,41.25,41.9900016784668,1755700,41.503135681152344
3/9/2018,41.68000030517578,41.869998931884766,41.29499816894531,41.43000030517578,2810500,40.94963455200195
3/8/2018,42.11000061035156,42.15999984741211,40.959999084472656,41.43000030517578,3193000,40.94963455200195
3/7/2018,42.41999816894531,42.41999816894531,41.40999984741211,41.900001525878906,1707500,41.414180755615234
3/6/2018,42.529998779296875,43.02000045776367,42.36000061035156,42.779998779296875,1200400,42.28397750854492
3/5/2018,42.2400016784668,42.68000030517578,41.7599983215332,42.209999084472656,2813600,41.720584869384766
3/2/2018,41.45000076293945,42.529998779296875,40.84000015258789,42.470001220703125,1383800,41.977577209472656
3/1/2018,43.20000076293945,43.61000061035156,41.939998626708984,42.02000045776367,1784000,41.53278732299805
2/28/2018,43.63999938964844,44.02000045776367,43.31999969482422,43.31999969482422,2254000,42.817710876464844
2/27/2018,43.84000015258789,44.22999954223633,43.130001068115234,43.470001220703125,2689400,42.96597671508789
2/26/2018,44.130001068115234,44.61000061035156,43.5099983215332,43.95000076293945,2170600,43.34157180786133
2/23/2018,42.189998626708984,43.77000045776367,42.189998626708984,43.75,3136900,43.14434051513672
2/22/2018,41.349998474121094,41.939998626708984,41.220001220703125,41.79999923706055,3604000,41.22133255004883
2/21/2018,40.380001068115234,42.029998779296875,40.380001068115234,41.33000183105469,2441100,40.75783920288086
2/20/2018,40.18000030517578,41.02000045776367,40.18000030517578,40.38999938964844,1658200,39.83085250854492
2/16/2018,40.310001373291016,40.93000030517578,40.16999816894531,40.439998626708984,1840500,39.880157470703125
2/15/2018,40.630001068115234,40.869998931884766,39.75,40.290000915527344,2315100,39.732234954833984
2/14/2018,39.91999816894531,40.5099983215332,39.66999816894531,40.38999938964844,3126200,39.83085250854492
2/13/2018,39.86000061035156,40.709999084472656,39.779998779296875,40.06999969482422,2178000,39.51528549194336
2/12/2018,40.790000915527344,41.119998931884766,39.720001220703125,39.79999923706055,3541900,39.2490234375
2/9/2018,41.279998779296875,41.650001525878906,39.380001068115234,40.290000915527344,4345700,39.732234954833984
2/8/2018,41.900001525878906,44.064998626708984,40.970001220703125,41,6913400,40.43240737915039
2/7/2018,43.959999084472656,45.29999923706055,42.779998779296875,44.29999923706055,2588700,43.686729431152344
2/6/2018,43.5,44.20000076293945,42.5,43.88999938964844,2910800,43.28240203857422
2/5/2018,45.369998931884766,45.86000061035156,44.31999969482422,44.31999969482422,1599000,43.70644760131836
2/2/2018,46.72999954223633,46.72999954223633,45.5099983215332,45.54999923706055,1344000,44.9194221496582
2/1/2018,46.34000015258789,46.790000915527344,45.61000061035156,46.75,1573600,46.10280990600586
1/31/2018,47.150001525878906,47.345001220703125,46.31999969482422,46.38999938964844,1597900,45.74779510498047
1/30/2018,46.900001525878906,46.97999954223633,45.939998626708984,46.790000915527344,1511200,46.14225387573242
1/29/2018,47.90999984741211,48.099998474121094,47,47.040000915527344,2119000,46.388797760009766
1/26/2018,47.810001373291016,48.209999084472656,47.349998474121094,48.18000030517578,1551900,47.51301193237305
1/25/2018,46.599998474121094,47.790000915527344,46.369998931884766,47.5,1507100,46.84242630004883
1/24/2018,48.31999969482422,48.75,47.13999938964844,47.40999984741211,2376800,46.75366973876953
1/23/2018,47.61000061035156,48.04999923706055,47.31999969482422,47.939998626708984,2009300,47.27634048461914
1/22/2018,46.470001220703125,47.59000015258789,46.459999084472656,47.58000183105469,3044100,46.92131805419922
1/19/2018,45.38999938964844,46.0099983215332,45.27000045776367,45.970001220703125,2989700,45.33361053466797
1/18/2018,45.54999923706055,45.900001525878906,45.11000061035156,45.13999938964844,1541100,44.51509475708008
1/17/2018,46.2400016784668,47.16999816894531,45.25,45.540000915527344,2304000,44.90956115722656
1/16/2018,46.150001525878906,47.81999969482422,45.79999923706055,46.2400016784668,3074600,45.599876403808594
1/12/2018,44.34000015258789,46.150001525878906,44.34000015258789,45.86000061035156,4401400,45.225128173828125
1/11/2018,42.79999923706055,43.849998474121094,42.68000030517578,43.79999923706055,4504200,43.19364547729492
1/10/2018,43.470001220703125,43.5,42.29999923706055,42.68000030517578,2376600,42.08915328979492
1/9/2018,42.959999084472656,43.54999923706055,42.77000045776367,43.290000915527344,3306700,42.69070816040039
1/8/2018,42.75,42.84000015258789,42.5,42.68000030517578,1442800,42.08915328979492
1/5/2018,42.65999984741211,42.79999923706055,42.29999923706055,42.75,1895900,42.158180236816406
1/4/2018,42.5,43.09000015258789,42.3650016784668,42.5,2186300,41.911643981933594
1/3/2018,41.540000915527344,42.540000915527344,41.310001373291016,42.2400016784668,2435400,41.65524673461914
1/2/2018,40.13999938964844,40.90999984741211,39.95000076293945,40.630001068115234,1373300,40.06753158569336
12/29/2017,40.75,40.880001068115234,39.76900100708008,40.02000045776367,1233400,39.465972900390625
12/28/2017,40.31999969482422,40.97999954223633,40.25,40.68000030517578,944800,40.116844177246094
12/27/2017,39.70000076293945,40.38999938964844,39.400001525878906,40.189998626708984,1127800,39.63362121582031
12/26/2017,40.4900016784668,40.4900016784668,39.470001220703125,39.54999923706055,990700,39.00248336791992
12/22/2017,40.93000030517578,41.400001525878906,40.650001525878906,40.869998931884766,881300,40.304203033447266
12/21/2017,41.59000015258789,41.709999084472656,40.93000030517578,41.09000015258789,790000,40.52116394042969
12/20/2017,42.060001373291016,42.18000030517578,40.83000183105469,40.90999984741211,1147400,40.34365463256836
12/19/2017,41.400001525878906,42.38999938964844,41.209999084472656,42.0099983215332,1870600,41.428428649902344
12/18/2017,41,41.36000061035156,40.79999923706055,41.20000076293945,1290800,40.629642486572266
12/15/2017,40.41999816894531,41.47999954223633,40.15299987792969,40.540000915527344,1575800,39.97877883911133
12/14/2017,40.689998626708984,40.720001220703125,40.2599983215332,40.4900016784668,1285200,39.92947769165039
12/13/2017,40.47999954223633,41.040000915527344,40.459999084472656,40.619998931884766,1976600,40.05766677856445
12/12/2017,40.709999084472656,41.060001373291016,40.5,40.560001373291016,724900,39.99850082397461
12/11/2017,40.9900016784668,41.130001068115234,40.43000030517578,40.79999923706055,1085500,40.23518371582031
12/8/2017,40.439998626708984,41.39500045776367,40.310001373291016,40.810001373291016,1641500,40.24504470825195
12/7/2017,39.900001525878906,40.45500183105469,39.849998474121094,40.18000030517578,1213800,39.62376022338867
12/6/2017,40.61000061035156,41.09000015258789,39.900001525878906,39.959999084472656,1643400,39.40680694580078
12/5/2017,40.97999954223633,41.244998931884766,40.709999084472656,40.72999954223633,1308300,40.16614532470703
12/4/2017,40.81999969482422,41.13999938964844,40.30799865722656,41.04999923706055,3371900,40.48171615600586
12/1/2017,40.68000030517578,41.619998931884766,40.11000061035156,40.56999969482422,3146500,40.008365631103516
11/30/2017,40.86000061035156,41.08000183105469,40.369998931884766,40.83000183105469,5214000,40.26476287841797
11/29/2017,41.16999816894531,41.29999923706055,40.369998931884766,41.0099983215332,1725100,40.4422721862793
11/28/2017,40.70000076293945,41.34000015258789,40.36399841308594,41.22999954223633,2548400,40.560611724853516
11/27/2017,40.540000915527344,40.79999923706055,39.779998779296875,40.7599983215332,1572800,40.09823989868164
11/24/2017,40.790000915527344,41.040000915527344,40.41999816894531,40.720001220703125,1517500,40.05888748168945
11/22/2017,41.529998779296875,41.64500045776367,40.20000076293945,40.630001068115234,1917600,39.97035217285156
11/21/2017,41.91999816894531,42.095001220703125,41.2400016784668,41.68000030517578,1841300,41.003299713134766
11/20/2017,42.72999954223633,42.790000915527344,41.76499938964844,41.849998474121094,1139300,41.17053985595703
11/17/2017,42.310001373291016,42.91999816894531,41.779998779296875,42.5,1210700,41.80998992919922
11/16/2017,41.720001220703125,42.290000915527344,41.630001068115234,42.22999954223633,1167900,41.544376373291016
11/15/2017,41.93000030517578,41.93000030517578,40.779998779296875,41.45000076293945,1870100,40.777042388916016
11/14/2017,42,42.47999954223633,41.560001373291016,41.959999084472656,1376200,41.278751373291016
11/13/2017,41.7599983215332,42.459999084472656,41.47999954223633,42.130001068115234,1899400,41.44599914550781
11/10/2017,40.810001373291016,41.7599983215332,40.810001373291016,41.72999954223633,1360000,41.052494049072266
11/9/2017,40.81999969482422,41.17499923706055,40.43000030517578,41.060001373291016,1294000,40.39337158203125
11/8/2017,41.25,41.79999923706055,40.99100112915039,41.04999923706055,1677900,40.38352966308594
11/7/2017,41.11000061035156,41.400001525878906,40.939998626708984,41.20000076293945,1576600,40.531097412109375
11/6/2017,41.790000915527344,42.04999923706055,41.119998931884766,41.15999984741211,2513900,40.49174499511719
11/3/2017,40.279998779296875,41.849998474121094,40.279998779296875,41.810001373291016,3313900,41.13119888305664
11/2/2017,39.91999816894531,40.66400146484375,39.91999816894531,40.16999816894531,1926100,39.51781463623047
11/1/2017,40.470001220703125,40.8489990234375,39.880001068115234,39.88999938964844,1857200,39.24236297607422
10/31/2017,40.40999984741211,40.52000045776367,40,40.349998474121094,1543200,39.69490051269531
10/30/2017,40,40.63999938964844,40,40.43000030517578,2123700,39.773597717285156
10/27/2017,40.56999969482422,40.827999114990234,39.79999923706055,40.11000061035156,1285200,39.458797454833984
10/26/2017,40.290000915527344,40.95000076293945,40.290000915527344,40.61000061035156,2121100,39.95067596435547
10/25/2017,40.810001373291016,40.86000061035156,39.439998626708984,40.119998931884766,3548300,39.4686279296875
10/24/2017,42.43000030517578,42.529998779296875,40.68000030517578,40.939998626708984,3222700,40.27531433105469
10/23/2017,42.27000045776367,42.68000030517578,42.099998474121094,42.22999954223633,1712600,41.544376373291016
10/20/2017,42,42.31999969482422,41.93000030517578,42.150001525878906,2340700,41.46567916870117
10/19/2017,42.150001525878906,42.22999954223633,41.5099983215332,41.900001525878906,2270300,41.219730377197266
10/18/2017,42.849998474121094,42.970001220703125,42.459999084472656,42.459999084472656,1433400,41.77063751220703
10/17/2017,42.5,42.849998474121094,42.43000030517578,42.68000030517578,1974600,41.98706817626953
10/16/2017,42.95000076293945,43.130001068115234,42.529998779296875,42.65999984741211,1589600,41.96738815307617
10/13/2017,43.06999969482422,43.54999923706055,42.77000045776367,42.939998626708984,2277300,42.24284362792969
10/12/2017,42.63999938964844,43.43000030517578,42.5,42.939998626708984,3082200,42.24284362792969
10/11/2017,42.5099983215332,43.029998779296875,42.279998779296875,42.38999938964844,2849100,41.70177459716797
10/10/2017,43,43.470001220703125,42.18000030517578,42.5099983215332,4702600,41.819828033447266
10/9/2017,41.36000061035156,43.31999969482422,41.36000061035156,42.9900016784668,5168200,42.29203414916992
10/6/2017,40.70000076293945,41.099998474121094,39.220001220703125,40.81999969482422,8022800,40.157264709472656
10/5/2017,39.9900016784668,40.29499816894531,39.75,39.970001220703125,4624800,39.32107162475586
10/4/2017,40.310001373291016,40.650001525878906,39.779998779296875,39.88999938964844,2343300,39.24236297607422
10/3/2017,40.4900016784668,40.9900016784668,40.220001220703125,40.310001373291016,2244500,39.65554428100586
10/2/2017,39.849998474121094,40.459999084472656,39.779998779296875,40.38999938964844,1537900,39.734249114990234
9/29/2017,40,40.630001068115234,39.630001068115234,39.970001220703125,2094000,39.32107162475586
9/28/2017,39.599998474121094,40.095001220703125,39.459999084472656,39.900001525878906,1980500,39.25220489501953
9/27/2017,39.650001525878906,40.4900016784668,39.349998474121094,39.779998779296875,2549800,39.13414764404297
9/26/2017,39.02000045776367,39.810001373291016,39.02000045776367,39.689998626708984,1479600,39.04561233520508
9/25/2017,39.540000915527344,39.540000915527344,38.63999938964844,39.11000061035156,3638900,38.47502899169922
9/22/2017,39.84000015258789,40.150001525878906,39.560001373291016,39.709999084472656,2195500,39.065284729003906
9/21/2017,40.13999938964844,40.13999938964844,39.290000915527344,39.84000015258789,1692500,39.19317626953125
9/20/2017,39.689998626708984,40.36000061035156,39.689998626708984,40.189998626708984,2345200,39.537498474121094
9/19/2017,38.90999984741211,39.83000183105469,38.86000061035156,39.689998626708984,2645100,39.04561233520508
9/18/2017,37.970001220703125,39.97999954223633,37.83000183105469,38.86000061035156,3893800,38.22908401489258
9/15/2017,36.81999969482422,37.709999084472656,36.81999969482422,37.380001068115234,2694100,36.77311706542969
9/14/2017,36.79999923706055,37.439998626708984,36.6879997253418,36.959999084472656,3096800,36.35993194580078
9/13/2017,36.13999938964844,37,36,36.790000915527344,1910100,36.19269561767578
9/12/2017,36.13999938964844,36.400001525878906,36,36.18000030517578,1933100,35.59259796142578
9/11/2017,35.79999923706055,36.29999923706055,35.79999923706055,36.04999923706055,6208600,35.46470642089844
9/8/2017,35.79999923706055,35.900001525878906,35.494998931884766,35.630001068115234,1619000,35.05153274536133
9/7/2017,36.459999084472656,36.459999084472656,35.689998626708984,35.79999923706055,1497500,35.21876525878906
9/6/2017,36.70000076293945,36.7599983215332,35.880001068115234,35.93000030517578,2358900,35.34665298461914
9/5/2017,35.869998931884766,37.16999816894531,35.849998474121094,36.65999984741211,4607700,36.0648078918457
9/1/2017,35.5099983215332,35.88999938964844,35.470001220703125,35.79999923706055,3109100,35.21876525878906
8/31/2017,35.130001068115234,35.61000061035156,35.099998474121094,35.36000061035156,2903200,34.785911560058594
8/30/2017,35.310001373291016,35.43000030517578,35.125,35.13999938964844,2126000,34.56948471069336
8/29/2017,35.369998931884766,35.400001525878906,34.97999954223633,35.18000030517578,2337100,34.60883712768555
8/28/2017,35.900001525878906,36.06999969482422,35.41999816894531,35.650001525878906,4085800,35.07120132446289
8/25/2017,36.310001373291016,36.33000183105469,35.689998626708984,35.75,3160000,35.16958236694336
8/24/2017,36.84000015258789,36.869998931884766,36.130001068115234,36.27000045776367,2275300,35.68113708496094
8/23/2017,36.689998626708984,37.099998474121094,36.31999969482422,36.70000076293945,1343800,36.10416030883789
8/22/2017,37.599998474121094,37.93000030517578,37.060001373291016,37.099998474121094,1921500,36.497657775878906
8/21/2017,37.16999816894531,37.470001220703125,36.970001220703125,37.380001068115234,994900,36.77311706542969
8/18/2017,37.31999969482422,37.38999938964844,36.77000045776367,37.04999923706055,1628900,36.44847106933594
8/17/2017,37.75,38.20000076293945,37.22999954223633,37.2400016784668,1557000,36.63539505004883
8/16/2017,37.2400016784668,38,37.189998626708984,37.849998474121094,1854700,37.23548126220703
8/15/2017,37.20000076293945,37.75,37.20000076293945,37.22999954223633,1121100,36.625553131103516
8/14/2017,38.04999923706055,38.15999984741211,36.970001220703125,37.119998931884766,2065900,36.517333984375
8/11/2017,37.13999938964844,38.09000015258789,36.88999938964844,37.79999923706055,1470500,37.18629455566406
8/10/2017,37.09000015258789,37.5099983215332,36.95000076293945,37.33000183105469,1525900,36.723934173583984
8/9/2017,37.060001373291016,37.630001068115234,36.779998779296875,37.27000045776367,1717300,36.6649055480957
8/8/2017,37.20000076293945,37.540000915527344,37.10499954223633,37.130001068115234,1607500,36.52717971801758
8/7/2017,37.02000045776367,37.560001373291016,36.65999984741211,37.18000030517578,1457300,36.57636260986328
8/4/2017,36.91999816894531,37.25,36.630001068115234,37.130001068115234,1278400,36.52717971801758
8/3/2017,36.900001525878906,37,36.529998779296875,36.810001373291016,1472600,36.212371826171875
8/2/2017,36.56999969482422,36.970001220703125,36.040000915527344,36.83000183105469,1720000,36.2320442199707
8/1/2017,36.0099983215332,36.630001068115234,35.849998474121094,36.4900016784668,1981100,35.89756774902344
7/31/2017,35.79999923706055,36.36000061035156,35.709999084472656,35.790000915527344,2839400,35.20893096923828
7/28/2017,36.18000030517578,36.18000030517578,35.79999923706055,35.88999938964844,2124900,35.307308197021484
7/27/2017,36.5,36.900001525878906,35.91999816894531,36.209999084472656,4557000,35.622108459472656
7/26/2017,36.810001373291016,36.900001525878906,36.32099914550781,36.5099983215332,3315400,35.917240142822266
7/25/2017,37.380001068115234,37.479000091552734,36.70000076293945,36.79999923706055,2223800,36.20253372192383
7/24/2017,37.13999938964844,37.5,36.9900016784668,37.18000030517578,1550300,36.57636260986328
7/21/2017,37.5,37.72999954223633,37.0099983215332,37.15999984741211,1504500,36.55668640136719
7/20/2017,37.279998779296875,37.63999938964844,36.970001220703125,37.47999954223633,2597100,36.87149429321289
7/19/2017,37.209999084472656,37.97999954223633,37,37.04999923706055,1589300,36.44847106933594
7/18/2017,37.029998779296875,37.2400016784668,36.88999938964844,37.04999923706055,2078700,36.44847106933594
7/17/2017,37.06999969482422,37.31999969482422,36.83000183105469,37.06999969482422,2676500,36.46814727783203
7/14/2017,37.209999084472656,37.560001373291016,37,37.06999969482422,1856400,36.46814727783203
7/13/2017,37.45000076293945,37.599998474121094,36.790000915527344,37.040000915527344,3063100,36.43864059448242
7/12/2017,37.63999938964844,37.86000061035156,37.209999084472656,37.54999923706055,2850300,36.94035339355469
7/11/2017,37.400001525878906,37.779998779296875,37.1150016784668,37.33000183105469,3139600,36.723934173583984
7/10/2017,37.29999923706055,37.61000061035156,36.84000015258789,37.31999969482422,7158700,36.714088439941406
7/7/2017,36,37.63999938964844,35.630001068115234,37.31999969482422,13551700,36.714088439941406
7/6/2017,36.439998626708984,36.5,33.560001373291016,34.95000076293945,15765400,34.382572174072266
7/5/2017,40.54999923706055,40.59000015258789,39.400001525878906,40.130001068115234,4491400,39.47846984863281
7/3/2017,39.400001525878906,40.45000076293945,39.150001525878906,40.27000045776367,2015100,39.61619567871094
6/30/2017,39.18000030517578,39.6349983215332,38.709999084472656,39.43000030517578,2439200,38.789833068847656
6/29/2017,39.25,39.34000015258789,38.41999816894531,38.810001373291016,2967300,38.17990493774414
6/28/2017,39.560001373291016,39.77000045776367,39.040000915527344,39.439998626708984,2684300,38.7996711730957
6/27/2017,40.290000915527344,40.290000915527344,39.380001068115234,39.439998626708984,1491700,38.7996711730957
6/26/2017,40.290000915527344,40.849998474121094,40.130001068115234,40.439998626708984,2204800,39.78343200683594
6/23/2017,40.459999084472656,40.650001525878906,39.904998779296875,39.9900016784668,7245700,39.34074401855469
6/22/2017,40.84000015258789,40.900001525878906,40.08000183105469,40.369998931884766,1877800,39.714569091796875
6/21/2017,40.13999938964844,40.79999923706055,40.0099983215332,40.58000183105469,2673100,39.921165466308594
6/20/2017,40.619998931884766,40.68000030517578,40,40.130001068115234,2880900,39.47846984863281
6/19/2017,40.400001525878906,40.58000183105469,39.91999816894531,40.5099983215332,2220700,39.852291107177734
6/16/2017,39.72999954223633,40.11000061035156,39.5,39.880001068115234,3680600,39.23252868652344
6/15/2017,39.40999984741211,39.720001220703125,39.11000061035156,39.68000030517578,2315700,39.03577423095703
6/14/2017,39.63999938964844,39.72999954223633,39.15999984741211,39.70000076293945,2204500,39.055450439453125
6/13/2017,39.68000030517578,40,39.310001373291016,39.72999954223633,2435400,39.0849609375
6/12/2017,39.66999816894531,39.68000030517578,37.91999816894531,39.380001068115234,5451700,38.74065017700195
6/9/2017,40.400001525878906,40.869998931884766,39.630001068115234,39.790000915527344,3615500,39.14398956298828
6/8/2017,41.91999816894531,42.119998931884766,40.41999816894531,40.75,4641800,40.08840560913086
6/7/2017,40.810001373291016,41.724998474121094,40.810001373291016,41.70000076293945,2564400,41.022979736328125
6/6/2017,40.54999923706055,41.02000045776367,40.29999923706055,40.75,2737700,40.08840560913086
6/5/2017,39.959999084472656,40.5,39.709999084472656,40.45000076293945,2212600,39.793277740478516
6/2/2017,40.25,40.279998779296875,39.52000045776367,39.939998626708984,3820800,39.29154968261719
6/1/2017,38.56999969482422,40.290000915527344,38.47999954223633,40,6339100,39.350582122802734
5/31/2017,37.720001220703125,38.70000076293945,37.61000061035156,38.40999984741211,10222200,37.78639221191406
5/30/2017,37.7599983215332,38.525001525878906,37.72999954223633,37.849998474121094,2994500,37.23548126220703
5/26/2017,37.7400016784668,38.4900016784668,37.70000076293945,37.7599983215332,1937000,37.14694595336914
5/25/2017,37.689998626708984,38.04999923706055,37.61000061035156,37.779998779296875,1816800,37.1666145324707
5/24/2017,37.70000076293945,37.90999984741211,37.290000915527344,37.4900016784668,2385200,36.88132858276367
5/23/2017,37,37.79999923706055,36.95000076293945,37.66999816894531,2669100,37.058406829833984
5/22/2017,36.31999969482422,37.16999816894531,36.209999084472656,36.90999984741211,5030900,36.31074523925781
5/19/2017,36.099998474121094,36.47999954223633,35.91600036621094,36.349998474121094,2116700,35.75983810424805
5/18/2017,34.29999923706055,35.959999084472656,34.29999923706055,35.59000015258789,1988900,35.01217269897461
5/17/2017,34.68000030517578,35.20000076293945,34.619998931884766,34.63999938964844,2260400,34.077598571777344
5/16/2017,34.34000015258789,35.2599983215332,34.15999984741211,35.040000915527344,3240300,34.47110366821289
5/15/2017,34.439998626708984,34.52000045776367,33.72999954223633,33.79999923706055,2360500,33.25123977661133
5/12/2017,34.130001068115234,34.75,34.130001068115234,34.52000045776367,2277000,33.95954895019531
5/11/2017,34.630001068115234,34.630001068115234,34.16999816894531,34.29999923706055,2441600,33.743125915527344
5/10/2017,34.18000030517578,34.900001525878906,34.09000015258789,34.79999923706055,3387800,34.23500442504883
5/9/2017,33.72999954223633,34.150001525878906,33.72999954223633,34.099998474121094,1252000,33.54636764526367
5/8/2017,33.79999923706055,33.88999938964844,33.290000915527344,33.779998779296875,2564600,33.23155975341797
5/5/2017,34.029998779296875,34.060001373291016,33.150001525878906,33.83000183105469,1944300,33.28075408935547
5/4/2017,35.189998626708984,35.56999969482422,34.345001220703125,34.5,2482700,33.939876556396484
5/3/2017,34.95000076293945,35.13999938964844,34.40999984741211,35.08000183105469,1419500,34.51046371459961
5/2/2017,34.709999084472656,35.345001220703125,34.540000915527344,34.779998779296875,1940800,34.2153205871582
5/1/2017,34.119998931884766,34.63999938964844,34.06999969482422,34.56999969482422,1434000,34.00873565673828
4/28/2017,34.31999969482422,34.650001525878906,34.029998779296875,34.119998931884766,1416800,33.566043853759766
4/27/2017,34.5,34.645999908447266,34.189998626708984,34.25,1872400,33.69393539428711
4/26/2017,33.66999816894531,34.5,33.59000015258789,34.38999938964844,2538100,33.83165740966797
4/25/2017,33.41999816894531,33.7400016784668,33.18000030517578,33.70000076293945,3275200,33.152862548828125
4/24/2017,32.84000015258789,33.382999420166016,32.79999923706055,33.31999969482422,2486800,32.77903366088867
4/21/2017,33,33.06999969482422,32.57500076293945,32.75,2787700,32.21828842163086
4/20/2017,33.20000076293945,33.279998779296875,32.560001373291016,33.08000183105469,3096400,32.542930603027344
4/19/2017,32.900001525878906,33.099998474121094,32.720001220703125,33.0099983215332,3386800,32.474063873291016
4/18/2017,32.86000061035156,33.209999084472656,32.63999938964844,32.7599983215332,4145700,32.228126525878906
4/17/2017,33.04999923706055,33.099998474121094,32.59000015258789,32.939998626708984,2862200,32.40520095825195
4/13/2017,32.540000915527344,33.119998931884766,32.45000076293945,32.9900016784668,2508400,32.45439147949219
4/12/2017,32.400001525878906,32.779998779296875,32.369998931884766,32.63999938964844,3612900,32.11007308959961
4/11/2017,31.450000762939453,32.56999969482422,31.40999984741211,32.5,4381400,31.97234344482422
4/10/2017,31.139999389648438,31.559999465942383,30.799999237060547,31.350000381469727,4645000,30.84101676940918
4/7/2017,30.780000686645508,31.31999969482422,30.670000076293945,31.149999618530273,6870100,30.644264221191406
4/6/2017,31.450000762939453,32.119998931884766,30.399999618530273,30.760000228881836,14655700,30.260595321655273
4/5/2017,27.93000030517578,28.725000381469727,27.860000610351562,28.18000030517578,4974300,27.722484588623047
4/4/2017,27.200000762939453,28.049999237060547,27.19499969482422,27.959999084472656,3299400,27.50605583190918
4/3/2017,27.170000076293945,27.3700008392334,27.1200008392334,27.200000762939453,2686400,26.75839614868164
3/31/2017,26.5,27.225000381469727,26.34000015258789,27.200000762939453,3286300,26.75839614868164
3/30/2017,26.6299991607666,26.690000534057617,26.329999923706055,26.520000457763672,4001300,26.089435577392578
3/29/2017,26.59000015258789,26.790000915527344,26.489999771118164,26.610000610351562,3001200,26.1779727935791
3/28/2017,26.399999618530273,26.760000228881836,26.399999618530273,26.549999237060547,2952300,26.118946075439453
3/27/2017,26.09000015258789,26.530000686645508,26.06999969482422,26.459999084472656,1803800,26.030405044555664
3/24/2017,26.219999313354492,26.360000610351562,26.100000381469727,26.139999389648438,2699000,25.71560287475586
3/23/2017,26.799999237060547,26.81999969482422,26.309999465942383,26.31999969482422,1909300,25.892683029174805
3/22/2017,26.549999237060547,27.040000915527344,26.530000686645508,26.84000015258789,2540000,26.404239654541016
3/21/2017,26.93000030517578,27.100000381469727,26.43000030517578,26.670000076293945,3903800,26.237001419067383
3/20/2017,26.3700008392334,27.079999923706055,26.299999237060547,26.93000030517578,6310600,26.492778778076172
3/17/2017,26.110000610351562,26.350000381469727,26.100000381469727,26.280000686645508,2899300,25.853334426879883
3/16/2017,25.860000610351562,26.31999969482422,25.860000610351562,26.229999542236328,2085800,25.804141998291016
3/15/2017,26.020000457763672,26.049999237060547,25.530000686645508,25.860000610351562,2592000,25.44015121459961
3/14/2017,26.3799991607666,26.510000228881836,25.93000030517578,26,1863000,25.5778751373291
3/13/2017,26.389999389648438,26.670000076293945,26.3700008392334,26.479999542236328,1771700,26.05008316040039
3/10/2017,26.350000381469727,26.65999984741211,26.094999313354492,26.350000381469727,1818100,25.92219352722168
3/9/2017,26.290000915527344,26.545000076293945,26.1299991607666,26.200000762939453,1311300,25.774629592895508
3/8/2017,26.049999237060547,26.5,26.049999237060547,26.3799991607666,1857500,25.951705932617188
3/7/2017,26.309999465942383,26.3700008392334,26,26.010000228881836,3218000,25.58771324157715
3/6/2017,26.600000381469727,26.639999389648438,26.15999984741211,26.309999465942383,2961100,25.882843017578125
3/3/2017,26.350000381469727,26.739999771118164,26.350000381469727,26.510000228881836,1538500,26.079593658447266
3/2/2017,26.309999465942383,26.489999771118164,26.18000030517578,26.40999984741211,2358800,25.981218338012695
3/1/2017,26.799999237060547,26.850000381469727,26.479999542236328,26.5,2553800,26.069759368896484
2/28/2017,27.06999969482422,27.139999389648438,26.450000762939453,26.59000015258789,6440500,26.15829849243164
2/27/2017,26.790000915527344,27.18000030517578,26.329999923706055,27,2898400,26.5616397857666
2/24/2017,26.90999984741211,27.399999618530273,26.809999465942383,26.989999771118164,1976800,26.551801681518555
2/23/2017,26.860000610351562,27.09000015258789,26.56999969482422,26.770000457763672,2697900,26.33537483215332
2/22/2017,26.829999923706055,27.094999313354492,26.5,26.770000457763672,2679800,26.33537483215332
2/21/2017,26.899999618530273,26.93000030517578,26.489999771118164,26.75,1848400,26.315696716308594
2/17/2017,26.829999923706055,26.940000534057617,26.450000762939453,26.56999969482422,2160000,26.138622283935547
2/16/2017,26.739999771118164,27.09000015258789,26.649999618530273,26.850000381469727,1805400,26.41407585144043
2/15/2017,26.6200008392334,26.68000030517578,26.229999542236328,26.649999618530273,2196900,26.217321395874023
2/14/2017,27.299999237060547,27.43000030517578,26.514999389648438,26.6299991607666,2575000,26.197647094726562
2/13/2017,26.610000610351562,27.80500030517578,26.420000076293945,27.260000228881836,3808800,26.817419052124023
2/10/2017,26.950000762939453,27.280000686645508,26.309999465942383,26.559999465942383,3485300,26.1287841796875
2/9/2017,27.1299991607666,27.399999618530273,26.489999771118164,26.959999084472656,5458000,26.52229118347168
2/8/2017,28.239999771118164,28.239999771118164,26.649999618530273,27.1299991607666,3599000,26.689529418945312
2/7/2017,28.799999237060547,29.110000610351562,27.8799991607666,28.100000381469727,3551300,27.643781661987305
2/6/2017,28.670000076293945,29.350000381469727,28.479999542236328,28.790000915527344,2565100,28.32257843017578
2/3/2017,28.3700008392334,28.559999465942383,28.1200008392334,28.43000030517578,2014100,27.96842384338379
2/2/2017,27.3799991607666,28.700000762939453,27.329999923706055,28.489999771118164,2089700,28.027450561523438
2/1/2017,27.399999618530273,27.790000915527344,27.280000686645508,27.559999465942383,1785000,27.112550735473633
1/31/2017,27.469999313354492,28.719999313354492,27.239999771118164,27.479999542236328,1941000,27.033845901489258
1/30/2017,27.729999542236328,27.979999542236328,27.399999618530273,27.719999313354492,1592100,27.26995086669922
1/27/2017,28,28.209999084472656,27.809999465942383,28.049999237060547,2069500,27.594593048095703
1/26/2017,27.020000457763672,28.420000076293945,26.905000686645508,27.989999771118164,3032200,27.535566329956055
1/25/2017,26.940000534057617,27.280000686645508,26.540000915527344,27,2045200,26.5616397857666
1/24/2017,27.1299991607666,27.350000381469727,26.68000030517578,26.920000076293945,1975100,26.482940673828125
1/23/2017,26.18000030517578,26.850000381469727,26.049999237060547,26.709999084472656,1538500,26.276350021362305
1/20/2017,25.959999084472656,26.399999618530273,25.93000030517578,26.049999237060547,1592500,25.627063751220703
1/19/2017,26.350000381469727,26.639999389648438,25.899999618530273,26,2213900,25.5778751373291
1/18/2017,26.610000610351562,26.940000534057617,26.389999389648438,26.489999771118164,2112900,26.059921264648438
1/17/2017,26.34000015258789,26.950000762939453,26.290000915527344,26.670000076293945,2631600,26.237001419067383
1/13/2017,25.989999771118164,26.079999923706055,25.799999237060547,25.969999313354492,1886200,25.548362731933594
1/12/2017,25.809999465942383,26.06999969482422,25.790000915527344,25.989999771118164,1659400,25.568038940429688
1/11/2017,25.950000762939453,26.139999389648438,25.760000228881836,26.059999465942383,2585700,25.63690185546875
1/10/2017,26.06999969482422,26.540000915527344,25.93000030517578,26.18000030517578,2390800,25.754955291748047
1/9/2017,26.190000534057617,26.56999969482422,25.84000015258789,26.049999237060547,1432000,25.627063751220703
1/6/2017,26.850000381469727,26.959999084472656,26.100000381469727,26.15999984741211,1794600,25.735279083251953
1/5/2017,26.90999984741211,27.149999618530273,26.610000610351562,26.989999771118164,1310200,26.551801681518555
1/4/2017,26.31999969482422,26.690000534057617,26.100000381469727,26.6200008392334,1206100,26.18781089782715
1/3/2017,26.510000228881836,26.549999237060547,26.020000457763672,26.239999771118164,1440900,25.81397819519043
12/30/2016,26.049999237060547,26.209999084472656,25.850000381469727,26.1200008392334,975800,25.695926666259766
12/29/2016,25.81999969482422,26.209999084472656,25.81999969482422,26,602000,25.5778751373291
12/28/2016,25.860000610351562,26.010000228881836,25.780000686645508,25.989999771118164,1577200,25.568038940429688
12/27/2016,25.780000686645508,26.1299991607666,25.780000686645508,25.8700008392334,2233400,25.44998550415039
12/23/2016,26.059999465942383,26.350000381469727,25.860000610351562,26.010000228881836,919900,25.58771324157715
12/22/2016,26.399999618530273,26.56999969482422,25.989999771118164,26.15999984741211,1095300,25.735279083251953
12/21/2016,26.530000686645508,26.989999771118164,26.5,26.6299991607666,1195900,26.197647094726562
12/20/2016,25.899999618530273,27.02899932861328,25.700000762939453,26.670000076293945,2814400,26.237001419067383
12/19/2016,26.020000457763672,26.489999771118164,25.68000030517578,25.920000076293945,5160100,25.499174118041992
12/16/2016,26.290000915527344,26.420000076293945,25.899999618530273,26.18000030517578,3220000,25.754955291748047
12/15/2016,26.479999542236328,27.100000381469727,26.229999542236328,26.399999618530273,2216200,25.97138214111328
12/14/2016,26.68000030517578,27.94499969482422,26.68000030517578,27.040000915527344,1795200,26.600990295410156
12/13/2016,26.479999542236328,27.260000228881836,26.290000915527344,27.020000457763672,2702400,26.581315994262695
12/12/2016,27.75,27.84000015258789,26.31999969482422,26.450000762939453,3768200,26.020572662353516
12/9/2016,27.940000534057617,28.440000534057617,27.920000076293945,28,2989400,27.5454044342041
12/8/2016,28.190000534057617,28.290000915527344,27.440000534057617,28.020000457763672,4637300,27.565080642700195
12/7/2016,28.270000457763672,28.479999542236328,27.899999618530273,28.020000457763672,3596100,27.565080642700195
12/6/2016,28.049999237060547,28.389999389648438,27.670000076293945,28.350000381469727,8360900,27.889724731445312
12/5/2016,28.229999542236328,28.540000915527344,27.989999771118164,28,2724200,27.5454044342041
12/2/2016,27.8700008392334,28.790000915527344,27.5,28.149999618530273,2818300,27.692970275878906
12/1/2016,28.200000762939453,28.584999084472656,27.81999969482422,28.25,3484600,27.791349411010742
11/30/2016,28.59000015258789,28.770000457763672,27.760000228881836,28.1200008392334,7216800,27.663455963134766
11/29/2016,28.399999618530273,28.700000762939453,27.809999465942383,28.59000015258789,3001200,28.12582778930664
11/28/2016,29.309999465942383,29.3799991607666,28.219999313354492,28.350000381469727,3884000,27.889724731445312
11/25/2016,29.780000686645508,29.8799991607666,27.690000534057617,29.450000762939453,2468700,28.971864700317383
11/23/2016,29.75,30.274999618530273,29.079999923706055,29.790000915527344,2751000,29.306344985961914
11/22/2016,28.959999084472656,30.3700008392334,28.959999084472656,29.979999542236328,6464900,29.493257522583008
11/21/2016,28.15999984741211,28.989999771118164,27.969999313354492,28.920000076293945,3358700,28.450469970703125
11/18/2016,27.139999389648438,28.6200008392334,27.030000686645508,28.25,4080400,27.791349411010742
11/17/2016,27.15999984741211,27.21500015258789,26.93000030517578,27.09000015258789,2739200,26.650178909301758
11/16/2016,26.399999618530273,27.610000610351562,26.399999618530273,26.940000534057617,4766200,26.502614974975586
11/15/2016,25.899999618530273,26.649999618530273,25.5,26.559999465942383,8663100,26.1287841796875
11/14/2016,27.09000015258789,27.3799991607666,25.68000030517578,25.8799991607666,4945500,25.459823608398438
11/11/2016,25.829999923706055,28.03499984741211,25.829999923706055,26.979999542236328,7137200,26.54196548461914
11/10/2016,26.260000228881836,26.780000686645508,25.850000381469727,26,8073500,25.5778751373291
11/9/2016,25.959999084472656,26.610000610351562,25.959999084472656,26,8522500,25.5778751373291
11/8/2016,25.979999542236328,27.260000228881836,25.610000610351562,26.59000015258789,11443800,26.15829849243164
11/7/2016,27.8700008392334,28.65999984741211,26.350000381469727,26.709999084472656,12851300,26.276350021362305
11/4/2016,26.979999542236328,28.139999389648438,26.85099983215332,27.579999923706055,9972000,27.132225036621094
11/3/2016,26.780000686645508,27.100000381469727,26.639999389648438,26.850000381469727,7706500,26.41407585144043
11/2/2016,26.190000534057617,27.399999618530273,26.190000534057617,26.59000015258789,15943800,26.15829849243164
11/1/2016,24.510000228881836,27.135000228881836,24,26.190000534057617,87709200,25.764793395996094
10/31/2016,24.5,24.770000457763672,24,24.239999771118164,4294700,23.846450805664062
10/28/2016,24.829999923706055,24.829999923706055,24,24.360000610351562,1666800,23.964502334594727
10/27/2016,24.81999969482422,24.969999313354492,24.65999984741211,24.829999923706055,847100,24.42687225341797
10/26/2016,24.260000228881836,24.889999389648438,24.079999923706055,24.75,1537700,24.34817123413086
10/25/2016,25,25.700000762939453,24.5,24.520000457763672,1305600,24.121906280517578
10/24/2016,25.209999084472656,25.43000030517578,24.850000381469727,25.229999542236328,384600,24.820377349853516
10/21/2016,24.25,25.110000610351562,24.25,24.920000076293945,354600,24.515411376953125
10/19/2016,24.860000610351562,24.860000610351562,24.149999618530273,24.260000228881836,222700,23.866127014160156
10/18/2016,26.172000885009766,26.172000885009766,23.790000915527344,24.440000534057617,349300,24.043203353881836
10/17/2016,30,30,25.649999618530273,25.649999618530273,251900,25.23356056213379
