4/22/2019,62.5,64.4800033569336,62.400001525878906,64.26000213623047,1233200,64.26000213623047
4/18/2019,62.27000045776367,62.79999923706055,60.02000045776367,62.72999954223633,2081000,62.72999954223633
4/17/2019,66.44000244140625,66.5,62.060001373291016,62.43000030517578,2414900,62.43000030517578
4/16/2019,67.30000305175781,67.44999694824219,65.2699966430664,66.26000213623047,1378300,66.26000213623047
4/15/2019,66.58999633789062,67.99500274658203,66.01000213623047,67.04000091552734,1269200,67.04000091552734
4/12/2019,68.30999755859375,68.7300033569336,66.25,66.63999938964844,1241700,66.63999938964844
4/11/2019,68.2300033569336,68.81999969482422,66.69000244140625,67.75,1708900,67.75
4/10/2019,64.75,68.45999908447266,64.5,68.44000244140625,3402900,68.44000244140625
4/9/2019,64.70999908447266,65.61499786376953,63.5099983215332,64.94000244140625,2349500,64.94000244140625
4/8/2019,62.810001373291016,64.80000305175781,61.51499938964844,63.470001220703125,1603000,63.470001220703125
4/5/2019,63.5,64.69999694824219,62.5,63.13999938964844,2553900,63.13999938964844
4/4/2019,69.70999908447266,69.70999908447266,61.38999938964844,63.279998779296875,7484600,63.279998779296875
4/3/2019,71.30000305175781,71.45999908447266,69.30999755859375,69.33999633789062,1670200,69.33999633789062
4/2/2019,70.93000030517578,71.29499816894531,69.22000122070312,70.91000366210938,1460400,70.91000366210938
4/1/2019,72,72.94000244140625,69.55999755859375,70.73999786376953,1635900,70.73999786376953
3/29/2019,71.38999938964844,71.7300033569336,70.0199966430664,70.93000030517578,1782000,70.93000030517578
3/28/2019,69.9800033569336,71.98999786376953,69.27999877929688,71.05000305175781,2248200,71.05000305175781
3/27/2019,71.11000061035156,72.08999633789062,67,69.75,3130000,69.75
3/26/2019,68.66999816894531,72.69000244140625,67.93000030517578,71.02999877929688,4153200,71.02999877929688
3/25/2019,65.55000305175781,68.30000305175781,63.5,67.80999755859375,2430600,67.80999755859375
3/22/2019,69.9000015258789,70.9000015258789,65.43000030517578,66.01000213623047,3158900,66.01000213623047
3/21/2019,67.01000213623047,70,67.01000213623047,69.91999816894531,1550700,69.91999816894531
3/20/2019,67.73999786376953,68.30000305175781,66.55000305175781,67.48999786376953,1788100,67.48999786376953
3/19/2019,68,68.2229995727539,66.68000030517578,67.91000366210938,1103800,67.91000366210938
3/18/2019,67.38999938964844,68.4800033569336,66.18000030517578,67.27999877929688,1519500,67.27999877929688
3/15/2019,67.2300033569336,68.8499984741211,66.66000366210938,67.19000244140625,3089800,67.19000244140625
3/14/2019,65,67.33000183105469,64.80000305175781,66.94000244140625,2201400,66.94000244140625
3/13/2019,64,65.0199966430664,63.7599983215332,64.80000305175781,1889700,64.80000305175781
3/12/2019,63.349998474121094,65,62.59000015258789,63.650001525878906,2297600,63.650001525878906
3/11/2019,60.79999923706055,64.4000015258789,60.75,63.34000015258789,3669000,63.34000015258789
3/8/2019,58.22999954223633,60.709999084472656,57.02000045776367,60.540000915527344,2423600,60.540000915527344
3/7/2019,58.25,60,57.66999816894531,59.18000030517578,2241900,59.18000030517578
3/6/2019,57.400001525878906,59.25,57.23099899291992,58.27000045776367,2371000,58.27000045776367
3/5/2019,57,57.959999084472656,56.70000076293945,57.529998779296875,1748700,57.529998779296875
3/4/2019,60.61000061035156,61.63999938964844,56.61000061035156,58.029998779296875,4175900,58.029998779296875
3/1/2019,57.4900016784668,61.13999938964844,55.29999923706055,60.56999969482422,9658400,60.56999969482422
2/28/2019,51,51,49.08000183105469,49.68000030517578,2881600,49.68000030517578
2/27/2019,50.27000045776367,51.36000061035156,49.95000076293945,50.720001220703125,3252700,50.720001220703125
2/26/2019,50.029998779296875,50.099998474121094,49.47999954223633,50,1938700,50
2/25/2019,50.29999923706055,50.599998474121094,49.290000915527344,49.93000030517578,2270500,49.93000030517578
2/22/2019,50.060001373291016,50.56999969482422,49.52000045776367,49.779998779296875,1426000,49.779998779296875
2/21/2019,50.040000915527344,50.18000030517578,48.81999969482422,49.66999816894531,631500,49.66999816894531
2/20/2019,50.18000030517578,50.58000183105469,49.2400016784668,49.83000183105469,943200,49.83000183105469
2/19/2019,50.18000030517578,50.5,49.76499938964844,49.9900016784668,1004400,49.9900016784668
2/15/2019,50.400001525878906,50.79999923706055,49.70000076293945,50.11000061035156,1018100,50.11000061035156
2/14/2019,48.85499954223633,50.32600021362305,48.5,50.08000183105469,1315000,50.08000183105469
2/13/2019,50.459999084472656,50.900001525878906,48.88999938964844,49,1194800,49
2/12/2019,49.130001068115234,50.70000076293945,48.81999969482422,50.099998474121094,1493600,50.099998474121094
2/11/2019,48.90999984741211,49.28799819946289,48.18000030517578,48.59000015258789,1122800,48.59000015258789
2/8/2019,47.220001220703125,48.790000915527344,47.11000061035156,48.459999084472656,1023800,48.459999084472656
2/7/2019,47.220001220703125,48.060001373291016,46.5099983215332,48.029998779296875,988000,48.029998779296875
2/6/2019,48,48.65999984741211,46.52000045776367,47.75,1231800,47.75
2/5/2019,49.380001068115234,49.95000076293945,47.85200119018555,48.31999969482422,1603500,48.31999969482422
2/4/2019,48.41999816894531,49.75,48.04999923706055,49.06999969482422,2257100,49.06999969482422
2/1/2019,48.040000915527344,48.40999984741211,47,48.31999969482422,2014200,48.31999969482422
1/31/2019,45.369998931884766,48.849998474121094,45.099998474121094,48.369998931884766,3566400,48.369998931884766
1/30/2019,45.560001373291016,46.29499816894531,44.90999984741211,45.52000045776367,1129100,45.52000045776367
1/29/2019,45.70000076293945,45.95000076293945,44.599998474121094,45.16999816894531,970900,45.16999816894531
1/28/2019,44.970001220703125,45.61000061035156,44.2599983215332,45.59000015258789,959700,45.59000015258789
1/25/2019,45.56999969482422,46.68000030517578,45.08000183105469,45.88999938964844,2473900,45.88999938964844
1/24/2019,45,45.36000061035156,42.59000015258789,45.060001373291016,1125300,45.060001373291016
1/23/2019,45,45.880001068115234,44.27000045776367,45.04999923706055,973800,45.04999923706055
1/22/2019,45.099998474121094,45.220001220703125,43.61000061035156,44.59000015258789,1059900,44.59000015258789
1/18/2019,45.38999938964844,46,44.88999938964844,45.349998474121094,2477300,45.349998474121094
1/17/2019,44.15999984741211,45.290000915527344,44.029998779296875,44.84000015258789,820100,44.84000015258789
1/16/2019,45.5,45.59000015258789,43.439998626708984,44.150001525878906,1417900,44.150001525878906
1/15/2019,43.31999969482422,45.5,42.20000076293945,45.31999969482422,1146500,45.31999969482422
1/14/2019,44.5099983215332,45.369998931884766,44.13999938964844,45.0099983215332,529100,45.0099983215332
1/11/2019,44.90999984741211,45.869998931884766,44.68000030517578,45.20000076293945,1115200,45.20000076293945
1/10/2019,43.970001220703125,45.722999572753906,43.65299987792969,45.40999984741211,1303300,45.40999984741211
1/9/2019,43.68000030517578,45,43.36000061035156,44.880001068115234,1194500,44.880001068115234
1/8/2019,44,45.0099983215332,42.56399917602539,43.97999954223633,1568600,43.97999954223633
1/7/2019,41.970001220703125,43.983001708984375,41.869998931884766,43.560001373291016,2211000,43.560001373291016
1/4/2019,40.15999984741211,42.31999969482422,39.650001525878906,41.77000045776367,1782700,41.77000045776367
1/3/2019,38.95000076293945,39.91999816894531,38.27000045776367,39.31999969482422,974800,39.31999969482422
1/2/2019,38.38999938964844,40.939998626708984,38.0260009765625,39.810001373291016,1280700,39.810001373291016
12/31/2018,40.2400016784668,40.400001525878906,37.72999954223633,39.209999084472656,1515200,39.209999084472656
12/28/2018,40.13999938964844,40.45000076293945,38.88399887084961,39.79999923706055,817400,39.79999923706055
12/27/2018,38.18000030517578,40.20000076293945,38,40.16999816894531,1629600,40.16999816894531
12/26/2018,35.95000076293945,39.20000076293945,35.790000915527344,39.130001068115234,1308900,39.130001068115234
12/24/2018,34.40999984741211,36.95000076293945,34.40999984741211,35.54999923706055,1123000,35.54999923706055
12/21/2018,37.5,37.5099983215332,34.209999084472656,34.959999084472656,7189800,34.959999084472656
12/20/2018,39.25,40.09000015258789,36.141998291015625,37.22999954223633,2439900,37.22999954223633
12/19/2018,39.529998779296875,41.150001525878906,38.90999984741211,39.33000183105469,1888800,39.33000183105469
12/18/2018,38.2599983215332,40.099998474121094,38.2599983215332,39.599998474121094,1555100,39.599998474121094
12/17/2018,41.900001525878906,42.220001220703125,37.90999984741211,38.27000045776367,2557200,38.27000045776367
12/14/2018,41.11000061035156,44,41,42.470001220703125,2855100,42.470001220703125
12/13/2018,41.33000183105469,42.4900016784668,41.0099983215332,41.86000061035156,1258300,41.86000061035156
12/12/2018,40.75,42.720001220703125,40.20399856567383,41.220001220703125,1911100,41.220001220703125
12/11/2018,41.25,41.9900016784668,39.41999816894531,39.7599983215332,1825200,39.7599983215332
12/10/2018,39.29999923706055,41.900001525878906,39.18000030517578,40.599998474121094,1923700,40.599998474121094
12/7/2018,42.61000061035156,43.400001525878906,39.099998474121094,40.38999938964844,2129300,40.38999938964844
12/6/2018,38.29999923706055,43.058998107910156,37.150001525878906,42.97999954223633,5616200,42.97999954223633
12/4/2018,38.84000015258789,40.20000076293945,36.9900016784668,37.209999084472656,2092200,37.209999084472656
12/3/2018,40.9900016784668,41,38.380001068115234,39.119998931884766,2161100,39.119998931884766
11/30/2018,37.720001220703125,39.310001373291016,37.189998626708984,39.2599983215332,2068900,39.2599983215332
11/29/2018,36.58000183105469,37.84000015258789,36.58000183105469,37.560001373291016,1670200,37.560001373291016
11/28/2018,35.15999984741211,36.90999984741211,35.0099983215332,36.900001525878906,1315700,36.900001525878906
11/27/2018,34.25,34.869998931884766,33.90999984741211,34.61000061035156,794800,34.61000061035156
11/26/2018,34.459999084472656,34.7599983215332,33.54999923706055,34.68000030517578,961800,34.68000030517578
11/23/2018,33.11000061035156,34.29999923706055,32.540000915527344,33.849998474121094,280500,33.849998474121094
11/21/2018,32.95000076293945,33.880001068115234,32.500999450683594,33.47999954223633,788100,33.47999954223633
11/20/2018,31.280000686645508,34.04999923706055,30.719999313354492,32.25,2057400,32.25
11/19/2018,37.599998474121094,37.970001220703125,31.709999084472656,33.099998474121094,2994300,33.099998474121094
11/16/2018,40.2599983215332,40.38999938964844,37.56999969482422,37.650001525878906,1853600,37.650001525878906
11/15/2018,40.029998779296875,41.599998474121094,39.79999923706055,40.9900016784668,1518200,40.9900016784668
11/14/2018,41,41.33000183105469,39.869998931884766,40.09000015258789,839600,40.09000015258789
11/13/2018,39.27000045776367,40.75,39.08000183105469,40.31999969482422,533700,40.31999969482422
11/12/2018,40.52000045776367,40.569000244140625,38.06999969482422,39.34000015258789,962600,39.34000015258789
11/9/2018,41.7400016784668,41.854000091552734,39.95000076293945,40.709999084472656,648700,40.709999084472656
11/8/2018,41.25,42.47999954223633,40.891998291015625,41.7400016784668,617500,41.7400016784668
11/7/2018,41.06999969482422,42.290000915527344,40.34000015258789,41,1446100,41
11/6/2018,39.810001373291016,41.08000183105469,39.61000061035156,40.970001220703125,912000,40.970001220703125
11/5/2018,39.84000015258789,40,38.75299835205078,39.77000045776367,1028000,39.77000045776367
11/2/2018,39.2599983215332,39.849998474121094,38.06999969482422,39.41999816894531,1435300,39.41999816894531
11/1/2018,36.29999923706055,39.369998931884766,35.25,38.959999084472656,2498100,38.959999084472656
10/31/2018,36.59000015258789,36.869998931884766,35.189998626708984,36.290000915527344,1047800,36.290000915527344
10/30/2018,33.970001220703125,35.67499923706055,33.47999954223633,35.4900016784668,859800,35.4900016784668
10/29/2018,34.70000076293945,35.5,33.45000076293945,34.16999816894531,1279200,34.16999816894531
10/26/2018,34.4900016784668,35.0099983215332,33.2400016784668,33.75,1511500,33.75
10/25/2018,34.599998474121094,36.20000076293945,34.02000045776367,35.75,890300,35.75
10/24/2018,35.54999923706055,36.04999923706055,33.939998626708984,34.02000045776367,1020000,34.02000045776367
10/23/2018,35.22999954223633,36,34.099998474121094,35.529998779296875,1047700,35.529998779296875
10/22/2018,36.13999938964844,36.724998474121094,34.939998626708984,36.29999923706055,1063800,36.29999923706055
10/19/2018,37.11000061035156,37.90999984741211,35.560001373291016,35.68000030517578,1188400,35.68000030517578
10/18/2018,37.95000076293945,38.375,36.439998626708984,36.779998779296875,1071800,36.779998779296875
10/17/2018,39.099998474121094,39.119998931884766,37.18000030517578,37.90999984741211,1122900,37.90999984741211
10/16/2018,37.29999923706055,39.130001068115234,37.060001373291016,38.959999084472656,1126900,38.959999084472656
10/15/2018,36.29999923706055,37.59000015258789,35.70000076293945,36.86000061035156,1033800,36.86000061035156
10/12/2018,37.09000015258789,37.2400016784668,34.97999954223633,36.29999923706055,1437600,36.29999923706055
10/11/2018,33,36.06999969482422,33,34.54999923706055,2001600,34.54999923706055
10/10/2018,35.189998626708984,35.84000015258789,33.439998626708984,33.540000915527344,1923600,33.540000915527344
10/9/2018,36.189998626708984,37.20000076293945,35.630001068115234,35.72999954223633,1036200,35.72999954223633
10/8/2018,36.720001220703125,37.220001220703125,35.599998474121094,36.349998474121094,1166500,36.349998474121094
10/5/2018,37.52000045776367,37.777000427246094,35.599998474121094,37.040000915527344,1484000,37.040000915527344
10/4/2018,38.29999923706055,38.369998931884766,36.58000183105469,37.810001373291016,1315900,37.810001373291016
10/3/2018,38.06999969482422,38.61000061035156,36.369998931884766,38.209999084472656,1389700,38.209999084472656
10/2/2018,39.790000915527344,40.40999984741211,36.790000915527344,37.029998779296875,2329100,37.029998779296875
10/1/2018,41.5,41.939998626708984,39.7400016784668,39.93000030517578,1496400,39.93000030517578
9/28/2018,41.41999816894531,42.34000015258789,40.5,40.779998779296875,1178800,40.779998779296875
9/27/2018,41.869998931884766,42.470001220703125,41.439998626708984,41.61000061035156,753400,41.61000061035156
9/26/2018,42,42.80500030517578,41.099998474121094,41.970001220703125,1612600,41.970001220703125
9/25/2018,41.349998474121094,43.13999938964844,41.11000061035156,42.63999938964844,1683300,42.63999938964844
9/24/2018,39.060001373291016,41.81999969482422,39.060001373291016,41.43000030517578,1881500,41.43000030517578
9/21/2018,38.900001525878906,40.25,38.38999938964844,40.130001068115234,2187300,40.130001068115234
9/20/2018,37.599998474121094,39.5,37.08000183105469,38.81999969482422,1449000,38.81999969482422
9/19/2018,39.150001525878906,39.70000076293945,37.5099983215332,37.83000183105469,2170700,37.83000183105469
9/18/2018,40.0099983215332,40.56999969482422,39.119998931884766,39.75,1532900,39.75
9/17/2018,42.56999969482422,42.84000015258789,40.099998474121094,40.2599983215332,2203200,40.2599983215332
9/14/2018,42.279998779296875,43.810001373291016,42.099998474121094,42.63999938964844,1878900,42.63999938964844
9/13/2018,42.25,43.2599983215332,41.51499938964844,42.439998626708984,1935100,42.439998626708984
9/12/2018,41.369998931884766,43.369998931884766,40.5099983215332,42.68000030517578,6087700,42.68000030517578
9/11/2018,45.7400016784668,45.880001068115234,42.77000045776367,42.95000076293945,1932100,42.95000076293945
9/10/2018,45.189998626708984,47.790000915527344,43.65599822998047,45.7599983215332,2130400,45.7599983215332
9/7/2018,41.79999923706055,46.900001525878906,41.66999816894531,46.04999923706055,2573000,46.04999923706055
9/6/2018,42.0099983215332,42.689998626708984,39.619998931884766,41.869998931884766,3115300,41.869998931884766
9/5/2018,44.540000915527344,45.470001220703125,43.099998474121094,44.06999969482422,3305300,44.06999969482422
9/4/2018,43,45.13999938964844,41.36000061035156,44.2599983215332,1703600,44.2599983215332
8/31/2018,43.400001525878906,44.435001373291016,42.5,42.790000915527344,1279200,42.790000915527344
8/30/2018,47.29999923706055,47.970001220703125,43.7599983215332,43.900001525878906,1913100,43.900001525878906
8/29/2018,47,48,46.5099983215332,47.15999984741211,738200,47.15999984741211
8/28/2018,48.2400016784668,48.2400016784668,45.604000091552734,47,1696500,47
8/27/2018,45.119998931884766,47.86000061035156,45.11000061035156,47.2599983215332,2974300,47.2599983215332
8/24/2018,43.099998474121094,45.439998626708984,43,44.43000030517578,1892300,44.43000030517578
8/23/2018,41.5,43.900001525878906,41.26100158691406,42.54999923706055,1528500,42.54999923706055
8/22/2018,39.70000076293945,42.5,39.04999923706055,41.720001220703125,1956100,41.720001220703125
8/21/2018,39.79999923706055,39.98899841308594,39.060001373291016,39.43000030517578,922700,39.43000030517578
8/20/2018,40.70000076293945,40.9900016784668,39.779998779296875,39.81999969482422,968500,39.81999969482422
8/17/2018,38.91999816894531,41,38.55500030517578,40.290000915527344,1513200,40.290000915527344
8/16/2018,36.9900016784668,39.150001525878906,36.678001403808594,39.099998474121094,1754700,39.099998474121094
8/15/2018,37.02000045776367,37.404998779296875,35.5099983215332,36.349998474121094,1100400,36.349998474121094
8/14/2018,38.029998779296875,38.59000015258789,36.77000045776367,37.52000045776367,633900,37.52000045776367
8/13/2018,38.43000030517578,39.22600173950195,37.54999923706055,38.060001373291016,565500,38.060001373291016
8/10/2018,38.209999084472656,38.63999938964844,37.150001525878906,38.189998626708984,457300,38.189998626708984
8/9/2018,37.08000183105469,39.59000015258789,37.08000183105469,38.290000915527344,700700,38.290000915527344
8/8/2018,37.40999984741211,38.43000030517578,36.77899932861328,37.040000915527344,546900,37.040000915527344
8/7/2018,37.060001373291016,38.29999923706055,36.75,37.25,501500,37.25
8/6/2018,37.41999816894531,38.66999816894531,36.060001373291016,36.59000015258789,692800,36.59000015258789
8/3/2018,37.16999816894531,37.632999420166016,36.347999572753906,37.33000183105469,647700,37.33000183105469
8/2/2018,35.65999984741211,37.465999603271484,35.32400131225586,37.029998779296875,868700,37.029998779296875
8/1/2018,35.599998474121094,36.22999954223633,35.191001892089844,36.060001373291016,508700,36.060001373291016
7/31/2018,36.099998474121094,36.77000045776367,33.900001525878906,35.310001373291016,1391200,35.310001373291016
7/30/2018,37.290000915527344,37.72999954223633,35.18000030517578,36.220001220703125,1235600,36.220001220703125
7/27/2018,40.099998474121094,40.40999984741211,37.11000061035156,37.380001068115234,1134100,37.380001068115234
7/26/2018,39.869998931884766,40.72999954223633,39.47999954223633,39.66999816894531,856700,39.66999816894531
7/25/2018,39.689998626708984,41.279998779296875,39,41.220001220703125,599900,41.220001220703125
7/24/2018,41.52000045776367,42.540000915527344,38.099998474121094,39.810001373291016,1207900,39.810001373291016
7/23/2018,39.619998931884766,42.43000030517578,39,41.380001068115234,947600,41.380001068115234
7/20/2018,40.56999969482422,41.7599983215332,39.31800079345703,39.790000915527344,1290900,39.790000915527344
7/19/2018,41.45000076293945,41.8650016784668,40.15999984741211,40.380001068115234,722200,40.380001068115234
7/18/2018,42.31999969482422,42.630001068115234,40.91999816894531,41.68000030517578,963100,41.68000030517578
7/17/2018,41.119998931884766,41.97999954223633,40.17499923706055,41.880001068115234,1151100,41.880001068115234
7/16/2018,39.65999984741211,41.43000030517578,39.02000045776367,41.119998931884766,896800,41.119998931884766
7/13/2018,40.68000030517578,40.77000045776367,39.119998931884766,39.7400016784668,724400,39.7400016784668
7/12/2018,39.22999954223633,40.790000915527344,38.810001373291016,40.540000915527344,1003000,40.540000915527344
7/11/2018,38,39.310001373291016,37.0099983215332,39.119998931884766,970200,39.119998931884766
7/10/2018,40.34000015258789,40.34000015258789,38.150001525878906,38.540000915527344,1241200,38.540000915527344
7/9/2018,38.95000076293945,40.06999969482422,37.619998931884766,39.869998931884766,1279800,39.869998931884766
7/6/2018,36.70000076293945,38.779998779296875,36.54999923706055,38.0099983215332,1256600,38.0099983215332
7/5/2018,36.61000061035156,36.81999969482422,35.279998779296875,36.66999816894531,624400,36.66999816894531
7/3/2018,37.459999084472656,37.790000915527344,35.599998474121094,36.43000030517578,761200,36.43000030517578
7/2/2018,36,37.47999954223633,34.79999923706055,37.08000183105469,1355700,37.08000183105469
6/29/2018,35.70000076293945,36.900001525878906,34.279998779296875,35.75,1381700,35.75
6/28/2018,34.5,35.66999816894531,33.5099983215332,35.310001373291016,1206200,35.310001373291016
6/27/2018,35.779998779296875,36.895999908447266,34.310001373291016,34.61000061035156,1080400,34.61000061035156
6/26/2018,36.45000076293945,37.34000015258789,35.29999923706055,35.869998931884766,1090100,35.869998931884766
6/25/2018,36.380001068115234,37.81999969482422,34.38999938964844,36.36000061035156,2068800,36.36000061035156
6/22/2018,35.599998474121094,36.900001525878906,34.25,36.630001068115234,3702500,36.630001068115234
6/21/2018,38.08000183105469,38.08000183105469,35.189998626708984,35.209999084472656,2687000,35.209999084472656
6/20/2018,39.61000061035156,39.9900016784668,37.77000045776367,37.8849983215332,1292000,37.8849983215332
6/19/2018,39.88999938964844,39.9900016784668,36.36000061035156,39.15999984741211,3160600,39.15999984741211
6/18/2018,40.75,40.84000015258789,39.52000045776367,40.400001525878906,1760500,40.400001525878906
6/15/2018,38.95000076293945,42.720001220703125,38.935001373291016,41,3448000,41
6/14/2018,39.58000183105469,41,39.27000045776367,39.38999938964844,1952300,39.38999938964844
6/13/2018,39.11000061035156,39.869998931884766,38.29999923706055,38.83000183105469,1568600,38.83000183105469
6/12/2018,41.7599983215332,41.79999923706055,38.790000915527344,38.93000030517578,2774100,38.93000030517578
6/11/2018,40.959999084472656,43.97999954223633,40.59000015258789,41.25,3320600,41.25
6/8/2018,37.4900016784668,40.95000076293945,37.400001525878906,40.529998779296875,3254200,40.529998779296875
6/7/2018,36,42.15999984741211,34.849998474121094,37.790000915527344,10862900,37.790000915527344
6/6/2018,30.200000762939453,31.510000228881836,29.860000610351562,30.649999618530273,2051600,30.649999618530273
6/5/2018,29.31999969482422,30.15999984741211,28.90999984741211,30.1299991607666,818100,30.1299991607666
6/4/2018,28.389999389648438,29.399999618530273,28.389999389648438,29.209999084472656,1217700,29.209999084472656
6/1/2018,26.360000610351562,28.200000762939453,26.360000610351562,28.18000030517578,849100,28.18000030517578
5/31/2018,25.6200008392334,26.329999923706055,25.06999969482422,26.260000228881836,725900,26.260000228881836
5/30/2018,25.940000534057617,26.399999618530273,25.111000061035156,25.5,763300,25.5
5/29/2018,25,26.139999389648438,25,25.6299991607666,731200,25.6299991607666
5/25/2018,26.5,26.75,24.760000228881836,24.950000762939453,1034000,24.950000762939453
5/24/2018,26.450000762939453,27.030000686645508,26.350000381469727,26.549999237060547,467800,26.549999237060547
5/23/2018,26.8799991607666,27.139999389648438,26.260000228881836,26.559999465942383,693300,26.559999465942383
5/22/2018,27.559999465942383,27.559999465942383,27,27.09000015258789,348700,27.09000015258789
5/21/2018,27.350000381469727,27.989999771118164,27.040000915527344,27.420000076293945,268300,27.420000076293945
5/18/2018,27.399999618530273,27.809999465942383,27.209999084472656,27.280000686645508,227400,27.280000686645508
5/17/2018,27.06999969482422,28.510000228881836,26.75200080871582,27.389999389648438,676300,27.389999389648438
5/16/2018,27.530000686645508,27.799999237060547,27.065000534057617,27.09000015258789,383100,27.09000015258789
5/15/2018,28.420000076293945,28.760000228881836,27.25,27.40999984741211,753500,27.40999984741211
5/14/2018,29.3700008392334,30.100000381469727,28.40999984741211,28.469999313354492,564800,28.469999313354492
5/11/2018,28.25,29.459999084472656,28.010000228881836,29.31999969482422,604500,29.31999969482422
5/10/2018,27.850000381469727,28.81999969482422,27.5,28.18000030517578,380900,28.18000030517578
5/9/2018,27.489999771118164,27.8700008392334,27.333999633789062,27.850000381469727,325500,27.850000381469727
5/8/2018,27.649999618530273,27.90999984741211,27.270000457763672,27.530000686645508,266400,27.530000686645508
5/7/2018,28,28.350000381469727,27.510000228881836,27.649999618530273,470200,27.649999618530273
5/4/2018,27.579999923706055,27.959999084472656,27.579999923706055,27.860000610351562,651300,27.860000610351562
5/3/2018,28.75,28.75,26.75,27.56999969482422,1937300,27.56999969482422
5/2/2018,29.31999969482422,30.059999465942383,29.010000228881836,29.950000762939453,265300,29.950000762939453
5/1/2018,29.799999237060547,30.030000686645508,29,29.1299991607666,418400,29.1299991607666
4/30/2018,28.700000762939453,30.059999465942383,28.700000762939453,29.889999389648438,399100,29.889999389648438
4/27/2018,28.860000610351562,28.93000030517578,28.410999298095703,28.709999084472656,197200,28.709999084472656
4/26/2018,28.399999618530273,28.809999465942383,28.17099952697754,28.649999618530273,396000,28.649999618530273
4/25/2018,27.09000015258789,28.450000762939453,26.850000381469727,28.110000610351562,415700,28.110000610351562
4/24/2018,27,27.969999313354492,27,27.139999389648438,393200,27.139999389648438
4/23/2018,27.200000762939453,27.579999923706055,26.5,26.860000610351562,626800,26.860000610351562
4/20/2018,28.049999237060547,28.229999542236328,27.030000686645508,27.219999313354492,522500,27.219999313354492
4/19/2018,28.649999618530273,28.94499969482422,27.75,28.030000686645508,265500,28.030000686645508
4/18/2018,28.959999084472656,29,28,28.649999618530273,377700,28.649999618530273
4/17/2018,29.309999465942383,29.972999572753906,28.6299991607666,28.75,951500,28.75
4/16/2018,27.889999389648438,29,27.565000534057617,28.989999771118164,401000,28.989999771118164
4/13/2018,28.700000762939453,28.700000762939453,27.030000686645508,27.479999542236328,418300,27.479999542236328
4/12/2018,27.809999465942383,28.59000015258789,27.774999618530273,27.959999084472656,258900,27.959999084472656
4/11/2018,28.030000686645508,29.459999084472656,27.399999618530273,27.709999084472656,795300,27.709999084472656
4/10/2018,27.059999465942383,28.5,26.84000015258789,28.06999969482422,1068400,28.06999969482422
4/9/2018,28.469999313354492,28.700000762939453,26.5,26.540000915527344,934500,26.540000915527344
4/6/2018,28.31999969482422,29.663000106811523,28.049999237060547,28.219999313354492,737300,28.219999313354492
4/5/2018,28.610000610351562,29.149999618530273,27.969999313354492,28.530000686645508,1210400,28.530000686645508
4/4/2018,26.350000381469727,28.950000762939453,26.31999969482422,27.969999313354492,1023800,27.969999313354492
4/3/2018,27.1299991607666,27.190000534057617,26.5,26.799999237060547,787500,26.799999237060547
4/2/2018,27.899999618530273,28.65999984741211,26.80699920654297,27.059999465942383,786700,27.059999465942383
3/29/2018,27.75,28.454999923706055,26.799999237060547,28.06999969482422,1137600,28.06999969482422
3/28/2018,27.350000381469727,28.190000534057617,27,27.530000686645508,824700,27.530000686645508
3/27/2018,28,28.599000930786133,26.600000381469727,27.75,1719500,27.75
3/26/2018,30.6299991607666,30.937999725341797,27.299999237060547,27.829999923706055,1916700,27.829999923706055
3/23/2018,30.309999465942383,30.450000762939453,28.600000381469727,29.43000030517578,1247100,29.43000030517578
3/22/2018,30,31.8799991607666,28.559999465942383,29.829999923706055,3239500,29.829999923706055
3/21/2018,30.790000915527344,34.83000183105469,29.290000915527344,31.079999923706055,4460900,31.079999923706055
3/20/2018,28.40999984741211,30.90399932861328,28.06999969482422,30.3799991607666,3262000,30.3799991607666
3/19/2018,31.450000762939453,31.5,26.75,27.899999618530273,5892100,27.899999618530273
3/16/2018,27.5,33.470001220703125,26.059999465942383,33,16931900,33
